100 485
0 1
0 2
0 3
0 4
0 5
0 6
0 8
0 9
0 10
0 11
0 13
0 15
0 16
0 17
0 19
0 20
0 24
0 28
0 31
0 36
0 41
0 42
0 49
0 70
0 71
0 74
0 89
0 91
0 92
1 2
1 3
1 4
1 5
1 7
1 8
1 9
1 12
1 19
1 34
1 39
1 40
1 42
1 54
1 55
1 67
1 70
1 89
2 3
2 4
2 5
2 6
2 90
2 9
2 11
2 15
2 79
2 87
2 88
2 58
3 4
3 5
3 6
3 7
3 8
3 10
3 11
3 14
3 15
3 17
3 21
3 22
3 28
3 44
3 45
3 46
3 56
3 58
3 64
3 68
3 70
3 73
3 76
3 86
3 93
3 97
4 5
4 6
4 7
4 11
4 13
4 14
4 15
4 16
4 18
4 20
4 23
4 24
4 25
4 28
4 29
4 44
4 46
4 53
4 56
4 58
4 59
4 60
4 63
4 73
4 74
4 75
4 76
5 6
5 7
5 8
5 9
5 19
5 21
5 25
5 26
5 29
5 36
5 44
5 45
5 47
5 54
5 65
5 73
5 84
5 89
6 7
6 9
6 10
6 11
6 12
6 15
6 16
6 17
6 18
6 19
6 24
6 25
6 27
6 30
6 34
6 35
6 36
6 37
6 38
6 45
6 47
6 49
6 50
6 53
6 54
6 56
6 62
6 66
6 68
6 75
6 77
6 79
6 82
6 85
6 86
6 88
6 94
6 96
7 8
7 10
7 12
7 13
7 14
7 19
7 20
7 23
7 39
7 42
7 43
7 45
7 46
7 48
7 50
7 51
7 55
7 75
7 81
7 90
7 97
8 12
8 13
8 18
8 22
8 25
8 32
8 33
8 35
8 39
8 41
8 58
8 66
8 78
8 83
8 98
9 35
9 37
9 69
9 10
9 74
9 12
9 13
9 46
9 52
9 53
9 22
9 26
9 30
10 39
10 47
10 86
10 24
10 29
10 94
11 34
11 71
11 98
11 44
11 77
11 14
11 80
11 20
11 95
11 31
12 96
12 65
12 40
12 42
12 43
12 14
12 16
12 17
12 59
12 30
13 34
13 98
13 38
13 39
13 71
13 18
13 82
13 84
13 87
13 90
13 27
13 61
14 96
14 66
14 16
14 17
14 51
14 83
14 22
14 23
14 88
14 26
14 27
15 21
15 23
15 26
15 32
15 33
15 36
15 40
15 43
15 50
15 58
15 76
15 78
15 91
15 93
15 98
16 33
16 66
16 35
16 97
16 38
16 40
16 75
16 83
16 21
16 22
16 31
17 18
17 20
17 21
17 25
17 32
17 46
17 47
17 48
17 54
17 56
17 57
17 65
17 72
17 76
17 85
18 97
18 26
19 32
19 71
19 43
19 79
19 80
19 61
19 52
19 23
19 60
19 29
20 35
20 67
20 70
21 33
21 99
21 76
21 85
21 24
21 27
21 29
22 36
22 37
22 38
22 40
22 48
22 51
22 87
22 95
22 63
23 91
23 60
23 61
24 69
24 78
24 52
24 27
25 67
25 99
25 47
25 94
25 31
26 99
26 28
26 94
27 84
27 54
27 28
28 30
28 31
28 37
28 38
28 41
28 44
28 51
28 57
28 62
28 64
28 69
28 72
28 83
28 87
29 97
29 67
29 37
29 72
29 42
29 74
29 45
29 77
29 49
29 83
29 62
29 60
29 30
30 34
30 92
30 81
30 52
30 93
31 32
31 99
31 73
31 59
32 33
32 43
32 48
32 49
32 50
32 53
32 56
32 93
33 49
33 55
34 66
34 84
34 85
34 63
36 60
37 68
38 75
38 62
38 95
39 65
39 67
39 41
39 71
39 51
39 57
39 61
40 41
40 92
40 93
41 96
41 73
41 55
41 57
43 64
43 65
43 99
43 48
43 81
43 50
43 91
43 61
44 59
46 69
46 79
47 68
47 78
47 53
47 87
47 55
47 59
48 52
49 57
50 86
52 91
52 94
52 88
53 81
53 90
54 68
54 69
55 74
55 88
55 63
56 82
56 92
59 89
60 64
60 70
60 80
60 82
60 63
61 62
62 64
62 77
64 80
67 92
68 72
68 95
69 72
69 78
69 84
69 90
73 81
74 96
74 77
74 80
75 98
75 85
76 82
77 79
78 86
80 89
94 95
