100 485
0 1
0 2
0 3
0 4
0 5
0 6
0 7
0 8
0 9
0 10
0 11
0 12
0 16
0 17
0 18
0 19
0 22
0 29
0 30
0 34
0 38
0 46
0 55
0 59
0 60
0 63
0 68
0 80
0 81
0 92
0 95
0 98
0 99
1 2
1 3
1 4
1 5
1 6
1 7
1 8
1 9
1 10
1 11
1 13
1 15
1 16
1 18
1 21
1 25
1 28
1 29
1 31
1 32
1 33
1 34
1 36
1 38
1 40
1 44
1 46
1 50
1 51
1 53
1 54
1 56
1 64
1 68
1 72
1 73
1 75
1 80
1 81
1 82
1 85
1 91
1 92
2 3
2 4
2 5
2 6
2 7
2 8
2 12
2 16
2 19
2 21
2 25
2 27
2 35
2 36
2 39
2 41
2 42
2 51
2 55
2 57
2 58
2 63
2 76
2 87
2 89
2 93
3 4
3 5
3 6
3 7
3 8
3 10
3 11
3 13
3 16
3 20
3 22
3 24
3 27
3 28
3 31
3 39
3 54
3 56
3 64
3 75
3 85
3 90
4 5
4 7
4 9
4 10
4 11
4 12
4 13
4 14
4 15
4 21
4 27
4 32
4 45
4 54
4 64
4 67
4 77
4 79
4 88
4 90
4 93
4 97
5 37
5 6
5 66
5 40
5 9
5 44
5 15
5 51
5 23
5 26
5 31
6 14
6 17
6 18
6 19
6 28
6 31
6 34
6 36
6 38
6 40
6 47
6 48
6 54
6 59
6 61
6 65
6 68
6 73
6 77
6 83
6 86
7 8
7 10
7 11
7 17
7 19
7 20
7 25
7 26
7 34
7 35
7 40
7 43
7 48
7 50
7 53
7 55
7 61
7 67
7 77
7 78
7 80
7 82
7 84
7 85
7 86
7 87
8 9
8 12
8 13
8 14
8 15
8 18
8 20
8 24
8 30
8 32
8 39
8 43
8 57
8 59
8 63
8 67
8 82
8 96
9 36
9 37
9 41
9 72
9 91
9 12
9 16
9 17
9 25
9 27
9 57
10 14
10 17
10 23
10 25
10 29
10 42
10 43
10 47
10 49
10 50
10 53
10 61
10 65
10 67
10 72
10 79
10 82
10 90
11 33
11 42
11 74
11 44
11 45
11 14
11 46
11 47
11 52
11 84
11 22
11 24
11 91
12 69
12 13
12 51
12 21
12 22
12 23
12 26
12 91
12 61
13 65
13 68
13 69
13 77
13 18
13 50
13 56
13 29
14 98
14 15
14 19
14 87
14 24
15 96
15 38
15 39
15 69
15 47
15 49
15 21
15 26
16 32
16 34
16 37
16 66
16 69
16 70
16 73
16 96
16 20
16 27
16 30
16 31
17 72
17 75
17 48
17 20
17 52
17 53
17 23
17 24
17 28
17 93
18 35
18 50
18 62
19 98
19 38
19 40
19 74
19 46
19 81
19 52
19 22
19 23
20 97
20 68
20 70
20 41
20 48
21 33
21 92
22 29
22 30
22 35
22 42
22 44
22 47
22 51
22 53
22 57
22 60
22 66
22 77
22 79
22 84
23 36
23 73
23 79
23 48
23 30
24 28
24 33
24 35
24 43
24 45
24 60
24 71
24 72
24 74
24 81
24 87
24 88
24 94
24 95
25 33
25 58
25 37
25 70
25 39
25 71
25 90
25 26
25 62
26 32
26 65
26 96
26 75
26 45
26 78
26 49
26 59
26 95
27 75
27 62
28 41
28 45
28 78
29 99
29 59
30 99
30 71
30 81
30 55
30 89
31 85
31 87
32 37
32 52
33 43
33 63
34 97
34 46
35 41
35 74
35 44
35 52
35 89
35 60
36 49
36 94
37 61
38 42
38 79
38 88
38 92
38 62
38 63
40 64
41 73
42 49
42 86
42 88
42 58
43 82
43 56
45 55
46 98
46 56
47 78
48 62
49 65
49 58
49 83
50 90
50 76
50 85
50 86
50 89
50 58
51 69
51 76
52 54
52 57
53 67
53 70
54 83
54 91
55 64
55 74
55 78
56 80
56 60
56 95
58 94
59 70
59 76
60 66
60 83
61 89
62 66
62 95
67 71
68 98
68 86
68 92
68 93
69 71
69 76
69 93
71 94
76 80
76 83
78 84
78 88
81 97
82 96
83 99
83 84
91 97
93 94
95 99
