100 485
0 1
0 2
0 3
0 4
0 5
0 6
0 7
0 8
0 9
0 10
0 13
0 14
0 15
0 16
0 17
0 18
0 23
0 25
0 26
0 28
0 30
0 31
0 33
0 41
0 43
0 45
0 46
0 51
0 56
0 57
0 80
0 93
1 2
1 3
1 4
1 5
1 6
1 8
1 10
1 11
1 12
1 15
1 17
1 19
1 21
1 22
1 23
1 24
1 30
1 31
1 37
1 42
1 43
1 47
1 49
1 55
1 56
1 60
1 63
1 70
1 81
1 84
2 64
2 3
2 4
2 5
2 6
2 73
2 48
2 17
2 50
2 24
2 93
3 35
3 4
3 5
3 67
3 7
3 39
3 9
3 59
3 13
3 16
3 21
3 57
3 27
3 28
4 5
4 6
4 7
4 8
4 11
4 13
4 17
4 20
4 21
4 24
4 29
4 31
4 33
4 44
4 53
4 54
4 57
4 63
4 64
4 89
4 90
4 92
5 6
5 7
5 8
5 9
5 10
5 15
5 16
5 20
5 22
5 23
5 26
5 27
5 29
5 34
5 36
5 38
5 42
5 44
5 49
5 53
5 62
5 71
5 73
5 84
5 88
5 98
6 7
6 8
6 10
6 12
6 13
6 14
6 15
6 16
6 18
6 19
6 20
6 21
6 22
6 25
6 31
6 32
6 35
6 42
6 43
6 48
6 50
6 51
6 52
6 58
6 63
6 65
6 69
6 70
6 80
6 82
6 85
6 87
6 90
6 92
6 94
6 96
6 99
7 9
7 11
7 23
7 24
7 28
7 29
7 33
7 38
7 44
7 45
7 47
7 51
7 55
7 66
7 68
7 74
7 91
8 9
8 10
8 12
8 14
8 16
8 17
8 18
8 22
8 24
8 25
8 28
8 32
8 34
8 37
8 40
8 41
8 53
8 54
8 59
8 68
8 70
8 77
8 81
8 88
8 94
8 97
9 11
9 12
9 14
9 15
9 18
9 23
9 26
9 29
9 35
9 40
9 47
9 51
9 81
9 82
9 83
9 88
9 96
9 97
9 99
10 11
10 12
10 13
10 48
10 50
10 85
10 86
10 55
10 87
10 91
11 96
11 40
11 44
11 18
11 19
11 20
12 14
12 21
12 22
12 34
12 39
12 41
12 54
12 55
12 56
12 61
12 62
12 87
12 89
12 96
13 99
13 75
13 76
13 46
13 60
13 78
13 79
13 19
13 20
13 86
13 27
13 28
13 30
14 34
14 43
14 47
14 85
14 59
15 34
15 67
15 79
15 25
15 94
16 39
16 46
16 49
16 19
16 57
16 62
17 69
17 72
17 54
17 55
17 26
17 27
17 94
18 67
18 36
18 58
18 91
18 60
19 32
19 33
19 37
19 39
19 74
19 45
19 47
19 84
19 88
19 25
19 61
20 36
20 37
20 77
21 65
21 36
21 67
21 42
21 79
21 31
22 30
22 37
22 38
22 46
22 48
22 49
22 53
22 58
22 60
22 62
22 67
22 72
22 78
22 89
22 98
23 75
23 59
24 26
25 65
25 98
25 40
25 74
25 50
25 83
26 33
26 66
26 41
26 75
26 82
26 83
26 57
26 90
26 27
26 61
26 63
27 78
28 32
28 43
28 44
28 76
28 80
28 81
28 86
28 95
28 29
28 30
28 63
29 86
30 35
30 99
30 71
30 41
31 32
31 38
31 40
31 45
31 52
31 54
32 65
32 35
32 56
32 93
33 38
33 77
33 51
33 52
33 61
34 75
35 36
35 39
35 72
35 79
35 80
35 49
35 50
35 52
35 56
35 93
36 72
37 73
37 42
37 89
38 74
39 78
40 64
40 70
40 73
40 46
40 92
40 85
40 60
41 99
41 58
41 70
41 71
41 52
41 53
41 91
42 45
42 48
44 69
44 59
45 64
45 69
45 80
46 94
47 68
47 73
48 66
48 83
49 93
50 66
50 86
50 90
53 64
53 78
53 58
53 61
55 97
56 96
56 71
56 75
56 77
57 71
57 87
57 62
58 65
60 77
61 66
62 89
62 68
62 69
63 97
63 76
64 68
64 82
64 84
64 88
65 76
65 81
67 76
67 87
67 95
68 74
68 95
69 98
71 72
71 83
72 97
74 84
75 85
75 92
76 79
76 92
76 82
83 90
83 95
89 91
94 98
94 95
