100 485
0 1
0 2
0 3
0 4
0 5
0 6
0 8
0 9
0 10
0 11
0 14
0 15
0 20
0 21
0 28
0 30
0 36
0 41
0 42
0 46
0 53
0 59
0 62
0 69
0 75
0 76
0 77
0 80
0 91
1 2
1 3
1 4
1 5
1 6
1 7
1 10
1 12
1 14
1 15
1 28
1 41
1 50
1 61
1 65
1 67
1 71
1 72
1 88
1 91
2 3
2 4
2 5
2 7
2 8
2 11
2 13
2 14
2 21
2 22
2 32
2 35
2 42
2 43
2 50
2 65
2 68
2 69
2 76
2 89
2 91
2 93
3 4
3 5
3 6
3 7
3 9
3 10
3 13
3 14
3 15
3 19
3 20
3 23
3 24
3 25
3 29
3 31
3 32
3 33
3 37
3 43
3 46
3 50
3 53
3 59
3 63
3 69
3 80
3 82
3 83
3 84
3 92
4 5
4 6
4 7
4 9
4 12
4 16
4 17
4 18
4 19
4 22
4 27
4 36
4 46
4 48
4 50
4 63
4 66
4 73
5 6
5 7
5 8
5 9
5 10
5 11
5 16
5 22
5 25
5 31
5 49
5 58
5 60
5 72
5 83
5 85
5 91
6 38
6 39
6 8
6 9
6 13
6 15
6 17
6 54
6 55
6 26
6 29
6 30
7 8
7 11
7 13
7 15
7 16
7 17
7 18
7 19
7 20
7 21
7 24
7 28
7 30
7 32
7 34
7 36
7 40
7 45
7 50
7 57
7 74
7 84
7 87
7 95
8 10
8 12
8 16
8 22
8 25
8 29
8 40
8 45
8 46
8 53
8 54
8 57
8 64
8 65
8 70
8 85
8 93
8 94
8 95
9 11
9 12
9 22
9 24
9 27
9 28
9 36
9 37
9 40
9 43
9 44
9 46
9 54
9 56
9 58
9 60
9 63
9 80
9 88
9 96
9 97
10 13
10 19
10 35
10 39
10 44
10 47
10 53
10 55
10 62
10 67
10 68
10 71
10 78
10 79
10 84
10 93
11 12
11 17
11 18
11 21
11 26
11 27
11 33
11 37
11 38
11 47
11 49
11 51
11 56
11 61
11 64
11 69
11 72
11 85
11 92
11 98
12 16
12 17
12 20
12 26
12 29
12 30
12 32
12 36
12 37
12 40
12 44
12 45
12 51
12 52
12 56
12 63
12 74
12 77
12 79
12 81
12 85
12 88
12 89
12 96
13 33
13 14
13 79
13 18
13 82
13 23
13 24
14 67
14 77
14 87
15 38
15 73
15 18
15 23
15 28
15 31
16 26
17 35
17 39
17 45
17 76
17 81
17 19
17 23
17 58
17 27
17 60
17 63
18 97
18 37
18 39
18 78
18 21
18 27
18 61
18 62
19 34
19 66
19 67
19 70
19 42
19 43
19 20
19 23
19 57
19 59
19 92
19 93
20 98
20 38
20 70
20 71
20 72
20 73
20 48
20 51
20 52
20 59
20 31
21 34
21 39
21 41
21 25
22 66
22 42
22 75
22 53
22 54
22 55
22 86
22 94
22 30
22 95
23 33
23 35
23 83
23 24
23 25
24 41
24 44
24 47
24 48
24 49
24 51
24 26
25 40
25 51
25 89
25 61
26 32
26 42
26 49
26 84
26 90
27 64
27 33
27 34
27 71
27 44
27 48
27 86
27 29
27 31
28 65
28 79
28 52
29 41
29 43
29 45
29 82
29 52
29 56
29 90
29 62
30 35
30 67
30 81
30 54
30 90
31 38
31 81
31 55
32 34
32 69
32 78
33 75
35 73
35 74
35 48
36 52
36 87
37 64
37 96
37 66
37 82
37 86
37 92
37 93
38 74
38 75
38 86
38 55
39 73
39 86
40 96
40 99
40 56
40 58
40 60
41 66
41 60
42 90
42 74
42 47
42 82
42 57
42 61
43 47
44 49
45 98
45 77
45 87
48 59
50 99
50 80
50 57
51 89
51 97
51 68
51 70
51 76
51 94
51 95
52 96
52 65
52 83
52 90
52 62
54 81
54 58
56 83
56 91
57 68
58 97
58 92
59 85
59 94
60 64
60 68
60 71
60 77
60 78
61 97
61 70
61 79
63 99
63 78
63 89
68 72
69 76
70 75
70 84
71 98
72 80
72 88
76 95
78 94
81 87
82 98
84 88
87 99
95 99
