100 485
0 1
0 2
0 3
0 4
0 5
0 6
0 8
0 10
0 14
0 15
0 18
0 24
0 29
0 34
0 35
0 51
0 53
0 75
0 78
1 2
1 3
1 4
1 5
1 7
1 9
1 10
1 11
1 13
1 15
1 17
1 18
1 19
1 22
1 26
1 27
1 34
1 35
1 40
1 45
1 46
1 47
1 49
1 66
1 71
1 81
1 90
1 91
1 98
2 3
2 4
2 5
2 6
2 9
2 10
2 16
2 19
2 21
2 25
2 26
2 30
2 31
2 32
2 35
2 38
2 45
2 54
2 55
2 59
2 73
2 74
2 89
2 93
3 4
3 5
3 6
3 7
3 9
3 11
3 12
3 15
3 19
3 20
3 21
3 23
3 25
3 27
3 28
3 29
3 30
3 31
3 34
3 40
3 41
3 43
3 47
3 51
3 52
3 56
3 58
3 61
3 62
3 66
3 68
3 69
3 73
3 75
3 84
3 89
3 92
3 98
4 5
4 6
4 7
4 8
4 9
4 11
4 12
4 13
4 14
4 20
4 29
4 31
4 33
4 35
4 36
4 39
4 51
4 52
4 55
4 57
4 65
4 72
4 83
4 86
4 91
5 6
5 7
5 8
5 10
5 11
5 13
5 14
5 16
5 17
5 19
5 21
5 22
5 23
5 29
5 31
5 32
5 37
5 38
5 46
5 48
5 53
5 56
5 58
5 67
5 74
5 81
5 88
5 90
5 96
5 98
6 7
6 8
6 13
6 14
6 16
6 18
6 19
6 20
6 25
6 26
6 34
6 44
6 54
6 57
6 58
6 61
6 62
6 63
6 73
6 75
6 77
6 81
6 82
6 91
6 98
7 8
7 11
7 12
7 13
7 15
7 17
7 18
7 20
7 21
7 25
7 50
7 53
7 59
7 70
7 81
7 84
7 85
7 99
8 32
8 64
8 9
8 10
8 43
8 14
8 18
8 22
8 23
9 38
9 40
9 76
9 16
9 17
9 48
9 52
9 26
10 12
10 20
10 24
10 27
10 28
10 32
10 39
10 41
10 43
10 44
10 46
10 47
10 54
10 56
10 58
10 67
11 37
11 39
11 41
11 12
11 17
11 22
11 24
11 88
12 33
12 34
12 37
12 40
12 41
12 77
12 78
12 50
12 84
12 85
12 30
13 42
13 44
13 15
13 80
13 28
14 36
14 37
14 69
14 44
14 77
14 24
14 26
14 28
15 67
15 39
15 16
15 22
15 59
15 29
15 31
16 45
16 60
16 21
16 23
16 28
16 61
17 76
17 45
17 51
17 85
17 55
17 27
18 40
18 41
18 42
18 74
18 78
18 53
18 92
19 38
19 39
19 46
19 95
20 47
20 49
20 24
20 57
20 30
21 69
21 92
21 48
21 80
21 57
21 27
21 60
21 30
22 33
22 87
22 23
22 62
23 32
23 96
23 97
23 36
23 68
23 71
23 49
23 80
23 51
23 52
23 54
23 25
23 58
24 33
24 42
24 77
25 63
26 65
26 36
26 66
26 70
26 42
26 79
26 50
26 86
26 57
26 91
26 95
27 70
27 62
29 35
29 37
29 38
29 42
29 46
29 54
29 63
29 64
29 65
29 71
29 72
29 73
29 82
29 85
29 90
29 93
29 94
30 45
30 53
30 93
31 96
31 33
31 69
31 44
32 99
32 36
32 71
32 49
32 50
32 82
32 94
33 97
33 77
33 80
33 56
33 60
34 71
34 43
34 79
34 52
34 86
36 74
36 75
36 60
37 68
38 79
39 64
39 78
39 49
39 89
39 95
40 64
40 43
40 48
40 81
40 50
40 55
40 61
40 94
41 66
41 94
42 56
42 67
42 95
43 99
43 70
43 62
44 47
44 92
45 48
47 97
47 83
47 84
48 67
48 70
48 72
49 76
49 83
49 87
49 63
50 75
51 59
51 63
52 87
53 55
53 91
54 65
55 68
55 72
55 76
55 86
56 82
57 79
57 59
57 60
58 97
58 84
58 88
60 66
60 61
61 64
61 95
62 69
62 72
62 83
62 89
63 99
63 79
63 80
64 65
64 68
64 87
65 97
65 73
66 76
66 82
68 92
71 74
73 78
73 83
73 88
74 85
77 96
77 86
77 88
79 90
79 93
80 89
80 93
80 94
82 96
84 90
84 87
91 98
94 99
