100 485
0 1
0 2
0 3
0 4
0 5
0 6
0 8
0 13
0 14
0 22
0 24
0 39
0 44
0 53
0 54
0 55
0 59
0 64
0 70
0 71
1 2
1 3
1 4
1 5
1 6
1 7
1 38
1 39
1 10
1 11
1 43
1 70
1 15
1 16
1 20
1 23
1 58
2 3
2 4
2 5
2 6
2 7
2 10
2 18
2 19
2 21
2 22
2 23
2 25
2 26
2 27
2 28
2 30
2 36
2 41
2 45
2 46
2 47
2 49
2 56
2 66
2 73
2 74
2 79
2 80
2 95
2 96
3 4
3 5
3 6
3 7
3 8
3 9
3 10
3 11
3 12
3 18
3 19
3 23
3 24
3 31
3 33
3 35
3 38
3 44
3 50
3 51
3 56
3 65
3 69
3 73
3 86
3 89
4 5
4 6
4 7
4 8
4 9
4 10
4 12
4 13
4 15
4 16
4 18
4 21
4 22
4 25
4 36
4 40
4 55
4 59
4 62
4 76
4 81
4 82
4 85
4 88
4 93
4 97
5 8
5 9
5 11
5 12
5 15
5 17
5 20
5 23
5 32
5 40
5 43
5 47
5 48
5 52
5 58
5 64
5 69
5 92
6 7
6 9
6 11
6 16
6 25
6 28
6 34
6 40
6 42
6 49
6 53
6 57
6 68
6 78
6 84
6 92
6 97
6 98
7 32
7 8
7 44
7 21
7 26
7 60
7 61
8 9
8 10
8 12
8 13
8 14
8 16
8 17
8 20
8 28
8 32
8 42
8 45
8 48
8 56
8 65
8 84
9 11
9 14
9 18
9 19
9 20
9 21
9 33
9 34
9 36
9 51
9 54
9 62
9 66
9 67
9 68
9 85
10 12
10 13
10 14
10 16
10 17
10 22
10 24
10 35
10 44
10 47
10 50
10 76
10 88
10 98
11 67
11 50
11 84
11 25
11 29
11 94
12 13
12 14
12 15
12 17
12 18
12 19
12 26
12 28
12 29
12 30
12 41
12 45
12 48
12 51
12 56
12 61
12 72
12 78
12 82
12 87
13 15
13 21
13 24
13 27
13 31
13 33
13 38
13 46
13 61
13 62
13 64
13 67
13 74
13 77
13 83
14 33
14 34
14 41
14 17
14 83
15 38
15 39
15 72
15 19
15 55
15 94
15 90
15 30
16 36
16 40
16 77
16 48
16 49
16 20
16 53
16 22
16 31
17 32
17 33
17 70
17 51
17 85
17 26
17 95
18 32
18 65
18 35
18 37
18 66
18 72
18 73
18 78
18 53
18 23
18 24
18 28
19 43
19 55
19 90
19 27
20 41
20 43
20 75
20 80
20 52
21 36
21 39
21 73
21 59
21 60
21 94
22 37
22 71
22 72
22 42
22 47
22 81
22 89
22 27
22 93
22 30
23 96
23 37
23 47
23 26
24 25
24 27
24 29
24 42
24 45
24 49
24 50
24 52
24 55
24 57
24 59
24 71
24 75
24 88
25 37
25 38
25 39
25 42
25 43
25 49
25 85
25 58
25 30
26 76
26 53
26 29
26 63
27 70
27 44
27 83
27 56
27 60
27 29
27 31
28 64
28 68
28 71
28 79
28 48
28 80
28 52
28 57
28 63
28 95
28 31
29 34
29 37
30 34
30 68
30 46
31 97
32 64
32 35
32 41
32 75
32 90
32 91
33 35
33 51
33 84
34 61
35 65
35 67
35 96
35 83
35 52
35 91
36 96
36 97
36 67
36 98
36 71
36 74
36 54
36 86
36 87
36 57
37 94
39 40
39 45
39 87
39 59
39 92
40 69
40 88
41 99
41 74
41 82
42 46
43 77
43 78
43 79
43 81
43 87
44 46
44 86
44 92
45 72
45 60
45 63
46 76
46 80
46 95
46 62
46 89
46 60
46 63
47 99
47 94
48 54
48 87
49 89
49 50
50 96
50 66
50 69
50 54
50 61
50 62
51 99
51 58
54 90
54 88
54 58
55 68
55 79
55 85
55 57
55 93
55 95
56 91
56 77
56 83
58 77
58 92
59 81
60 65
60 73
60 86
60 89
61 81
61 84
62 63
63 97
63 99
63 69
63 91
64 66
65 76
66 75
66 82
67 70
67 75
68 98
70 99
70 74
70 79
70 90
73 80
73 86
76 78
78 82
80 91
80 93
85 98
91 93
