100 485
0 1
0 2
0 3
0 4
0 5
0 6
0 7
0 8
0 9
0 10
0 15
0 18
0 21
0 29
0 31
0 34
0 39
0 41
0 42
0 43
0 45
0 48
0 49
0 54
0 59
0 77
0 78
0 80
0 83
0 85
0 87
0 99
1 2
1 3
1 4
1 5
1 6
1 7
1 9
1 13
1 26
1 28
1 32
1 40
1 44
1 47
1 48
1 52
1 56
1 57
1 67
1 68
1 84
2 3
2 4
2 5
2 6
2 9
2 10
2 12
2 17
2 18
2 20
2 21
2 22
2 23
2 50
2 52
2 54
2 61
2 62
2 75
2 81
2 83
2 84
2 86
2 92
2 96
3 4
3 5
3 6
3 7
3 8
3 12
3 14
3 16
3 19
3 24
3 26
3 27
3 29
3 55
3 58
3 62
3 69
3 71
3 73
3 86
3 92
3 95
3 97
4 5
4 8
4 9
4 11
4 14
4 15
4 17
4 18
4 22
4 23
4 28
4 33
4 35
4 38
4 40
4 42
4 47
4 54
4 72
4 77
4 87
5 6
5 7
5 8
5 9
5 10
5 11
5 12
5 13
5 14
5 16
5 19
5 20
5 25
5 26
5 27
5 30
5 33
5 34
5 35
5 38
5 39
5 40
5 49
5 52
5 59
5 61
5 64
5 70
5 74
5 75
5 76
5 88
5 98
6 7
6 12
6 13
6 15
6 17
6 20
6 24
6 29
6 31
6 32
6 38
6 47
6 49
6 51
6 54
6 77
6 79
6 85
6 90
6 96
7 8
7 10
7 11
7 16
7 17
7 19
7 20
7 23
7 25
7 26
7 27
7 39
7 43
7 59
7 63
7 80
7 90
8 12
8 22
8 23
8 32
8 37
8 44
8 48
8 58
8 60
8 64
8 68
8 74
8 87
8 92
8 96
9 32
9 36
9 10
9 11
9 43
9 13
9 14
9 44
9 45
9 82
9 24
10 33
10 34
10 36
10 97
10 39
10 73
10 11
10 15
10 47
10 18
10 50
10 25
10 28
11 37
11 13
11 46
11 17
11 20
11 53
11 22
11 86
11 59
11 62
12 66
12 69
12 72
12 74
12 43
12 46
12 16
12 50
12 53
12 24
12 61
12 31
13 40
13 14
13 93
13 62
13 31
14 15
14 16
14 18
14 19
14 29
14 33
14 37
14 38
14 44
14 50
14 55
14 65
14 68
14 73
14 80
14 97
15 34
15 98
15 38
15 40
15 46
15 78
15 23
15 24
15 25
16 41
16 42
16 43
16 79
16 21
16 92
16 30
17 70
17 45
17 19
17 57
18 44
18 22
18 87
18 60
18 61
18 30
18 31
19 97
19 67
19 70
19 74
19 78
19 79
19 21
19 94
19 57
19 26
19 91
19 30
20 37
20 71
20 21
20 88
20 25
21 42
21 52
21 83
22 66
22 70
22 71
22 47
22 84
22 53
22 57
22 60
22 94
23 79
24 65
24 67
24 68
24 59
24 48
24 81
24 51
24 27
24 28
25 75
25 91
25 45
25 86
25 62
25 27
25 30
26 35
26 39
26 28
26 29
27 32
27 34
27 51
27 91
27 63
28 35
29 36
29 58
29 69
29 41
29 42
29 93
29 94
30 33
30 66
30 69
30 74
30 46
30 83
30 58
31 46
31 76
31 49
31 55
31 95
32 36
32 37
32 75
32 84
33 98
33 71
33 94
34 65
34 98
34 35
34 36
34 72
34 48
34 55
34 94
35 90
35 60
35 53
35 89
36 72
36 93
36 60
37 53
37 95
38 65
38 68
38 41
38 76
38 52
38 89
39 85
39 56
39 95
40 66
40 41
40 80
41 64
41 65
41 99
41 45
41 50
41 82
41 63
43 98
43 49
43 88
44 56
44 88
44 63
45 97
45 77
45 51
46 64
46 51
46 84
46 87
47 54
50 76
50 78
51 66
51 72
51 73
51 56
52 78
52 55
52 88
53 76
53 82
53 56
53 57
54 67
54 89
54 63
55 71
56 82
57 64
57 70
57 58
58 89
58 96
58 67
58 75
58 77
58 61
59 96
59 73
59 85
59 93
60 81
62 99
64 80
66 86
67 69
67 91
70 82
75 79
75 83
75 91
76 90
77 81
78 81
78 90
82 85
84 92
85 93
86 89
87 99
94 95
98 99
