100 485
0 1
0 2
0 3
0 4
0 5
0 6
0 7
0 8
0 10
0 11
0 13
0 14
0 16
0 17
0 18
0 19
0 22
0 24
0 28
0 33
0 36
0 38
0 40
0 42
0 43
0 44
0 45
0 57
0 58
0 59
0 60
0 69
0 75
0 78
0 81
0 88
0 89
0 91
0 95
1 2
1 3
1 4
1 5
1 6
1 8
1 9
1 10
1 13
1 16
1 18
1 20
1 22
1 24
1 31
1 34
1 37
1 42
1 44
1 50
1 51
1 52
1 53
1 60
1 64
1 72
1 86
2 3
2 4
2 5
2 15
2 17
2 23
2 26
2 28
2 52
2 53
2 54
2 57
2 58
2 59
2 83
2 92
2 94
2 97
3 4
3 5
3 6
3 7
3 9
3 11
3 12
3 14
3 18
3 20
3 23
3 25
3 28
3 32
3 34
3 40
3 47
3 48
3 55
3 69
3 78
3 82
3 87
3 95
4 5
4 6
4 7
4 8
4 9
4 12
4 13
4 14
4 15
4 17
4 27
4 28
4 29
4 36
4 40
4 50
4 59
4 73
4 76
4 82
4 92
4 99
5 6
5 7
5 8
5 9
5 10
5 11
5 14
5 16
5 20
5 21
5 22
5 23
5 24
5 26
5 30
5 31
5 33
5 35
5 37
5 38
5 39
5 47
5 51
5 60
5 65
5 81
5 89
5 97
6 7
6 10
6 75
6 12
6 45
6 15
6 16
6 48
6 19
6 53
6 31
7 8
7 9
7 13
7 15
7 18
7 21
7 22
7 26
7 30
7 33
7 35
7 37
7 38
7 39
7 40
7 49
7 51
7 65
7 67
7 68
7 70
7 71
7 76
7 77
7 78
7 82
7 84
7 89
7 90
7 91
7 92
7 93
7 98
8 12
8 16
8 20
8 21
8 23
8 30
8 31
8 38
8 43
8 49
8 52
8 57
8 63
8 64
8 81
9 32
9 66
9 10
9 11
9 42
9 13
9 78
9 85
9 23
9 60
10 11
10 20
10 25
10 27
10 43
10 46
10 49
10 52
10 58
10 62
10 71
10 74
10 75
10 85
10 98
11 12
11 46
11 49
11 52
11 85
11 88
11 89
12 14
12 15
12 18
12 19
12 26
12 32
12 34
12 38
12 46
12 57
12 59
12 62
12 63
12 76
12 80
12 93
13 17
13 19
13 22
13 25
13 28
13 29
13 30
13 33
13 39
13 47
13 50
13 55
13 66
13 69
13 85
13 94
13 97
14 17
14 19
14 24
14 25
14 29
14 30
14 35
14 36
14 43
14 44
14 46
14 74
14 79
14 83
14 87
15 58
15 68
15 41
15 42
15 71
15 21
15 53
15 26
15 27
15 60
15 61
15 63
16 35
16 67
16 79
16 84
16 54
16 56
16 93
16 62
17 24
17 27
17 92
18 98
18 40
18 21
18 94
19 32
19 35
19 39
19 77
19 86
20 83
20 25
21 67
21 73
21 50
21 94
22 36
22 73
22 61
23 33
23 47
23 80
24 77
24 48
25 32
25 37
25 72
25 83
25 85
25 55
25 56
25 58
25 27
26 56
27 34
27 66
27 68
27 70
27 72
27 54
27 29
27 31
28 37
28 41
28 73
28 44
28 48
28 92
28 29
29 66
29 99
29 79
30 96
30 65
30 34
30 97
30 69
30 77
30 81
30 84
30 56
30 94
30 62
30 95
31 36
31 44
31 45
32 74
32 79
33 71
33 79
33 88
34 64
34 75
34 80
34 61
34 63
35 41
35 49
35 50
36 98
36 39
36 81
36 51
36 53
37 41
37 77
37 86
37 91
38 67
38 73
38 42
38 76
38 51
38 95
39 47
39 57
40 96
40 98
40 68
40 41
40 43
40 61
40 63
41 71
41 45
41 55
42 64
42 96
42 48
42 84
42 87
43 45
45 74
45 46
45 88
47 70
48 97
48 59
49 55
50 90
50 61
51 67
51 54
51 93
52 64
52 70
52 72
52 76
52 54
52 86
52 56
53 82
54 99
54 87
55 88
56 99
56 90
56 70
56 74
57 65
57 68
58 80
59 62
61 90
62 65
63 66
63 83
63 84
64 80
66 96
66 72
66 75
66 78
66 87
68 69
72 91
73 93
73 95
74 82
76 99
77 86
79 90
81 91
88 89
95 96
