100 485
0 1
0 2
0 3
0 4
0 5
0 6
0 7
0 8
0 9
0 11
0 12
0 14
0 15
0 18
0 19
0 20
0 22
0 24
0 27
0 29
0 32
0 40
0 41
0 45
0 55
0 60
0 76
0 80
0 86
0 94
0 97
0 98
1 2
1 3
1 4
1 5
1 6
1 8
1 10
1 12
1 13
1 16
1 17
1 18
1 21
1 22
1 24
1 26
1 27
1 31
1 35
1 39
1 45
1 48
1 51
1 59
1 72
1 73
1 75
1 82
1 87
1 92
1 93
2 3
2 4
2 5
2 6
2 7
2 8
2 9
2 11
2 16
2 18
2 22
2 23
2 24
2 34
2 46
2 53
2 60
2 79
2 83
2 91
3 35
3 4
3 5
3 6
3 36
3 8
3 73
3 45
3 15
3 18
3 86
3 56
3 30
4 5
4 6
4 7
4 8
4 9
4 10
4 12
4 16
4 17
4 21
4 23
4 24
4 26
4 27
4 33
4 37
4 43
4 50
4 55
4 68
4 69
4 71
4 72
4 73
4 74
4 76
4 81
4 90
4 94
4 96
4 99
5 7
5 9
5 10
5 11
5 12
5 13
5 14
5 16
5 20
5 24
5 38
5 62
5 67
5 87
6 7
6 15
6 19
6 21
6 28
6 39
6 41
6 42
6 51
6 52
6 56
6 59
6 62
6 81
6 86
6 87
7 9
7 10
7 11
7 13
7 14
7 20
7 23
7 25
7 38
7 43
7 49
7 61
7 63
7 64
7 69
7 70
7 74
7 78
8 90
8 70
8 10
8 12
8 77
8 47
8 82
8 85
8 54
8 57
8 58
8 59
8 31
9 33
9 13
9 17
9 23
10 99
10 36
10 42
10 11
10 43
10 14
10 80
10 20
10 52
10 87
10 88
10 59
11 15
11 16
11 17
11 19
11 29
11 35
11 50
11 57
11 60
11 65
11 68
11 88
11 90
11 96
12 13
12 14
12 15
12 18
12 37
12 40
12 43
12 46
12 51
12 65
12 68
12 74
12 76
12 98
13 34
13 97
13 36
13 37
13 41
13 44
13 76
13 82
13 58
13 28
13 61
13 31
14 33
14 34
14 66
14 97
14 37
14 38
14 39
14 41
14 77
14 48
14 29
14 95
15 36
15 39
15 75
15 19
15 21
15 22
15 54
15 56
15 25
15 60
15 63
16 32
16 42
16 44
16 47
16 17
16 25
16 26
16 30
17 65
17 89
17 30
17 63
18 70
18 72
18 46
18 92
18 49
18 19
18 83
18 23
18 91
18 28
18 30
18 63
19 32
19 71
19 73
19 83
19 20
19 21
19 22
19 88
19 90
20 98
20 58
20 77
20 47
20 49
20 61
20 84
20 55
20 89
20 26
20 27
20 29
20 31
21 26
21 34
21 40
21 46
21 52
21 58
21 62
21 68
21 72
21 78
21 79
21 82
21 85
21 86
21 98
22 67
22 25
22 29
23 35
23 39
23 45
23 85
23 28
24 32
24 69
24 74
24 52
24 84
24 86
24 88
24 25
24 27
24 95
25 42
25 43
25 48
25 95
26 98
26 80
26 84
27 67
27 99
27 44
27 53
27 28
27 30
28 41
28 83
28 92
28 31
29 35
29 44
29 77
29 50
30 32
30 33
30 65
30 71
30 93
31 74
31 47
31 56
32 33
32 66
32 72
32 51
32 57
33 34
33 36
33 37
33 38
33 40
33 69
33 55
34 67
34 38
34 78
34 79
34 84
34 53
34 94
35 64
35 57
36 66
36 54
37 68
37 70
37 42
37 76
38 40
38 75
38 45
39 96
39 97
39 44
39 47
39 49
39 50
39 51
39 85
39 93
40 46
40 53
41 64
41 57
41 95
42 48
42 49
42 52
43 96
43 48
43 88
44 56
45 65
45 81
45 54
45 58
46 82
46 62
47 50
47 53
47 55
47 60
47 61
48 69
48 59
49 78
49 91
50 99
50 62
50 63
51 70
51 54
51 89
52 64
52 71
53 93
55 64
55 66
57 90
57 61
58 79
59 66
59 80
59 91
60 97
60 99
61 75
63 83
63 84
63 94
63 95
65 67
66 87
67 92
69 71
69 73
69 77
69 89
72 96
72 75
72 79
72 81
73 78
75 93
76 80
77 81
80 85
81 91
81 94
84 89
87 92
