100 485
0 1
0 2
0 3
0 4
0 5
0 7
0 8
0 73
0 12
0 13
0 15
0 16
0 17
0 47
0 80
0 21
0 60
1 2
1 3
1 4
1 5
1 6
1 7
1 8
1 9
1 10
1 11
1 15
1 17
1 19
1 21
1 22
1 24
1 25
1 28
1 31
1 32
1 36
1 50
1 53
1 57
1 59
1 65
1 67
1 69
1 70
1 71
1 72
1 75
1 85
1 88
1 90
2 3
2 4
2 5
2 6
2 9
2 13
2 16
2 18
2 24
2 27
2 29
2 35
2 39
2 43
2 44
2 46
2 48
2 73
2 78
2 89
2 93
2 94
3 4
3 5
3 6
3 7
3 8
3 9
3 11
3 12
3 13
3 14
3 15
3 16
3 17
3 19
3 20
3 21
3 22
3 23
3 26
3 27
3 28
3 29
3 30
3 31
3 36
3 40
3 41
3 46
3 51
3 54
3 55
3 60
3 66
3 70
3 71
3 72
3 78
3 79
3 81
3 87
3 94
4 5
4 6
4 10
4 11
4 12
4 13
4 26
4 28
4 30
4 32
4 37
4 48
4 52
4 59
4 70
4 79
4 81
4 85
4 90
4 97
5 6
5 7
5 10
5 14
5 15
5 22
5 26
5 36
5 42
5 46
5 58
5 61
5 65
5 97
5 98
6 7
6 8
6 10
6 14
6 18
6 20
6 29
6 34
6 38
6 39
6 42
6 46
6 52
6 53
6 68
6 77
6 89
6 94
6 97
7 8
7 9
7 11
7 12
7 13
7 16
7 18
7 19
7 20
7 23
7 24
7 25
7 32
7 34
7 39
7 40
7 44
7 45
7 62
7 81
7 82
7 85
7 89
7 90
7 97
8 9
8 15
8 19
8 25
8 27
8 49
8 59
8 60
8 61
8 63
8 71
8 72
8 73
8 75
8 86
8 93
8 96
9 68
9 10
9 11
9 14
9 85
9 25
9 91
10 12
10 18
10 20
10 29
10 31
10 33
10 35
10 36
10 43
10 53
10 55
10 61
10 63
10 82
10 86
10 99
11 48
11 17
11 89
11 91
12 16
12 17
12 19
12 22
12 23
12 25
12 27
12 30
12 32
12 33
12 35
12 39
12 43
12 47
12 49
12 50
12 55
12 56
12 65
12 69
12 71
12 86
12 87
13 34
13 66
13 42
13 75
13 44
13 14
13 47
13 52
13 28
13 62
14 35
14 75
14 78
15 56
15 38
15 40
15 73
15 47
15 18
15 83
15 20
15 21
15 54
15 24
15 26
15 29
16 66
16 37
16 38
16 69
16 41
16 43
16 44
16 83
16 22
16 23
16 61
17 64
17 70
17 40
17 44
17 76
17 92
17 48
17 80
17 51
17 21
17 89
17 60
17 95
18 33
18 74
18 45
18 84
18 54
18 55
18 31
19 67
19 37
19 39
19 51
19 23
19 57
19 30
19 31
20 34
20 68
20 70
20 42
20 24
20 57
20 62
21 99
21 41
21 75
21 76
21 47
21 49
21 58
22 41
22 45
23 68
23 71
23 41
23 80
23 54
23 87
23 92
23 94
24 38
24 49
24 50
24 81
25 66
25 37
25 52
25 26
25 30
26 36
26 37
26 67
26 45
26 52
26 53
26 85
26 56
26 58
26 27
26 62
26 57
27 32
27 76
27 86
27 28
28 74
28 83
29 64
29 67
29 40
29 80
29 84
29 56
29 58
29 59
29 93
29 63
30 33
30 34
30 35
30 45
30 77
30 84
30 54
31 61
32 33
32 98
32 99
32 74
32 84
32 57
33 64
33 49
34 80
36 88
37 38
37 46
37 87
38 96
38 74
38 43
38 82
38 51
38 94
38 90
38 62
38 95
39 78
39 79
39 48
40 93
41 67
41 42
41 56
41 63
42 64
42 69
42 76
42 82
42 92
43 81
46 72
46 73
46 50
46 51
47 72
47 50
47 53
47 87
47 95
48 58
49 84
49 60
50 92
51 65
52 96
54 77
54 55
54 91
55 64
55 68
56 98
56 59
56 63
57 65
57 74
59 76
62 69
62 83
62 91
63 77
64 66
64 78
64 95
66 97
67 90
67 77
67 93
67 86
68 98
68 82
69 79
70 91
78 79
80 96
82 83
83 96
83 98
83 88
84 88
86 88
87 92
90 95
91 99
96 99
