100 500
0 1
0 2
0 3
0 4
0 5
0 6
0 7
0 8
0 9
0 10
0 11
0 12
0 13
0 14
0 15
0 16
0 17
0 18
0 19
0 20
0 21
0 22
0 23
0 24
0 25
0 26
0 27
0 28
0 29
0 30
0 31
0 32
0 33
0 34
0 35
0 36
0 37
0 38
0 39
0 40
0 41
0 42
0 43
0 44
0 45
0 46
0 47
0 48
0 49
0 50
0 51
0 52
0 53
0 54
0 55
0 56
0 57
0 58
0 59
0 60
0 61
0 62
0 63
0 64
0 65
0 66
0 67
0 68
0 69
0 70
0 71
0 72
0 73
0 74
0 75
0 76
0 77
0 78
0 79
0 80
0 81
0 82
0 83
0 84
0 85
0 86
0 87
0 88
0 89
0 90
0 91
0 92
0 93
0 94
0 95
0 96
0 97
0 98
0 99
1 33
1 4
1 70
1 71
1 14
1 83
1 84
1 56
1 91
1 92
1 29
1 94
2 97
2 66
2 32
2 75
2 12
2 79
2 48
2 50
2 19
2 93
2 82
2 88
2 26
2 61
2 62
3 66
3 8
3 72
3 45
3 50
4 97
4 64
4 65
4 20
4 85
4 27
4 63
5 41
5 47
5 19
5 56
5 26
5 88
6 16
6 84
6 86
6 56
6 57
6 95
7 9
7 43
7 60
7 81
7 19
7 51
7 85
7 89
7 28
7 29
7 57
8 43
8 45
8 14
8 26
8 30
9 66
9 36
9 48
9 20
9 28
9 94
10 32
10 74
10 12
10 18
10 89
10 90
11 76
11 20
11 86
11 94
12 72
12 73
12 42
12 46
12 91
12 92
13 65
13 35
13 69
13 39
13 40
13 89
14 43
14 76
14 78
14 15
14 80
14 48
14 19
14 52
14 85
15 68
15 37
15 70
15 40
15 77
15 46
15 48
15 49
15 50
15 85
15 24
15 58
15 30
15 95
16 64
16 68
16 42
16 51
16 23
16 89
16 94
17 33
17 34
17 42
17 45
17 51
17 89
17 95
17 57
18 23
19 36
19 69
19 20
19 53
19 95
20 72
20 46
20 80
20 88
20 91
21 65
21 67
21 73
21 45
21 82
21 24
21 29
21 63
22 33
22 66
22 37
22 39
22 89
23 97
23 67
23 44
23 76
23 48
23 25
23 60
23 93
24 64
24 34
24 71
24 43
24 44
24 83
24 54
25 49
25 71
26 43
26 76
26 78
26 46
26 49
26 52
26 56
26 91
27 67
27 37
27 99
27 72
27 75
27 83
27 86
27 57
28 96
28 99
28 86
28 58
29 96
29 36
29 73
29 41
29 86
29 56
29 30
30 37
30 58
31 98
31 67
31 71
31 81
31 54
31 89
31 95
32 40
32 81
32 88
32 91
33 45
33 50
33 54
34 64
34 82
34 58
34 60
35 39
35 72
35 53
35 92
36 71
36 77
36 49
36 61
37 65
37 71
37 52
38 65
38 68
38 39
38 44
38 79
38 89
38 91
39 64
39 96
39 72
39 40
39 47
39 57
40 68
40 75
40 53
40 57
41 64
41 72
41 47
42 70
43 49
43 89
44 67
44 72
44 82
44 51
44 57
44 59
44 93
45 71
45 47
45 48
45 52
45 91
45 61
46 67
46 48
46 81
46 93
46 63
47 85
47 86
48 97
48 66
48 68
48 79
48 80
48 88
48 93
49 96
49 57
50 61
50 93
51 71
51 72
51 59
51 62
52 77
52 85
52 59
52 92
52 62
53 81
53 82
54 98
54 99
54 84
54 92
55 70
55 79
55 82
55 85
56 71
56 69
56 76
56 63
57 64
57 76
57 93
58 65
58 82
58 90
58 92
59 63
60 69
60 94
61 97
61 99
61 77
62 64
62 66
62 70
62 92
63 81
63 88
63 90
64 97
64 66
64 68
64 75
65 83
66 76
66 79
67 72
67 84
68 71
68 70
68 73
68 78
68 82
68 86
68 87
68 89
68 93
69 77
69 78
69 81
70 74
70 78
70 91
70 93
70 95
71 90
71 91
71 93
72 98
72 77
72 88
73 84
73 85
73 93
74 86
75 78
75 89
75 91
75 94
75 95
76 80
76 94
77 99
77 82
77 88
78 89
78 93
79 87
79 95
81 82
82 84
82 91
82 93
83 90
83 91
83 92
83 95
84 96
84 87
85 97
86 91
87 96
87 91
87 95
88 97
89 95
90 94
90 95
91 98
91 94
95 98
