100 500
0 1
0 2
0 3
0 4
0 5
0 6
0 7
0 8
0 9
0 10
0 11
0 12
0 13
0 14
0 15
0 16
0 17
0 18
0 19
0 20
0 21
0 22
0 23
0 24
0 25
0 26
0 27
0 28
0 29
0 30
0 31
0 32
0 33
0 34
0 35
0 36
0 37
0 38
0 39
0 40
0 41
0 42
0 43
0 44
0 45
0 46
0 47
0 48
0 49
0 50
0 51
0 52
0 53
0 54
0 55
0 56
0 57
0 58
0 59
0 60
0 61
0 62
0 63
0 64
0 65
0 66
0 67
0 68
0 69
0 70
0 71
0 72
0 73
0 74
0 75
0 76
0 77
0 78
0 79
0 80
0 81
0 82
0 83
0 84
0 85
0 86
0 87
0 88
0 89
0 90
0 91
0 92
0 93
0 94
0 95
0 96
0 97
0 98
0 99
1 5
1 8
1 41
1 45
1 79
1 82
1 21
1 91
1 61
2 68
2 5
2 38
2 11
2 13
2 48
2 56
3 32
3 35
3 74
3 51
3 21
3 22
3 91
3 60
3 93
4 96
4 9
4 42
4 43
4 44
4 13
4 46
4 80
4 18
5 72
5 42
5 11
5 17
5 18
5 22
6 96
6 66
6 75
6 48
6 49
6 22
6 23
6 25
7 66
7 37
7 39
7 12
7 55
7 27
7 28
7 62
8 97
8 46
8 17
8 21
8 92
9 70
9 39
9 22
9 61
9 30
10 36
10 76
10 47
10 23
10 52
10 22
10 87
11 35
11 36
11 73
11 76
11 14
11 22
12 36
12 76
12 22
12 55
12 86
13 34
13 68
13 39
13 73
13 60
13 15
13 53
13 54
13 28
13 31
14 69
14 76
14 48
14 17
14 95
15 64
15 76
15 81
15 50
15 54
15 28
15 95
16 98
16 35
16 80
16 51
16 84
16 88
16 61
16 63
17 33
17 32
17 71
17 77
17 51
17 52
18 35
18 39
18 41
18 86
18 57
18 26
18 61
18 62
18 31
19 67
19 70
19 46
19 81
19 85
19 23
19 29
19 30
20 32
20 96
20 67
20 39
20 71
20 45
20 78
20 84
20 52
20 54
20 57
20 58
20 59
21 96
21 26
21 62
22 96
22 48
22 26
22 91
23 37
23 77
23 79
23 83
23 55
24 32
24 65
24 33
24 41
24 81
24 49
24 57
24 28
25 39
25 72
25 59
25 91
25 60
26 64
26 99
26 72
26 45
26 77
26 50
26 54
26 59
26 95
27 40
27 74
27 80
27 84
27 54
27 90
27 62
28 67
29 66
29 72
29 76
29 79
30 34
30 41
30 50
30 53
30 54
30 92
30 94
31 38
31 70
31 63
32 77
32 48
32 63
33 64
33 42
33 84
33 53
33 55
34 89
34 99
34 67
34 74
34 79
34 82
34 52
34 55
34 57
34 90
34 93
35 36
35 71
35 90
35 62
36 42
36 80
36 83
36 52
36 90
36 91
36 61
36 62
36 95
37 68
37 73
37 80
37 90
37 61
37 95
38 99
38 98
38 43
38 77
38 46
38 78
38 49
38 87
39 66
39 67
39 69
39 70
39 92
39 60
39 93
40 67
40 71
40 72
40 50
40 52
41 45
41 46
41 84
41 89
42 49
42 61
42 84
42 91
42 63
42 95
43 70
43 75
43 44
43 78
43 51
43 61
43 63
44 56
44 90
45 70
45 76
45 57
46 68
46 78
46 48
46 82
46 91
46 95
47 65
47 68
47 76
48 66
48 50
48 84
48 53
49 65
49 69
49 89
50 65
50 68
50 58
50 59
50 55
50 91
51 65
51 69
51 78
51 54
51 55
51 59
52 96
52 68
52 76
52 82
53 99
53 73
53 88
54 97
54 98
54 71
54 75
54 77
54 63
55 59
56 99
56 98
57 67
57 76
58 78
58 79
59 95
59 63
60 89
60 68
60 62
61 68
61 81
61 95
62 98
62 75
62 84
63 65
63 98
63 77
63 78
63 82
63 94
64 67
65 98
66 81
66 93
66 92
67 90
67 94
68 77
68 87
69 96
69 82
69 92
70 78
70 95
71 85
71 89
72 99
72 90
72 82
73 77
73 87
74 97
74 95
75 86
75 90
76 77
76 94
77 97
78 99
78 86
79 93
79 86
79 91
81 83
81 90
81 92
82 91
83 96
83 87
83 88
83 93
85 93
87 97
88 89
88 92
91 99
92 99
93 98
93 95
94 97
