100 500
0 1
0 2
0 3
0 4
0 5
0 6
0 7
0 8
0 9
0 10
0 11
0 12
0 13
0 14
0 15
0 16
0 17
0 18
0 19
0 20
0 21
0 22
0 23
0 24
0 25
0 26
0 27
0 28
0 29
0 30
0 31
0 32
0 33
0 34
0 35
0 36
0 37
0 38
0 39
0 40
0 41
0 42
0 43
0 44
0 45
0 46
0 47
0 48
0 49
0 50
0 51
0 52
0 53
0 54
0 55
0 56
0 57
0 58
0 59
0 60
0 61
0 62
0 63
0 64
0 65
0 66
0 67
0 68
0 69
0 70
0 71
0 72
0 73
0 74
0 75
0 76
0 77
0 78
0 79
0 80
0 81
0 82
0 83
0 84
0 85
0 86
0 87
0 88
0 89
0 90
0 91
0 92
0 93
0 94
0 95
0 96
0 97
0 98
0 99
1 33
1 3
1 10
1 43
1 11
1 46
1 48
1 50
1 83
1 23
1 62
1 91
1 30
1 31
2 3
2 46
2 82
2 94
3 6
3 41
3 21
3 22
3 88
3 26
3 30
4 38
4 71
4 27
4 6
4 77
4 18
4 55
4 89
4 59
5 65
5 76
5 13
5 45
5 15
5 46
5 18
5 20
5 91
5 94
6 68
6 69
6 8
6 79
6 80
6 18
6 19
6 20
6 22
6 24
6 93
6 31
7 42
7 14
7 79
7 86
7 55
7 91
8 64
8 73
8 42
8 11
8 90
8 92
9 65
9 98
9 67
9 96
9 34
9 12
9 77
9 93
10 70
10 71
10 46
10 56
10 90
10 93
11 43
11 49
11 54
11 24
11 62
12 69
12 40
12 44
12 46
12 47
12 62
13 36
13 82
13 20
13 22
13 24
13 62
13 63
14 65
14 98
14 15
14 48
14 60
15 33
15 97
15 99
15 68
15 42
15 49
15 22
15 58
15 59
15 62
16 96
16 66
16 86
16 57
16 62
17 65
17 96
17 97
17 57
17 27
17 28
18 98
18 37
18 41
18 78
19 32
19 43
19 47
19 55
19 58
19 28
20 33
20 64
20 99
20 72
20 52
20 26
21 74
21 75
21 42
21 48
21 24
21 90
21 59
21 28
22 96
22 39
22 74
22 43
22 54
22 26
22 59
22 30
23 97
23 39
23 53
23 86
23 89
23 59
24 85
24 90
24 63
25 65
25 33
25 73
25 52
25 93
26 35
26 68
26 78
26 86
26 91
26 28
26 95
27 96
27 68
27 38
27 41
27 85
27 93
28 33
28 69
28 48
28 59
29 98
29 72
29 73
29 93
30 34
30 73
30 46
30 81
30 89
30 58
30 93
31 78
31 54
32 96
32 45
32 56
32 94
32 63
33 69
33 37
33 38
33 73
33 46
33 84
33 94
34 97
34 35
34 67
34 69
34 51
34 91
34 95
35 67
35 69
35 75
35 79
35 49
35 53
35 85
35 89
35 59
35 93
35 95
36 64
36 48
36 81
36 53
36 54
36 89
36 58
36 92
37 96
37 68
37 70
37 71
37 75
37 50
37 52
38 81
38 94
39 44
40 97
40 77
40 48
40 83
40 60
41 96
42 67
42 68
42 75
42 87
42 95
43 98
43 67
43 69
43 76
43 83
44 84
44 53
45 69
45 70
45 48
45 54
45 59
45 61
46 70
46 71
46 80
46 51
46 89
47 64
47 66
47 65
47 69
47 71
47 88
47 58
47 63
48 96
48 71
48 77
48 81
48 54
48 56
49 67
49 73
49 82
49 84
49 53
50 65
50 75
50 84
50 53
50 61
51 99
51 73
51 74
51 55
51 60
52 73
52 89
52 59
52 61
52 62
53 98
53 73
53 85
53 55
53 54
53 91
54 68
54 76
54 85
54 89
54 92
54 93
55 88
56 80
56 83
57 81
57 87
58 97
58 98
58 71
58 80
58 82
58 86
58 90
59 81
59 90
59 91
59 95
60 68
60 72
60 76
61 65
61 84
61 88
61 89
61 90
62 97
62 72
62 78
63 97
63 88
63 90
64 67
64 83
65 67
65 71
65 75
65 81
65 88
66 80
67 70
67 77
68 96
68 84
68 94
70 97
70 81
70 89
71 72
71 76
72 97
72 94
72 89
72 91
73 96
73 75
73 84
74 76
74 78
74 91
75 83
76 99
76 79
76 85
77 87
77 91
78 96
78 99
78 80
78 89
82 94
83 90
84 85
84 94
85 91
88 98
90 91
94 95
