100 500
0 1
0 2
0 3
0 4
0 5
0 6
0 7
0 8
0 9
0 10
0 11
0 12
0 13
0 14
0 15
0 16
0 17
0 18
0 19
0 20
0 21
0 22
0 23
0 24
0 25
0 26
0 27
0 28
0 29
0 30
0 31
0 32
0 33
0 34
0 35
0 36
0 37
0 38
0 39
0 40
0 41
0 42
0 43
0 44
0 45
0 46
0 47
0 48
0 49
0 50
0 51
0 52
0 53
0 54
0 55
0 56
0 57
0 58
0 59
0 60
0 61
0 62
0 63
0 64
0 65
0 66
0 67
0 68
0 69
0 70
0 71
0 72
0 73
0 74
0 75
0 76
0 77
0 78
0 79
0 80
0 81
0 82
0 83
0 84
0 85
0 86
0 87
0 88
0 89
0 90
0 91
0 92
0 93
0 94
0 95
0 96
0 97
0 98
0 99
1 32
1 43
1 81
1 86
1 24
1 58
1 31
2 65
2 66
2 99
2 13
2 78
2 79
2 15
2 14
2 18
2 54
2 61
3 99
3 37
3 47
3 84
3 57
3 59
3 93
3 94
4 35
4 5
4 69
4 40
4 14
4 28
5 97
5 41
5 75
5 15
5 16
5 89
5 90
5 29
6 97
6 32
6 7
6 72
6 41
6 75
6 77
6 14
6 21
6 31
7 38
7 39
7 72
7 43
7 48
7 57
7 30
7 63
8 67
8 40
8 73
8 76
8 48
8 55
8 88
8 26
8 31
9 96
9 69
9 72
9 82
10 96
10 66
10 37
10 72
10 52
10 27
10 94
10 95
11 96
11 99
11 44
11 12
11 15
11 54
11 23
12 97
12 36
12 70
12 40
12 15
12 79
12 83
12 91
13 47
13 86
13 59
13 30
14 78
14 21
14 22
14 55
14 60
15 96
15 40
15 48
15 51
15 63
16 98
16 74
16 75
16 76
16 46
16 26
17 84
17 85
17 55
17 27
18 35
18 42
18 76
18 45
18 19
18 25
18 61
18 63
19 46
19 79
19 54
19 92
20 69
20 47
20 48
20 52
20 56
20 58
21 65
21 42
21 75
21 53
21 28
22 65
22 36
22 43
22 45
22 80
22 53
22 58
22 30
23 34
23 39
23 74
23 81
23 89
23 94
24 32
24 96
24 39
24 73
24 45
24 25
24 26
24 95
25 33
25 65
25 36
25 48
25 52
25 54
26 66
26 35
26 41
26 51
26 27
27 65
27 74
27 78
27 82
27 84
27 56
27 57
28 98
28 38
28 81
28 30
28 94
29 34
29 35
29 72
29 74
29 50
29 84
29 87
29 91
29 93
29 31
30 98
30 99
30 67
30 48
30 84
30 61
31 65
31 39
31 73
31 43
31 51
31 53
31 85
32 66
32 69
32 46
32 81
32 90
33 98
33 41
33 75
33 46
33 84
33 86
33 58
33 61
34 65
34 66
34 36
34 73
34 75
34 46
34 80
34 82
34 58
35 64
35 84
35 56
36 79
36 82
36 52
36 86
36 54
36 92
36 63
37 46
37 51
37 84
37 88
37 94
38 66
38 74
38 58
39 69
39 46
39 83
40 96
40 76
40 86
40 57
40 60
40 63
41 97
41 69
41 49
41 82
41 54
41 95
42 70
42 74
43 76
43 80
44 71
44 73
44 81
44 85
44 55
45 64
45 73
45 77
45 57
45 59
46 64
46 69
46 88
46 94
47 67
47 48
47 84
47 85
47 55
48 65
48 64
48 70
48 74
48 82
48 52
48 57
48 92
48 95
49 75
49 89
49 61
50 69
50 71
51 97
51 73
51 74
51 78
51 89
52 89
52 67
52 70
52 73
52 74
53 98
53 99
53 56
53 95
54 76
54 87
54 63
55 81
55 86
55 57
56 84
56 86
56 88
56 58
56 91
57 66
57 99
57 93
58 65
58 68
58 81
58 88
59 67
59 69
59 85
59 61
60 69
60 74
60 78
60 85
60 86
61 99
61 75
62 98
62 81
62 93
62 94
63 97
63 87
63 95
64 68
64 76
64 84
65 72
65 73
65 83
66 96
66 75
66 85
68 78
68 87
69 99
69 73
69 83
69 91
69 92
70 81
70 83
70 89
71 76
71 79
72 97
72 78
72 87
73 99
73 97
74 88
74 95
75 85
76 94
77 89
78 97
79 98
80 96
81 83
82 83
82 91
82 95
83 90
84 92
86 98
87 97
87 89
87 91
88 93
88 94
89 92
91 94
93 99
94 95
