100 500
0 1
0 2
0 3
0 4
0 5
0 6
0 7
0 8
0 9
0 10
0 11
0 12
0 13
0 14
0 15
0 16
0 17
0 18
0 19
0 20
0 21
0 22
0 23
0 24
0 25
0 26
0 27
0 28
0 29
0 30
0 31
0 32
0 33
0 34
0 35
0 36
0 37
0 38
0 39
0 40
0 41
0 42
0 43
0 44
0 45
0 46
0 47
0 48
0 49
0 50
0 51
0 52
0 53
0 54
0 55
0 56
0 57
0 58
0 59
0 60
0 61
0 62
0 63
0 64
0 65
0 66
0 67
0 68
0 69
0 70
0 71
0 72
0 73
0 74
0 75
0 76
0 77
0 78
0 79
0 80
0 81
0 82
0 83
0 84
0 85
0 86
0 87
0 88
0 89
0 90
0 91
0 92
0 93
0 94
0 95
0 96
0 97
0 98
0 99
1 66
1 37
1 6
1 69
1 42
1 76
1 18
1 55
1 60
2 66
2 37
2 9
2 15
2 16
2 49
2 19
2 51
3 6
3 44
3 18
3 84
4 64
4 67
4 58
4 13
4 79
4 80
4 81
4 26
4 59
4 61
5 97
5 83
5 54
5 90
5 62
6 34
6 98
6 73
6 42
6 43
6 90
6 92
6 61
7 10
7 76
7 15
7 88
7 60
7 95
8 34
8 67
8 15
8 56
8 59
8 61
8 63
9 68
9 40
9 16
9 17
9 20
9 86
9 90
9 93
9 63
10 37
10 73
10 45
10 82
10 18
10 94
11 98
11 75
11 83
11 84
11 87
11 28
11 93
11 94
12 32
12 39
12 18
12 19
12 23
13 34
13 36
13 27
13 59
13 75
13 77
13 90
13 91
13 29
14 65
14 97
14 99
14 96
14 37
14 79
14 48
14 19
14 21
14 87
14 26
14 59
14 93
14 94
14 31
15 37
15 74
15 22
15 31
16 32
16 70
16 22
16 93
17 96
17 37
17 43
17 45
17 48
17 85
17 89
17 91
17 60
18 41
18 74
18 76
18 20
18 89
18 63
18 95
19 37
19 92
19 25
19 28
19 94
20 69
20 51
21 64
21 36
21 84
21 22
22 82
22 59
23 65
23 25
23 91
23 60
23 63
24 69
24 74
24 79
24 25
24 58
24 91
25 40
25 47
25 80
25 82
25 29
26 96
26 97
26 67
26 70
26 47
26 59
26 60
27 35
27 69
27 75
27 83
27 85
27 55
27 31
27 94
27 95
28 64
28 34
28 65
28 97
28 33
28 79
28 80
28 85
28 54
28 91
28 92
28 62
29 69
29 71
29 72
29 42
29 75
29 80
29 84
29 53
29 95
30 32
30 67
30 37
30 78
30 46
30 83
30 95
31 96
31 38
31 83
31 56
31 58
31 94
32 96
32 44
32 48
32 61
33 40
33 74
33 75
33 82
33 51
33 53
33 85
33 56
34 72
34 41
34 87
34 56
35 68
35 72
35 52
36 38
36 71
36 73
36 43
36 46
36 48
36 58
36 95
37 43
37 77
37 49
37 82
38 66
38 67
38 47
38 84
38 90
38 91
38 92
39 68
39 76
39 83
39 61
40 72
40 46
40 82
40 51
40 84
40 59
40 93
41 47
41 85
41 59
42 78
42 48
42 53
42 54
42 86
43 65
43 75
43 80
43 90
43 94
44 98
44 75
44 56
44 90
45 71
45 83
45 86
46 96
46 76
46 77
46 81
46 55
47 64
47 99
47 78
47 63
48 97
48 96
49 66
49 90
50 88
50 60
50 55
51 67
51 70
51 76
51 77
51 79
52 58
52 96
53 97
53 69
53 86
53 55
53 90
53 91
53 61
54 97
54 75
54 80
54 55
54 59
55 60
56 75
56 88
56 60
57 70
57 84
57 86
58 73
58 59
58 81
58 91
58 92
59 97
59 99
59 70
59 78
59 88
59 89
59 62
60 70
60 72
60 77
60 88
60 95
61 69
61 68
61 73
61 78
61 82
62 67
62 85
62 95
63 66
63 67
65 97
65 82
65 83
66 80
66 87
67 69
67 71
67 85
67 87
68 70
68 78
68 90
68 92
68 95
69 82
69 88
70 90
71 90
71 92
72 76
72 93
72 85
73 74
73 81
73 93
74 96
74 98
74 77
74 86
74 88
75 93
75 92
75 95
77 79
78 80
78 81
79 82
80 88
80 90
81 96
81 93
82 89
83 99
84 97
84 99
85 91
85 95
91 95
93 94
94 98
95 96
