100 500
0 1
0 2
0 3
0 4
0 5
0 6
0 7
0 8
0 9
0 10
0 11
0 12
0 13
0 14
0 15
0 16
0 17
0 18
0 19
0 20
0 21
0 22
0 23
0 24
0 25
0 26
0 27
0 28
0 29
0 30
0 31
0 32
0 33
0 34
0 35
0 36
0 37
0 38
0 39
0 40
0 41
0 42
0 43
0 44
0 45
0 46
0 47
0 48
0 49
0 50
0 51
0 52
0 53
0 54
0 55
0 56
0 57
0 58
0 59
0 60
0 61
0 62
0 63
0 64
0 65
0 66
0 67
0 68
0 69
0 70
0 71
0 72
0 73
0 74
0 75
0 76
0 77
0 78
0 79
0 80
0 81
0 82
0 83
0 84
0 85
0 86
0 87
0 88
0 89
0 90
0 91
0 92
0 93
0 94
0 95
0 96
0 97
0 98
0 99
1 68
1 40
1 75
1 78
1 16
1 83
1 19
1 22
1 31
2 96
2 37
2 39
2 19
2 52
2 23
3 64
3 98
3 46
3 48
3 81
3 57
3 59
4 22
4 6
5 36
5 71
5 75
5 43
5 12
5 46
5 78
5 48
5 82
5 19
5 20
5 94
6 97
6 37
6 43
6 50
6 28
7 98
7 72
7 8
7 74
7 43
7 79
7 50
7 54
7 27
7 95
8 73
8 18
8 87
8 24
8 31
9 64
9 65
9 37
9 39
9 47
10 12
10 49
10 88
10 60
10 94
10 95
11 66
11 34
11 99
11 69
11 70
11 45
11 89
11 91
11 29
11 95
12 68
12 44
12 46
12 79
12 19
12 52
12 20
12 60
12 94
12 95
13 96
13 98
13 69
13 19
13 24
13 27
13 92
14 33
14 37
14 47
14 48
14 80
14 81
14 30
15 89
15 47
15 19
15 22
15 24
15 25
15 92
15 93
16 66
16 67
16 98
16 78
16 46
16 48
16 84
16 85
16 59
17 34
17 98
17 76
17 55
17 56
17 58
17 59
17 92
18 96
18 73
18 80
18 61
19 45
19 92
19 82
19 87
19 55
19 60
19 30
20 97
20 74
20 76
20 80
20 22
20 57
20 60
20 25
21 33
21 66
21 35
21 65
21 44
21 48
21 92
21 95
22 33
22 40
22 78
22 49
22 85
22 86
23 32
23 96
23 40
23 75
24 39
24 41
24 44
24 77
24 52
24 89
25 67
25 38
25 46
25 61
25 86
25 55
25 26
25 93
26 32
26 35
26 80
26 49
26 95
27 74
27 47
27 49
27 53
27 57
27 29
28 99
28 72
28 78
28 57
29 64
29 34
29 70
29 47
29 57
29 58
29 30
30 32
30 35
30 38
30 42
30 46
30 89
31 43
31 48
31 84
31 90
33 73
33 77
33 48
33 61
34 70
34 86
35 73
35 42
35 81
35 51
35 83
36 97
36 38
36 39
36 69
36 74
36 44
36 48
36 88
36 94
37 64
37 99
37 98
37 55
38 97
38 66
38 68
38 44
38 47
38 49
38 84
38 55
38 94
38 63
39 71
39 76
39 82
39 59
40 77
40 46
40 61
40 94
41 96
41 66
41 74
41 44
41 77
41 47
42 98
42 69
42 71
42 72
42 59
42 44
42 89
42 91
43 45
43 78
43 77
43 80
43 83
43 51
44 66
44 74
44 45
44 83
44 54
44 89
44 94
45 53
45 54
46 70
46 73
46 79
47 69
47 82
47 52
48 75
48 77
48 50
49 98
49 82
49 87
49 89
51 68
51 77
51 84
51 54
51 58
51 93
52 70
52 79
52 89
52 60
53 97
53 71
53 78
54 64
54 62
55 71
55 74
55 82
55 84
55 91
55 61
55 62
56 98
56 69
56 79
56 89
56 59
56 61
56 63
57 69
57 76
57 90
58 64
58 96
58 74
58 84
58 92
59 66
60 75
60 82
60 93
60 62
61 80
61 82
61 84
61 92
62 81
62 85
63 97
63 67
63 68
63 85
64 69
64 90
64 83
65 68
65 71
66 67
66 81
67 97
67 76
67 87
67 92
67 93
68 96
68 74
68 92
69 80
69 81
70 73
70 76
70 84
71 98
71 78
71 84
71 86
71 88
71 90
72 93
73 98
73 75
73 88
74 80
74 90
75 90
76 96
76 99
76 78
76 86
76 87
77 96
77 99
77 83
79 94
80 90
81 87
81 90
82 88
83 85
84 86
85 96
85 87
85 93
86 89
86 99
91 93
93 96
95 96
