100 500
0 1
0 2
0 3
0 4
0 5
0 6
0 7
0 8
0 9
0 10
0 11
0 12
0 13
0 14
0 15
0 16
0 17
0 18
0 19
0 20
0 21
0 22
0 23
0 24
0 25
0 26
0 27
0 28
0 29
0 30
0 31
0 32
0 33
0 34
0 35
0 36
0 37
0 38
0 39
0 40
0 41
0 42
0 43
0 44
0 45
0 46
0 47
0 48
0 49
0 50
0 51
0 52
0 53
0 54
0 55
0 56
0 57
0 58
0 59
0 60
0 61
0 62
0 63
0 64
0 65
0 66
0 67
0 68
0 69
0 70
0 71
0 72
0 73
0 74
0 75
0 76
0 77
0 78
0 79
0 80
0 81
0 82
0 83
0 84
0 85
0 86
0 87
0 88
0 89
0 90
0 91
0 92
0 93
0 94
0 95
0 96
0 97
0 98
0 99
1 35
1 67
1 40
1 84
1 23
1 61
1 30
2 32
2 11
2 30
3 64
3 32
3 67
3 11
3 14
3 52
3 85
3 91
3 93
4 64
4 65
4 35
4 8
4 44
4 14
4 53
4 59
4 94
4 31
5 32
5 98
5 73
5 18
5 52
5 56
5 89
5 90
6 33
6 13
6 80
6 16
6 23
6 90
7 40
7 41
7 9
7 79
7 18
7 82
7 50
7 20
7 86
7 56
7 94
8 70
8 9
8 74
8 10
8 20
8 87
8 63
9 71
9 75
9 84
9 29
9 30
9 31
10 69
10 40
10 11
10 48
10 17
10 51
10 54
10 28
10 93
11 72
11 41
11 85
12 71
12 73
12 74
12 20
12 24
12 89
12 28
13 69
13 43
13 14
13 17
13 19
13 84
13 54
13 57
13 91
14 64
14 99
14 67
14 38
14 77
14 47
14 28
14 20
14 84
14 56
14 89
14 92
14 63
15 97
15 32
15 76
15 16
15 49
15 50
15 84
15 53
15 55
15 62
15 57
15 58
15 30
15 63
16 96
16 38
16 81
16 53
16 56
17 18
17 87
17 55
17 90
17 63
18 98
18 75
18 79
18 90
18 94
19 78
19 90
19 62
20 97
20 32
20 35
20 72
20 76
20 52
20 23
20 26
20 60
21 73
21 78
21 86
21 62
22 98
22 70
22 72
22 78
22 81
22 83
22 29
22 30
23 32
23 35
23 69
23 72
23 79
23 87
23 88
24 77
24 45
24 51
24 87
24 28
25 66
25 67
25 98
25 38
25 39
25 78
25 79
25 81
25 54
25 88
25 90
26 97
26 33
26 34
26 42
26 49
26 57
27 76
27 45
27 82
27 50
27 52
27 57
28 97
28 75
28 76
28 59
28 92
29 35
29 69
29 50
30 43
30 76
30 53
30 86
30 88
30 93
31 33
31 35
31 78
31 62
31 94
31 63
32 98
32 78
32 85
32 57
32 94
32 63
33 96
33 80
33 81
33 88
33 56
34 39
34 41
34 51
35 42
35 46
35 49
35 51
35 55
35 58
35 94
36 44
36 96
37 44
37 87
37 88
37 93
37 95
38 96
38 66
38 69
38 41
38 95
39 98
39 81
39 61
39 95
40 69
40 76
40 51
40 54
40 55
41 67
41 78
41 87
41 95
42 97
42 66
42 81
42 90
42 60
42 93
43 57
43 60
44 74
44 48
44 49
44 58
44 60
45 73
45 50
45 54
46 66
46 96
47 65
47 66
47 83
48 99
48 70
48 71
48 75
48 74
48 76
48 85
48 53
49 70
49 82
49 51
49 63
50 67
50 99
50 69
50 74
50 82
51 91
52 76
52 81
52 56
52 90
52 61
53 72
53 78
53 60
53 80
53 88
53 92
53 95
54 76
54 88
55 98
55 92
56 86
57 76
57 81
57 87
57 88
58 71
58 73
58 80
58 85
59 64
59 74
59 61
60 75
60 82
60 86
61 97
61 98
61 71
61 77
61 78
61 82
61 63
62 96
62 74
62 79
62 89
62 92
62 63
63 72
63 75
63 89
64 74
64 75
65 96
65 74
65 80
66 99
66 69
66 73
67 77
67 86
67 90
68 74
68 96
68 84
70 73
70 83
70 88
71 88
71 95
72 91
73 77
74 77
74 87
74 93
75 79
75 82
75 84
75 88
76 96
76 80
76 84
76 95
77 97
77 87
77 89
78 97
78 85
78 88
79 93
80 84
82 97
82 88
82 93
84 89
85 93
87 88
88 89
90 97
90 92
90 94
95 96
95 98
95 99
