100 500
0 1
0 2
0 3
0 4
0 5
0 6
0 7
0 8
0 9
0 10
0 11
0 12
0 13
0 14
0 15
0 16
0 17
0 18
0 19
0 20
0 21
0 22
0 23
0 24
0 25
0 26
0 27
0 28
0 29
0 30
0 31
0 32
0 33
0 34
0 35
0 36
0 37
0 38
0 39
0 40
0 41
0 42
0 43
0 44
0 45
0 46
0 47
0 48
0 49
0 50
0 51
0 52
0 53
0 54
0 55
0 56
0 57
0 58
0 59
0 60
0 61
0 62
0 63
0 64
0 65
0 66
0 67
0 68
0 69
0 70
0 71
0 72
0 73
0 74
0 75
0 76
0 77
0 78
0 79
0 80
0 81
0 82
0 83
0 84
0 85
0 86
0 87
0 88
0 89
0 90
0 91
0 92
0 93
0 94
0 95
0 96
0 97
0 98
0 99
1 70
1 7
1 6
1 82
1 83
1 50
1 53
1 52
1 59
2 69
2 6
2 11
2 77
2 45
2 49
2 89
2 90
2 63
2 31
3 65
3 4
3 70
3 27
3 76
3 46
3 79
3 82
3 53
3 54
3 56
3 89
3 91
4 5
4 40
4 41
4 73
4 43
4 46
4 79
4 81
4 20
5 35
5 70
5 40
5 45
5 49
5 20
5 24
5 90
5 94
6 34
6 99
6 36
6 7
6 78
6 46
6 17
6 20
6 21
6 90
6 91
7 65
7 98
7 12
7 22
7 58
7 95
8 32
8 33
8 69
8 76
8 52
8 26
9 37
9 72
9 11
9 46
9 14
9 50
9 30
9 63
10 33
10 37
10 47
10 84
10 54
10 25
11 96
11 79
11 18
11 51
12 34
12 35
12 39
12 59
12 92
12 61
13 64
13 35
13 37
13 14
13 27
14 69
14 42
14 24
15 34
15 42
15 74
15 47
15 24
15 30
16 64
16 90
16 60
16 95
17 64
17 43
17 81
17 21
17 88
17 95
18 35
18 20
18 30
18 22
18 23
18 93
18 89
18 59
18 29
18 25
19 66
19 67
19 76
19 79
19 52
19 55
19 56
19 90
19 27
20 81
20 24
20 90
20 93
20 30
21 41
21 82
21 23
21 30
22 71
22 45
22 48
23 33
23 98
23 67
23 72
23 41
23 82
23 50
23 61
24 66
24 75
24 50
24 85
24 60
25 33
25 80
25 83
25 91
25 29
26 59
26 50
26 85
26 90
26 27
26 28
27 98
27 36
27 51
27 87
27 94
27 95
28 34
28 68
28 67
28 55
28 90
28 91
28 31
29 70
29 76
29 44
29 47
29 79
29 55
29 88
29 58
30 32
30 55
30 56
31 98
31 70
31 73
31 42
31 88
31 57
32 58
32 75
32 47
32 49
32 89
32 90
33 64
33 66
33 34
33 86
33 90
33 62
34 96
34 66
34 71
34 81
34 82
34 53
34 62
34 63
35 65
35 36
35 70
35 40
35 47
35 53
35 95
36 66
36 77
36 49
36 51
37 56
37 91
37 92
38 97
38 67
38 70
38 71
38 44
38 45
38 46
38 89
39 98
39 99
39 40
39 41
39 44
39 81
39 58
40 68
40 44
40 50
41 98
41 67
41 68
41 70
41 86
41 54
41 63
42 97
42 99
42 68
42 71
43 66
43 44
43 80
43 94
43 63
44 98
44 76
44 83
44 59
44 95
45 48
45 80
45 91
46 65
46 51
46 85
46 87
46 91
46 94
47 68
47 70
47 73
47 54
47 88
47 60
48 86
48 63
49 64
49 68
49 81
50 81
51 65
51 73
52 66
52 73
53 65
53 72
53 59
54 65
54 96
54 67
54 73
54 74
54 86
54 92
55 67
55 71
55 75
55 76
55 81
55 88
55 89
55 59
56 98
56 93
57 99
57 70
57 81
57 82
57 89
57 58
58 92
58 93
59 84
60 70
60 77
61 98
61 75
61 86
61 91
62 65
62 73
63 74
63 81
63 89
64 80
65 89
66 97
66 88
67 89
67 91
67 94
68 75
68 81
68 86
69 79
69 82
69 84
70 96
70 71
70 73
70 88
71 98
71 88
72 84
72 86
72 89
73 74
73 87
73 86
73 92
73 93
74 96
75 91
76 85
76 87
76 89
77 80
77 88
78 97
78 82
78 88
78 94
79 80
79 87
79 91
82 86
83 96
83 87
83 89
83 91
84 87
84 94
85 89
85 92
86 92
86 95
89 92
91 99
93 96
93 97
97 99
