100 500
0 1
0 2
0 3
0 4
0 5
0 6
0 7
0 8
0 9
0 10
0 11
0 12
0 13
0 14
0 15
0 16
0 17
0 18
0 19
0 20
0 21
0 22
0 23
0 24
0 25
0 26
0 27
0 28
0 29
0 30
0 31
0 32
0 33
0 34
0 35
0 36
0 37
0 38
0 39
0 40
0 41
0 42
0 43
0 44
0 45
0 46
0 47
0 48
0 49
0 50
0 51
0 52
0 53
0 54
0 55
0 56
0 57
0 58
0 59
0 60
0 61
0 62
0 63
0 64
0 65
0 66
0 67
0 68
0 69
0 70
0 71
0 72
0 73
0 74
0 75
0 76
0 77
0 78
0 79
0 80
0 81
0 82
0 83
0 84
0 85
0 86
0 87
0 88
0 89
0 90
0 91
0 92
0 93
0 94
0 95
0 96
0 97
0 98
0 99
1 32
1 67
1 69
1 78
1 46
1 27
1 94
2 89
2 38
2 82
2 51
2 84
2 19
2 55
2 57
2 31
3 65
3 7
3 39
3 46
3 50
3 22
3 24
3 26
3 61
3 62
4 96
4 99
4 68
4 69
4 35
4 40
4 10
4 75
4 76
4 28
4 62
5 72
5 40
5 13
5 80
5 49
5 81
5 51
5 57
5 26
6 67
7 66
7 67
7 99
7 69
7 70
7 44
7 49
7 85
7 55
7 27
8 99
8 41
8 42
8 48
8 56
8 91
8 28
8 61
8 30
9 34
9 98
9 41
9 11
9 76
9 30
10 96
10 67
10 68
10 75
10 48
10 21
10 87
11 33
11 37
11 74
11 44
11 76
11 49
12 35
12 39
12 78
12 51
12 22
12 89
12 28
12 63
13 96
13 35
13 42
13 47
13 51
13 84
13 23
13 90
13 92
13 61
14 70
14 17
14 49
14 84
14 93
14 63
15 70
15 47
15 17
15 84
15 57
15 90
15 91
16 34
16 72
16 41
16 45
17 65
17 98
17 27
17 42
17 77
17 83
17 85
17 58
17 91
18 71
18 82
18 53
18 24
18 29
18 62
19 97
19 67
19 43
19 47
19 87
19 24
19 56
20 42
20 43
20 23
20 60
20 31
21 65
21 99
21 37
21 50
22 72
22 74
22 80
22 55
23 64
23 36
23 72
23 80
23 49
23 52
23 93
24 98
24 99
24 37
24 30
24 95
25 97
25 65
25 44
25 77
25 48
25 49
25 85
25 55
25 57
25 90
25 93
26 33
26 66
26 68
26 37
26 84
26 88
27 70
27 42
27 74
27 79
27 54
27 57
27 93
28 65
28 66
28 99
28 68
28 84
28 60
29 33
29 74
29 45
29 89
29 62
30 98
30 71
30 54
30 91
30 60
31 37
31 50
31 85
31 53
31 57
32 66
32 36
32 37
32 77
32 46
32 81
32 49
32 93
33 58
33 38
33 39
33 72
33 79
33 55
34 43
34 85
34 59
34 60
34 94
35 64
35 73
35 48
35 50
35 51
35 88
35 57
36 67
36 50
36 51
37 38
37 40
37 85
37 86
37 57
37 63
38 70
38 76
38 95
39 73
39 74
39 44
39 45
39 46
40 66
40 68
40 76
40 77
40 52
40 62
41 65
41 44
41 79
41 51
41 53
41 54
41 94
42 75
42 43
42 82
42 89
42 90
42 93
42 62
43 49
43 83
44 64
44 67
44 73
44 45
44 50
44 53
44 58
44 91
44 92
44 95
45 67
45 69
45 51
45 88
45 58
45 91
46 76
46 47
46 56
46 89
46 94
47 66
47 69
47 75
47 85
47 86
47 93
48 70
48 86
49 69
49 71
49 51
49 59
49 62
49 63
50 66
50 89
50 94
50 63
51 97
51 65
51 71
51 77
51 92
51 61
52 71
52 93
53 70
53 58
54 77
54 84
54 86
54 94
55 96
56 73
56 77
56 78
56 90
57 76
57 80
57 81
57 61
57 90
57 93
57 94
58 74
59 67
59 66
59 75
59 93
60 66
60 70
61 81
62 83
62 85
63 73
63 76
63 91
64 72
65 72
65 88
66 98
66 99
66 70
66 71
66 95
67 70
67 87
68 69
69 70
69 83
70 74
70 88
71 88
72 85
72 88
72 92
73 81
73 95
74 75
74 95
75 99
75 76
76 97
76 98
76 82
77 79
79 99
80 88
80 89
81 87
81 88
81 94
82 92
85 99
88 96
88 90
89 98
89 90
91 94
91 92
92 96
94 95
95 96
