100 500
0 1
0 2
0 3
0 4
0 5
0 6
0 7
0 8
0 9
0 10
0 11
0 12
0 13
0 14
0 15
0 16
0 17
0 18
0 19
0 20
0 21
0 22
0 23
0 24
0 25
0 26
0 27
0 28
0 29
0 30
0 31
0 32
0 33
0 34
0 35
0 36
0 37
0 38
0 39
0 40
0 41
0 42
0 43
0 44
0 45
0 46
0 47
0 48
0 49
0 50
0 51
0 52
0 53
0 54
0 55
0 56
0 57
0 58
0 59
0 60
0 61
0 62
0 63
0 64
0 65
0 66
0 67
0 68
0 69
0 70
0 71
0 72
0 73
0 74
0 75
0 76
0 77
0 78
0 79
0 80
0 81
0 82
0 83
0 84
0 85
0 86
0 87
0 88
0 89
0 90
0 91
0 92
0 93
0 94
0 95
0 96
0 97
0 98
0 99
1 3
1 40
1 10
1 85
1 87
1 88
2 97
2 98
2 99
2 36
2 4
2 70
2 8
2 74
2 48
2 16
2 51
2 53
2 86
2 87
2 25
2 26
2 94
3 74
3 45
3 30
4 65
4 33
4 7
4 77
4 47
4 17
4 18
4 20
4 23
4 88
4 89
4 93
5 72
5 75
5 76
5 11
5 18
5 53
5 22
5 24
5 25
5 29
6 19
6 91
6 68
7 64
7 36
7 46
7 21
8 97
8 98
8 44
8 17
8 52
8 87
8 57
9 39
9 49
9 85
9 63
10 98
10 43
10 16
10 81
10 48
10 87
10 61
11 70
11 73
11 12
11 83
11 25
12 97
12 73
12 46
12 15
12 79
12 53
12 22
12 59
12 61
13 35
13 69
13 79
13 18
13 84
13 21
13 88
13 91
13 61
14 58
14 69
14 43
14 48
14 26
15 32
15 66
15 99
15 39
15 42
15 18
15 52
15 86
15 23
15 56
15 58
15 59
16 33
16 75
16 18
16 56
17 34
17 72
17 83
17 20
17 93
17 26
17 28
17 61
17 95
18 65
18 99
18 71
18 19
18 85
18 23
18 93
19 96
19 35
19 44
19 76
19 88
19 89
19 28
19 31
20 64
20 66
20 70
20 38
21 72
21 48
21 22
21 61
21 62
22 32
22 49
22 87
22 56
22 25
22 91
22 95
23 69
23 27
23 80
23 91
24 34
24 71
24 43
24 79
24 51
24 60
25 66
25 47
25 80
25 54
25 58
26 65
26 69
26 71
26 43
26 48
26 29
26 30
26 95
27 65
27 99
27 78
27 49
27 86
27 89
28 43
28 47
28 83
28 56
29 34
29 71
29 41
29 82
29 94
29 95
30 81
30 85
30 91
30 60
30 63
31 37
31 76
31 47
31 48
31 49
31 82
31 54
31 57
31 90
31 92
32 65
32 96
32 64
32 93
33 46
33 47
33 50
33 52
33 85
33 87
33 89
34 40
34 88
35 40
35 51
35 95
36 68
36 78
36 54
36 91
36 93
37 97
37 41
37 49
37 84
38 39
38 75
38 46
38 47
38 80
38 88
38 92
38 63
39 42
39 81
39 93
39 62
40 74
40 78
40 52
40 89
40 60
41 66
41 67
41 73
41 75
41 44
41 49
41 82
41 50
41 53
41 85
42 64
42 49
42 83
42 92
43 64
43 72
43 51
43 83
44 98
44 45
44 79
44 50
45 81
45 50
45 60
45 93
46 74
46 84
46 88
47 98
47 73
47 74
47 82
47 89
48 71
48 53
48 60
48 95
49 70
49 75
49 79
50 70
50 75
50 76
50 80
51 96
51 66
51 99
51 75
51 57
52 61
53 98
53 99
53 76
53 63
54 74
54 84
54 85
54 95
55 98
55 68
55 76
56 66
56 73
56 85
56 93
57 97
57 70
57 79
57 80
57 88
57 58
57 93
58 65
58 77
58 84
59 93
60 68
60 72
60 78
60 94
60 95
60 63
61 63
62 66
62 70
62 92
62 94
63 69
63 77
63 79
63 87
64 71
64 73
65 96
65 72
65 73
65 74
65 75
65 90
66 89
66 77
66 84
66 86
66 88
67 77
68 98
68 99
68 69
69 96
70 99
70 80
70 94
71 96
71 78
71 85
72 79
72 87
73 95
74 96
74 75
74 79
74 78
74 80
75 99
75 95
76 81
76 90
78 95
79 84
79 92
80 87
80 88
81 84
82 85
83 86
83 95
85 95
86 94
88 96
88 99
88 98
88 92
88 93
89 97
92 93
92 95
93 94
