100 395
0 8
0 1
0 4
0 2
0 5
1 74
1 17
1 5
1 20
1 31
2 7
2 8
2 87
2 40
2 29
2 49
2 55
2 3
2 26
3 87
3 26
3 10
3 76
3 61
3 29
3 55
3 46
3 27
3 7
3 8
3 17
3 40
3 20
3 75
3 58
3 28
3 49
4 86
4 67
4 11
4 5
4 66
5 86
5 66
5 6
5 31
6 86
6 80
6 23
6 98
6 15
6 37
6 89
6 31
7 8
7 76
7 87
7 40
7 61
7 29
7 13
7 9
7 49
7 55
7 75
7 30
7 48
7 26
8 76
8 87
8 40
8 29
8 49
8 55
8 26
9 76
9 87
9 99
9 51
9 40
9 13
9 55
9 30
9 48
9 26
10 39
10 12
10 46
10 61
10 14
10 19
10 75
10 27
10 58
10 28
11 24
11 65
11 36
11 67
11 66
11 33
12 39
12 58
12 79
12 14
12 19
12 60
12 46
12 28
13 76
13 87
13 95
13 53
13 40
13 29
13 49
13 55
13 75
13 30
13 48
13 26
14 77
14 62
14 19
14 60
15 18
15 37
15 89
15 96
15 16
15 22
16 18
16 37
16 96
16 41
17 74
17 20
17 28
18 37
18 21
18 41
18 25
19 39
19 58
19 79
19 60
19 46
19 92
19 28
20 74
20 34
20 68
20 92
20 28
21 65
21 43
21 25
22 42
22 44
22 37
22 78
22 96
23 74
23 80
23 98
23 54
23 89
23 91
23 31
24 43
24 65
24 36
24 67
24 33
25 65
25 43
26 76
26 87
26 40
26 29
26 49
26 55
26 75
26 48
27 39
27 76
27 87
27 58
27 61
27 29
27 49
27 55
27 75
27 46
27 28
28 39
28 58
28 34
28 46
28 50
28 68
28 92
29 76
29 87
29 48
29 40
29 61
29 49
29 55
29 75
30 76
30 95
30 53
30 40
30 71
30 32
30 55
30 75
30 48
31 86
31 74
31 80
31 98
31 54
31 89
31 91
32 88
32 52
32 51
32 71
32 59
33 43
33 65
33 36
34 74
34 68
34 50
34 91
34 35
34 92
35 38
35 68
35 50
35 70
35 92
36 67
37 80
37 89
38 70
39 58
39 79
39 46
39 68
39 60
39 92
40 76
40 87
40 61
40 49
40 55
40 75
40 48
42 73
42 97
42 45
42 44
42 94
42 81
42 56
43 65
44 73
44 97
44 45
44 94
44 78
44 81
44 96
44 56
45 73
45 47
45 97
45 69
45 94
45 81
45 56
46 58
46 61
46 92
47 93
47 73
47 69
47 64
47 94
47 81
47 56
48 76
48 87
48 95
48 53
48 61
48 49
48 55
48 75
49 76
49 87
49 61
49 55
49 75
50 68
50 92
50 70
51 99
51 72
51 57
52 88
52 84
52 59
53 77
53 76
53 83
53 95
53 71
53 75
54 74
54 80
54 98
54 89
54 91
55 76
55 87
55 61
55 75
56 93
56 73
56 97
56 69
56 81
56 94
57 72
57 99
58 61
58 92
58 75
59 84
59 88
60 79
60 62
61 76
61 87
61 95
61 75
62 63
64 93
64 73
64 69
66 86
66 67
68 92
69 93
69 73
69 97
69 94
69 81
70 90
70 82
71 83
73 93
73 97
73 94
73 81
74 80
74 98
74 91
75 76
75 87
75 95
76 87
76 95
77 95
77 85
78 96
80 98
80 89
80 91
81 93
81 97
81 94
82 90
83 95
83 85
84 88
89 98
91 98
93 94
94 97
