100 402
0 13
0 53
0 79
0 83
0 40
0 43
0 7
0 88
0 9
0 1
0 2
0 74
0 29
0 4
0 46
1 79
1 53
1 40
1 66
1 90
1 99
1 43
1 88
1 2
1 3
1 46
1 5
2 13
2 53
2 79
2 40
2 43
2 8
2 7
2 46
2 74
2 29
2 4
2 31
2 32
3 61
3 19
3 66
3 10
3 38
3 88
3 6
3 99
3 92
3 98
3 5
4 13
4 83
4 62
4 88
4 8
4 7
4 9
4 11
4 69
4 74
4 29
4 71
5 53
5 19
5 66
5 10
5 90
5 88
5 99
5 98
5 38
6 61
6 56
6 15
6 99
6 98
6 33
6 38
7 13
7 14
7 79
7 62
7 43
7 8
7 9
7 74
7 29
7 71
7 31
7 46
8 13
8 14
8 67
8 62
8 89
8 11
8 9
8 74
8 29
8 71
8 31
9 13
9 14
9 83
9 62
9 11
9 69
9 29
9 71
10 12
10 61
10 19
10 99
10 38
10 36
10 92
10 25
11 14
11 28
11 62
11 75
11 16
11 71
11 21
12 19
12 76
12 35
12 92
12 64
12 25
13 83
13 88
13 69
13 29
13 71
14 67
14 28
14 62
14 89
14 16
14 74
14 71
15 61
15 18
15 49
15 22
15 98
15 33
15 56
15 38
16 68
16 28
16 62
16 17
16 50
16 71
17 57
17 28
17 75
17 26
17 41
17 50
18 61
18 36
18 49
18 58
18 65
18 33
18 44
18 20
18 34
19 83
19 88
19 35
19 92
19 25
20 49
20 23
20 24
20 22
20 58
20 45
20 44
20 34
20 39
21 57
21 93
21 75
21 26
22 49
22 48
22 45
22 33
22 56
23 30
23 24
23 45
23 34
23 39
24 95
24 30
24 58
24 52
24 97
24 45
24 44
24 34
24 39
25 76
25 35
25 92
25 64
26 57
26 75
26 27
27 37
27 57
27 96
28 86
28 68
28 62
28 89
28 50
29 83
29 88
29 69
29 71
30 95
30 52
30 97
30 39
31 79
31 67
31 89
31 43
31 55
31 74
31 47
31 82
31 46
31 32
32 79
32 53
32 59
32 40
32 43
32 91
32 47
32 82
32 46
33 61
33 49
33 45
33 56
34 49
34 58
34 45
34 44
34 39
35 60
35 76
35 83
35 88
35 81
35 72
35 92
35 77
35 64
36 61
36 92
36 65
37 54
37 42
38 61
38 66
38 99
38 98
38 56
39 52
39 45
40 79
40 53
40 59
40 66
40 90
40 43
40 91
40 46
41 70
41 50
42 57
42 54
43 79
43 53
43 59
43 90
43 46
43 74
44 49
44 58
44 45
45 49
45 58
46 79
46 53
46 59
46 90
46 47
47 79
47 67
47 55
47 74
47 82
48 85
48 51
49 61
49 58
50 86
50 68
51 84
51 85
52 95
52 97
53 79
53 59
53 66
53 90
54 87
55 67
55 62
55 89
55 63
55 74
55 80
56 84
56 61
56 98
57 75
59 79
59 90
59 91
59 94
60 78
60 93
60 81
60 72
60 77
60 64
61 99
62 67
62 89
62 74
62 71
63 86
63 67
63 68
63 89
63 73
63 80
64 78
64 76
64 81
64 72
66 90
66 99
66 88
66 98
67 89
67 74
67 80
68 86
68 89
69 93
69 83
69 72
69 77
70 96
71 75
71 74
72 78
72 93
72 81
72 77
73 80
74 79
74 89
75 93
76 92
77 78
77 93
77 83
77 81
78 81
81 93
83 88
90 99
90 98
90 91
91 94
95 97
98 99
