100 435
0 3
0 5
0 60
0 33
0 12
0 2
0 17
0 22
0 6
0 35
0 15
0 30
0 45
0 1
0 4
1 3
1 5
1 10
1 33
1 27
1 12
1 2
1 17
1 22
1 6
1 21
1 35
1 15
1 42
1 45
2 10
2 74
2 25
2 27
2 22
2 6
2 21
2 42
2 15
2 26
2 47
2 45
2 24
3 5
3 60
3 33
3 12
3 17
3 22
3 6
3 35
3 15
3 30
3 45
3 4
4 5
4 32
4 60
4 33
4 7
4 12
4 69
4 38
4 17
4 22
4 8
4 30
4 31
4 45
5 60
5 33
5 12
5 69
5 17
5 22
5 35
5 8
5 30
5 45
5 31
6 10
6 33
6 22
6 15
6 45
7 11
7 60
7 34
7 49
7 69
7 38
7 8
7 9
7 76
7 31
7 80
8 32
8 60
8 33
8 69
8 38
8 30
8 31
9 11
9 43
9 34
9 49
9 69
9 38
9 95
9 76
9 31
9 80
10 25
10 27
10 22
10 13
10 21
10 15
10 42
10 26
10 47
10 24
11 43
11 34
11 49
11 59
11 68
11 38
11 76
11 14
12 60
12 33
12 17
12 22
12 35
12 30
12 45
13 19
13 67
13 25
13 27
13 24
13 82
13 70
13 47
13 96
13 51
13 42
13 26
14 36
14 18
15 16
15 25
15 27
15 33
15 22
15 21
15 50
15 45
15 24
16 89
16 28
16 87
16 20
16 25
16 23
16 50
16 52
16 58
16 83
17 60
17 33
17 22
17 35
17 30
17 45
18 36
18 37
19 25
19 24
19 82
19 29
19 70
19 51
19 47
20 89
20 28
20 25
20 98
20 84
20 52
20 51
21 40
21 54
21 74
21 27
21 42
21 47
21 96
21 26
22 33
22 45
23 89
23 28
23 87
23 52
23 50
23 58
23 36
23 83
24 25
24 27
24 82
24 47
24 51
24 42
24 26
25 82
25 51
25 47
26 54
26 67
26 74
26 27
26 82
26 47
26 96
26 51
26 42
27 54
27 67
27 74
27 42
27 47
27 96
28 89
28 87
28 64
28 44
28 50
28 52
28 58
28 53
28 83
29 90
29 98
29 82
29 84
29 70
29 51
29 72
29 56
30 32
30 60
30 33
30 35
30 45
30 39
30 31
31 32
31 60
31 86
31 69
31 38
31 80
32 86
32 60
32 69
33 60
33 35
33 45
34 43
34 49
34 59
34 68
34 38
34 95
34 76
34 80
35 73
35 45
35 39
36 87
36 58
36 83
37 48
38 60
38 49
38 69
39 65
39 73
39 46
40 54
40 74
40 61
40 42
40 41
41 57
41 54
41 74
41 61
41 99
41 97
41 81
41 78
42 54
42 67
42 74
42 47
42 96
43 49
43 59
43 68
43 95
43 62
43 76
44 89
44 55
44 64
44 52
44 53
45 60
46 65
47 67
47 82
47 51
47 70
47 96
48 71
49 59
49 95
49 91
49 76
49 80
50 89
50 87
50 52
50 58
50 83
51 82
51 70
52 89
52 87
52 64
52 58
52 53
52 83
53 79
53 55
53 77
53 87
53 89
53 64
53 83
54 74
54 61
54 96
55 79
55 77
55 64
56 98
56 84
56 66
56 72
57 63
57 99
57 97
57 85
57 75
57 81
57 78
58 87
58 83
59 68
59 95
59 91
59 62
59 76
60 69
61 74
61 67
61 99
61 81
61 96
62 68
62 95
62 91
62 76
63 99
63 85
63 78
63 75
64 89
64 83
65 73
66 93
67 82
67 96
68 95
68 76
70 90
70 82
70 72
72 98
72 84
74 96
75 99
75 85
75 81
75 78
76 95
77 79
77 88
78 99
78 97
78 85
78 81
79 94
79 88
80 95
81 99
81 97
81 85
82 90
82 96
83 89
83 87
84 98
85 99
87 89
88 94
90 92
91 95
97 99
