100 427
0 1
0 93
0 67
0 35
0 88
0 69
0 3
0 2
0 70
1 35
1 88
1 69
1 3
1 5
1 7
1 19
1 83
1 70
1 24
1 36
1 25
2 49
2 93
2 67
2 3
2 77
2 72
2 23
2 27
2 88
2 87
3 67
3 88
3 72
3 23
3 27
3 4
3 83
3 70
3 90
3 87
4 67
4 6
4 61
4 14
4 65
4 72
4 27
4 23
4 87
5 8
5 35
5 16
5 32
5 56
5 69
5 9
5 10
5 15
5 7
5 70
5 24
6 91
6 14
6 33
6 53
6 84
6 11
6 75
6 12
6 13
7 8
7 35
7 16
7 32
7 69
7 9
7 10
7 15
7 70
7 24
7 36
8 16
8 32
8 89
8 42
8 22
8 9
8 15
8 10
8 20
8 24
9 35
9 16
9 32
9 56
9 69
9 10
9 15
9 24
10 16
10 32
10 56
10 42
10 22
10 15
10 24
11 91
11 48
11 66
11 14
11 92
11 33
11 84
11 96
11 21
11 40
11 12
11 37
11 13
12 91
12 48
12 66
12 14
12 92
12 33
12 84
12 96
12 21
12 40
12 37
12 13
13 48
13 14
13 53
13 84
13 96
13 37
14 91
14 92
14 33
14 84
14 72
14 75
15 16
15 17
15 32
15 89
15 42
15 22
15 24
15 36
16 35
16 32
16 56
16 69
16 24
17 41
17 50
17 19
17 18
17 24
17 36
17 25
18 41
18 30
18 29
18 26
18 38
18 86
18 50
18 97
18 58
18 47
19 41
19 31
19 88
19 82
19 83
19 68
19 86
19 50
19 58
19 70
19 90
19 36
19 87
19 25
20 42
20 22
20 43
20 46
21 91
21 31
21 66
21 79
21 68
21 92
21 33
21 95
21 37
22 89
22 42
22 24
23 31
23 67
23 82
23 65
23 68
23 72
23 27
23 83
23 88
23 90
23 87
24 35
24 32
24 69
24 70
24 36
25 41
25 31
25 82
25 83
25 68
25 86
25 50
25 58
25 70
25 90
25 36
26 30
26 29
26 38
26 73
26 28
26 47
27 67
27 61
27 65
27 72
27 87
28 34
28 29
28 38
28 39
28 97
28 47
29 30
29 38
29 73
29 97
29 47
30 38
30 73
30 86
30 50
30 63
30 95
30 58
30 47
31 41
31 91
31 82
31 83
31 68
31 33
31 86
31 95
31 58
31 90
31 87
32 78
32 44
32 56
32 69
33 91
33 66
33 82
33 68
33 92
33 95
33 90
34 39
34 62
35 88
35 69
35 70
36 41
36 50
37 91
37 59
37 66
37 92
37 84
37 96
37 40
37 48
38 39
38 50
38 97
38 47
39 55
39 97
40 59
40 66
40 52
40 94
40 96
40 45
40 48
41 82
41 83
41 86
41 50
41 58
41 90
42 89
43 46
43 51
44 78
44 69
44 56
44 74
44 81
45 59
45 52
45 96
45 48
46 54
46 51
47 86
47 50
47 97
47 58
48 59
48 84
48 96
49 77
49 93
49 67
50 86
50 58
52 94
53 80
53 84
53 75
54 57
54 64
55 62
56 78
57 64
57 60
58 82
58 68
58 86
58 63
58 95
59 96
60 71
61 67
61 65
61 77
61 72
61 75
62 98
63 79
63 73
63 86
63 95
65 67
65 72
65 87
66 91
66 79
66 92
66 94
66 96
66 95
67 77
67 72
67 87
68 91
68 82
68 83
68 92
68 86
68 95
68 90
68 87
69 88
69 70
70 83
70 88
71 78
71 74
71 81
72 87
74 78
74 81
75 76
75 84
77 85
78 81
79 92
79 94
79 95
80 99
82 91
82 83
82 86
82 95
82 90
82 87
83 88
83 90
83 87
84 96
86 95
86 90
87 88
87 90
90 91
90 95
91 92
91 95
92 95
