100 411
0 70
0 12
0 1
0 68
0 78
0 19
0 35
0 91
0 2
0 9
0 38
0 14
0 3
0 39
1 70
1 12
1 68
1 78
1 19
1 91
1 2
1 9
1 38
1 39
2 70
2 12
2 68
2 78
2 57
2 19
2 5
2 91
2 9
2 39
3 8
3 63
3 78
3 44
3 19
3 23
3 35
3 47
3 18
3 38
3 6
3 4
3 10
3 14
4 8
4 16
4 63
4 44
4 23
4 53
4 75
4 47
4 18
4 15
4 38
4 6
4 10
5 70
5 7
5 80
5 57
5 66
5 25
6 16
6 17
6 23
6 35
6 14
6 75
6 34
6 95
6 18
6 13
6 10
7 70
7 80
7 11
7 57
7 22
7 25
8 16
8 43
8 63
8 44
8 23
8 53
8 47
8 18
8 38
8 10
9 70
9 12
9 68
9 78
9 19
9 22
9 91
9 39
10 16
10 63
10 17
10 44
10 23
10 53
10 47
10 18
10 15
10 75
11 93
11 20
11 22
11 32
11 26
12 70
12 68
12 78
12 57
12 19
12 22
12 91
12 39
13 60
13 48
13 17
13 55
13 23
13 35
13 34
13 74
13 21
13 96
13 14
13 95
14 60
14 78
14 55
14 19
14 23
14 35
14 18
14 38
15 97
15 16
15 63
15 33
15 44
15 53
15 42
15 49
15 40
16 63
16 44
16 23
16 53
16 75
16 47
16 18
17 23
17 75
17 34
17 29
17 62
17 95
18 63
18 44
18 23
18 53
18 75
18 47
18 38
19 68
19 48
19 78
19 55
19 35
19 91
19 54
19 38
19 39
20 59
20 79
20 64
20 73
20 77
20 32
20 26
21 84
21 60
21 48
21 55
21 35
21 24
21 34
21 74
21 67
21 96
21 95
21 37
22 70
22 93
22 68
22 30
22 91
22 39
23 75
23 34
23 95
24 84
24 50
24 60
24 48
24 55
24 41
24 31
24 54
24 74
24 27
24 96
25 59
25 80
25 57
25 64
25 73
25 66
25 79
25 28
26 93
26 65
26 77
26 36
26 32
26 56
27 84
27 50
27 68
27 30
27 48
27 54
27 39
28 45
28 52
28 73
28 66
28 79
28 99
29 34
29 62
29 95
29 37
30 93
31 72
31 41
31 74
31 67
31 96
32 59
32 77
33 97
33 43
33 63
33 44
33 53
33 42
33 49
33 40
34 62
34 74
34 96
34 95
34 37
35 84
35 96
35 60
35 48
35 78
35 55
35 95
35 54
35 38
36 76
36 65
36 56
36 98
37 46
37 74
37 67
37 96
37 95
38 78
39 70
39 68
39 78
39 54
39 91
40 97
40 85
40 49
40 42
41 50
41 84
42 97
42 43
42 85
42 49
43 97
43 63
43 51
43 44
43 53
43 47
44 63
44 53
44 47
45 99
45 52
46 81
46 69
46 67
47 63
47 53
48 84
48 50
48 68
48 60
48 78
48 55
48 54
48 74
48 96
49 97
49 89
50 84
50 60
50 54
51 58
51 90
52 61
52 64
52 73
52 79
53 63
54 84
54 68
54 60
54 78
54 55
54 91
55 84
55 96
55 60
55 78
55 74
55 95
56 76
56 65
56 98
57 70
57 80
58 71
58 87
59 79
59 64
59 73
59 77
60 84
60 96
60 74
60 95
61 92
61 64
61 73
61 79
64 92
64 73
64 77
64 79
65 77
65 98
66 80
66 73
66 79
67 74
67 96
68 78
68 91
69 88
69 81
70 91
73 80
73 79
74 84
74 96
74 95
75 89
76 93
76 98
76 82
78 91
79 80
81 88
82 98
82 83
84 96
85 86
87 90
90 94
95 96
