100 346
0 82
0 58
0 42
0 14
0 4
0 6
0 90
0 2
0 25
0 1
0 9
0 65
1 82
1 42
1 18
1 73
1 10
1 90
1 2
1 15
1 61
1 9
1 65
2 82
2 42
2 61
2 3
2 57
2 90
2 25
2 15
2 65
3 26
3 42
3 57
3 72
3 90
3 25
3 15
3 27
3 5
4 23
4 42
4 58
4 14
4 7
4 77
4 6
5 26
5 61
5 44
5 8
5 35
5 49
5 57
5 25
5 15
5 27
6 23
6 58
6 14
6 7
6 77
7 42
7 14
7 72
7 77
7 83
7 25
7 37
8 26
8 29
8 44
8 35
8 38
8 54
8 16
8 49
8 39
9 40
9 82
9 30
9 76
9 65
10 18
10 11
10 86
10 73
10 52
10 12
10 65
10 71
11 19
11 18
11 86
11 73
11 35
11 15
11 61
11 22
11 12
11 71
12 19
12 18
12 86
12 73
12 99
12 17
12 52
12 75
12 22
12 13
12 71
13 85
13 19
13 53
13 99
13 20
13 17
13 75
13 36
14 23
14 58
14 24
15 26
15 18
15 44
15 35
15 49
15 90
15 25
15 61
16 29
16 54
16 49
16 21
16 22
17 85
17 19
17 99
17 75
17 71
18 86
18 73
18 35
18 52
18 90
18 61
18 22
18 65
18 71
19 86
19 73
19 99
19 52
19 75
19 22
19 71
20 85
20 53
20 50
20 36
21 29
21 36
21 54
22 86
22 73
22 35
22 75
22 61
22 71
23 58
23 62
23 28
23 31
23 24
24 62
24 94
24 31
24 88
25 42
25 57
25 72
25 90
25 27
26 44
26 49
26 57
26 27
26 39
27 41
27 57
27 72
28 80
28 32
28 66
28 31
29 74
29 44
29 54
29 38
29 68
29 49
29 39
30 40
30 55
30 33
30 76
31 62
31 80
31 66
32 56
32 48
33 55
33 34
33 69
33 76
34 55
34 69
35 61
35 44
35 49
35 90
36 53
36 50
37 91
37 83
37 77
37 46
37 47
38 74
38 68
38 51
38 43
38 63
38 39
39 74
39 44
39 54
39 68
39 49
39 51
39 43
40 82
40 58
40 76
40 65
41 92
41 81
41 57
41 72
41 45
42 82
42 57
42 72
42 90
43 74
43 68
43 51
43 63
44 54
44 49
45 64
45 92
45 81
46 60
46 70
46 93
46 67
46 59
46 84
47 83
48 56
49 54
50 53
51 74
51 68
51 63
52 87
52 86
52 73
52 99
52 71
53 75
55 69
55 76
57 72
58 82
59 60
59 78
59 70
59 93
59 84
60 78
60 70
60 93
60 84
61 73
61 90
62 94
63 74
63 68
64 81
65 82
65 86
65 73
65 90
65 76
66 80
67 97
67 95
68 74
69 79
70 78
70 93
70 91
70 84
71 87
71 86
71 73
71 99
71 75
72 83
73 86
75 85
75 99
76 82
77 88
77 91
77 83
78 93
78 89
78 84
79 98
81 92
82 90
83 91
84 93
85 99
87 99
88 91
88 94
89 94
89 96
94 96
95 97
