100 384
0 3
0 10
0 6
0 8
0 95
0 12
0 13
0 2
0 81
0 1
0 18
0 20
0 11
1 3
1 69
1 10
1 21
1 81
1 20
1 5
1 23
2 3
2 10
2 53
2 6
2 95
2 12
2 13
2 81
2 18
2 20
2 11
3 69
3 10
3 38
3 4
3 6
3 8
3 12
3 13
3 20
3 23
3 11
4 87
4 38
4 44
4 7
4 79
4 8
4 27
4 93
5 47
5 69
5 10
5 9
5 51
5 89
5 36
5 37
5 81
5 20
5 15
6 14
6 95
6 8
6 12
6 13
6 25
6 18
6 20
6 11
7 87
7 38
7 44
7 8
7 27
7 79
7 93
8 87
8 38
8 44
8 13
8 25
8 23
8 11
9 47
9 17
9 70
9 16
9 68
9 51
9 24
9 29
9 52
9 36
9 89
9 50
9 81
9 37
10 95
10 12
10 37
10 13
10 81
10 20
10 11
11 95
11 12
11 13
11 81
11 20
11 18
12 95
12 13
12 81
12 18
12 20
13 95
13 81
13 18
13 20
14 49
14 58
14 46
14 27
14 56
14 71
14 25
14 18
15 17
15 67
15 26
15 51
15 43
15 41
15 36
15 89
15 81
15 64
16 17
16 70
16 19
16 24
16 43
16 51
16 41
16 36
16 59
16 89
16 64
16 47
17 70
17 19
17 43
17 51
17 41
17 36
17 59
17 89
17 64
17 47
18 58
18 95
18 56
18 71
18 25
18 30
19 70
19 51
19 43
19 41
19 59
19 89
19 64
20 95
20 81
21 69
21 40
21 22
21 54
21 23
22 40
22 67
22 26
22 78
22 86
22 45
22 32
23 69
23 38
23 79
23 54
24 47
24 70
24 68
24 51
24 83
24 29
24 52
24 36
24 50
24 28
24 37
25 49
25 44
25 27
25 95
25 71
26 40
26 67
26 43
26 39
26 41
26 89
26 45
26 64
26 32
27 49
27 87
27 44
27 46
27 31
28 68
28 52
28 29
28 50
28 83
29 70
29 68
29 83
29 52
29 50
29 35
29 47
30 95
30 58
30 56
31 49
31 73
31 46
31 33
32 40
32 67
32 78
32 39
32 86
32 45
33 49
33 42
33 34
33 46
33 57
33 62
34 42
34 46
34 57
34 62
35 55
35 91
35 52
35 50
35 82
36 47
36 51
36 43
36 41
36 37
36 89
36 81
36 64
37 68
37 81
37 47
38 87
38 44
38 79
38 93
39 40
39 67
39 78
39 86
39 45
40 67
40 86
40 45
41 67
41 43
41 51
41 89
41 64
42 75
42 48
42 46
42 57
42 62
43 67
43 51
43 89
43 64
44 49
44 87
44 79
44 93
45 67
45 78
45 86
46 75
46 49
46 57
46 71
47 70
47 68
47 51
47 89
47 50
47 81
48 75
48 92
48 57
48 80
50 70
50 68
50 83
50 52
51 70
51 89
51 64
52 70
52 55
52 68
52 83
53 60
53 95
53 72
54 79
54 69
55 91
55 82
56 58
56 71
56 80
57 75
57 62
58 71
59 61
60 63
60 84
60 72
61 91
63 74
63 85
63 88
63 65
64 67
64 89
65 66
65 74
65 85
65 88
66 76
66 88
67 89
68 70
68 83
71 75
72 84
73 96
73 94
74 85
75 80
76 88
76 77
77 82
78 86
78 99
79 87
79 93
80 90
84 85
86 99
87 93
92 97
94 96
96 98
