100 586
0 75
0 4
0 76
0 100
0 2
0 7
0 17
0 3
0 95
0 6
0 12
0 61
0 35
0 50
0 36
0 15
0 25
0 18
0 22
0 52
2 69
2 10
2 95
2 4
2 14
2 23
2 5
2 29
2 55
2 53
2 88
2 30
2 36
2 59
3 97
3 75
3 100
3 7
3 41
3 17
3 46
3 95
3 6
3 12
3 61
3 47
3 35
3 21
3 50
3 36
3 15
3 24
3 25
3 16
3 52
4 75
4 76
4 7
4 69
4 38
4 6
4 12
4 61
4 79
4 88
4 35
4 55
4 50
4 36
4 15
4 18
4 22
4 23
4 52
4 59
5 42
5 19
5 10
5 60
5 9
5 39
5 56
5 66
5 14
5 58
5 92
5 23
5 29
5 40
5 53
5 59
5 20
6 75
6 76
6 100
6 57
6 7
6 41
6 12
6 61
6 35
6 8
6 50
6 15
6 25
6 18
6 22
6 52
7 75
7 35
7 12
7 18
7 61
7 8
7 22
7 76
7 57
7 52
7 50
7 15
7 25
8 75
8 35
8 61
8 18
8 41
8 57
8 52
8 15
8 47
8 25
9 42
9 10
9 13
9 39
9 56
9 66
9 14
9 58
9 92
9 23
9 29
9 40
9 53
9 20
10 42
10 19
10 11
10 56
10 14
10 58
10 92
10 23
10 29
10 53
10 60
10 20
11 97
11 19
11 60
11 46
11 78
11 95
11 92
11 31
11 32
11 36
11 17
11 24
12 75
12 76
12 100
12 41
12 17
12 95
12 61
12 47
12 35
12 21
12 50
12 36
12 15
12 25
12 18
12 16
12 52
13 42
13 33
13 56
13 27
13 66
13 58
13 98
13 67
13 68
13 20
14 19
14 60
14 69
14 39
14 58
14 92
14 23
14 29
14 53
14 36
14 59
15 75
15 76
15 100
15 41
15 17
15 95
15 61
15 35
15 21
15 50
15 36
15 25
15 18
15 22
15 52
16 85
16 84
16 21
16 41
16 100
16 28
16 90
16 50
16 17
16 47
16 24
16 86
17 97
17 46
17 95
17 21
17 100
17 32
17 50
17 36
17 24
18 75
18 35
18 61
18 22
18 76
18 57
18 55
18 52
18 50
18 25
19 42
19 78
19 56
19 58
19 92
19 53
19 60
19 20
20 42
20 33
20 56
20 27
20 66
20 58
20 92
20 40
20 67
20 53
21 28
21 97
21 85
21 84
21 46
21 86
21 95
21 41
21 100
21 90
21 50
21 24
21 47
22 75
22 76
22 57
22 69
22 34
22 38
22 61
22 79
22 35
22 55
22 25
22 63
22 52
23 69
23 39
23 29
23 30
23 53
23 88
23 36
23 59
24 97
24 26
24 84
24 46
24 95
24 48
24 62
24 100
24 50
24 32
24 86
25 75
25 35
25 61
25 41
25 76
25 100
25 57
25 52
25 50
26 97
26 64
26 84
26 62
26 48
26 94
26 32
26 86
27 42
27 43
27 33
27 66
27 58
27 67
27 68
28 85
28 84
28 74
28 100
28 90
28 41
28 47
28 86
29 73
29 69
29 39
29 30
29 40
29 53
29 88
29 59
30 73
30 69
30 38
30 39
30 45
30 88
30 59
31 87
31 64
31 78
31 82
31 94
31 60
31 32
32 97
32 60
32 64
32 46
32 78
32 84
32 95
32 48
32 86
33 42
33 43
33 66
33 67
33 68
34 63
34 38
34 91
34 79
34 37
34 55
34 44
35 75
35 61
35 76
35 57
35 55
35 52
35 50
36 69
36 46
36 95
36 59
36 100
36 50
37 63
37 91
37 79
37 49
38 63
38 69
38 91
38 79
38 55
38 44
38 88
38 59
39 73
39 45
39 40
39 53
39 88
39 59
40 45
40 66
40 58
40 53
41 75
41 85
41 61
41 90
41 100
41 52
41 47
42 56
42 66
42 58
42 92
42 98
42 67
42 53
43 54
43 70
43 77
43 67
43 99
43 68
43 51
44 63
44 73
44 91
44 79
44 55
44 88
45 73
45 65
46 97
46 60
46 84
46 95
46 48
46 100
46 50
46 86
47 85
47 100
47 90
48 97
48 64
48 84
48 62
48 94
48 86
49 72
49 91
50 75
50 76
50 100
50 95
50 61
50 52
51 54
51 77
51 99
51 89
51 70
52 75
52 76
52 100
52 57
52 61
53 60
53 56
53 58
53 92
53 59
54 77
54 99
54 89
54 68
54 70
55 63
55 69
55 79
55 76
55 88
55 59
56 66
56 58
56 92
56 98
56 67
56 60
57 75
57 61
57 76
58 66
58 92
58 67
59 69
59 88
60 78
60 92
61 75
61 76
61 100
62 97
62 84
62 64
62 94
62 86
63 91
63 79
64 97
64 84
64 82
64 94
64 87
64 86
65 80
65 71
66 92
66 67
66 68
67 98
67 99
67 68
68 98
68 99
68 70
69 88
70 77
70 99
70 89
73 88
74 81
74 85
74 96
74 90
75 76
75 100
76 79
77 99
77 89
78 87
78 94
79 91
81 85
81 96
82 83
82 94
82 87
83 94
83 93
84 97
84 85
84 100
84 90
84 86
85 90
86 97
87 94
90 100
95 97
95 100
97 100
98 99
