100 373
0 13
0 53
0 16
0 7
0 19
0 54
0 61
0 11
0 34
0 98
0 1
1 2
1 42
1 13
1 54
1 19
1 99
1 6
1 11
1 21
2 38
2 26
2 88
2 16
2 19
2 3
2 6
2 10
2 21
2 37
2 97
3 51
3 38
3 26
3 4
3 25
3 16
3 76
3 77
3 10
3 34
3 37
3 97
3 17
4 51
4 69
4 62
4 39
4 25
4 76
4 17
4 83
4 14
4 97
4 5
4 60
5 69
5 12
5 62
5 25
5 76
5 15
5 35
5 28
5 46
5 83
5 14
5 17
5 60
6 42
6 44
6 23
6 10
6 43
6 21
7 9
7 41
7 31
7 53
7 54
7 8
7 32
7 98
7 68
7 61
8 9
8 56
8 47
8 41
8 45
8 20
8 32
8 68
8 61
9 41
9 31
9 53
9 32
9 98
9 68
9 61
10 51
10 38
10 26
10 88
10 16
10 77
10 21
10 37
10 97
11 53
11 16
11 19
11 54
11 61
11 34
11 98
11 37
12 84
12 62
12 22
12 18
12 40
12 30
12 83
12 14
13 45
13 78
13 54
13 19
13 61
13 99
14 62
14 22
14 25
14 76
14 17
14 18
14 35
14 28
14 83
14 60
15 73
15 27
15 62
15 33
15 35
15 28
15 46
15 60
16 51
16 38
16 53
16 39
16 54
16 19
16 34
16 98
16 37
17 51
17 62
17 22
17 25
17 39
17 76
17 85
17 18
17 83
17 34
18 62
18 22
18 25
18 85
18 83
19 53
19 54
19 98
19 37
20 56
20 47
20 45
20 32
20 68
21 42
21 44
21 23
21 43
22 62
22 25
22 85
22 40
22 83
23 94
23 44
23 24
23 43
24 36
24 66
24 94
24 44
25 51
25 62
25 39
25 85
25 76
25 83
25 34
25 97
26 51
26 38
26 88
26 77
26 37
26 97
27 73
27 33
27 64
27 63
27 29
28 69
28 62
28 33
28 35
28 46
28 60
29 48
29 91
29 63
30 40
30 84
31 41
31 71
31 49
31 70
31 68
32 56
32 47
32 41
32 45
32 68
32 61
33 73
33 63
34 51
34 53
34 39
34 85
34 98
35 62
35 60
36 66
36 94
36 55
36 80
36 74
37 51
37 38
37 88
37 76
37 77
37 97
38 51
38 88
38 77
38 97
39 51
39 76
39 85
39 83
40 59
41 71
41 50
41 70
41 68
42 43
43 94
43 44
43 75
44 94
45 56
45 78
45 54
45 99
45 68
45 61
46 69
46 64
46 76
46 77
46 97
46 60
47 56
47 68
48 91
48 73
48 63
49 57
49 65
50 71
50 52
50 70
50 72
51 76
51 97
52 71
52 93
52 70
52 72
52 58
53 54
53 98
53 61
54 61
54 99
54 98
55 66
55 94
55 82
55 80
55 74
55 95
56 68
57 85
57 87
58 93
58 72
60 69
60 62
60 76
60 97
61 98
61 68
62 76
62 83
63 73
63 91
64 69
64 77
65 67
66 94
66 82
66 80
66 74
67 96
67 90
69 76
69 77
69 97
70 71
70 72
71 72
72 89
72 93
74 94
74 80
75 79
76 83
76 97
77 88
77 97
78 81
78 99
78 86
79 82
80 82
80 95
81 86
82 95
83 85
85 87
86 92
88 97
90 96
