100 407
0 5
0 4
0 1
0 61
0 2
0 7
0 89
0 18
0 25
0 51
0 16
0 13
1 8
1 4
1 32
1 7
1 3
1 18
1 25
1 51
1 35
1 17
1 89
1 90
2 79
2 5
2 61
2 48
2 9
2 45
2 57
2 51
2 6
2 16
2 19
3 41
3 8
3 4
3 21
3 10
3 32
3 18
3 25
3 44
3 35
3 89
3 90
4 38
4 32
4 7
4 89
4 18
4 25
4 44
4 35
4 13
4 90
5 79
5 61
5 48
5 45
5 51
5 57
5 16
5 13
5 19
6 79
6 24
6 48
6 9
6 51
6 17
6 40
6 19
7 38
7 32
7 89
7 18
7 25
7 31
7 35
7 13
7 90
8 37
8 24
8 71
8 78
8 10
8 28
8 64
8 17
8 11
8 40
8 90
8 15
9 79
9 24
9 48
9 33
9 51
9 19
10 29
10 41
10 66
10 71
10 78
10 21
10 64
10 12
10 17
10 11
10 40
10 90
10 15
11 29
11 41
11 37
11 24
11 78
11 71
11 28
11 64
11 12
11 17
11 40
11 90
11 15
12 29
12 41
12 46
12 66
12 26
12 71
12 78
12 20
12 64
12 27
13 61
13 88
13 92
13 18
13 25
13 31
13 16
13 89
13 23
13 14
14 88
14 36
14 92
14 22
14 31
14 23
15 29
15 37
15 24
15 78
15 71
15 28
15 64
15 17
15 40
16 61
16 48
16 45
16 51
16 57
16 19
17 37
17 24
17 71
17 28
17 40
18 30
18 38
18 32
18 89
18 25
18 44
18 35
18 90
19 79
19 61
19 48
19 33
19 45
19 57
19 51
20 29
20 46
20 59
20 78
20 64
20 27
21 39
21 41
21 66
21 26
21 35
21 74
22 88
22 36
22 92
22 31
22 69
22 23
22 97
23 88
23 69
23 36
23 92
23 31
23 97
24 37
24 71
24 28
24 40
25 38
25 32
25 89
25 35
25 90
26 39
26 41
26 66
26 78
26 27
26 49
26 74
27 29
27 41
27 46
27 59
27 66
27 71
27 78
27 64
27 63
28 29
28 37
28 71
28 40
29 41
29 46
29 37
29 66
29 71
29 78
29 64
29 63
30 54
30 38
30 44
30 35
30 86
30 80
31 88
31 92
32 44
32 35
32 89
32 90
33 48
33 42
33 34
33 60
34 47
34 91
34 94
34 58
34 60
35 38
35 44
35 89
35 90
35 86
36 92
36 95
36 67
36 97
37 71
37 64
37 40
38 82
38 44
38 89
38 86
39 41
39 93
39 66
39 87
39 49
39 74
40 71
41 66
41 78
41 64
42 96
42 77
42 55
42 58
42 62
42 43
42 56
43 96
43 77
43 50
43 55
43 81
43 62
43 65
43 56
44 89
44 86
44 80
45 61
45 48
45 95
45 57
46 59
46 78
46 71
46 64
46 63
47 94
48 79
48 61
48 60
48 57
48 51
49 93
49 87
49 52
49 98
49 74
50 96
50 81
50 53
50 65
50 62
51 79
51 61
52 98
52 74
53 96
53 65
53 81
54 80
54 82
54 86
54 76
55 96
55 77
55 58
55 62
55 56
56 96
56 77
56 62
57 61
57 95
58 96
58 62
59 63
60 91
62 96
62 77
63 71
63 68
64 66
64 71
64 78
65 96
65 81
66 78
67 75
67 99
67 73
67 95
69 70
69 84
69 83
69 97
70 72
70 84
70 83
71 78
73 75
73 95
73 99
74 93
74 87
74 98
75 95
75 99
76 80
76 86
80 86
81 85
82 88
82 84
82 86
83 84
87 93
88 92
89 90
92 97
