32 226 406 90 876 4872 952 2823 244 75 1430 1641 108 429 67 2582 16877 12143 1756 6378 17552 44240 2986 12380 517 4746 23016 167 1324 4374 7317 773 6531 12738 905 191 1053 3262 4205 48 1799 3631 6271 530 948 20 427 1656 5307 101 134 297 352 2048 83 600 1 1596 885 134 953 1247 10 162 281 10 280 630 60 75 23 158 28
32 230 417 79 890 5093 935 3049 268 99 1309 1509 96 345 57 3319 17681 13017 2142 6247 17663 48741 2688 14238 891 4607 21700 235 1789 3985 6821 841 5915 12857 946 233 1055 3483 4984 106 1576 3304 5231 632 767 39 370 1473 4234 98 154 368 312 1985 76 524 5 1426 753 190 833 854 19 142 267 26 262 550 58 33 18 131 22
22 206 178 53 1002 2677 1133 760 147 112 1143 554 106 172 54 4144 11614 7828 2703 9483 12147 14478 4512 1984 1134 5216 10389 201 1156 4233 2672 1276 6729 2449 666 356 719 2325 1524 133 2226 2114 1415 627 208 44 534 899 2477 69 39 275 421 911 114 191 4 1619 411 240 617 228 11 88 163 16 337 277 49 10 27 115 27
16 177 86 34 1005 1439 1167 235 87 131 840 204 101 91 30 4481 7275 4219 3184 11270 7660 4864 5329 381 1491 4179 4410 305 846 3586 899 1818 5470 517 421 498 520 1575 531 210 2342 1281 404 569 39 72 582 483 1358 51 20 191 346 398 178 93 10 962 122 285 426 87 4 51 87 33 254 114 40 0 40 49 14
35 213 504 91 945 5193 784 4078 264 80 1329 1997 96 404 66 3220 20802 10615 2240 5968 16505 54913 2066 21061 631 4157 25229 234 1635 4697 7452 623 5426 19248 965 229 1251 2954 5273 64 1431 3557 7153 550 1280 37 492 1679 4501 84 201 351 357 2163 86 603 4 1479 1048 150 842 1089 11 180 253 6 272 660 60 44 25 146 28
19 210 121 50 966 2137 1269 388 130 103 1139 359 122 175 47 3890 8529 7898 2479 10386 10508 8637 5342 741 915 5369 7155 224 871 4061 2073 1257 6713 1070 584 383 611 2383 1010 103 2748 2042 936 525 78 57 602 699 2868 61 30 199 391 708 184 168 4 1411 219 223 760 249 6 73 199 12 284 265 57 33 48 100 17
21 203 172 38 1035 2728 1283 764 145 138 816 430 113 116 20 4527 12246 7764 2946 11058 14781 15423 6072 2096 1362 3468 8167 287 1526 3127 2238 1921 5081 2125 767 507 736 2611 1602 245 2593 1333 1005 487 118 71 565 1051 1753 70 43 338 280 673 227 113 10 569 166 293 611 189 14 107 95 44 153 132 42 16 47 19 6
23 207 212 41 1069 3176 1110 1088 188 149 828 533 87 122 28 4929 14314 9378 3515 9421 14457 21004 4319 3550 1800 3211 9461 313 1847 3245 2647 1664 4773 3077 872 386 967 2991 2416 273 1793 1309 1293 570 138 106 502 929 1852 98 84 435 275 918 105 113 24 732 280 292 473 188 23 88 137 44 164 152 49 8 25 48 8
18 181 131 22 1084 2078 1229 537 123 152 559 221 97 43 15 5152 11181 5241 3641 11736 11926 10572 6256 1411 1731 2792 4965 405 1428 2158 816 2201 3918 1009 607 558 822 2095 1230 293 2408 667 352 419 29 103 544 877 628 55 48 327 263 394 218 41 20 480 127 290 271 22 17 65 40 43 156 52 30 0 41 11 6
9 136 19 17 920 409 1038 17 39 154 465 29 68 24 14 4396 2315 1731 3712 11630 2339 439 5213 7 2224 2491 655 354 323 2174 170 2161 3235 18 158 539 296 792 82 390 1632 367 28 382 0 139 534 90 420 27 3 140 244 88 126 10 31 451 14 267 138 6 12 22 37 48 122 28 13 0 26 9 6
17 176 112 24 1063 1860 1176 388 144 159 518 233 75 50 9 4948 9579 5507 4001 11467 10586 8095 5716 796 2024 1989 4329 502 1312 2312 1190 2237 3410 916 503 561 1020 2688 1155 315 1652 536 388 365 74 174 534 539 843 107 67 436 160 500 133 28 35 247 65 247 270 62 34 100 59 58 72 39 45 1 18 11 0
19 158 145 26 1245 1947 786 591 152 132 449 323 72 46 9 6053 12959 4388 6162 9427 8381 9984 2874 1427 2143 1587 4762 781 1152 2476 1474 1254 2240 1633 666 559 1636 1951 1348 264 1266 434 466 293 130 228 634 689 611 54 127 538 162 536 101 16 39 235 92 241 200 71 29 122 31 47 62 32 44 0 21 8 1
19 186 139 32 1074 2175 1170 557 133 160 711 294 98 104 14 4798 11108 6133 3483 11108 11343 11007 5229 1413 1880 2814 5614 322 1465 2949 1436 1968 4763 1194 637 531 866 2291 1271 303 2171 1379 748 568 56 84 535 693 1459 67 57 372 259 517 179 124 21 393 78 309 571 128 20 83 76 63 115 106 60 11 28 16 2
17 144 122 14 1193 1710 730 493 126 152 258 167 42 17 3 6297 12070 4289 5913 8924 7557 8785 2989 1255 2637 767 2688 814 1350 1436 807 1501 1554 853 661 522 1222 1719 1193 379 664 198 174 210 36 238 461 394 241 51 73 527 88 288 42 2 58 61 31 191 75 18 36 78 11 41 19 11 23 0 6 0 0
17 154 116 20 1119 1749 792 424 122 143 367 217 52 34 5 5765 11006 4960 5409 9356 7624 8203 2873 921 2435 1240 3407 685 1261 1986 1178 1408 1963 976 558 512 1016 1878 1087 330 903 351 284 309 65 199 468 438 479 74 50 385 111 377 78 16 56 116 46 221 160 52 20 75 43 36 31 16 23 0 10 4 0
16 155 100 20 1118 1639 838 335 100 136 388 177 49 41 7 6031 9656 5149 5410 9447 7693 7230 3077 678 2263 1391 2983 768 1092 2221 1078 1358 2087 667 676 564 939 1615 816 273 913 427 284 285 34 256 413 319 589 55 46 361 143 291 76 25 50 186 45 190 197 48 22 46 30 34 43 32 33 0 5 7 0
13 152 62 16 1012 1151 1040 146 84 170 389 111 58 22 7 5103 6729 3741 4096 10939 6316 3395 5198 185 2384 1721 2309 427 990 1763 611 2337 2757 297 412 542 566 1699 464 436 1350 279 120 362 26 177 416 333 377 73 14 319 155 265 106 6 36 234 43 235 104 17 11 53 36 56 63 9 11 4 21 7 1
9 113 28 8 805 566 937 40 48 161 184 33 29 10 1 4421 3481 1723 3390 10098 4100 1002 5674 28 2308 677 671 425 650 960 206 2674 1364 47 204 519 353 1036 167 481 736 84 32 189 4 193 211 113 194 54 7 214 68 86 76 2 67 37 3 113 35 6 24 17 19 37 11 3 9 1 3 0 0
17 153 113 23 1087 1687 907 399 100 149 421 222 70 54 5 5587 10425 4100 4782 10172 8601 7654 4140 840 2350 1415 3570 539 1316 2225 1141 1713 2442 894 528 533 862 1624 861 347 1443 484 401 328 57 175 529 551 706 54 36 344 150 343 147 37 38 146 32 260 272 82 14 58 41 54 41 30 31 4 22 2 1
14 143 76 15 1059 1269 821 223 80 137 342 106 44 31 4 6078 7769 3947 5243 9107 6365 4788 3104 399 2120 1530 2082 804 871 1800 551 1434 2015 334 549 525 846 1243 552 280 884 414 162 316 9 241 292 257 502 30 34 311 158 192 53 27 57 114 21 197 156 30 22 32 27 21 31 15 23 0 2 4 0
18 143 134 19 1202 1800 677 554 101 130 329 222 50 38 2 6381 13207 4255 6018 8608 7306 9705 2348 1431 2308 1058 3255 819 1264 1948 1121 1217 1765 1102 672 558 1113 1346 1016 304 878 462 346 299 68 228 460 470 449 34 52 333 125 288 73 36 59 50 19 206 184 48 18 56 18 36 14 9 26 0 8 1 0
20 148 167 23 1100 2065 891 780 121 152 409 310 48 46 4 6134 13723 3810 4686 8906 10982 12394 4539 2293 1937 1172 4817 736 1684 2205 1310 2118 2809 1772 619 509 1059 1876 1356 408 1018 480 509 416 108 194 336 520 603 49 73 493 139 412 73 35 57 115 44 173 178 63 23 70 34 38 47 18 17 0 5 3 0
8 116 20 8 849 438 916 22 38 159 208 22 45 10 2 4254 2747 1524 3573 11028 2860 584 4858 11 2424 1083 494 385 473 1043 135 2284 1382 22 175 570 277 809 99 492 1077 135 18 173 2 159 356 97 161 39 2 162 93 62 103 4 54 66 3 189 81 3 7 18 9 51 15 7 16 0 9 0 0
10 122 36 9 967 699 862 60 58 144 211 52 36 4 4 5094 4402 2355 4758 10056 4238 1470 4414 47 2308 881 1071 662 571 1165 323 1996 1449 108 325 561 631 1113 193 378 800 31 16 173 11 226 292 163 69 30 25 276 97 126 49 0 62 131 21 170 28 3 21 29 6 32 29 3 6 0 9 0 1
15 161 87 18 1038 1413 1149 275 89 161 495 139 84 28 13 5077 8267 3448 3687 11788 8261 5402 6058 543 1990 2467 3448 368 1103 2107 468 2365 3720 459 428 587 640 1540 650 351 2097 501 192 437 17 112 484 542 344 32 25 280 235 258 202 18 17 437 85 304 195 4 14 67 21 51 136 35 19 0 38 6 6
9 82 30 6 838 464 378 45 48 100 88 36 4 3 0 5173 3833 1269 5073 5723 1928 894 1208 28 2112 196 446 810 420 776 245 729 347 72 231 368 595 653 172 199 50 12 14 77 10 274 55 21 40 23 18 221 43 96 0 0 54 0 0 26 2 2 26 5 4 2 0 0 0 0 0 0 0
8 111 20 8 748 430 970 18 32 160 229 30 27 6 2 4220 2464 1335 3066 10051 3285 462 5729 5 2187 1281 744 427 473 1064 203 2635 1847 27 129 496 281 715 48 491 769 87 16 271 8 176 158 89 119 22 6 168 137 92 65 0 65 83 7 130 21 5 14 14 6 25 23 1 0 0 5 1 0
11 147 47 8 880 972 1254 107 67 182 262 48 51 6 4 4632 5158 3158 2940 12382 6947 2692 7418 145 2137 1582 1453 357 955 1005 180 3154 2196 121 315 602 375 1516 369 538 1487 101 34 274 0 148 263 264 102 52 12 250 134 119 145 0 47 152 22 213 64 1 11 33 7 53 50 6 6 0 12 0 1
9 81 30 6 825 452 361 47 40 83 102 32 7 5 0 5250 3660 1309 5160 5593 1777 903 1019 38 1706 268 481 842 322 797 216 618 462 52 219 375 593 545 131 154 70 47 25 85 9 280 101 24 56 14 17 190 47 69 3 1 36 0 0 33 10 1 17 13 2 0 0 0 1 0 0 0 0
9 96 28 8 783 482 594 40 26 111 190 32 22 12 0 5148 3423 1432 3783 7336 2490 883 2541 28 1741 752 658 610 418 1137 162 1346 1204 45 220 462 287 457 86 310 521 162 33 228 4 165 143 64 205 5 5 86 103 55 35 5 63 0 0 112 66 10 11 2 11 11 0 0 11 1 0 0 0
10 84 40 5 884 565 301 83 51 84 75 34 7 3 0 5798 4667 1550 5573 4705 1836 1524 611 96 1813 263 455 975 400 589 203 455 246 90 246 340 809 534 217 140 71 17 17 44 5 269 116 34 38 9 31 232 45 66 2 0 40 0 0 36 5 2 18 15 1 4 0 0 1 0 0 0 0
8 96 23 5 756 445 663 30 37 113 125 22 14 4 0 4816 3003 1415 3699 7845 2659 715 3249 18 1910 630 479 559 413 739 128 1485 817 32 203 452 307 733 119 321 334 42 14 114 3 239 98 51 85 28 5 164 56 59 21 0 56 0 0 58 21 3 10 8 11 11 0 0 2 0 0 0 0
10 108 41 4 902 744 610 90 55 135 92 28 13 2 0 5465 5104 2490 4715 7555 3631 2110 2604 116 2395 387 565 667 679 534 175 1525 566 76 319 449 602 905 271 400 296 23 14 102 4 240 96 77 29 27 20 288 42 79 19 0 72 0 0 74 13 0 25 14 2 11 0 0 0 0 0 0 0
12 108 56 10 872 817 586 133 65 117 205 75 18 11 1 5942 5763 2298 4114 6559 3571 2399 2817 179 1830 541 1312 744 627 1266 435 1448 1447 203 272 415 646 969 329 345 367 171 71 269 23 194 133 102 103 32 27 258 62 179 14 4 66 22 7 79 46 6 16 24 10 11 2 2 3 0 0 0 0
12 103 59 7 856 886 491 155 54 109 127 61 6 3 1 5865 6283 2640 4539 6270 3828 3087 1517 238 2056 291 999 764 721 955 389 857 632 210 367 438 501 807 339 258 84 34 23 170 13 248 40 42 35 24 23 261 46 108 1 0 64 20 9 9 4 2 18 10 4 1 4 0 0 0 0 0 0
7 85 18 3 730 364 590 21 29 129 64 13 12 1 0 4301 2513 1228 3787 7608 2301 527 3029 11 2315 202 248 473 428 392 110 1639 375 18 194 454 294 539 80 381 239 13 4 57 2 242 105 46 9 22 3 171 33 34 21 0 68 0 0 52 3 0 17 11 0 16 0 0 0 0 0 0 0
7 78 19 2 729 371 384 26 27 93 37 8 3 1 0 4765 2778 1472 4084 5707 1679 647 1072 19 1937 124 135 602 348 324 83 647 145 12 221 422 285 407 105 181 43 10 4 36 0 248 28 12 10 14 5 134 25 13 1 0 46 0 0 20 3 0 8 0 2 2 0 0 0 0 0 0 0
9 95 26 10 761 431 642 34 30 118 233 33 18 14 3 4722 3030 1368 3718 7438 2369 716 3155 21 1867 705 666 599 359 1416 153 1617 1746 41 176 447 252 566 81 360 383 185 34 295 1 172 169 47 233 23 6 149 97 79 13 4 65 86 7 105 45 8 10 4 18 8 15 7 6 1 1 2 0
8 83 21 7 795 358 399 24 28 89 139 24 14 6 2 4801 2877 1101 4678 6001 1527 514 1238 12 1872 614 428 747 286 972 148 660 595 28 165 388 361 384 78 195 233 51 16 91 2 226 155 46 94 9 4 135 76 41 18 0 43 55 5 67 13 2 8 11 15 14 8 5 0 0 2 0 0
14 125 83 8 1047 1268 691 274 76 140 175 85 15 4 1 5859 9092 3427 5393 8591 6105 5447 2920 555 2316 598 1629 841 1132 1093 467 1592 1174 378 548 518 762 1265 629 373 313 66 38 204 18 247 123 128 52 43 23 341 67 172 20 0 69 34 9 85 21 1 18 17 5 11 8 2 3 0 0 0 0
7 89 17 4 698 356 651 17 37 133 76 16 14 2 0 4021 2298 1232 3568 7868 2322 444 3269 6 2225 223 255 465 416 504 129 1795 416 19 121 410 310 765 96 456 273 8 6 78 3 199 104 45 43 36 5 193 33 43 29 0 70 0 0 57 11 1 18 12 6 9 0 0 1 0 0 0 0
8 95 23 5 724 451 659 30 31 135 124 22 14 4 0 4346 2931 1449 3336 8123 2732 752 3093 18 2192 583 480 422 541 743 131 1741 794 32 176 443 254 626 96 431 343 41 14 136 3 207 93 49 93 34 5 133 63 52 25 0 69 0 0 89 25 3 10 8 6 13 0 0 1 0 0 0 0
8 74 24 4 755 380 314 34 34 91 66 20 2 2 0 4792 3125 1145 4586 5010 1407 720 840 24 1893 164 279 703 356 591 124 624 279 32 196 347 448 457 103 196 23 8 10 74 4 243 16 9 36 16 14 170 36 51 0 0 39 0 0 7 2 0 15 1 6 0 0 0 0 0 0 0 0
8 96 20 8 760 358 722 20 29 129 202 25 27 10 1 4300 2485 901 3628 8594 2268 433 3798 8 2109 904 508 523 374 1131 121 1796 1510 22 143 479 287 480 61 368 670 153 22 221 4 183 178 63 162 18 5 114 121 62 45 2 65 33 1 132 60 7 8 9 11 23 13 4 7 0 1 0 0
6 63 15 0 650 275 286 20 20 57 0 0 0 0 0 4549 2218 994 3961 4487 1125 482 777 15 1256 0 0 737 193 0 0 392 0 0 199 334 275 293 68 61 0 0 0 0 0 191 0 0 0 6 4 84 0 0 0 0 16 0 0 0 0 0 4 0 0 0 0 0 0 0 0 0 0
9 107 33 3 851 614 823 65 50 165 90 18 26 0 1 4533 4188 1488 4076 9602 4061 1474 4726 75 2563 518 500 476 748 355 41 2412 701 45 235 502 473 965 235 554 667 0 0 81 0 193 183 129 0 31 7 248 53 40 64 0 65 37 6 129 0 0 20 27 0 37 8 0 0 0 6 0 0
7 76 15 6 707 254 426 11 30 107 120 18 11 6 0 4231 1885 737 4263 5979 1235 213 1408 3 2134 401 296 594 250 835 132 895 616 9 99 349 361 475 38 258 166 69 13 106 5 235 133 29 74 20 5 170 48 66 12 1 69 0 0 70 10 4 19 10 8 4 0 0 3 0 0 0 0
10 85 40 5 851 588 338 84 41 71 89 32 3 4 0 5803 4900 1737 5331 5062 2072 1598 855 101 1552 259 513 980 364 689 211 466 401 81 300 343 542 514 219 90 31 42 21 57 4 255 56 15 43 12 13 185 34 57 0 1 27 0 0 21 5 2 6 4 5 0 0 0 0 0 0 0 0
7 78 18 3 661 334 531 21 37 112 50 13 5 1 0 4171 2349 1045 3310 6628 2064 486 2797 11 1891 117 192 533 384 359 117 1522 328 18 126 410 337 653 96 375 89 4 4 66 2 177 52 16 8 24 12 179 14 38 2 0 62 0 0 21 2 0 10 7 1 1 0 0 0 0 0 0 0
7 77 18 3 670 347 437 21 19 83 67 13 5 1 0 4599 2543 1295 3442 6158 1719 547 1506 11 1521 255 252 619 296 493 100 768 399 18 173 401 185 368 51 172 98 16 4 72 2 194 49 18 15 15 2 90 25 32 4 0 32 0 0 30 4 0 3 3 0 2 0 0 0 0 0 0 0
8 92 25 3 691 484 686 38 40 130 72 18 4 0 0 4547 3106 1599 3275 7436 3159 936 3902 28 1924 180 368 519 564 428 130 2086 565 39 210 393 275 880 148 444 86 0 0 109 3 183 39 22 0 54 8 193 22 64 2 0 76 0 0 18 0 0 13 2 0 0 0 0 0 0 0 0 0
8 95 24 4 783 454 654 36 26 122 129 17 15 2 1 4527 3256 1341 3803 8407 2660 862 3069 29 2121 827 509 554 451 641 60 1537 997 28 201 470 267 474 88 366 377 38 8 131 0 203 120 54 37 13 5 127 86 34 22 0 61 39 4 109 16 0 4 7 3 14 9 1 2 0 0 0 0
7 78 18 3 710 329 434 22 30 90 67 11 6 2 0 4369 2322 1118 4330 6139 1606 519 1470 13 1844 277 219 620 254 473 66 781 337 15 142 395 413 483 75 176 118 17 6 73 0 262 58 17 40 17 10 149 32 26 13 0 42 0 0 26 6 1 17 7 5 2 0 0 0 0 0 0 0
6 59 14 1 595 227 262 16 19 75 28 4 1 0 0 3816 1953 685 3644 4029 873 323 714 9 1609 150 98 544 216 212 15 530 152 6 109 262 228 244 56 185 27 0 0 55 0 168 2 4 0 7 2 89 21 14 0 0 59 0 0 1 0 0 7 0 0 0 0 0 0 0 0 0 0
5 51 9 1 543 147 239 7 19 47 17 3 1 0 0 3800 1243 446 3329 3919 589 140 691 2 1072 50 44 576 82 174 23 348 69 3 82 266 247 266 31 82 14 0 0 15 0 171 9 1 0 9 5 72 2 7 0 0 24 0 0 3 0 0 8 2 0 0 0 0 0 0 0 0 0
7 103 17 4 663 402 937 18 23 159 122 14 24 3 0 3847 2232 1461 2364 9826 3229 533 5777 8 2166 720 387 268 537 564 82 2814 951 16 147 493 151 572 55 588 688 37 8 149 1 150 118 74 66 22 3 101 72 34 69 0 80 0 0 105 35 2 3 3 7 28 0 0 4 0 0 0 0
5 56 7 3 600 122 274 3 7 66 66 6 11 0 1 3686 1127 353 3753 4594 506 62 809 0 1553 309 124 496 111 492 26 455 301 3 78 289 87 92 9 136 179 0 0 42 0 205 138 20 0 1 0 29 42 8 8 0 33 25 2 62 0 0 1 2 0 9 8 0 0 0 1 0 0
7 60 18 3 651 269 263 22 17 55 51 11 3 2 0 4541 2454 812 4116 4164 1033 443 736 13 1176 66 167 719 174 456 62 417 267 15 150 320 236 230 47 82 40 14 6 54 0 205 40 10 29 4 4 85 24 21 0 0 24 0 0 11 4 1 3 1 3 0 0 0 0 0 0 0 0
6 79 14 1 670 310 497 16 32 79 17 4 2 0 0 4469 2039 1381 3829 6585 1650 439 1831 9 1528 12 57 680 223 130 46 799 103 6 187 404 323 646 94 138 30 0 0 17 0 237 12 7 0 27 7 125 4 11 1 0 25 0 0 4 0 0 13 1 0 0 0 0 0 0 0 0 0
8 92 22 6 752 381 620 29 29 117 167 19 19 7 1 4175 2747 1002 3957 8107 2113 619 2858 20 2127 864 467 565 377 947 64 1445 1197 22 133 445 274 484 85 301 444 119 19 170 0 224 169 48 108 17 5 98 100 43 34 2 59 36 2 120 36 2 9 7 11 18 8 3 6 0 1 0 0
7 90 15 6 723 280 618 14 20 132 170 14 25 5 2 4294 2052 821 3445 7798 1509 313 2718 6 2273 873 356 405 313 941 43 1555 1180 10 126 451 154 347 43 389 566 83 11 204 0 189 192 51 69 9 2 87 96 38 44 1 62 69 4 122 37 0 3 3 4 30 19 2 3 0 3 1 0
6 69 12 3 582 234 391 10 9 62 77 8 8 2 0 4335 1709 841 2902 5324 1165 255 1398 3 1200 436 194 560 182 509 45 593 441 7 128 352 78 162 21 118 171 24 4 58 0 146 56 19 42 3 0 27 52 10 5 0 27 0 0 37 10 1 0 1 2 3 0 0 1 0 0 0 0
5 66 8 2 635 172 391 5 17 100 42 4 8 1 0 3551 1275 694 3828 5932 879 132 1368 1 2081 169 73 468 191 280 36 805 213 2 94 371 236 272 24 270 152 9 2 28 0 238 70 13 14 10 3 119 19 11 14 0 67 0 0 28 8 0 15 3 1 2 0 0 0 0 0 0 0
9 83 35 1 808 566 418 77 40 97 12 7 3 0 0 5106 4586 1644 4804 6138 2591 1640 1452 105 1796 0 74 823 534 106 53 853 56 21 272 396 479 620 227 214 27 0 0 10 0 238 28 19 0 22 13 205 0 10 3 0 41 0 0 9 0 0 9 2 0 0 0 0 0 0 0 0 0
5 47 10 0 520 160 241 10 14 56 0 0 0 0 0 3371 1480 392 3316 3831 739 204 938 5 1137 0 0 594 148 0 0 537 0 0 77 259 189 211 36 132 0 0 0 0 0 135 0 0 0 7 2 68 0 0 0 0 28 0 0 0 0 0 4 0 0 0 0 0 0 0 0 0 0
6 62 13 2 610 241 304 13 16 66 33 6 2 1 0 4348 1835 847 3598 4482 1105 329 914 6 1320 84 84 654 195 284 47 549 133 6 152 356 220 248 39 150 26 5 3 28 0 213 13 6 23 4 3 92 31 15 0 0 25 0 0 7 0 0 4 0 0 0 0 0 1 0 0 0 0
6 49 15 0 551 207 176 20 19 41 0 0 0 0 0 4232 2023 534 3439 2874 661 365 418 15 863 0 0 716 137 0 0 252 0 0 119 225 216 207 49 52 0 0 0 0 0 130 0 0 0 6 9 62 0 0 0 0 7 0 0 0 0 0 3 0 0 0 0 0 0 0 0 0 0
6 55 15 0 619 227 212 20 24 78 0 0 0 0 0 3912 2111 605 3965 3661 754 376 476 15 1724 0 0 584 242 0 0 423 0 0 112 247 319 286 78 197 0 0 0 0 0 210 0 0 0 10 6 122 0 0 0 0 54 0 0 0 0 0 13 0 0 0 0 0 0 0 0 0 0
5 89 6 4 619 159 767 2 21 139 123 5 16 2 1 3578 881 862 2809 8455 957 71 4156 0 2187 688 98 346 147 614 47 2048 1071 1 89 430 146 481 10 433 423 46 2 176 0 201 103 17 33 47 1 97 61 41 21 0 70 32 1 86 15 0 15 2 4 10 9 1 1 0 1 0 0
9 95 31 5 739 498 658 59 33 121 156 15 20 10 0 4583 3583 1290 3533 7677 2700 1164 3344 71 1937 652 437 541 457 769 41 1675 1402 15 181 449 277 541 159 343 523 216 30 235 0 184 138 57 108 15 7 122 72 31 34 10 67 0 0 102 68 0 5 3 8 21 0 0 6 0 0 0 0
5 70 10 0 657 226 436 10 27 100 0 0 0 0 0 3807 1556 1005 3840 6456 1223 282 1658 5 2010 0 0 530 206 0 0 926 0 0 132 379 324 487 57 235 0 0 0 0 0 253 0 0 0 17 8 160 0 0 0 0 52 0 0 0 0 0 17 0 0 0 0 0 0 0 0 0 0
5 68 9 1 521 190 569 7 21 109 32 3 4 0 0 3302 1244 634 2304 6315 1287 174 3553 2 1674 82 85 347 247 173 14 1848 343 3 85 360 162 480 40 410 108 0 0 66 0 143 25 9 0 23 2 93 5 11 6 0 70 0 0 20 0 0 5 3 0 0 0 0 0 0 0 0 0
9 112 28 8 747 534 919 42 28 150 244 29 31 12 1 4341 3195 1618 2945 9724 3600 994 5175 33 2032 1204 790 414 511 1119 122 2384 2123 41 168 508 227 602 93 480 833 218 34 341 0 165 180 85 201 19 3 154 121 66 78 4 61 39 1 116 93 8 8 7 8 31 14 5 6 0 2 0 0
6 97 11 4 725 257 901 8 22 153 122 9 31 2 1 3597 1646 906 3172 10378 1925 218 5666 2 2365 601 247 364 304 517 41 2564 1045 6 121 564 202 496 35 473 815 36 4 123 0 190 242 59 27 18 2 105 48 23 94 0 57 34 2 131 25 0 10 11 1 41 12 1 1 0 5 0 0
5 89 7 3 703 170 775 4 21 135 98 3 23 3 0 3635 1059 738 3444 9410 1111 110 4374 1 2280 589 92 425 134 435 12 2004 821 0 90 516 235 400 26 383 636 57 3 86 0 209 158 20 50 15 4 120 57 6 51 1 65 0 0 118 26 0 13 3 3 28 0 0 10 0 0 0 0
6 66 13 2 594 236 459 13 13 107 60 6 4 1 0 3404 1887 755 3007 6192 1297 303 2392 6 1888 145 162 418 301 376 34 1366 589 6 125 357 118 282 30 367 93 25 3 121 0 158 47 10 6 15 0 70 15 18 2 0 65 0 0 27 4 0 7 2 0 1 0 0 0 0 0 0 0
6 96 7 8 660 174 891 1 13 150 216 9 32 7 3 3478 974 675 2743 9997 1418 37 5364 0 2175 968 221 311 211 1145 57 2543 1667 0 69 519 89 344 6 534 834 75 3 252 1 160 222 20 161 14 0 77 105 20 82 0 72 88 2 134 54 4 8 4 13 30 28 3 5 0 4 2 0
6 68 13 2 637 255 350 13 21 69 39 6 2 1 0 4401 1898 1016 3755 5083 1154 334 1094 6 1441 133 106 640 187 261 49 556 188 6 137 316 265 352 53 119 24 5 3 28 0 218 41 4 23 16 4 101 12 11 0 0 22 0 0 15 0 0 7 2 3 0 0 0 1 0 0 0 0
5 59 8 2 544 160 358 4 11 70 50 6 2 0 0 3489 1191 624 3208 5025 872 99 1385 0 1361 208 133 518 143 375 47 704 309 4 84 318 149 194 13 163 43 0 0 59 1 162 12 6 0 7 1 63 25 17 0 0 34 0 0 7 0 0 4 0 0 0 0 0 0 0 0 0 0
5 56 6 4 521 109 297 2 9 76 89 4 4 4 0 3293 841 378 3130 4200 500 41 948 0 1577 366 80 423 117 633 36 606 458 1 54 261 118 144 5 211 78 49 1 101 0 165 56 2 58 4 0 64 40 13 0 1 58 0 0 10 8 2 5 2 5 1 0 0 0 0 0 0 0
6 66 13 2 639 225 463 12 25 125 47 8 4 0 0 3467 1706 561 3861 6094 1391 256 2423 4 2172 90 164 472 319 312 47 1615 380 10 92 348 330 435 43 462 65 0 0 83 1 196 57 10 0 22 7 154 18 24 0 0 78 0 0 29 0 0 18 6 0 2 0 0 0 0 0 0 0
7 77 18 3 661 304 584 23 18 120 102 9 10 3 0 3914 2298 737 3546 6918 1863 477 3279 16 1904 458 289 530 330 476 28 1813 1032 9 127 407 236 310 52 410 273 76 9 166 0 180 99 24 38 5 2 107 39 17 8 1 68 0 0 83 14 0 7 6 0 10 0 0 3 0 0 0 0
5 81 6 4 611 142 647 2 14 102 120 4 17 4 0 3671 900 605 2906 7884 874 62 3234 0 1742 744 90 448 114 612 27 1413 920 1 76 452 117 294 8 283 434 68 1 126 0 191 132 12 77 9 2 51 73 11 24 1 51 0 0 85 30 2 2 3 8 14 0 0 3 0 0 0 0
5 58 6 4 548 120 292 4 9 72 76 0 9 6 0 3670 928 445 3036 4439 551 105 860 1 1578 296 0 448 128 609 0 564 303 0 68 274 90 149 15 169 131 47 0 55 0 167 80 0 97 4 1 52 43 0 13 4 57 0 0 41 23 0 3 0 7 3 0 0 2 0 0 0 0
6 57 13 2 555 222 249 13 12 48 37 6 1 1 0 4095 1814 793 3348 3741 881 293 650 6 1092 96 98 599 147 324 53 323 173 6 130 258 143 172 35 70 17 14 3 36 0 161 1 3 8 1 0 49 19 13 0 0 18 0 0 2 1 0 3 0 0 0 0 0 0 0 0 0 0
5 61 9 1 572 192 349 7 16 62 20 3 0 0 0 3917 1330 787 3604 4923 1010 191 1235 2 1292 82 52 612 138 185 33 579 79 3 118 327 213 291 34 97 0 0 0 15 0 188 0 0 0 8 2 83 14 8 0 0 24 0 0 0 0 0 6 0 0 0 0 0 0 0 0 0 0
5 89 5 5 729 124 697 1 20 126 128 4 32 4 1 3636 603 701 3974 9127 711 30 3298 0 2289 650 86 424 72 658 40 1642 829 0 61 513 262 414 4 349 680 53 2 93 0 235 338 14 76 20 2 100 42 11 57 0 55 30 0 149 23 1 13 11 3 32 8 2 14 0 4 0 0
6 84 10 5 719 192 615 7 19 131 140 7 25 5 1 3441 1515 566 3724 8567 1039 152 2869 2 2510 700 165 379 235 783 27 1515 1034 3 71 471 157 342 35 374 544 92 5 139 0 214 243 30 63 17 1 58 76 15 41 2 71 28 1 145 37 0 11 5 7 28 13 2 6 0 1 0 0
5 62 7 3 624 142 312 3 14 71 64 5 7 2 0 4047 1065 558 3950 4761 609 72 866 0 1555 286 87 585 108 445 42 526 297 2 124 356 177 216 18 106 112 22 2 46 0 244 90 9 35 5 0 72 47 15 2 0 30 0 0 38 7 1 7 3 2 3 0 0 1 0 0 0 0
5 43 9 1 455 140 169 7 6 34 18 3 1 0 0 3535 1271 450 2888 2640 499 147 441 2 763 41 50 542 98 153 19 208 92 3 91 198 87 66 14 58 17 0 0 16 0 114 5 3 0 1 0 21 4 4 0 0 4 0 0 1 0 0 0 0 0 0 0 0 0 0 0 0 0
5 80 6 4 602 165 696 1 20 129 95 6 10 3 0 3431 891 716 2874 7898 1333 37 4095 0 2064 431 115 340 216 587 77 2098 636 0 93 428 161 470 6 428 241 24 2 84 1 219 93 13 65 44 0 109 34 38 8 0 74 0 0 59 11 2 14 6 4 10 0 0 0 0 0 0 0
5 52 8 2 528 137 255 5 9 72 41 4 6 1 0 3416 1163 388 3208 3912 591 110 786 1 1595 161 75 478 149 333 18 564 183 2 66 248 128 123 14 165 97 8 2 37 0 167 48 11 17 1 1 55 21 7 12 0 54 0 0 35 6 0 3 1 1 3 0 0 0 0 0 0 0
5 59 7 3 488 119 447 3 10 87 77 5 10 2 0 3206 906 271 2181 5732 732 59 2434 0 1457 274 111 385 143 501 14 1271 613 2 36 347 84 189 9 309 220 28 2 100 0 132 78 13 31 8 1 33 28 10 9 0 53 0 0 60 15 1 1 2 4 5 0 0 0 0 0 0 0
5 59 8 2 458 142 439 5 10 85 68 4 3 1 0 3119 1023 405 1802 5502 806 108 2332 1 1399 316 121 319 143 417 13 1250 638 2 45 310 69 201 11 334 93 26 2 139 0 105 18 6 11 9 1 40 38 15 0 0 56 0 0 12 3 0 2 0 1 1 0 0 0 0 0 0 0
5 86 8 2 587 217 866 5 14 158 69 4 15 1 0 3015 1231 905 2328 9564 1857 167 5626 1 2175 375 125 273 318 282 23 2913 646 2 108 491 102 372 23 632 463 18 2 99 0 148 89 28 18 11 0 90 38 13 52 0 80 0 0 71 13 0 0 2 1 27 0 0 1 0 0 0 0
5 49 8 2 502 137 203 4 9 44 39 6 1 0 0 3750 1133 483 2982 3286 507 91 485 0 936 132 105 554 93 317 44 288 163 4 87 250 118 125 10 61 13 0 0 37 1 149 23 2 0 2 1 38 29 12 0 0 18 0 0 6 0 0 1 1 0 0 0 0 0 0 0 0 0
5 76 8 2 581 187 638 5 20 125 65 4 6 1 0 3460 1180 853 2837 7306 1140 142 3646 1 1955 188 104 394 200 334 33 1986 695 2 114 397 150 476 25 411 151 26 2 126 0 167 55 9 7 41 1 98 15 26 4 0 74 0 0 44 6 0 14 3 0 2 0 0 0 0 0 0 0
5 76 7 3 594 161 577 3 20 116 87 5 8 2 0 3579 992 747 2706 7268 961 84 2760 0 1888 396 116 395 155 541 35 1578 661 2 85 401 172 414 19 400 196 30 2 134 0 161 53 6 41 29 1 90 40 25 9 0 70 0 0 53 13 1 12 5 3 4 0 0 0 0 0 0 0
5 84 6 4 657 161 682 1 21 128 97 6 18 3 0 3564 904 825 3560 8511 1087 32 3400 0 2111 428 118 424 163 533 67 1739 625 0 78 430 211 466 9 407 408 25 2 102 1 207 162 18 64 29 0 111 43 26 42 0 69 0 0 92 23 2 12 11 5 10 0 0 1 0 0 0 0
5 67 7 3 573 127 526 4 9 110 107 3 8 3 0 3358 998 393 3039 6272 697 83 2955 1 1807 548 99 430 117 517 9 1691 1065 0 64 375 120 116 11 361 210 78 3 178 0 169 74 7 40 2 1 57 66 8 6 1 67 0 0 72 14 0 1 1 2 7 0 0 1 0 0 0 0
