19 213 121 50 913 2019 1632 375 136 116 1259 381 142 170 43 3403 7940 5522 2226 11585 12648 7524 9017 657 987 6172 8213 166 790 4014 1683 1989 9327 1137 424 377 606 2747 903 184 3774 2372 958 670 123 35 535 770 2660 141 26 239 405 835 299 140 6 1396 199 301 855 279 9 92 237 35 415 259 75 26 44 81 17
30 218 361 74 1025 4175 1101 2436 261 96 1347 1224 139 352 48 3567 17372 9179 3165 8181 17109 35466 4411 10551 946 4146 18822 167 1292 4444 4641 1197 8058 9234 849 338 1701 3487 3945 123 2677 4249 4470 669 488 38 740 1598 3791 135 226 403 297 1723 164 630 5 1254 493 332 1264 832 15 281 249 29 306 545 151 49 47 97 16
26 219 266 59 983 3535 1344 1521 185 118 1294 784 138 253 42 3684 14366 8511 2612 9836 17805 25359 6414 5610 1091 4847 14936 127 1442 4248 3071 1652 8949 4748 743 368 990 2895 2419 166 3233 3522 2664 757 201 40 533 1376 3124 121 98 328 388 1178 238 383 9 1198 355 325 1152 477 13 121 231 36 382 385 76 29 43 83 15
41 232 709 111 738 6770 903 7077 324 53 1590 2905 136 610 68 2177 19616 12796 1288 4795 22652 88080 2943 46538 345 4368 36554 73 1228 4086 9923 438 6959 34252 911 183 1115 3722 7753 45 2303 5310 13073 412 1796 11 347 2738 5929 110 323 296 316 2944 132 1197 1 1441 1228 144 1615 1973 7 261 354 13 379 926 94 94 41 171 22
29 244 335 71 879 4512 1408 2150 270 78 1474 1156 153 283 65 2682 14788 11864 1822 8538 21395 36319 6605 8765 611 5718 20679 74 1140 4011 4866 1069 9551 8395 793 268 1057 4203 4101 74 3509 3566 3721 535 454 15 445 1901 3706 133 182 257 375 1846 250 329 0 1823 761 216 1219 597 8 209 288 10 497 531 91 28 41 141 29
35 226 493 102 702 5214 1077 3877 257 60 1698 2049 129 540 79 2311 15230 10766 1223 5754 20766 52248 4291 19567 406 5199 29758 53 1150 4511 7305 735 9200 18114 609 181 647 3576 4721 53 2556 5510 8653 537 1153 6 320 1979 5980 121 174 181 323 2406 139 915 0 1898 1083 148 1412 1615 6 176 398 6 433 943 82 95 31 193 29
30 218 369 66 1088 4292 1044 2607 260 115 1254 1103 128 305 45 4140 18830 9743 3594 8183 16300 38427 4111 12177 1232 3839 17851 214 1614 4291 4102 1341 7694 8512 923 356 1798 3303 4124 164 2461 3966 4102 756 331 59 709 1531 3211 106 225 485 354 1628 153 555 6 1203 499 378 1118 633 17 265 198 34 285 466 125 20 45 95 15
23 204 203 50 1014 2761 1325 976 162 132 1153 578 125 179 38 4253 12694 6317 3190 10356 14413 16214 6917 2957 1419 4448 11522 196 1300 4150 2121 1923 8368 2914 603 441 863 2648 1761 270 3063 2617 1671 764 158 73 523 1075 2314 100 61 379 385 974 229 193 8 1179 303 337 829 293 11 114 168 51 323 263 88 18 36 73 12
14 184 65 26 1158 1306 1240 142 116 164 674 151 90 52 19 4797 6446 5266 5865 12081 7033 3486 5680 162 2959 3502 3313 429 699 2626 985 1846 4484 334 510 585 1065 2101 542 419 2088 731 221 427 42 219 670 362 865 77 43 446 339 443 130 25 34 622 75 368 301 42 37 80 67 59 163 74 51 2 24 18 6
13 167 60 18 1046 1137 1352 137 108 191 497 107 77 35 7 4510 6011 3456 4792 12526 7639 3108 8280 172 2902 2568 2522 351 899 2002 476 2932 3995 254 307 602 918 2020 510 545 2062 504 157 394 17 216 443 324 625 90 52 450 213 289 164 17 55 251 26 327 235 37 46 73 48 65 95 28 39 0 14 6 1
21 181 185 25 1337 2500 943 933 220 188 536 327 72 62 8 6345 14881 6000 7417 9399 10945 15667 3867 3060 3145 1805 6018 667 1684 2437 1324 1817 3440 1905 809 524 2505 2667 2236 477 1386 867 685 508 76 249 535 638 718 92 270 960 210 694 119 59 56 215 73 344 340 66 73 182 39 59 86 51 37 1 16 8 1
13 169 54 24 924 1012 1457 108 65 175 698 110 94 50 18 4368 5033 2851 3179 12707 7222 2391 9165 120 2244 3719 2866 220 791 2697 420 3020 5709 201 257 602 377 1320 277 508 2705 789 172 621 8 122 426 338 844 40 18 204 337 242 224 26 34 631 59 360 328 44 5 34 58 57 221 57 16 3 27 18 7
16 156 100 20 1066 1550 1060 340 102 175 484 166 51 48 6 5378 9337 4083 5183 10419 8493 6647 5818 714 2870 1715 3380 542 1236 2277 796 2381 4008 604 502 567 798 1797 802 546 1244 787 314 529 25 262 388 300 637 102 37 437 143 350 77 42 69 209 29 277 243 49 32 51 41 41 46 37 22 1 10 4 1
10 153 33 12 989 723 1358 51 65 183 376 50 74 11 8 4358 3884 2233 4851 13400 5422 1314 7967 40 2915 2492 1437 401 613 1403 176 2933 2839 79 270 634 569 1361 206 588 2068 146 39 254 1 181 452 267 212 82 17 259 212 131 184 0 44 299 30 349 78 6 22 35 39 64 91 8 23 0 25 5 2
13 141 60 18 1034 968 977 139 72 163 460 106 60 31 10 5168 6348 2317 5604 10260 5562 2680 5011 180 2903 2137 2378 530 843 2174 370 2092 3258 259 296 553 652 1203 374 517 1425 449 139 405 11 230 468 279 486 45 19 276 236 221 93 13 53 315 44 306 157 26 14 44 40 49 105 36 12 2 17 0 5
12 158 54 12 1103 1023 1255 127 117 198 365 70 58 19 4 5242 5444 3146 5528 11982 6699 2883 7627 175 3101 2038 1903 521 740 1297 288 2858 3174 173 356 590 1306 1989 462 576 1545 335 90 314 2 252 409 209 326 79 91 566 179 188 120 7 62 148 18 326 129 15 60 93 25 56 44 12 36 0 11 3 0
11 139 44 11 1033 844 1064 88 87 176 274 57 49 18 2 4964 4845 2500 6050 11022 5570 2063 5787 98 3099 1367 1235 605 667 1229 309 2360 1988 116 293 590 1011 1470 339 572 1208 216 74 223 4 259 367 181 318 90 53 465 103 139 112 6 71 62 6 243 120 17 35 52 20 46 29 8 22 0 5 1 0
11 118 43 12 971 687 847 82 60 161 281 62 46 17 4 5049 4721 1391 5963 9250 4273 1570 4617 86 2955 1135 1268 599 671 1426 266 2153 1943 119 215 544 771 937 235 518 1045 229 64 254 13 263 407 173 217 37 27 308 109 112 99 10 68 128 16 251 98 9 26 39 19 37 41 12 15 0 11 0 1
12 133 55 11 1084 956 867 134 81 175 257 64 44 20 2 5488 6281 2655 6720 9621 5460 2912 4171 195 3475 1123 1381 663 842 1295 247 1857 1601 160 366 514 896 1341 423 565 881 185 96 215 1 283 448 205 345 69 33 444 123 154 58 10 68 66 11 238 106 11 40 35 30 53 11 5 34 5 5 1 0
9 151 22 14 875 521 1670 19 38 188 427 41 92 15 9 3628 2570 1233 3216 15458 5195 532 12104 6 2370 2540 1071 230 525 1649 211 3848 3623 26 158 723 310 926 75 522 2844 232 34 332 13 116 459 216 279 55 4 128 217 92 331 4 40 311 19 365 137 3 14 23 20 63 142 11 21 0 28 8 2
10 151 33 12 954 727 1382 47 68 191 378 55 59 13 5 4174 3843 2635 4089 13666 5329 1212 8916 31 2848 2048 1460 355 613 1521 332 3198 3379 79 263 644 514 1484 184 597 1750 249 44 348 14 243 350 191 208 99 12 305 191 202 149 3 59 183 19 281 108 9 30 47 19 56 72 8 9 0 12 2 1
13 149 63 15 923 1092 1250 160 67 188 430 91 66 31 4 4499 6145 2833 4027 11718 7417 3355 7857 246 2835 1864 2226 340 1063 1796 407 3133 3993 221 291 574 475 1330 396 668 1832 607 149 482 16 178 362 310 409 42 11 239 166 191 172 25 58 132 15 308 250 21 18 33 30 64 58 19 21 0 11 3 0
9 123 29 7 948 602 915 45 51 165 200 31 40 6 2 4902 3678 2284 5459 10215 3661 1132 4879 36 3114 959 786 563 533 912 165 2188 1535 52 267 568 567 883 169 529 961 99 22 193 2 274 321 135 79 45 11 267 104 88 95 0 68 65 7 209 59 2 18 22 9 41 21 5 14 0 5 0 0
18 148 135 18 1125 1768 958 578 111 178 442 191 42 44 3 6081 12030 3826 5702 9194 9284 9389 5795 1613 2511 1192 4104 715 1525 2088 733 2741 4039 892 603 534 1094 1684 1100 671 1037 791 390 642 30 218 302 319 509 55 50 460 146 375 66 44 78 87 22 257 218 47 28 50 26 43 29 21 25 0 2 1 0
8 84 23 5 860 388 365 30 43 106 92 22 11 4 0 5340 3186 1247 6015 5359 1428 621 987 18 2643 355 340 746 324 636 142 583 394 32 210 376 527 525 127 239 164 32 14 70 3 330 149 36 59 20 13 230 68 63 2 0 64 0 0 60 14 3 19 10 6 10 0 0 3 0 0 0 0
6 126 8 7 781 234 1327 4 22 181 248 6 52 8 2 3523 1146 1258 3292 13277 1853 138 9103 1 2916 1741 189 277 228 935 38 3150 2232 0 120 655 163 551 27 610 1623 145 6 201 0 226 302 34 162 21 1 105 148 22 167 2 68 71 0 253 89 1 10 6 14 49 35 4 10 0 8 1 0
16 144 108 12 1059 1599 865 410 107 159 269 133 39 16 1 6390 10213 3956 5665 8959 8247 7773 4102 978 2885 971 2638 783 1382 1274 625 1777 1866 632 507 583 964 1769 866 533 835 227 148 257 26 273 336 336 227 68 77 410 84 234 61 6 78 31 10 206 87 16 32 61 22 33 10 3 23 1 2 0 0
7 113 16 5 768 371 1116 16 36 164 167 13 34 6 0 3956 2093 1345 3708 11330 2906 436 7877 7 2512 830 390 451 355 684 58 3067 1656 12 148 603 304 842 70 611 970 106 10 186 0 234 208 61 104 59 7 175 78 41 102 2 72 0 0 180 70 4 14 13 9 30 0 0 13 0 0 0 0
5 91 10 0 726 264 940 10 50 177 0 0 0 0 0 3453 1360 1018 4211 9661 2418 306 7348 5 2896 0 0 423 270 0 0 3268 0 0 130 480 472 1154 90 732 0 0 0 0 0 293 0 0 0 94 20 340 0 0 0 0 96 0 0 0 0 0 49 0 0 0 0 0 0 0 0 0 0
22 179 211 20 1183 2793 1232 1199 169 197 488 288 70 47 6 5863 16366 5437 5175 10389 16703 20070 7693 4584 2498 1764 6371 526 2400 1903 923 3164 4224 1904 742 584 1456 2703 2259 631 1788 710 600 531 27 178 421 808 634 77 113 631 169 466 150 37 45 204 72 367 269 55 35 119 37 69 59 30 41 1 21 4 1
8 102 21 7 819 385 881 26 26 147 215 19 31 10 1 4299 2693 1076 4487 9615 2662 555 6032 17 2506 892 532 562 364 1095 79 2398 2065 18 164 542 324 409 65 542 879 197 22 268 0 257 223 64 130 10 6 151 97 43 66 4 63 34 1 178 79 4 6 7 7 28 15 4 9 0 1 0 0
9 141 26 10 877 561 1428 35 43 203 349 32 66 13 4 3767 3158 1492 3609 13891 4632 865 9844 24 2822 2131 1006 258 604 1225 79 3784 3330 38 178 676 307 913 125 691 2053 268 35 329 0 166 396 171 226 49 5 178 176 90 199 3 48 155 8 341 125 5 16 22 13 70 62 12 14 0 18 0 1
12 126 55 11 973 939 865 130 58 141 263 73 34 14 3 5717 6336 2450 5333 9199 5777 2779 4504 177 2569 1329 1571 748 864 1364 374 1867 1697 192 349 564 580 960 337 494 887 162 71 228 13 242 231 205 237 28 14 225 149 136 69 7 70 99 18 160 56 10 7 19 20 30 34 5 7 0 4 2 0
10 87 41 4 850 610 428 91 36 101 87 26 7 3 0 5523 5143 1562 5694 5756 2628 1762 1705 120 2153 365 515 837 560 554 127 1023 565 70 288 423 436 501 204 283 130 35 17 96 1 273 98 39 50 14 7 166 42 43 0 0 65 0 0 59 8 2 8 7 5 6 0 0 1 0 0 0 0
10 140 36 9 936 741 1289 68 55 192 291 34 59 16 2 4388 4249 2336 4197 12892 5515 1693 8537 76 2981 1403 1002 345 757 1147 132 3150 2772 56 250 638 483 1159 228 628 1661 315 47 283 0 213 376 183 220 61 22 250 144 65 186 13 65 67 5 272 169 5 25 16 24 58 30 7 25 0 8 1 0
5 105 2 8 789 62 937 0 12 157 248 1 43 4 5 3414 280 438 4652 11241 432 0 4923 0 3154 1699 26 375 34 1010 9 2014 1773 0 30 592 98 316 0 496 1059 48 0 150 0 260 474 5 105 23 0 56 157 8 61 0 64 184 0 292 19 0 7 2 15 41 46 2 9 0 13 2 1
8 92 25 3 820 467 570 39 45 113 69 16 9 1 0 4928 3321 1575 5372 7348 2564 900 2468 32 2382 297 333 774 424 425 104 1270 404 31 217 434 524 776 168 316 166 6 5 59 2 281 100 35 22 35 12 208 30 30 5 0 69 0 0 44 3 0 21 14 7 7 0 0 1 0 0 0 0
6 91 11 4 760 255 720 8 21 136 116 8 21 4 0 3960 1567 1113 4783 8487 1670 235 3935 2 2644 602 206 553 209 516 55 1790 954 5 114 477 326 402 26 494 506 66 5 148 0 255 217 30 78 8 5 148 69 15 26 1 75 0 0 117 29 2 7 9 2 22 0 0 8 0 0 0 0
6 96 10 5 765 224 828 6 27 143 144 9 29 4 1 3685 1397 826 4940 9673 1513 149 4715 1 2680 723 226 488 207 603 52 2088 1174 4 102 511 279 564 35 504 697 66 6 139 0 267 329 38 62 36 2 110 60 31 60 0 73 32 1 175 29 1 13 9 7 29 9 2 11 0 3 0 0
10 102 43 2 989 732 596 104 69 140 38 16 5 0 0 5534 5596 2008 6564 7703 3834 2266 2651 155 2970 137 266 797 695 265 106 1413 227 54 355 547 873 1101 376 378 102 0 0 43 1 367 69 28 0 48 38 376 16 38 2 0 88 0 0 38 0 0 46 12 0 8 0 0 0 0 0 0 0
13 134 67 11 988 1099 986 185 69 166 301 82 35 18 1 5641 7073 3004 5127 9700 6685 3770 6197 304 2523 1134 1932 717 1008 1385 377 2632 2814 261 430 544 638 1178 458 571 921 338 103 380 9 243 220 189 287 33 20 309 150 158 84 9 70 35 4 213 124 19 14 26 18 27 14 6 13 0 2 0 0
7 99 16 5 752 329 869 16 37 154 163 14 14 4 1 4063 2140 1143 3987 9094 2181 393 5969 7 2557 750 398 484 315 780 64 2610 1714 13 126 443 319 800 71 610 361 78 10 239 0 254 126 26 66 64 8 207 69 54 15 0 75 39 2 105 19 1 20 10 15 9 7 2 1 0 2 0 0
8 74 27 1 793 445 368 50 28 64 17 6 0 0 0 5419 3768 1378 5607 5306 2132 1098 1396 55 1494 38 96 1005 283 142 51 480 82 15 306 442 439 342 135 100 0 0 0 12 0 259 0 0 0 10 9 143 4 6 0 0 17 0 0 0 0 0 5 0 0 0 0 0 0 0 0 0 0
8 102 24 4 790 452 871 35 47 148 136 18 16 3 0 4415 3041 1363 4185 9253 3006 764 6006 27 2478 514 505 560 432 657 84 2546 1515 27 176 488 412 941 133 583 447 88 12 220 3 244 110 55 26 74 9 217 56 89 20 1 88 0 0 107 20 0 25 15 0 5 0 0 3 0 0 0 0
7 83 18 3 820 324 543 21 38 111 76 13 11 1 0 4791 2413 976 5737 6921 1807 446 2660 11 2400 256 278 813 239 429 75 1155 575 18 201 494 525 576 84 323 222 20 4 73 2 319 131 36 8 29 12 227 37 47 10 0 57 0 0 63 5 0 23 10 1 9 0 0 2 0 0 0 0
6 80 11 4 701 212 574 8 22 116 102 8 21 4 0 4122 1473 674 4440 7197 1278 187 2849 2 2347 425 188 566 201 583 38 1372 715 5 118 489 240 333 24 412 448 53 5 90 0 265 202 26 65 14 7 122 44 11 34 1 55 0 0 119 34 2 3 12 2 21 0 0 6 0 0 0 0
5 100 4 6 715 108 971 1 13 147 196 2 35 5 2 3579 569 590 3944 10717 749 32 5760 0 2558 1158 50 419 58 831 24 2292 1635 0 81 589 122 326 6 514 972 97 1 214 0 239 268 4 88 17 0 50 139 14 84 1 70 66 0 190 40 0 7 2 6 31 29 2 9 0 4 1 0
8 106 22 6 742 434 1041 28 34 165 186 20 27 8 0 4011 2697 1005 3606 10248 3656 663 7591 18 2533 827 556 437 551 893 66 3122 1788 22 149 544 242 787 86 651 790 126 22 214 1 237 168 78 140 51 5 160 84 60 82 2 74 0 0 158 62 4 8 6 23 28 0 0 8 1 0 0 0
8 81 25 3 746 395 552 39 36 134 86 16 7 1 0 4286 3118 921 4925 6462 2311 734 3027 32 2468 307 401 614 470 452 71 1814 781 31 167 377 397 560 123 550 150 27 5 156 2 237 101 26 9 28 8 199 32 47 3 0 83 0 0 59 5 0 23 11 0 4 0 0 0 0 0 0 0
9 92 35 1 793 630 572 77 40 110 18 7 4 0 0 5236 4540 1966 4957 6813 3620 1835 2725 105 2134 64 113 752 628 116 51 1370 73 21 295 485 390 750 230 397 63 0 0 8 0 250 42 26 0 30 11 209 8 13 5 0 57 0 0 9 0 0 12 2 0 1 0 0 0 0 0 0 0
6 75 13 2 737 271 418 13 23 91 46 6 6 1 0 4438 2054 1111 5241 5947 1350 339 1395 6 2112 224 126 761 235 299 46 752 223 6 177 389 304 376 60 216 109 8 3 36 0 263 79 16 20 10 4 131 24 12 6 0 42 0 0 33 4 0 6 2 3 4 0 0 1 0 0 0 0
7 116 17 4 845 405 1116 19 40 187 145 13 33 2 1 3900 2366 1402 4410 11764 3173 522 7738 10 3039 985 429 369 435 468 44 3166 1418 15 161 626 406 865 102 674 1004 47 6 139 0 279 251 83 38 33 4 231 93 32 85 0 71 38 3 183 24 0 20 24 3 47 13 1 3 0 5 0 0
6 100 10 5 719 228 996 7 16 158 184 7 28 5 1 3522 1473 810 3494 10701 1669 182 6936 2 2580 1070 230 364 249 768 28 2880 1959 3 106 611 129 336 33 588 862 127 5 219 0 241 222 32 72 15 0 72 92 14 62 2 76 42 1 184 46 0 3 2 6 30 12 2 7 0 2 0 0
7 97 17 4 841 346 731 19 41 170 102 12 26 4 0 4228 2246 1045 5364 8541 2292 464 3990 10 3293 498 284 507 376 457 40 2154 692 12 139 494 518 672 91 616 584 39 12 85 0 277 256 60 90 22 12 284 45 22 51 0 85 0 0 143 24 0 27 18 6 39 0 0 14 1 0 0 0
6 112 12 3 814 344 984 9 49 154 86 10 16 1 0 3950 1712 1951 4521 11227 2486 316 5244 2 3030 544 234 533 252 410 108 2000 619 8 200 641 420 1221 77 528 396 12 3 56 2 280 135 31 26 69 10 262 41 43 30 0 74 0 0 94 9 0 38 20 4 15 0 0 2 0 0 0 0
9 90 32 4 819 527 576 59 38 136 97 22 10 3 0 4573 4073 1325 5229 7467 2963 1252 2630 62 2828 357 453 598 571 616 118 1485 723 45 212 457 426 621 154 464 235 57 15 142 3 299 89 39 40 20 11 236 54 52 13 1 82 0 0 65 18 0 22 13 1 15 0 0 0 0 0 0 0
6 111 13 2 700 363 1280 13 35 195 78 6 22 1 0 3209 1902 1301 3066 12206 3661 430 10034 6 2677 664 216 314 522 227 17 4214 720 6 150 574 226 973 85 864 748 14 3 64 0 180 110 59 22 65 4 165 50 18 84 0 85 0 0 134 14 0 10 7 7 35 0 0 4 0 0 0 0
8 97 22 6 792 412 698 25 38 132 157 27 17 3 1 4437 2843 1190 4568 8394 2522 568 3548 10 2662 772 598 559 425 854 155 1655 1139 38 135 482 400 690 89 432 417 48 9 142 6 275 156 54 56 36 9 163 92 72 23 0 75 39 4 118 14 2 20 15 7 18 7 1 3 0 2 0 0
8 136 19 9 762 465 1473 20 36 192 301 20 57 14 2 3593 2417 1514 2680 13572 4190 589 10557 10 2634 1799 573 238 492 1142 89 3722 2818 16 135 632 154 957 91 719 1824 247 22 331 0 176 256 105 266 72 4 138 150 61 189 6 66 75 1 247 142 7 11 8 21 57 39 7 15 0 6 1 0
5 69 9 1 693 187 468 7 29 123 25 3 3 0 0 3660 1301 616 4785 6373 1126 178 2053 2 2736 106 60 535 185 157 20 1245 147 3 102 398 379 499 39 425 52 0 0 27 0 294 45 6 0 23 9 199 20 15 1 0 82 0 0 23 0 0 27 3 0 2 0 0 0 0 0 0 0
7 51 18 3 654 233 135 22 13 35 41 11 3 2 0 4658 2426 617 5321 2511 577 384 188 13 978 104 137 932 117 440 63 111 103 15 140 214 256 102 39 41 26 13 6 27 0 171 69 9 20 1 3 51 32 13 0 0 5 0 0 13 5 1 0 1 2 1 0 0 0 0 0 0 0
7 98 16 5 672 371 1004 14 20 154 135 17 21 4 0 3736 2259 1050 3049 9880 3470 420 7785 4 2337 691 397 348 522 687 116 3083 1194 15 126 549 118 537 47 629 629 44 10 138 3 211 130 61 98 20 0 90 63 35 77 0 74 0 0 122 37 3 5 3 10 21 0 0 2 0 0 0 0
9 96 31 5 763 498 896 59 25 148 178 15 21 10 0 4316 3720 1038 3959 9269 3741 1205 6499 71 2307 548 487 509 540 850 28 2726 2130 15 191 531 257 500 102 615 625 269 30 326 0 236 108 58 88 11 3 151 78 47 75 10 77 0 0 115 78 0 7 5 4 19 0 0 3 0 0 0 0
8 84 27 1 743 482 587 50 37 92 26 6 3 0 0 4737 3550 1531 4737 7036 3054 1150 3145 55 1856 20 140 762 412 148 33 1224 267 15 224 468 391 696 170 326 50 0 0 33 0 230 49 15 0 20 10 137 5 16 1 0 50 0 0 28 0 0 15 3 0 2 0 0 0 0 0 0 0
8 72 26 2 752 413 337 44 25 58 33 12 4 0 0 5186 3533 1260 5371 5046 1745 921 1180 41 1462 70 183 918 263 269 84 400 171 28 229 416 377 361 115 103 60 0 0 17 1 216 61 20 0 8 4 109 4 15 3 0 26 0 0 11 0 0 3 4 0 0 0 0 0 0 0 0 0
7 79 17 4 721 311 540 21 26 94 99 8 6 6 0 4171 2371 903 4743 7045 1892 478 2564 15 1991 458 179 663 318 658 57 1200 657 4 124 417 313 466 77 279 151 85 12 63 0 237 84 12 93 31 8 103 56 19 6 4 65 0 0 40 16 0 16 0 9 4 0 0 1 0 0 0 0
7 99 18 3 671 407 1023 22 19 163 111 11 19 2 0 3690 2446 1291 3007 10156 3729 625 7767 13 2377 616 383 333 563 466 38 3237 1161 15 146 577 138 484 55 691 596 35 6 157 0 211 101 60 45 11 2 103 68 24 73 0 74 0 0 105 27 1 3 2 3 22 0 0 3 0 0 0 0
5 75 8 2 593 173 637 5 19 121 71 4 9 1 0 3541 1202 552 3136 7293 1119 129 3696 1 2161 369 119 410 179 339 10 1864 670 2 90 456 161 386 22 512 267 23 2 136 0 191 49 15 16 32 2 82 50 23 21 0 77 0 0 49 9 0 12 3 0 7 0 0 0 0 0 0 0
6 77 13 2 564 262 760 13 14 125 83 6 6 1 0 3507 1696 744 2730 7501 2121 326 5910 6 1892 396 229 405 311 381 19 2523 1069 6 97 406 148 354 28 596 224 32 3 181 0 173 25 17 13 7 2 86 41 20 9 0 69 0 0 35 6 0 5 1 0 1 0 0 0 0 0 0 0
5 74 7 3 605 134 704 4 13 125 108 3 14 3 0 3257 923 519 3557 7694 773 82 5334 1 2135 322 96 449 104 525 20 2289 1345 0 71 431 181 231 13 528 413 86 3 192 0 230 115 10 22 6 1 85 31 12 21 1 74 0 0 91 22 0 8 4 0 6 0 0 3 0 0 0 0
5 57 10 0 586 190 319 10 19 74 0 0 0 0 0 3674 1502 658 4186 4527 979 237 1157 5 1711 0 0 637 186 0 0 684 0 0 119 328 252 275 48 205 0 0 0 0 0 211 0 0 0 11 3 100 0 0 0 0 39 0 0 0 0 0 5 0 0 0 0 0 0 0 0 0 0
6 88 13 2 747 306 674 12 36 117 50 8 6 0 0 4205 1822 1371 4895 8189 2058 348 3390 4 2341 196 172 680 242 288 78 1487 363 10 162 480 432 769 70 417 102 0 0 58 1 278 68 16 0 34 10 203 32 28 5 0 58 0 0 34 0 0 22 8 0 2 0 0 0 0 0 0 0
5 68 8 2 591 177 500 5 8 85 65 4 7 1 0 3488 1232 687 3839 6603 1130 145 2471 1 1848 392 121 532 136 379 19 1063 516 2 83 430 128 142 11 269 192 19 2 85 0 211 68 12 20 3 0 63 43 9 7 0 63 0 0 46 7 0 1 2 0 4 0 0 0 0 0 0 0
8 123 23 5 794 523 1297 31 42 172 176 21 39 3 1 4072 2909 1303 3557 12374 4870 840 9444 20 2566 1356 667 433 551 613 75 3312 1645 33 116 623 381 986 114 630 1228 61 9 143 1 228 211 135 77 41 9 210 104 41 134 0 71 38 4 202 25 2 13 28 7 36 17 1 7 0 5 0 0
6 84 14 1 706 303 743 16 30 153 33 4 12 0 0 3681 2087 765 4044 8461 2385 416 4594 9 2676 234 121 452 420 97 9 2386 251 6 132 478 311 617 74 633 328 0 0 25 0 234 89 41 0 22 7 178 18 11 45 0 81 0 0 68 0 0 16 7 0 21 0 0 0 0 0 0 0
5 93 7 3 682 182 1038 3 14 167 106 6 28 0 1 3253 1138 505 3301 10898 1811 84 8089 0 2692 686 198 301 254 364 17 3149 984 3 81 582 135 307 15 657 856 0 0 96 0 237 194 51 0 5 1 80 84 14 92 0 71 37 2 158 0 0 5 5 0 35 16 0 0 0 4 0 0
5 40 8 2 496 106 115 5 10 32 32 4 1 1 0 3681 1036 296 3853 2166 277 86 167 1 878 97 60 685 43 318 22 110 88 2 47 172 197 82 13 44 7 7 2 27 0 138 16 0 11 3 2 42 29 4 0 0 11 0 0 10 1 0 3 2 3 0 0 0 0 0 0 0 0
8 76 24 4 695 384 469 35 31 94 70 18 8 3 0 4900 2879 960 4099 5676 2262 711 2389 26 1904 212 295 731 379 488 110 1062 352 30 154 416 376 475 109 317 150 14 11 51 1 223 91 30 52 13 8 168 25 30 9 0 49 0 0 38 7 2 5 9 4 6 0 0 1 0 0 0 0
5 58 9 1 652 167 265 7 19 78 19 3 4 0 0 4003 1393 597 4791 4398 651 161 650 2 1931 66 44 635 132 167 17 476 69 3 116 340 281 251 33 198 51 0 0 24 0 242 45 11 0 14 3 115 12 13 5 0 50 0 0 25 0 0 7 1 0 1 0 0 0 0 0 0 0
7 49 20 1 617 232 153 30 21 32 18 5 1 0 0 4663 2444 514 4704 2582 631 440 339 25 841 53 84 884 119 132 21 144 79 10 118 228 382 185 71 33 13 0 0 9 0 161 21 3 0 5 8 55 12 6 0 0 5 0 0 5 0 0 2 2 0 0 0 0 0 0 0 0 0
8 67 28 0 721 417 263 56 26 54 0 0 0 0 0 5173 3766 1218 5347 3871 1518 1107 695 70 1378 0 0 913 273 0 0 321 0 0 222 299 371 309 144 90 0 0 0 0 0 201 0 0 0 7 4 95 0 0 0 0 15 0 0 0 0 0 5 0 0 0 0 0 0 0 0 0 0
5 114 4 6 749 123 1180 0 20 187 195 4 49 4 2 3158 542 726 3631 12517 988 0 7379 0 3221 1347 113 272 109 758 34 3022 1470 0 72 613 164 504 0 689 1370 52 0 153 0 216 334 23 86 45 0 97 112 20 149 0 64 72 1 235 36 2 20 6 14 57 27 1 14 0 9 1 0
6 76 15 0 710 320 598 20 30 104 0 0 0 0 0 3979 2136 1117 4988 7347 2370 562 3378 15 2057 0 0 717 288 0 0 1381 0 0 149 448 455 576 78 370 0 0 0 0 0 256 0 0 0 22 14 206 0 0 0 0 54 0 0 0 0 0 13 0 0 0 0 0 0 0 0 0 0
5 58 10 0 601 192 388 10 20 88 0 0 0 0 0 3279 1471 571 4523 5470 1194 249 1957 5 1905 0 0 546 207 0 0 1131 0 0 83 347 320 334 39 304 0 0 0 0 0 226 0 0 0 12 7 127 0 0 0 0 66 0 0 0 0 0 9 0 0 0 0 0 0 0 0 0 0
7 89 16 5 712 280 803 17 16 137 174 12 24 5 1 3822 2055 643 4129 8578 1924 343 5639 9 2320 802 378 499 282 790 28 2370 1873 10 89 467 237 236 35 536 693 139 10 243 0 222 177 52 49 3 3 98 84 20 43 2 69 37 2 155 37 0 4 4 4 18 13 2 4 0 2 0 0
5 69 8 2 648 185 454 5 14 83 47 4 8 1 0 3921 1247 832 4484 6231 1129 151 1900 1 1935 210 85 662 124 301 39 769 246 2 115 429 215 270 18 219 147 13 2 46 0 248 96 12 15 6 2 96 27 9 6 0 40 0 0 42 6 0 5 4 0 7 0 0 1 0 0 0 0
5 65 9 1 592 172 440 7 27 94 30 3 2 0 0 3394 1267 558 3707 6077 888 156 2032 2 1963 109 72 480 154 203 12 1128 250 3 50 329 304 483 40 306 51 0 0 60 0 222 17 5 0 43 7 115 16 18 1 0 68 0 0 9 0 0 19 1 0 0 0 0 0 0 0 0 0
5 34 10 0 442 122 82 10 7 20 0 0 0 0 0 3564 1347 280 3368 1529 266 165 108 5 588 0 0 607 59 0 0 49 0 0 89 132 111 60 18 16 0 0 0 0 0 100 0 0 0 1 1 21 0 0 0 0 4 0 0 0 0 0 0 0 0 0 0 0 0 0 0 0 0
5 63 8 2 623 141 490 5 15 118 59 4 11 1 0 3065 1130 388 4608 5981 853 100 2970 1 2268 147 106 490 172 302 12 1693 589 2 53 373 254 233 15 474 243 22 2 96 0 231 129 18 6 5 3 90 9 12 16 0 78 0 0 80 9 0 6 4 0 11 0 0 1 0 0 0 0
5 85 8 2 599 209 916 5 12 141 75 4 16 1 0 3100 1270 798 2892 9699 1841 159 7025 1 2229 379 139 320 260 314 18 2874 853 2 101 515 98 332 18 645 514 23 2 102 0 204 92 29 15 10 0 70 35 11 52 0 70 0 0 90 14 0 1 3 0 20 0 0 1 0 0 0 0
5 92 8 2 631 216 936 5 20 158 72 4 20 1 0 3110 1237 812 3374 9931 1877 155 6019 1 2704 559 135 331 279 246 11 2682 588 2 64 521 177 499 33 635 582 16 2 72 0 225 120 36 22 20 1 99 57 9 79 0 80 0 0 106 12 0 11 4 3 27 0 0 4 0 0 0 0
6 99 9 6 764 193 905 5 32 164 180 6 29 9 0 3573 1215 553 4333 10333 1411 122 5098 1 2969 928 162 427 169 839 10 2319 1489 0 58 526 306 675 31 606 744 128 9 171 0 257 273 21 173 53 5 162 77 18 50 2 83 0 0 176 51 0 32 8 30 39 0 0 18 3 0 0 0
5 70 8 2 557 167 710 5 11 124 77 4 7 1 0 3096 1198 505 3039 7507 1278 126 5650 1 1923 246 137 389 184 367 16 2493 1014 2 88 426 95 281 11 579 217 31 2 161 0 206 56 13 8 13 1 90 25 17 12 0 68 0 0 45 7 0 5 1 0 3 0 0 0 0 0 0 0
5 64 9 1 534 186 458 7 20 79 24 3 3 0 0 3345 1333 671 3368 5910 1117 174 2200 2 1798 55 62 442 176 178 22 899 174 3 80 323 152 434 40 283 55 0 0 39 0 203 33 7 0 24 2 62 8 10 2 0 47 0 0 17 0 0 10 2 0 1 0 0 0 0 0 0 0
6 59 14 1 580 248 314 16 17 46 13 4 0 0 0 4195 2059 826 3996 4435 1237 380 1241 9 1155 24 43 710 165 134 37 391 38 6 128 313 193 281 53 83 0 0 0 10 0 151 0 0 0 7 2 53 6 9 0 0 11 0 0 0 0 0 1 0 0 0 0 0 0 0 0 0 0
5 41 8 2 504 115 140 4 7 30 35 6 0 0 0 3675 1141 329 4072 2373 364 75 327 0 810 117 95 645 60 368 37 123 130 4 73 200 143 64 8 35 0 0 0 25 1 151 0 0 0 1 1 29 23 10 0 0 10 0 0 0 0 0 3 0 0 0 0 0 0 0 0 0 0
5 67 8 2 558 159 556 5 11 112 69 4 9 1 0 3237 1155 427 3560 6287 1058 120 3301 1 1988 339 124 448 186 307 9 1738 664 2 74 360 120 216 13 487 246 24 2 118 0 170 89 17 14 8 1 61 37 14 12 0 74 0 0 69 7 0 1 1 0 6 0 0 1 0 0 0 0
5 44 9 1 504 138 172 7 8 35 18 3 2 0 0 3662 1321 420 4087 2633 473 142 474 2 935 49 49 699 95 115 16 185 92 3 90 207 120 95 17 57 22 0 0 5 0 123 55 5 0 3 0 22 7 5 0 0 3 0 0 14 0 0 1 1 0 1 0 0 0 0 0 0 0
5 123 3 7 713 100 1577 0 13 207 234 1 66 7 2 2806 457 331 2600 15219 1154 0 12263 0 2777 1548 43 173 123 841 1 4441 2080 0 26 715 93 358 0 706 2076 82 0 177 0 143 344 11 158 34 0 60 133 1 286 0 56 76 0 302 74 0 12 1 17 71 38 2 19 2 12 1 0
5 50 9 1 515 158 259 7 14 65 14 3 0 0 0 3398 1381 481 3601 3780 775 159 907 2 1518 34 33 493 191 144 27 590 41 3 87 269 148 208 30 196 0 0 0 10 0 172 0 0 0 6 1 53 6 9 0 0 41 0 0 0 0 0 3 0 0 0 0 0 0 0 0 0 0
