32 236 397 99 743 4784 1148 2683 237 70 1782 1662 138 537 78 2167 13771 11705 1553 6177 18849 41412 4444 11392 544 6212 25353 72 1105 4411 7023 768 10042 12218 699 187 781 3476 3752 68 2745 6095 6806 582 896 18 381 1801 6454 101 126 252 341 2225 137 997 0 2013 851 195 1512 1571 6 137 402 12 448 871 79 114 28 218 26
31 224 385 80 972 4398 1094 2707 259 95 1536 1319 134 406 63 3078 17377 9521 2500 7671 16985 38639 4490 12457 874 5263 21641 198 1414 4819 4591 991 9215 9941 793 271 1424 3385 4153 102 2695 5090 5311 650 465 51 507 1609 4592 104 205 428 411 1967 166 775 3 1698 662 266 1358 949 24 192 286 22 419 684 106 37 32 159 25
13 170 54 24 1003 1013 1527 112 53 158 691 104 115 50 20 4390 5344 2661 3873 14434 7690 2496 10178 134 2083 3546 2814 340 739 2745 320 2807 5629 187 295 694 373 1133 252 384 3152 768 181 476 0 131 690 414 833 34 9 161 324 164 326 29 19 662 58 422 368 34 3 25 48 46 233 62 42 0 47 20 10
17 198 102 34 1144 1858 1331 304 144 144 778 265 122 88 23 4779 8504 6249 6274 11920 10534 6900 6170 503 2471 3690 5189 489 929 3120 1513 1715 4745 836 535 521 1257 2636 956 340 2677 1006 505 387 85 179 834 713 1406 127 65 467 283 604 225 67 21 678 118 395 507 114 19 116 94 44 204 106 79 4 44 35 7
26 215 259 66 974 3382 1303 1412 171 121 1385 845 133 290 53 3543 13932 8008 2671 9680 16786 23101 6492 4860 1215 5110 15330 151 1537 4677 3276 1617 9471 4872 675 401 878 2669 2175 186 3017 3765 2886 745 233 36 558 1282 3887 67 97 325 423 1146 249 406 5 1503 439 348 1137 606 14 103 215 21 387 458 71 48 47 123 19
31 236 389 76 884 4790 1328 2763 237 88 1504 1322 156 348 62 2810 16398 10902 1937 8311 22563 42993 6424 12801 672 5532 23051 102 1481 4326 4928 1205 9572 10337 825 310 895 3634 4042 88 3375 4108 4983 583 461 20 528 2224 4395 121 103 291 381 1791 227 503 1 1666 774 247 1299 829 5 179 274 14 492 552 99 44 44 157 24
42 245 757 104 762 7472 992 8018 390 72 1497 2827 148 572 63 2110 20692 14373 1459 5037 26449 103043 3236 56939 494 4262 35697 81 1822 3578 9817 619 6655 35440 1048 176 1380 4528 10242 74 2414 4823 12864 384 1439 16 427 3249 5781 153 404 480 291 3088 160 1202 0 1366 1175 200 1612 1757 16 315 302 17 360 850 126 69 44 174 21
22 186 190 41 1100 2574 1344 901 161 171 816 480 97 137 22 4695 13274 5026 4492 11162 16918 15435 8638 2694 2123 2661 8325 393 1865 3636 1916 2725 5526 2446 584 527 1242 2908 1763 483 2208 1497 1311 596 130 146 541 868 1897 117 116 587 251 714 215 140 26 630 177 367 580 204 32 111 112 56 163 147 61 23 32 39 4
31 244 392 73 840 5007 1365 2819 270 99 1455 1281 159 349 46 2869 15729 12180 1847 8141 23044 45704 6192 13238 873 5189 22159 132 1674 3931 5110 1188 9301 10258 741 287 920 4291 4649 129 3444 4221 4870 588 438 29 475 2149 4324 152 146 341 330 1994 283 594 2 1234 543 267 1502 872 17 185 262 33 391 487 117 50 50 101 14
24 194 236 40 1333 3061 994 1313 208 155 799 558 93 137 16 5544 16847 7269 7344 9899 13302 21608 3697 4744 2414 2617 9745 830 1697 3645 2408 1495 4687 3429 962 512 2522 2755 2325 362 1672 1725 1560 595 173 257 772 926 1512 103 237 707 277 969 120 179 40 442 152 394 582 234 34 192 106 52 112 124 81 3 24 26 2
15 191 80 25 1032 1518 1736 223 89 171 728 155 125 61 16 4019 7329 3874 3372 15493 11627 5151 11149 371 1987 4056 3904 283 1126 2542 664 2981 6206 431 402 650 587 1904 581 369 3675 1076 264 419 25 106 575 651 986 68 25 277 372 285 378 66 27 561 68 428 465 46 20 58 52 52 223 74 48 1 44 13 6
11 143 44 11 1138 865 973 84 104 178 267 64 45 16 1 5456 4787 3127 7425 11100 4909 1973 4353 87 3462 1152 1331 738 622 1284 452 1898 1720 122 403 565 1335 1833 353 568 916 204 73 205 19 346 432 164 235 102 56 514 117 227 74 7 72 26 5 221 108 14 60 75 14 49 7 3 24 0 1 0 0
19 179 141 30 1101 2085 1288 569 126 161 719 304 83 82 14 5211 11269 4959 4786 11556 12345 10529 7588 1419 2294 2671 6183 656 1414 3041 1223 2315 5969 1358 579 575 1005 2322 1171 435 2052 1286 636 532 65 216 524 621 1200 92 47 449 242 544 156 76 47 436 99 359 430 117 32 79 81 40 130 85 47 3 19 16 2
18 170 130 23 1148 1990 1232 511 117 178 512 248 77 51 6 5501 11798 4487 5554 11622 12318 9893 7544 1233 2643 1963 4770 600 1626 2255 1178 2723 4082 1128 608 620 988 2206 1064 517 1788 689 447 449 65 229 535 663 719 83 48 431 208 450 192 30 51 179 45 354 305 70 22 63 43 61 63 35 45 2 16 5 0
10 136 30 15 899 557 1357 39 41 182 451 48 67 27 6 3838 3258 1150 4001 13768 4748 820 9480 23 2664 2076 1277 395 598 2083 138 3296 4129 57 153 660 359 934 102 598 1894 460 56 420 3 202 415 145 461 45 6 181 198 101 209 11 61 201 11 319 207 24 9 20 43 51 77 17 24 1 13 7 0
10 163 33 12 956 748 1684 53 68 203 409 44 87 17 6 3874 3748 2265 3695 15809 6389 1390 11929 47 2676 2623 1366 274 676 1436 129 3830 3739 61 203 700 503 1622 223 608 2614 307 56 307 0 165 472 270 317 81 22 274 198 115 315 5 37 230 16 394 162 6 20 38 37 68 82 14 27 0 30 4 1
11 158 38 17 1022 815 1570 57 66 198 461 69 86 33 6 3866 4432 2041 4286 15334 7306 1443 11258 40 2645 2532 1633 322 785 1925 415 3666 3795 96 225 729 567 1497 218 586 2442 430 90 328 13 193 570 272 605 64 19 287 219 168 266 14 38 211 12 414 233 33 14 37 38 69 76 26 39 2 26 3 1
12 143 51 15 1050 905 1098 107 59 174 404 84 73 21 8 4917 5664 2297 5993 12007 5900 2282 5804 123 3086 1975 2049 558 804 1771 325 2306 2972 185 311 633 659 1056 270 587 1746 318 97 331 9 206 585 313 329 38 9 271 181 138 164 4 51 258 35 372 154 16 11 55 19 57 90 19 26 0 22 5 2
10 147 38 7 967 823 1509 74 74 202 238 38 57 6 2 4115 4632 2097 4240 14751 7312 1874 11255 81 2802 1527 1177 430 868 881 110 3897 2158 83 260 675 603 1751 309 705 1740 88 28 198 1 223 286 262 116 93 22 334 142 109 217 0 67 71 10 274 72 4 20 38 21 52 35 2 11 0 9 1 0
16 152 107 13 1168 1640 1074 402 117 185 326 134 40 24 0 6330 10726 3841 6088 10278 9743 7732 7090 953 2823 1212 2850 883 1472 1467 632 2620 3079 601 653 595 1217 1906 994 586 1054 433 192 378 24 324 267 296 337 64 74 546 141 291 100 20 69 0 0 225 174 30 39 42 23 38 0 0 24 0 0 0 0
8 125 21 7 853 465 1246 25 44 192 246 22 38 7 2 4088 2656 1217 4086 12318 3961 645 9164 14 2924 1704 721 428 531 955 53 3322 2317 25 158 622 415 989 111 711 1187 111 18 239 0 252 249 90 152 41 9 211 133 63 93 1 76 88 5 239 56 3 19 19 16 43 27 3 9 0 6 1 0
11 140 41 14 954 751 1178 76 50 169 425 59 62 23 7 4789 4585 2157 4511 11985 4884 1656 7658 81 2759 2017 1570 492 678 1845 213 2567 3895 95 251 655 407 988 186 550 1685 450 82 372 4 247 434 214 330 35 12 188 205 153 129 12 53 254 22 328 168 10 11 20 19 51 79 16 16 0 15 7 1
20 179 162 28 1029 2318 1359 738 114 167 687 311 84 80 11 5089 12324 4754 3791 11389 15136 13287 8909 2162 2187 2814 6814 503 1765 2811 1086 2608 5654 1545 525 614 686 2174 1252 497 2317 1160 740 602 41 192 377 754 1246 58 41 347 277 467 212 68 45 353 86 339 439 111 10 59 60 50 127 73 32 7 23 10 2
7 129 13 8 842 324 1238 9 34 180 256 17 63 4 5 3917 1742 1063 4165 13211 2614 266 7307 2 3034 1841 502 355 343 1017 48 2774 1818 10 119 628 253 802 51 644 1730 46 8 170 0 220 400 109 84 49 3 146 155 38 183 0 56 184 10 293 48 0 8 22 16 56 58 2 12 0 18 2 1
6 121 9 6 885 252 1087 5 46 192 173 8 44 5 2 3648 1109 1489 5115 12611 1777 178 5948 1 3639 1083 200 378 170 652 69 2556 1248 2 116 585 463 1034 32 676 1052 59 6 92 0 291 401 33 117 66 13 275 95 35 96 1 66 71 2 239 32 0 39 26 6 53 18 2 20 0 9 1 0
11 145 45 10 948 906 1338 96 52 182 326 50 57 17 2 4355 5248 2747 4279 13553 6735 2392 9249 119 2690 1618 1420 440 903 1292 216 3291 3283 109 306 674 397 1210 254 635 1682 367 61 301 3 226 349 233 263 46 7 215 162 118 189 13 70 73 7 297 163 10 7 20 15 45 30 7 20 0 9 1 0
16 139 106 14 1116 1495 831 392 103 169 304 141 40 26 1 6624 10330 3163 6613 8741 7878 7017 3993 910 2888 1206 2639 849 1327 1612 578 1861 2017 613 528 518 1149 1423 864 591 935 350 212 360 26 296 251 294 405 32 74 478 133 226 74 18 67 34 6 198 154 27 43 44 21 43 11 7 21 1 5 0 0
6 83 10 5 733 214 572 4 24 128 127 12 13 4 0 4107 1447 794 4546 7506 1277 101 2636 0 2654 641 259 524 216 771 93 1412 823 3 89 430 293 461 22 382 265 50 6 119 3 307 152 17 82 6 2 130 77 34 11 0 72 0 0 95 15 3 26 10 9 14 0 0 5 0 0 0 0
16 139 102 18 1216 1391 823 352 110 169 364 167 55 38 3 5961 10091 2945 7850 9690 7263 5892 3765 741 3067 1151 2965 841 1232 2056 731 1889 2306 655 446 575 1536 1497 790 510 1009 462 272 332 38 318 522 364 453 47 86 515 145 293 88 30 64 81 18 280 209 47 39 67 19 49 26 17 46 0 4 2 0
6 104 8 7 764 214 884 2 20 147 188 10 39 6 2 4141 1204 913 4306 10359 1615 75 4597 0 2829 1148 235 461 220 908 81 1862 1199 1 99 576 181 446 10 467 956 61 3 119 2 272 314 46 141 22 3 126 104 23 80 1 67 71 2 186 33 3 11 8 8 31 20 2 14 0 7 1 0
9 129 27 9 946 623 1003 35 63 178 211 36 36 12 1 4630 3457 2482 5912 11032 4198 989 5024 19 3149 1042 700 604 594 1093 335 2337 1343 50 241 572 619 1318 191 651 851 130 31 204 5 265 284 111 215 69 16 332 102 120 88 3 85 31 3 194 74 11 15 28 13 35 10 3 13 1 1 0 0
11 150 42 13 981 804 1405 81 67 184 404 58 79 19 7 4355 4699 2021 4331 13782 6029 1802 9672 89 2682 1974 1598 412 728 1646 155 3159 3737 106 238 704 568 1411 273 603 2249 356 73 363 0 189 457 281 267 48 15 263 174 164 264 7 43 238 24 328 185 8 17 44 17 62 100 18 16 0 23 3 2
9 127 28 8 868 595 1151 42 50 164 259 28 31 14 0 4564 3353 2079 4205 11700 4269 1082 7951 33 2531 1376 747 598 516 1125 186 2805 2678 41 231 613 467 1048 159 616 985 298 27 290 2 290 172 67 235 39 15 254 152 84 75 11 67 0 0 168 111 12 16 15 20 26 0 0 12 0 0 0 0
10 111 36 9 932 623 778 62 50 153 204 46 36 10 2 4968 4436 1579 6238 9308 3764 1318 3578 57 2841 791 899 733 649 1097 223 1830 1348 80 235 526 565 884 195 561 772 118 44 197 9 237 343 143 154 50 9 247 62 109 67 2 70 58 8 198 64 5 10 26 7 33 20 4 10 0 5 1 0
6 92 10 5 804 219 774 5 25 139 137 11 27 3 1 3760 1376 761 5384 9888 1568 125 4393 0 2827 667 262 518 209 642 65 1943 1062 6 105 552 356 458 29 467 636 49 3 92 1 308 335 34 63 22 0 131 54 24 51 0 69 30 2 171 21 2 18 16 3 28 7 1 12 0 2 0 0
15 127 95 10 1043 1312 921 336 107 178 224 108 14 11 0 5868 9421 2567 5685 9131 8097 5849 6393 738 2822 484 2000 828 1368 1320 508 2648 2328 487 420 506 1029 1891 816 678 354 212 101 359 26 305 88 120 118 100 71 531 76 312 12 5 98 0 0 104 40 8 62 20 9 3 0 0 1 0 0 0 0
6 71 13 2 704 249 479 12 27 107 48 8 2 0 0 3985 1831 833 5180 6348 1481 287 2432 4 2294 139 168 634 245 313 62 1296 379 10 114 399 418 463 49 369 40 0 0 62 1 277 36 4 0 16 9 176 21 24 0 0 71 0 0 22 0 0 14 4 0 1 0 0 0 0 0 0 0
8 104 22 6 862 413 817 29 42 140 173 19 29 7 1 4589 2644 1076 5393 9520 2820 655 4468 20 2764 979 503 666 357 794 57 1819 1327 22 132 540 623 702 104 501 724 104 19 145 0 262 254 66 124 21 17 221 91 38 52 2 65 39 2 175 49 2 17 21 8 24 11 3 9 0 3 0 0
6 86 11 4 745 252 638 8 19 125 102 8 19 4 0 4033 1648 1041 5072 8202 1675 225 3199 2 2605 506 189 561 252 563 64 1436 667 5 122 483 298 326 30 387 446 46 5 87 0 317 176 30 71 5 3 122 51 17 33 1 66 0 0 98 33 2 14 7 3 19 0 0 3 0 0 0 0
6 71 12 3 731 240 357 10 22 90 61 8 5 2 0 4546 1792 952 5492 5417 1095 261 1054 3 2092 248 142 718 218 508 65 605 247 7 143 385 314 358 41 192 61 14 4 61 0 303 88 9 33 11 4 125 54 25 1 0 39 0 0 32 8 1 5 3 4 2 0 0 0 0 0 0 0
12 109 62 4 1083 909 626 184 73 121 112 32 16 4 0 6487 7410 2040 7565 7760 4498 3383 2927 350 2481 465 801 1161 701 609 85 1299 892 113 476 519 1041 1008 485 347 360 68 29 122 0 371 139 105 55 36 38 348 65 87 28 1 59 0 0 104 31 2 21 18 5 7 0 0 3 0 0 0 0
12 119 57 9 1070 898 828 143 75 161 189 64 36 13 0 5392 6637 1963 7135 9658 5555 2805 4247 211 2911 690 1148 832 882 1105 296 2080 1354 182 295 569 1012 1184 409 568 779 150 73 185 10 269 335 196 202 37 39 405 70 126 81 6 79 0 0 199 92 13 18 34 11 32 0 0 19 0 0 0 0
7 117 14 7 792 305 1272 12 31 171 239 13 48 8 2 3724 1885 727 3500 12921 2608 294 9742 5 2576 1303 402 384 311 957 26 3307 2475 6 76 693 261 715 56 656 1476 164 14 213 0 233 317 66 126 32 2 143 107 39 147 2 62 82 2 245 74 1 8 17 6 49 25 4 14 0 10 1 0
5 114 4 6 728 120 1348 1 15 196 204 2 51 5 2 3007 560 582 3116 13919 1081 34 10467 0 2979 1203 65 254 131 803 13 3783 1903 0 59 700 113 426 6 725 1520 80 1 192 0 214 318 14 94 25 1 80 118 12 206 1 61 71 0 253 55 0 3 3 7 61 35 2 11 0 8 1 0
7 98 15 6 796 308 741 14 30 139 164 14 28 5 2 4516 2039 886 5178 8877 2014 356 3697 6 2687 921 354 638 311 834 37 1707 1043 10 126 498 321 572 62 453 653 57 11 128 0 264 241 54 112 31 4 167 98 32 51 1 73 64 4 164 24 0 7 13 9 25 19 2 9 0 4 1 0
8 94 25 3 852 444 620 41 49 145 88 12 14 3 0 4830 2916 1361 5962 7772 2448 886 2767 39 2739 347 320 722 422 448 55 1662 723 18 178 464 755 754 148 538 307 61 12 143 0 278 138 41 34 31 26 272 38 32 23 1 75 0 0 110 18 0 17 15 1 17 0 0 5 0 0 0 0
6 90 13 2 789 295 655 13 36 148 61 6 11 1 0 4145 1790 1307 5400 8446 1772 362 3028 6 2895 304 161 575 293 312 41 1782 492 6 152 473 490 682 62 561 247 20 3 88 0 285 108 24 12 26 13 208 22 22 15 0 81 0 0 91 7 0 20 9 1 10 0 0 2 0 0 0 0
7 100 17 4 801 376 768 17 44 154 106 16 15 2 0 4354 2278 1372 5171 8919 2479 448 3897 6 2973 512 361 580 380 603 122 1821 707 19 168 470 436 914 90 580 336 23 6 117 3 289 119 40 31 65 7 266 68 72 21 0 89 0 0 77 16 1 33 17 2 9 0 0 1 0 0 0 0
7 94 17 4 773 321 844 21 24 139 151 8 22 6 0 4115 2321 959 4553 9389 2077 474 6245 15 2515 728 288 547 324 613 24 2290 1871 4 129 519 313 383 58 470 647 172 12 160 0 290 211 42 73 7 9 114 60 14 36 4 66 0 0 164 34 0 13 2 1 23 0 0 16 0 0 0 0
6 97 10 5 770 233 839 4 28 143 138 13 29 2 1 3900 1371 825 4944 9890 1726 100 4731 0 2754 790 293 531 211 657 98 1946 999 4 73 555 348 535 23 500 751 34 4 112 4 281 266 54 32 26 4 168 67 44 66 0 75 32 2 146 13 0 10 12 2 29 17 1 7 0 2 0 0
8 91 22 6 773 360 756 31 17 121 195 14 24 11 0 4395 2879 940 4613 8558 2012 627 5465 25 2210 730 379 622 337 1003 50 1962 2285 14 164 506 202 250 60 409 653 279 17 245 0 281 205 40 123 5 2 65 83 20 41 10 65 0 0 156 84 4 4 2 3 18 0 0 9 0 0 0 0
5 111 3 7 698 106 1271 1 14 188 228 0 41 6 3 3086 476 532 2961 12890 1168 39 9655 0 2860 1542 0 265 134 940 0 3628 1978 0 51 591 83 476 14 756 1132 71 0 234 0 211 267 0 160 41 0 70 144 0 124 2 70 111 0 216 52 0 7 0 19 42 35 0 9 0 6 3 0
5 81 8 2 612 186 821 5 19 125 84 4 8 1 0 3567 1164 724 3359 8593 1407 133 6683 1 1943 434 147 495 177 357 16 2475 1104 2 89 489 188 444 23 538 275 32 2 138 0 236 47 13 14 19 2 102 62 21 8 0 62 0 0 53 6 0 10 3 0 5 0 0 1 0 0 0 0
9 117 26 10 864 537 923 32 27 162 269 36 38 14 2 4343 3372 1597 4981 10463 3770 825 4941 17 3103 1549 878 506 621 1278 205 2075 1922 43 188 534 266 549 81 560 989 176 35 207 4 270 342 121 281 12 2 142 142 60 65 3 75 76 5 244 76 12 3 8 16 38 26 5 10 1 5 1 0
5 84 5 5 738 113 654 1 16 136 143 4 24 4 1 3606 702 505 4818 8598 656 24 3217 0 2917 781 94 485 86 728 32 1568 1053 0 55 480 227 296 4 459 533 64 2 124 0 303 275 10 67 9 1 90 74 12 30 0 69 40 0 170 26 1 12 8 5 25 6 2 8 0 2 0 0
6 90 11 4 791 243 651 8 30 147 113 9 17 2 1 4184 1512 992 5432 8261 1441 213 3000 2 3019 593 213 557 245 553 62 1581 824 6 133 465 379 540 43 498 360 39 4 96 0 331 215 24 28 33 4 188 58 35 12 0 80 35 2 132 12 0 20 13 1 17 7 1 3 0 2 0 0
9 113 32 4 899 649 893 58 57 178 95 24 23 2 0 4593 4109 1876 5680 9943 4587 1467 4897 57 3137 490 497 587 781 426 152 2522 603 55 230 536 605 1172 236 750 546 21 10 70 3 243 202 109 42 54 16 351 54 57 64 0 93 0 0 124 19 1 18 25 4 31 0 0 4 0 0 0 0
8 100 21 7 898 396 680 25 35 150 164 22 35 7 2 4757 2849 1151 5853 8694 2269 584 3109 14 2938 733 462 627 426 942 102 1733 1036 25 161 503 456 562 81 514 717 81 18 153 0 273 358 90 119 25 12 176 79 39 63 1 69 56 5 211 42 3 7 18 6 35 18 3 12 0 6 1 0
6 84 10 5 661 199 813 5 19 124 155 10 14 5 0 3706 1342 609 3862 8660 1460 104 6336 1 2040 699 247 524 179 764 66 2394 1767 2 67 466 214 401 16 528 379 109 6 208 2 239 147 16 89 19 1 97 70 32 10 1 64 0 0 106 24 3 8 8 5 7 0 0 4 0 0 0 0
5 65 9 1 702 165 460 7 29 124 27 3 5 0 0 3593 1304 450 4899 6468 1027 149 2475 2 2658 66 71 525 173 156 14 1347 250 3 83 415 413 421 33 416 98 0 0 29 0 338 62 11 0 17 12 183 6 10 5 0 72 0 0 37 0 0 32 4 0 5 0 0 0 0 0 0 0
6 88 14 1 753 319 666 16 37 126 33 4 7 0 0 4265 2003 1270 5019 8212 2054 447 3305 9 2516 231 116 618 306 133 19 1570 253 6 166 493 450 743 84 460 186 0 0 33 0 287 67 22 0 33 12 196 11 16 14 0 68 0 0 45 0 0 18 6 0 7 0 0 0 0 0 0 0
6 63 12 3 643 234 305 10 12 69 55 8 1 2 0 4432 1901 908 4528 4610 1088 264 905 3 1645 173 133 780 227 448 81 490 236 7 168 327 170 181 30 144 10 18 4 38 0 220 22 2 33 5 1 66 36 14 0 0 19 0 0 8 2 1 3 0 1 0 0 0 0 0 0 0 0
8 88 22 6 831 386 576 26 33 113 128 25 18 4 1 4613 2898 1050 6102 7509 2211 580 2789 13 2393 488 457 796 358 816 131 1293 802 33 163 434 480 569 85 354 356 39 12 106 4 297 231 56 80 25 7 174 41 54 22 0 67 27 4 99 21 3 14 11 8 13 4 1 8 0 0 0 0
7 129 17 4 826 476 1386 17 49 203 128 17 36 0 1 3625 2353 1991 3919 13719 4440 568 10465 6 3075 919 463 385 543 443 133 3738 1077 22 209 699 374 1241 105 764 1132 0 0 77 3 271 208 119 0 72 7 264 66 67 141 0 62 38 4 182 0 0 26 26 0 50 17 0 0 0 6 0 0
9 77 34 2 862 474 344 71 39 94 46 12 9 1 0 5650 4336 1127 6459 4914 1860 1241 1168 90 2133 161 257 993 412 277 43 713 293 30 258 351 629 425 185 272 138 15 6 53 0 289 123 44 9 9 16 193 8 19 9 0 50 0 0 54 7 0 7 10 0 13 0 0 1 0 0 0 0
7 77 17 4 671 251 685 21 17 107 145 8 16 6 0 3982 2131 570 3894 7622 1413 352 5520 15 1800 375 265 562 219 740 16 1986 1895 4 117 459 190 271 45 452 475 177 12 236 0 212 136 29 39 8 2 66 50 25 20 4 58 0 0 103 42 0 2 3 0 7 0 0 3 0 0 0 0
5 52 9 1 513 164 279 7 13 64 16 3 1 0 0 3698 1286 539 3638 3884 823 165 1006 2 1411 35 42 592 169 152 27 546 70 3 92 269 174 195 28 178 14 0 0 11 0 170 5 2 0 7 1 62 4 6 0 0 23 0 0 2 0 0 6 1 0 0 0 0 0 0 0 0 0
8 76 27 1 849 426 322 50 41 95 20 6 2 0 0 5205 3666 1276 6662 5004 1658 1010 902 55 2359 76 100 836 376 169 30 572 74 15 237 361 658 477 168 197 25 0 0 25 0 376 34 10 0 10 18 205 15 20 0 0 48 0 0 15 0 0 21 2 0 1 0 0 0 0 0 0 0
7 77 19 2 651 361 555 26 27 122 43 8 2 1 0 3841 2558 1076 3935 6928 2408 636 3031 19 2328 103 147 461 452 340 72 1558 247 12 131 418 244 596 98 480 33 17 4 68 0 261 15 7 5 23 3 172 23 25 0 0 69 0 0 10 2 0 15 1 1 0 0 0 0 0 0 0 0
6 76 15 0 644 318 803 20 31 135 0 0 0 0 0 3598 2121 699 3792 7950 3183 539 7410 15 2121 0 0 551 440 0 0 2830 0 0 115 472 338 782 97 605 0 0 0 0 0 246 0 0 0 25 9 193 0 0 0 0 74 0 0 0 0 0 21 0 0 0 0 0 0 0 0 0 0
5 113 5 5 715 164 1359 2 15 175 176 2 41 5 1 3115 822 741 3019 13933 1713 77 10856 0 2572 1248 69 314 200 658 8 3668 1578 1 89 723 72 479 15 676 1308 76 0 106 0 229 260 25 115 21 0 72 121 9 158 2 55 39 0 224 49 0 1 3 10 48 18 2 5 0 6 0 0
7 73 20 1 699 355 473 30 33 102 13 5 2 0 0 4562 2670 1004 4343 6084 2198 702 2561 25 1957 31 53 687 397 135 41 1339 32 10 157 378 416 552 105 371 20 0 0 6 0 251 24 7 0 17 14 171 9 12 1 0 65 0 0 6 0 0 16 3 0 0 0 0 0 0 0 0 0
6 57 14 1 585 238 276 16 15 55 17 4 0 0 0 4266 1980 759 4331 4047 1077 367 880 9 1314 42 60 746 191 145 32 437 74 6 136 294 218 217 43 112 0 0 0 10 0 181 0 0 0 6 3 72 10 8 0 0 19 0 0 0 0 0 1 0 0 0 0 0 0 0 0 0 0
5 64 9 1 637 182 450 7 17 102 30 3 5 0 0 3784 1391 591 4317 6000 1134 176 2391 2 2177 130 81 517 194 136 13 1227 264 3 118 371 226 277 26 356 107 0 0 27 0 274 75 13 0 8 4 112 14 9 1 0 65 0 0 43 0 0 7 2 0 9 0 0 0 0 0 0 0
6 53 11 4 601 154 249 6 13 55 75 12 5 2 0 3973 1494 384 4890 3888 593 94 776 1 1302 192 192 773 120 647 69 410 384 4 96 276 182 179 11 144 67 27 6 73 4 199 80 11 16 10 0 53 34 33 1 0 24 0 0 27 5 0 1 4 0 0 0 0 0 0 0 0 0
7 59 21 0 724 312 249 35 21 57 0 0 0 0 0 5026 3009 819 5858 3845 1267 693 738 35 1318 0 0 1014 231 0 0 391 0 0 227 323 391 219 87 87 0 0 0 0 0 243 0 0 0 4 6 99 0 0 0 0 13 0 0 0 0 0 6 0 0 0 0 0 0 0 0 0 0
8 57 25 3 668 287 205 40 24 39 56 14 4 2 0 5144 2753 587 5377 3168 904 582 503 35 958 170 232 981 137 482 42 243 244 26 148 254 456 201 76 63 66 20 8 43 0 178 36 15 24 6 12 69 39 28 4 0 6 0 0 14 8 1 3 1 2 2 0 0 0 0 0 0 0
5 59 10 0 625 200 436 10 18 94 0 0 0 0 0 3525 1658 553 4411 5902 1384 255 2544 5 1905 0 0 620 234 0 0 1283 0 0 108 398 249 336 45 368 0 0 0 0 0 249 0 0 0 12 3 128 0 0 0 0 50 0 0 0 0 0 7 0 0 0 0 0 0 0 0 0 0
5 50 8 2 545 133 253 4 11 57 37 6 4 0 0 3700 1207 406 3963 3939 589 80 856 0 1386 90 97 631 121 325 39 432 186 4 78 238 141 163 15 120 56 0 0 33 1 198 54 10 0 7 0 53 15 14 2 0 17 0 0 19 0 0 0 2 0 1 0 0 0 0 0 0 0
5 55 9 1 581 160 249 7 19 58 20 3 1 0 0 4000 1244 592 4495 3813 623 157 669 2 1463 67 49 643 98 151 22 363 98 3 99 290 294 238 28 97 15 0 0 17 0 231 9 3 0 11 6 104 8 11 0 0 19 0 0 5 0 0 4 0 0 0 0 0 0 0 0 0 0
5 100 6 4 640 165 1131 2 20 172 141 4 27 4 0 3028 866 676 2735 11594 1484 63 8854 0 2551 824 131 281 195 620 22 3401 1381 1 59 567 125 567 13 750 806 63 1 203 0 211 150 11 72 36 1 90 92 21 107 1 80 0 0 132 53 2 2 3 10 32 0 0 7 0 0 0 0
5 98 7 3 706 198 927 4 24 167 104 3 21 3 0 3507 1084 943 3681 10492 1530 135 5425 1 3126 772 95 364 235 437 7 2359 815 0 107 552 178 594 36 639 585 44 3 86 0 280 152 19 64 32 2 138 82 9 60 1 80 0 0 127 32 0 17 2 12 24 0 0 5 0 0 0 0
5 92 9 1 614 282 1036 7 25 155 30 3 3 0 0 3112 1435 1361 2863 10499 2906 279 8595 2 2376 195 75 362 399 151 39 3275 203 3 164 562 138 838 53 707 69 0 0 23 0 237 39 7 0 62 1 139 14 15 2 0 78 0 0 21 0 0 18 2 0 1 0 0 0 0 0 0 0
7 64 19 2 660 305 331 26 14 62 45 8 3 1 0 4723 2636 855 4778 4566 1465 565 1260 19 1412 203 166 815 245 307 36 558 263 12 171 351 232 175 49 156 67 10 4 34 0 201 38 10 22 6 1 63 26 14 2 0 17 0 0 20 3 0 4 2 0 1 0 0 0 0 0 0 0
5 82 7 3 615 185 761 3 14 135 81 5 17 2 0 3300 1161 670 3289 8881 1581 96 4597 0 2590 469 113 360 265 395 39 2044 570 2 99 507 88 326 16 554 453 21 2 67 0 238 133 28 49 7 1 64 55 16 50 0 81 0 0 90 19 1 5 2 2 22 0 0 1 0 0 0 0
5 77 8 2 615 175 799 5 17 118 73 4 13 1 0 3394 1166 603 3590 8773 1416 120 6714 1 2024 237 132 436 191 328 17 2409 957 2 97 512 167 373 22 484 370 29 2 85 0 246 116 23 8 11 2 68 23 14 29 0 59 0 0 92 7 0 5 3 0 13 0 0 3 0 0 0 0
5 50 6 4 593 100 215 1 5 55 74 6 8 3 0 3930 937 282 4846 3439 386 21 574 0 1489 275 96 688 81 628 36 301 302 0 75 247 112 56 2 89 108 28 2 46 1 259 129 10 47 0 0 36 45 9 4 0 21 0 0 49 10 2 1 0 2 3 0 0 2 0 0 0 0
5 81 7 3 653 166 845 3 12 124 100 6 17 0 1 3504 1154 501 3743 9274 1456 81 6974 0 2054 518 184 474 186 466 23 2467 1066 3 94 535 100 286 14 490 492 0 0 92 0 266 156 31 0 8 0 74 53 16 32 0 58 39 2 112 0 0 2 3 0 14 11 0 0 0 2 0 0
5 100 7 3 733 198 950 3 24 149 108 6 23 0 1 3517 1152 963 3895 11243 1482 93 5566 0 2796 859 184 419 208 444 31 2216 852 3 130 593 173 604 25 545 708 0 0 92 0 291 164 40 0 25 1 98 90 32 52 0 66 34 2 124 0 0 11 6 0 26 20 0 0 0 1 0 0
6 72 11 4 675 224 458 8 20 113 84 9 6 2 1 3974 1586 757 4656 6200 1361 209 1865 2 2424 328 163 560 275 564 90 1123 435 6 112 375 243 383 34 397 91 26 4 59 0 261 125 6 25 10 2 149 37 26 0 0 69 29 2 42 4 0 16 6 0 4 4 1 2 0 0 0 0
5 88 7 3 613 193 981 2 16 152 93 7 17 1 0 2978 1138 796 2979 10480 1843 57 7880 0 2431 418 175 333 276 437 75 2937 994 1 104 561 93 399 11 661 536 24 2 103 2 237 123 31 14 23 0 84 28 28 53 0 79 0 0 97 14 0 5 4 0 19 0 0 1 0 0 0 0
5 60 10 0 649 194 316 10 23 86 0 0 0 0 0 4093 1496 714 5093 4873 911 246 1033 5 1919 0 0 682 184 0 0 660 0 0 118 341 364 321 45 219 0 0 0 0 0 297 0 0 0 16 8 136 0 0 0 0 41 0 0 0 0 0 12 0 0 0 0 0 0 0 0 0 0
5 88 9 1 587 248 996 7 20 151 40 3 12 0 0 3002 1416 873 2713 10180 2445 237 8281 2 2352 316 112 292 378 124 11 3089 412 3 119 555 110 583 33 676 406 0 0 32 0 223 79 31 0 22 3 78 20 8 47 0 78 0 0 74 0 0 2 5 0 19 0 0 0 0 0 0 0
5 64 7 3 641 140 459 2 20 124 60 7 8 1 0 3336 1080 346 4709 5953 923 41 2347 0 2498 191 116 504 208 422 64 1529 361 1 53 335 245 348 11 531 148 10 2 52 2 251 108 14 9 23 0 140 27 33 5 0 77 0 0 56 2 0 9 8 0 11 0 0 0 0 0 0 0
7 98 18 3 769 362 1055 22 37 159 110 11 21 2 0 3618 2444 683 4261 11067 3478 506 8708 13 2507 615 372 502 443 433 16 3188 1224 15 83 589 406 776 95 648 670 40 6 98 0 290 162 57 43 30 8 178 59 27 61 0 65 0 0 139 20 1 19 14 4 29 0 0 7 0 0 0 0
5 40 10 0 420 146 145 10 7 26 0 0 0 0 0 3794 1319 429 2833 2192 489 201 331 5 559 0 0 584 81 0 0 174 0 0 59 211 110 87 18 42 0 0 0 0 0 83 0 0 0 2 1 23 0 0 0 0 3 0 0 0 0 0 0 0 0 0 0 0 0 0 0 0 0
5 92 6 4 683 171 997 2 27 155 117 4 13 4 0 3363 896 632 3617 10363 1745 75 8047 0 2481 634 86 425 191 647 37 2995 953 1 66 519 232 767 20 666 365 44 1 126 0 258 106 9 103 63 3 165 69 23 16 1 76 0 0 78 19 2 21 5 16 9 0 0 3 0 0 0 0
5 67 9 1 629 185 568 7 16 104 35 3 8 0 0 3528 1478 384 3989 7217 1419 171 3341 2 2050 259 93 529 218 167 3 1461 264 3 87 456 196 297 28 378 232 0 0 37 0 243 49 23 0 7 2 89 35 12 23 0 54 0 0 48 0 0 7 1 0 5 0 0 0 0 0 0 0
5 68 9 1 637 179 528 7 23 101 33 3 7 0 0 3435 1136 510 4768 6897 1248 172 2861 2 2146 223 94 567 175 157 10 1335 250 3 60 367 407 373 22 359 189 0 0 36 0 254 61 15 0 10 10 119 19 5 16 0 65 0 0 42 0 0 11 6 0 5 0 0 0 0 0 0 0
5 94 7 3 703 222 1037 3 31 161 74 5 9 2 0 3401 1089 1002 3778 10914 2198 114 8289 0 2482 384 100 445 250 413 83 3186 682 2 111 542 269 883 29 693 229 12 2 76 0 278 95 11 54 70 6 206 50 31 8 0 78 0 0 54 7 1 25 5 3 4 0 0 2 0 0 0 0
