29 244 335 71 914 4602 1342 2161 288 102 1412 1119 121 324 50 2850 15241 12486 2288 8127 21113 37823 5865 8940 838 5589 19015 149 1551 3825 5184 1212 8710 7947 861 263 1251 4448 4468 93 2619 3846 4017 569 402 40 453 1449 4362 184 193 438 368 1951 159 515 2 1374 522 222 1078 765 22 172 342 16 297 462 92 43 29 118 20
19 188 132 39 1204 2062 1098 487 151 130 824 329 98 125 28 4617 10921 5933 6490 11375 10259 9578 4630 1119 2366 3432 6102 435 1051 3644 1505 1399 4556 1180 550 565 1414 2492 1228 232 1953 1335 819 384 72 131 866 660 1906 86 77 439 332 646 166 137 8 787 169 344 458 162 26 132 136 35 190 147 62 14 34 48 9
14 176 60 31 994 1047 1451 126 58 118 905 140 110 62 36 4621 5458 2704 3438 13224 6847 2581 8651 149 1449 5028 3629 331 528 3518 391 2034 7331 269 290 618 428 1135 266 209 3068 1122 216 556 3 81 547 410 1045 30 10 118 506 236 211 36 8 1222 131 286 358 43 3 33 75 20 377 79 23 2 32 53 20
29 224 329 77 905 4135 1246 2064 210 83 1487 1163 115 365 62 3177 15135 9913 2085 8273 19204 33066 5617 8240 656 5199 19519 177 1221 4731 4853 1122 9170 7937 770 322 847 3481 3056 81 2475 4323 4222 601 441 34 462 1379 4624 142 93 273 424 1730 137 608 3 1628 610 195 1064 851 12 110 315 5 340 624 70 52 24 143 23
31 247 391 74 879 5125 1300 2816 320 85 1381 1265 132 361 53 3095 16059 13465 2039 7391 22353 47359 5528 13329 638 4839 20152 143 1451 3585 5661 1067 8302 9962 1004 303 1277 4960 5518 90 2669 4074 4892 509 465 25 503 1745 4491 205 235 346 301 2173 153 716 2 1331 579 210 1243 767 9 236 304 8 286 581 108 32 34 122 20
23 217 199 54 1034 2924 1399 940 179 105 1246 572 123 215 44 3655 12522 8056 2909 10991 15174 17085 7086 2813 936 5043 11545 245 1106 4274 2367 1537 8828 2735 742 464 957 3134 1951 118 2954 2920 1804 614 103 48 583 975 3127 129 70 285 423 1065 215 274 1 1293 312 257 911 351 8 124 220 16 326 312 65 39 39 96 16
43 224 798 105 902 7018 791 8656 397 76 1370 3117 113 516 52 2793 25593 11598 2100 5087 21329 98769 2194 62246 571 3512 35342 147 2037 4258 9642 625 5514 41812 1110 217 1876 4196 10438 60 1689 4055 12776 470 1983 27 407 2642 4993 126 491 440 315 3289 121 856 2 1039 1141 177 1132 1746 20 312 357 14 256 657 96 68 33 109 16
26 212 272 53 1118 3590 1266 1577 211 124 1046 798 121 201 24 4611 16660 8472 3854 9835 18199 26069 6772 5808 1383 3544 13839 289 1592 3893 3437 1857 7002 5192 902 484 1409 3307 2859 223 2514 2288 2414 573 311 72 643 1443 2681 127 130 472 342 1197 187 241 15 625 263 333 827 457 20 172 180 45 187 195 94 26 29 39 4
20 193 166 24 1316 2569 1059 781 207 158 518 296 83 53 10 6329 14242 7124 7230 10402 12082 15032 4164 2362 2773 2344 5634 647 1511 2163 1333 1523 2900 1621 998 590 2000 3056 2214 380 1627 547 562 286 46 200 583 850 870 99 175 723 211 606 129 25 38 263 101 292 274 68 52 132 72 43 88 43 45 6 20 9 2
18 187 129 24 1221 2056 1206 510 182 156 603 237 78 60 9 5695 11368 6121 5625 11359 10124 9936 6438 1263 2276 2322 4850 557 1174 2477 1119 2127 4958 1041 678 602 1583 3071 1558 353 1809 1094 449 474 53 203 553 528 753 121 120 521 224 638 149 67 29 275 63 315 373 60 40 118 76 44 72 54 44 3 23 5 2
11 167 41 14 968 905 1498 80 83 190 459 49 70 31 5 4398 4449 3802 3689 14395 6002 2113 9246 91 2587 2381 1296 265 699 1694 339 3107 4475 85 347 710 520 1869 360 541 2064 688 72 422 2 131 394 175 444 118 19 288 208 178 167 34 41 199 9 311 253 12 34 46 31 56 62 19 29 0 12 6 0
15 166 85 20 1045 1413 1380 263 78 144 565 137 95 42 13 5046 8062 3456 4162 13234 9597 5340 9286 512 1797 2504 3559 420 993 2323 382 2620 4955 412 384 716 570 1618 540 330 2552 701 258 404 0 132 636 553 585 64 11 202 267 275 235 26 19 413 68 329 320 26 7 50 39 37 150 48 27 0 36 10 5
15 171 83 22 1108 1515 1277 228 112 159 529 171 63 53 3 5543 8187 4906 5087 11766 9493 5198 7593 347 2253 2184 3468 596 1004 2340 1058 2520 4182 510 590 645 915 2240 701 392 1523 708 288 419 54 232 411 346 904 112 36 404 238 410 108 40 54 89 19 273 307 84 31 62 76 32 21 15 37 7 3 1 0
17 155 120 16 1197 1784 989 473 141 169 328 175 43 31 1 5898 11571 3964 6720 11031 10069 8828 4768 1170 2895 1225 3159 718 1481 1745 849 2019 2050 821 555 648 1489 2346 1279 498 961 322 284 239 35 240 306 362 498 106 103 614 160 317 93 16 61 27 7 202 150 36 43 70 43 41 6 7 27 4 1 0 0
16 161 101 19 1267 1624 1002 344 125 146 413 169 64 44 3 5997 9949 4342 7560 11229 8807 7008 4485 715 2585 1743 3288 809 1044 2016 834 1682 2503 641 659 658 1741 1989 822 349 1313 459 302 262 23 261 546 437 701 78 115 496 195 312 131 28 42 82 22 262 233 70 19 94 47 44 36 13 36 4 8 2 0
20 175 158 32 1113 2206 1342 666 138 155 667 389 88 68 17 5179 12636 4305 4286 12103 14683 11501 8814 1693 1808 2097 7014 414 1594 2973 1715 2742 5409 1918 611 693 1024 2587 1365 354 2195 858 681 519 157 131 520 830 901 94 56 399 251 640 218 33 17 502 170 327 331 105 16 122 45 37 155 67 22 1 34 14 6
16 163 100 20 1112 1583 1295 331 131 178 482 181 59 45 3 5241 9287 3659 4813 12448 10568 6334 8436 653 2227 1719 3646 516 1345 2132 909 3016 4316 674 559 670 1158 2411 943 533 1592 686 308 462 48 180 354 405 640 114 79 466 199 435 155 35 51 111 20 255 259 61 28 71 57 43 30 15 20 4 7 2 0
20 180 167 23 1214 2365 1190 797 178 176 553 276 73 63 4 6068 13913 5433 5251 10913 12660 14028 6844 2464 2270 1822 5497 571 1723 2269 1145 2530 4784 1518 788 624 1585 2859 1871 449 1781 1146 571 507 56 162 429 631 758 118 136 616 170 571 145 86 46 127 31 324 394 81 37 117 63 50 31 35 57 2 9 1 0
7 129 17 4 890 458 1400 18 58 182 146 14 27 3 0 4004 2323 1771 4110 13924 4187 563 10733 8 2437 1072 443 443 390 502 87 3759 1399 16 250 768 510 1536 121 627 900 48 8 125 1 221 158 71 76 100 14 315 105 61 89 0 72 0 0 154 26 2 30 22 14 24 0 0 8 0 0 0 0
15 179 86 19 1011 1666 1489 250 124 174 432 167 80 34 4 4933 8154 5161 4247 12768 12088 6013 9863 409 2351 1987 3280 364 1310 1654 1101 3121 3309 555 456 666 692 2855 898 491 1966 351 242 278 56 167 517 585 604 133 32 398 163 373 181 12 30 137 28 292 207 45 25 76 51 54 37 12 42 2 17 4 0
8 117 22 6 945 463 976 29 55 165 178 19 34 7 1 4194 2905 1389 5535 11921 3249 737 5191 20 3085 1035 497 482 398 833 73 2250 1356 22 170 664 612 1131 131 518 810 112 19 126 0 247 309 80 123 64 17 284 104 70 79 2 65 30 2 203 46 2 38 25 12 34 12 3 16 0 3 0 0
12 132 55 11 1091 976 811 125 92 158 234 82 29 11 2 5842 5996 3117 7074 9717 5239 2837 3260 149 3135 873 1497 700 780 1328 529 1506 1396 232 407 614 1227 1506 401 438 574 114 64 193 21 274 289 144 176 59 63 455 108 205 44 1 68 59 12 160 60 11 46 48 17 29 11 4 12 0 1 1 0
14 123 83 8 1159 1217 660 276 99 139 148 80 18 8 0 6688 9652 2774 7532 8099 5849 5144 2634 571 2705 597 1301 942 1058 922 415 1370 779 342 546 570 1155 1460 784 402 324 64 66 114 12 288 191 143 114 69 50 440 83 182 15 2 74 0 0 103 35 8 38 30 8 8 0 0 4 0 0 0 0
8 103 19 9 844 383 728 16 27 127 222 27 31 12 1 4539 2583 1325 5127 9333 2341 407 3388 4 2380 1097 561 513 350 1293 172 1495 1471 20 155 595 300 480 44 371 692 149 21 191 6 264 287 68 220 17 3 119 131 62 39 3 57 36 2 167 73 10 12 13 12 19 11 3 9 1 1 0 0
9 132 28 8 896 612 1336 38 57 176 244 38 43 6 2 4244 3570 1768 3909 13492 5216 984 10129 22 2335 1305 944 381 636 989 222 3524 2414 59 195 755 479 1256 174 567 1380 121 21 219 9 178 253 152 104 59 10 226 155 114 152 1 52 80 8 219 58 3 14 32 14 40 29 2 3 0 8 1 0
10 144 35 10 930 766 1368 58 65 179 312 47 44 12 3 4340 4255 2567 3894 13573 6020 1527 9574 50 2629 1698 1225 373 722 1240 282 3246 3018 78 320 733 467 1477 261 565 1381 232 46 268 9 199 250 156 229 91 14 252 160 132 117 4 58 116 10 229 90 4 27 23 23 43 39 7 16 0 4 2 0
8 104 27 1 949 577 652 50 57 138 29 6 4 0 0 5388 3800 2320 6350 8767 3196 1356 2450 55 2860 177 151 691 511 146 38 1289 178 15 360 622 738 1038 232 360 82 0 0 24 0 333 47 18 0 34 25 319 27 23 1 0 65 0 0 34 0 0 34 6 0 5 0 0 0 0 0 0 0
8 112 24 4 839 531 1060 34 64 156 111 20 7 2 0 4563 3046 2020 4499 10580 4139 926 8024 23 2259 233 440 605 500 598 161 3122 1319 35 251 574 594 1541 194 553 201 37 8 169 3 252 50 23 38 106 24 307 40 91 4 0 58 0 0 52 9 1 30 10 7 2 0 0 0 0 0 0 0
19 157 159 12 1264 2203 940 782 146 159 243 172 44 13 2 6408 15341 4792 7060 10564 11688 13866 4731 2535 2675 843 3080 803 1776 1237 770 2013 1645 1103 785 701 1518 2204 1739 475 965 159 163 228 28 231 324 532 195 72 111 562 92 273 137 3 48 49 26 174 89 13 15 59 11 46 28 4 8 0 8 1 0
18 140 144 9 1344 1843 643 685 156 154 179 118 23 13 0 7537 14373 3956 8643 7945 7520 11200 2580 2179 2901 650 2085 1121 1416 1001 456 1300 1115 700 757 588 2244 1736 1590 438 404 142 154 186 10 316 227 223 203 53 187 736 79 201 25 5 70 0 0 124 61 11 56 58 15 22 0 0 13 1 0 0 0
10 125 40 5 865 821 1102 86 54 139 166 29 15 4 1 5316 4946 2809 4200 10483 6057 2259 8018 110 2002 770 855 667 682 741 150 2748 1786 70 341 617 377 1363 278 465 500 81 22 229 0 219 70 74 64 80 9 223 105 102 26 0 55 41 5 89 25 1 10 9 7 4 12 2 0 0 0 0 0
9 102 32 4 904 580 603 59 53 119 108 22 11 3 0 5708 3986 1872 5679 7765 2958 1368 2398 62 2388 673 503 754 460 604 117 1159 750 45 258 539 712 792 188 315 248 58 15 114 3 267 123 41 58 28 29 234 68 59 10 1 55 0 0 86 12 0 20 14 4 9 0 0 5 0 0 0 0
13 106 67 11 1109 928 473 182 77 98 168 88 11 15 1 6609 7755 2379 8110 6674 3727 3309 1446 290 2141 362 1164 1186 586 1280 518 730 759 278 465 538 1258 999 440 177 123 116 99 141 19 349 157 67 170 32 56 345 61 181 2 5 34 20 6 46 25 14 28 20 15 1 3 4 3 0 0 0 0
7 78 16 5 751 297 398 15 28 81 105 15 5 5 0 5145 2233 1041 5249 5701 1303 353 1220 6 1733 430 274 762 225 808 103 661 488 12 181 393 372 449 66 157 88 40 11 102 2 249 28 11 88 28 5 121 83 44 2 1 29 0 0 16 13 3 9 1 13 2 0 0 0 0 0 0 0
9 105 31 5 810 551 919 55 46 163 175 23 11 6 0 4590 3793 1590 4196 9315 3582 1186 6577 57 2555 543 648 449 567 784 136 2787 2284 37 196 522 444 1012 157 611 342 198 24 306 4 224 70 36 49 61 14 257 75 100 5 4 81 0 0 76 30 0 42 11 1 7 0 0 0 0 0 0 0
5 96 8 2 718 208 1036 5 33 147 82 4 14 1 0 3899 1141 909 3573 10693 1691 148 8238 1 2215 470 141 416 160 301 20 3013 1005 2 125 677 327 778 31 498 490 28 2 108 0 243 71 19 14 55 8 186 58 23 35 0 59 0 0 82 10 0 18 9 1 8 0 0 2 0 0 0 0
6 123 10 5 786 287 1294 6 31 187 192 10 37 2 2 3881 1373 1499 3426 12896 2326 193 9516 1 2709 1480 355 299 283 646 63 3465 1918 5 128 737 268 773 43 599 1199 44 4 165 0 194 235 56 40 29 2 168 134 29 98 0 49 93 4 213 14 0 11 18 4 42 24 0 6 0 8 1 0
6 107 12 3 705 324 1116 10 42 134 105 8 11 2 0 4076 1685 1709 3337 10991 2632 317 8565 3 1897 419 227 483 258 486 66 2970 1213 7 176 622 266 1153 77 473 362 36 4 142 0 208 55 18 45 84 8 175 59 49 26 0 53 0 0 67 19 1 9 7 4 5 0 0 0 0 0 0 0
8 106 21 7 740 445 1001 22 43 132 185 27 13 6 1 4299 2526 1699 3915 9875 3386 580 7466 8 1897 530 575 551 391 968 210 2767 1989 31 169 597 382 1121 103 489 359 93 16 249 5 207 103 36 116 64 10 185 62 97 12 0 51 40 3 69 24 5 13 9 10 2 6 2 0 0 1 0 0
12 98 54 12 939 701 458 124 43 86 241 74 25 20 2 6531 6073 1428 5661 6236 2756 2012 1529 161 1820 967 1310 856 484 1552 269 650 1265 184 293 515 503 513 230 177 428 232 96 150 9 252 296 118 268 13 12 149 124 97 25 8 33 62 7 123 77 20 10 19 22 10 13 9 7 0 3 1 0
8 87 24 4 825 429 435 34 40 101 80 20 10 2 0 5478 3127 1507 5519 6299 1884 778 1245 23 2144 288 337 759 361 594 129 775 360 35 227 464 516 601 116 216 148 16 8 66 3 258 108 44 36 19 16 194 52 59 7 0 47 0 0 54 8 1 14 6 4 2 0 0 1 0 0 0 0
9 93 31 5 822 526 575 54 39 101 120 25 10 5 0 5485 4077 1382 4829 7376 2842 1149 2517 51 1909 645 548 724 449 671 123 1137 807 50 239 514 387 656 168 301 235 53 20 97 0 225 98 40 108 24 8 159 74 52 6 0 53 0 0 73 14 5 9 10 6 6 0 0 3 0 0 0 0
5 94 6 4 781 172 774 2 31 137 96 5 23 2 1 3834 923 1025 4486 10326 1129 69 3811 0 2737 435 93 414 131 577 57 1732 544 1 118 601 280 762 21 449 457 9 2 73 0 247 227 19 47 56 4 154 61 30 46 0 59 25 1 98 14 0 26 8 7 20 11 1 7 0 1 0 0
13 94 65 13 906 778 399 169 44 95 226 92 18 24 1 5965 6683 1763 6333 5709 2816 2570 1172 255 1974 546 1412 841 629 1718 388 745 1116 264 294 425 503 537 272 207 263 256 129 248 15 265 225 103 287 14 7 161 93 131 14 13 39 20 6 80 62 26 7 18 18 4 3 4 6 3 0 0 0
6 101 7 8 785 162 827 4 11 131 239 3 41 10 3 3898 1023 672 4381 10449 1018 118 4110 1 2697 1440 86 394 136 1195 8 1680 1766 0 83 606 106 219 16 412 920 173 3 178 0 223 388 15 180 2 2 43 153 4 104 5 46 98 0 204 64 0 4 0 8 43 32 3 10 0 11 3 0
5 120 3 7 719 100 1367 0 17 178 252 3 47 3 4 3538 430 636 2807 13154 865 0 10231 0 2579 1955 108 240 95 929 22 3468 2294 0 51 670 92 516 0 602 1481 30 0 202 0 154 285 15 82 43 0 68 165 18 113 0 54 166 1 263 18 0 1 8 11 41 58 3 6 0 10 0 1
7 121 16 5 904 404 1059 14 52 172 146 18 36 2 1 3973 2195 1677 5103 12629 2944 415 5799 4 3212 951 444 373 344 647 125 2368 950 17 177 692 537 1156 88 536 918 23 6 110 4 260 270 92 41 70 12 264 98 75 123 0 59 28 3 154 20 0 41 24 6 39 18 1 7 0 4 0 0
11 119 47 8 944 769 946 111 47 128 261 38 33 14 2 5560 5475 1996 5075 9957 4569 2235 6450 165 1981 980 1107 759 564 1142 122 2243 2901 78 376 670 501 809 268 395 981 357 59 297 0 210 249 126 142 29 10 191 106 72 71 13 55 78 8 168 98 0 8 12 10 22 20 6 19 0 1 1 0
6 82 12 3 639 282 531 10 23 87 66 8 8 2 0 4669 1774 1360 3395 6690 1596 312 2156 3 1735 286 158 519 240 426 73 961 353 7 155 484 208 503 43 256 153 11 4 66 0 196 45 18 45 17 4 88 36 26 8 0 28 0 0 19 7 1 10 3 3 1 0 0 2 0 0 0 0
6 105 13 2 693 365 1209 12 38 169 54 8 15 0 0 3599 1951 1304 2931 11721 3724 404 10026 4 2292 386 188 323 493 179 85 3702 469 10 141 669 265 1097 86 659 497 0 0 39 1 182 105 47 0 73 4 174 33 28 56 0 57 0 0 73 0 0 10 13 0 23 0 0 0 0 0 0 0
6 100 8 7 614 205 1045 2 17 153 213 9 24 8 1 3731 1057 852 2621 9651 1868 57 7992 0 2198 1159 213 299 257 940 71 3062 2081 1 69 571 125 451 9 560 733 133 3 253 1 196 135 23 209 15 1 86 100 30 31 1 61 25 1 129 48 5 4 2 13 16 5 2 9 1 0 0 0
5 76 7 3 625 176 517 3 17 78 74 5 10 2 0 4441 1082 973 3503 6895 1019 91 2126 0 1519 359 103 517 124 460 55 875 437 2 116 478 164 362 20 189 198 23 2 56 0 202 105 12 40 17 1 60 36 17 9 0 23 0 0 56 12 1 4 4 2 4 0 0 1 0 0 0 0
8 64 27 1 783 352 240 50 36 59 20 6 2 0 0 5192 3418 821 6134 4232 1147 834 584 55 1403 72 108 912 215 149 24 369 94 15 149 376 679 386 130 97 31 0 0 12 0 214 39 8 0 11 22 147 12 12 0 0 14 0 0 9 0 0 14 4 0 1 0 0 0 0 0 0 0
7 113 18 3 771 435 1215 23 36 166 119 9 26 3 0 4008 2559 1444 3274 12168 3834 660 9609 16 2325 722 331 383 510 400 26 3405 1392 9 204 739 274 900 111 588 910 72 9 113 0 192 130 70 46 38 5 157 78 26 89 1 63 0 0 138 38 0 12 8 5 27 0 0 7 0 0 0 0
7 112 16 5 780 356 1077 17 39 158 174 11 32 7 0 4241 2149 1436 3750 11134 2443 425 7735 9 2486 799 306 383 322 661 66 2833 2008 9 165 653 293 838 86 534 905 174 10 214 0 220 238 61 95 48 7 169 87 44 86 4 56 0 0 135 59 3 18 10 9 36 0 0 15 0 0 0 0
8 80 27 1 809 465 435 50 27 98 25 6 8 0 0 5291 3872 1339 5417 6088 2288 1133 1717 55 2050 129 140 757 452 132 23 932 141 15 274 452 378 401 122 258 159 0 0 15 0 243 69 42 0 9 6 146 15 10 19 0 36 0 0 41 0 0 7 6 0 9 0 0 0 0 0 0 0
7 125 14 7 769 351 1392 11 27 173 247 15 49 7 2 3743 1948 1110 3122 13738 3196 324 10554 3 2291 1590 469 308 396 904 63 3575 2450 10 124 711 175 724 45 570 1546 135 11 226 0 176 265 95 130 36 2 110 163 35 182 1 43 75 3 198 67 3 3 11 20 51 37 3 7 0 7 1 0
5 57 8 2 558 167 331 5 11 46 35 4 2 1 0 4041 1269 673 3841 4693 918 143 1272 1 1026 113 65 630 119 256 41 431 162 2 113 387 170 209 17 88 27 4 2 14 0 153 35 2 23 4 2 39 12 5 0 0 8 0 0 8 2 0 2 2 1 0 0 0 0 0 0 0 0
5 95 3 7 778 77 811 0 15 134 195 3 39 3 4 3617 458 408 4692 10597 453 0 4252 0 2655 1101 64 382 51 946 29 1752 1348 0 60 636 137 352 0 399 883 42 0 133 0 257 434 6 55 21 0 51 102 20 83 0 42 131 1 191 22 0 13 5 7 42 32 3 8 0 12 0 1
6 69 14 1 701 254 473 16 29 109 25 4 4 0 0 4004 2096 733 4501 6627 1473 355 2488 9 2239 0 86 528 285 183 18 1257 260 6 146 457 334 512 73 401 74 0 0 40 0 246 42 12 0 20 7 156 0 14 3 0 56 0 0 26 0 0 16 4 0 3 0 0 0 0 0 0 0
10 81 38 7 819 490 458 73 36 97 151 38 8 9 0 5133 4385 832 5560 5874 2389 1171 2191 78 1923 581 712 777 386 1067 126 981 1045 78 174 439 505 499 148 348 159 115 41 206 4 230 79 36 139 11 11 190 85 87 4 2 59 0 0 43 20 6 23 4 10 1 0 0 2 1 0 0 0
6 60 12 3 602 196 247 9 19 54 52 10 7 1 0 4410 1626 677 4283 3751 690 183 602 2 1186 186 155 649 127 450 69 319 188 8 83 288 234 239 31 72 94 9 3 31 2 162 71 16 9 8 2 73 28 20 4 0 7 0 0 29 2 0 4 8 2 1 0 0 1 0 0 0 0
7 89 16 5 613 336 927 14 25 122 136 17 6 4 0 3730 1975 1259 2878 8943 3041 373 7642 4 1681 272 399 431 364 781 123 2813 1545 15 134 534 174 705 53 517 175 54 10 208 3 174 45 19 91 47 4 126 35 44 1 0 53 0 0 20 10 3 6 1 14 1 0 0 0 0 0 0 0
5 65 9 1 561 199 472 7 12 89 33 3 2 0 0 3552 1412 790 3198 6322 1239 204 2500 2 1680 141 88 439 201 199 17 1163 298 3 115 446 126 274 22 371 59 0 0 68 0 162 15 6 0 8 1 72 21 11 1 0 53 0 0 7 0 0 4 0 0 0 0 0 0 0 0 0 0
6 72 12 3 580 262 481 9 11 100 66 10 5 1 0 3939 1735 1030 3434 5900 1672 270 2192 2 1896 352 196 445 323 423 94 1149 430 8 115 368 115 187 27 373 110 12 3 59 2 161 43 14 26 2 0 84 41 12 1 0 61 0 0 30 4 0 0 2 1 2 0 0 0 0 0 0 0
5 74 8 2 645 193 446 5 25 114 47 4 3 1 0 3924 1227 969 3964 6099 1006 153 1577 1 2446 245 72 434 209 323 41 935 226 2 114 414 244 467 33 340 47 9 2 39 0 230 50 3 22 18 4 138 25 22 1 0 54 0 0 26 3 0 22 3 2 0 0 0 0 0 0 0 0
5 93 7 3 665 183 1000 3 31 141 101 5 13 2 0 3602 999 861 3318 10248 1432 85 7951 0 2104 426 129 390 158 464 39 2987 1180 2 117 581 239 817 29 534 387 36 2 155 0 226 89 13 41 71 3 149 50 32 21 0 62 0 0 58 15 1 19 7 7 3 0 0 2 0 0 0 0
6 64 14 1 645 247 310 16 23 70 23 4 2 0 0 4909 1953 822 4117 4430 1068 361 977 9 1514 105 80 658 178 149 23 437 106 6 148 392 313 326 58 157 30 0 0 27 0 192 22 6 0 10 6 111 15 12 0 0 32 0 0 16 0 0 8 2 0 1 0 0 0 0 0 0 0
7 91 17 4 646 301 968 21 24 150 155 8 21 6 0 3632 2006 594 2858 9485 2513 429 7720 15 2169 633 292 290 417 648 10 3059 2008 4 86 540 230 440 63 620 709 172 12 221 0 158 119 38 66 14 7 93 70 18 55 4 68 0 0 119 49 0 1 4 3 24 0 0 7 0 0 0 0
9 66 33 3 776 406 270 63 35 53 52 21 0 0 0 5624 4126 839 5744 4093 1488 972 875 66 1314 114 317 943 249 498 99 340 251 57 238 363 452 385 168 89 0 0 0 45 3 220 0 0 0 18 10 114 45 47 0 0 14 0 0 0 0 0 8 0 0 0 0 0 0 0 0 0 0
5 82 6 4 695 133 659 2 15 137 113 5 26 2 1 3622 867 468 3926 8769 866 52 3329 0 2664 608 134 358 140 633 24 1679 796 1 53 549 163 247 7 494 597 30 2 92 0 199 236 24 24 11 2 98 65 11 54 0 62 33 1 148 16 0 3 7 3 32 11 1 4 0 4 0 0
5 75 6 4 685 133 492 2 14 100 109 4 15 4 0 3810 1010 597 4529 7103 633 52 1982 0 2114 605 81 486 112 630 30 1042 734 1 92 466 131 250 12 282 301 62 1 96 0 240 177 12 69 11 0 62 67 13 14 1 50 0 0 104 24 2 3 3 8 10 0 0 3 0 0 0 0
5 66 9 1 554 202 430 7 19 49 24 3 0 0 0 4219 1361 927 3481 5602 1169 203 1774 2 1099 108 59 623 122 158 29 509 144 3 133 445 178 373 35 95 0 0 0 13 0 153 0 0 0 17 3 53 11 13 0 0 6 0 0 0 0 0 4 0 0 0 0 0 0 0 0 0 0
6 94 12 3 780 274 811 10 24 144 86 9 31 0 1 3732 1906 828 4306 10440 2023 273 4560 3 2844 535 242 382 312 387 30 2030 569 9 102 614 264 482 37 490 725 0 0 35 0 215 244 79 0 16 5 120 60 16 112 0 52 30 3 147 0 0 10 14 0 43 13 0 0 0 6 0 0
8 105 24 4 853 491 833 35 43 138 116 18 21 3 0 4494 3317 1444 4886 10309 3396 875 4515 26 2564 713 459 542 481 537 81 1877 857 30 200 659 432 861 138 490 525 40 11 86 1 229 173 79 66 39 10 215 91 52 57 0 62 0 0 110 23 2 12 12 8 25 0 0 6 0 0 0 0
7 111 13 8 739 275 1188 10 15 167 289 13 36 9 3 3841 1741 622 3048 11798 2279 254 8869 3 2301 1735 396 303 339 1157 39 3183 3126 7 116 696 136 328 23 586 1209 225 11 343 0 181 201 52 146 7 2 56 183 26 86 3 63 128 3 208 71 1 2 4 10 26 40 5 2 0 3 2 0
6 97 8 7 766 179 813 3 24 131 194 9 32 5 3 3781 1096 559 4770 10113 1277 79 4325 0 2510 1084 221 463 156 1044 35 1801 1285 2 50 553 287 511 19 427 750 52 5 163 0 228 261 30 103 35 3 110 124 30 86 0 47 101 3 136 36 1 10 8 14 35 26 2 8 0 4 2 0
6 80 10 5 573 187 830 5 18 118 159 10 9 5 0 3649 1197 572 2846 8040 1412 87 6776 1 1731 501 256 395 166 786 73 2589 1931 2 71 487 157 449 11 487 286 119 6 242 2 187 82 12 70 31 0 98 52 40 5 1 53 0 0 60 16 3 6 6 8 6 0 0 1 0 0 0 0
6 66 14 1 677 268 358 16 24 77 14 4 0 0 0 4515 2016 943 5082 5163 1384 399 1270 9 1747 38 47 688 232 145 43 687 33 6 177 393 364 341 66 143 0 0 0 9 0 244 0 0 0 16 7 120 11 9 0 0 32 0 0 0 0 0 12 0 0 0 0 0 0 0 0 0 0
5 74 7 3 612 122 773 4 14 133 120 3 13 3 0 3405 974 253 3421 7806 785 69 6561 1 2117 505 109 350 120 481 3 2575 1622 0 51 493 187 224 18 472 413 94 3 191 0 237 119 9 28 8 0 90 53 11 16 1 61 0 0 83 20 0 8 4 2 16 0 0 3 0 0 0 0
6 49 13 2 584 178 175 13 18 48 27 6 2 1 0 4084 1713 424 4467 3069 580 226 380 6 1221 68 68 652 119 271 36 253 73 6 102 227 291 185 41 77 27 5 3 19 0 212 16 5 13 4 5 83 15 13 1 0 18 0 0 5 2 0 7 1 1 0 0 0 0 0 0 0 0
5 55 9 1 567 159 325 7 13 67 27 3 4 0 0 3729 1333 459 4151 4528 830 153 1369 2 1410 128 73 552 128 189 11 711 171 3 78 315 222 191 23 196 92 0 0 40 0 183 17 11 0 2 2 72 12 8 6 0 27 0 0 16 0 0 6 1 0 0 0 0 0 0 0 0 0
5 76 9 1 578 212 862 7 23 134 40 3 3 0 0 3342 1176 764 3205 8151 2098 211 7720 2 1929 69 110 423 267 169 15 3020 634 3 73 505 281 564 28 530 90 0 0 70 0 195 35 4 0 30 7 145 7 10 1 0 54 0 0 30 0 0 10 5 0 2 0 0 0 0 0 0 0
5 82 9 1 710 234 568 7 33 74 20 3 4 0 0 4824 1413 1347 4158 7853 1329 216 2277 2 1555 83 46 664 140 153 35 767 78 3 186 567 335 692 63 131 63 0 0 12 0 240 35 7 0 49 4 111 17 14 6 0 18 0 0 17 0 0 8 5 0 0 0 0 0 0 0 0 0
5 57 8 2 560 151 308 5 18 78 41 4 0 1 0 3670 1125 532 3964 4509 752 120 1060 1 1765 147 60 509 167 367 38 657 183 2 71 330 219 271 22 253 0 14 2 35 0 170 0 0 11 13 3 98 35 22 0 0 45 0 0 0 0 0 6 0 1 0 0 0 0 0 0 0 0
5 78 6 4 579 125 843 2 7 110 139 4 17 4 0 3564 904 407 2923 8487 881 49 7035 0 1595 511 110 457 95 651 19 2483 1669 1 70 541 54 191 1 419 545 95 1 196 0 161 125 10 57 12 0 44 67 12 31 1 47 0 0 85 38 2 3 1 5 7 0 0 1 0 0 0 0
5 82 6 4 596 117 959 2 11 151 147 5 21 2 1 3003 833 212 2830 9656 1062 37 8028 0 2225 634 166 304 176 636 8 3104 1771 1 31 557 104 205 6 608 684 60 2 199 0 162 159 18 21 6 1 50 70 11 51 0 69 41 1 137 15 0 0 5 0 21 13 1 3 0 2 0 0
5 70 10 0 666 236 399 10 22 75 0 0 0 0 0 4529 1613 1162 4399 5723 1163 303 1369 5 1774 0 0 602 175 0 0 530 0 0 199 409 271 395 51 128 0 0 0 0 0 234 0 0 0 19 5 111 0 0 0 0 41 0 0 0 0 0 7 0 0 0 0 0 0 0 0 0 0
5 82 9 1 604 229 894 7 23 139 37 3 8 0 0 3541 1375 803 3006 8648 2083 213 7839 2 2173 124 97 333 290 124 11 2974 493 3 97 495 198 639 44 529 247 0 0 41 0 216 73 20 0 43 1 116 8 14 14 0 63 0 0 49 0 0 16 4 0 14 0 0 0 0 0 0 0
5 72 7 3 653 140 545 3 12 110 76 6 24 0 1 3548 1120 302 3809 7800 900 68 2627 0 2351 398 140 381 172 409 12 1268 445 3 53 511 112 210 12 376 495 0 0 49 0 227 236 42 0 7 0 52 58 12 58 0 49 32 2 113 0 0 1 6 0 26 6 0 0 0 6 0 0
5 66 9 1 627 181 404 7 22 98 33 3 3 0 0 3927 1270 648 4313 5485 936 175 1618 2 2152 223 86 470 184 170 12 900 240 3 106 359 298 340 28 264 76 0 0 36 0 249 30 7 0 10 7 119 29 13 2 0 59 0 0 23 0 0 14 2 0 1 0 0 0 0 0 0 0
5 67 7 3 560 152 458 4 12 104 76 3 8 3 0 3519 1074 590 3336 6018 994 117 2118 1 2041 400 70 385 207 471 15 1185 452 0 77 396 85 190 12 349 178 33 3 76 0 195 86 8 62 6 4 60 43 6 3 1 53 0 0 53 14 0 2 0 5 8 0 0 1 0 0 0 0
5 55 10 0 589 184 372 10 18 88 0 0 0 0 0 3343 1607 459 4095 5370 1159 228 1936 5 1813 0 0 470 225 0 0 1099 0 0 92 374 225 307 48 337 0 0 0 0 0 185 0 0 0 11 2 115 0 0 0 0 53 0 0 0 0 0 6 0 0 0 0 0 0 0 0 0 0
5 69 7 3 605 164 474 4 10 103 72 3 10 3 0 3690 1133 672 3881 6284 1036 123 2129 1 2039 333 67 427 216 474 21 1208 400 0 108 380 123 205 18 358 219 28 3 67 0 184 76 9 58 5 0 58 47 5 13 1 59 0 0 47 20 0 1 1 5 11 0 0 0 0 0 0 0
6 75 13 2 605 240 786 13 19 106 75 6 11 1 0 3756 1872 504 3286 7689 1991 280 7027 6 1507 191 204 483 261 329 11 2598 1058 6 96 535 130 472 40 425 333 30 3 107 0 154 96 29 6 19 2 70 19 21 19 0 44 0 0 72 9 0 2 4 0 8 0 0 1 0 0 0 0
5 43 9 1 505 132 160 7 11 37 16 3 1 0 0 3670 1110 390 4173 2625 463 142 377 2 1012 44 41 599 71 154 18 186 58 3 60 217 264 105 11 57 12 0 0 7 0 150 10 3 0 1 5 62 11 7 0 0 14 0 0 4 0 0 2 0 0 0 0 0 0 0 0 0 0
5 82 8 2 633 209 891 5 20 135 63 4 8 1 0 3648 1232 784 3409 8802 2084 165 7761 1 1977 318 116 406 259 307 19 2993 658 2 113 524 188 507 33 525 223 7 2 84 0 191 75 15 35 34 2 123 33 10 12 0 56 0 0 52 2 0 10 1 6 1 0 0 3 0 0 0 0
5 89 9 1 745 233 740 7 36 143 33 3 9 0 0 3927 1275 1088 4729 9208 1585 217 3707 2 2688 251 89 460 198 139 18 1827 228 3 139 570 421 772 48 505 241 0 0 30 0 243 67 17 0 43 10 218 19 10 24 0 65 0 0 56 0 0 23 10 0 12 0 0 0 0 0 0 0
5 72 9 1 703 201 445 7 27 90 25 3 4 0 0 4277 1292 900 4987 6429 1057 192 1612 2 2015 139 63 630 143 165 24 803 136 3 142 459 395 459 39 167 82 0 0 10 0 287 43 9 0 18 8 147 15 12 5 0 42 0 0 18 0 0 20 3 0 1 0 0 0 0 0 0 0
5 45 9 1 521 143 154 7 11 37 15 3 0 0 0 4123 1365 468 3497 2616 449 149 270 2 849 40 38 635 97 186 23 185 37 3 95 251 136 124 20 50 0 0 0 12 0 106 0 0 0 3 2 39 16 7 0 0 6 0 0 0 0 0 0 0 0 0 0 0 0 0 0 0 0
