29 214 339 67 1084 4112 1013 2238 260 120 1158 1075 101 289 52 4056 17998 9620 3770 8490 16915 34750 3340 9570 1331 3735 16331 308 1794 4372 4560 1086 5656 7902 901 333 1809 3644 3919 190 1697 2886 3648 630 357 73 540 1215 3428 146 261 597 312 1572 80 456 9 1213 582 261 805 595 23 217 227 16 239 486 85 31 27 106 18
21 193 162 48 1059 2373 1247 652 155 137 985 487 96 148 43 4322 11367 5813 3819 10950 13408 12104 5788 1563 1562 3811 8604 330 1392 4149 2293 1883 5955 2091 577 452 1022 2972 1386 256 2039 1709 1182 556 153 81 554 743 2014 174 76 423 323 920 109 120 10 1188 307 289 497 226 17 104 148 23 295 235 55 13 25 74 21
24 199 223 53 1075 2974 1079 1142 168 117 1055 641 106 198 43 4717 14254 7356 3918 9578 13516 19271 4181 3719 1500 3844 11281 378 1384 4372 2674 1236 6068 3490 729 443 1114 2703 1977 193 2060 2257 1889 596 145 83 534 999 2549 88 96 378 358 991 147 237 7 1120 376 251 765 346 17 101 178 24 257 303 60 24 30 82 15
34 203 467 94 1047 4753 746 3561 215 85 1322 1900 97 461 62 4132 21389 9485 3874 6275 15248 47494 1943 17275 1011 3618 23776 352 1628 5293 7323 581 5288 16574 1115 323 1536 2440 3957 91 1376 3682 7424 514 1176 85 575 1576 4827 69 146 436 397 1864 64 719 5 1272 904 187 929 1403 12 151 252 8 248 682 67 76 22 118 25
22 218 173 58 1000 2725 1339 680 183 117 1233 607 127 206 47 3569 10744 8570 3046 10722 14115 13216 5636 1544 1144 4887 11263 165 1156 4373 3309 1471 7247 2480 600 370 1046 3393 1554 138 2682 2326 1603 584 285 38 620 1036 3014 158 88 364 356 1220 183 181 4 1293 352 275 773 430 20 152 241 19 335 311 77 36 30 71 22
22 222 176 55 948 2837 1359 744 160 102 1237 538 134 212 46 3894 10692 8896 2826 9804 14865 15020 5739 1954 1025 5805 10873 283 1056 4178 2601 1192 7213 2236 666 364 757 2941 1582 132 2964 2390 1627 534 117 44 450 1094 3391 98 55 255 396 942 180 221 8 1299 318 245 940 389 12 85 278 14 330 296 63 46 35 92 19
17 201 106 30 1174 1944 1283 335 179 154 686 260 114 65 20 4993 9097 6927 5110 12106 10222 7536 5534 602 2167 3364 4981 372 1068 2723 1505 1778 4132 901 632 527 1512 3051 1243 283 2455 743 449 400 79 112 639 772 1056 133 119 529 277 640 201 31 16 583 130 315 371 79 36 141 99 40 196 76 64 6 34 17 10
29 230 347 59 1204 4534 1061 2339 339 135 992 1067 118 218 30 4148 19685 11625 4432 8905 17922 38938 3535 10114 1657 3307 15494 320 1952 3691 5184 1135 4764 8448 1147 365 2535 4426 5135 200 1960 2027 3204 490 490 91 668 1625 2592 199 443 834 243 1799 119 258 14 700 402 316 769 506 56 304 168 38 170 260 114 19 30 41 9
24 193 238 38 1226 3122 1062 1324 220 168 713 572 82 120 8 5283 17096 7317 5174 10179 14825 21801 4416 4700 2300 2020 9568 564 2081 3325 2603 1741 4218 3703 841 486 1714 3436 2736 346 1369 1218 1477 504 211 196 661 960 1427 198 156 728 156 1072 91 121 38 220 87 305 417 241 70 178 128 53 35 65 80 13 18 8 0
26 198 271 54 1115 3374 1012 1555 198 135 982 819 99 201 25 4998 16754 7887 4230 9055 14711 24511 3801 5671 1701 3062 12900 446 1772 4248 3615 1374 5502 5166 793 441 1365 2882 2581 259 1767 2249 2497 682 420 118 571 1182 2312 113 110 463 309 1293 106 252 30 619 270 334 693 402 23 163 162 39 155 217 60 17 21 32 6
21 176 189 21 1187 2611 1026 991 147 154 465 286 75 46 7 6649 15626 6126 5191 10167 13077 17507 4514 3430 2196 1588 5747 679 1814 2137 1103 1841 3094 1775 860 588 1164 2311 1819 334 1544 571 540 371 32 181 408 830 605 68 89 490 180 442 179 28 28 200 79 263 297 61 15 95 35 56 66 31 40 2 19 6 1
25 219 263 37 1157 3850 1253 1572 251 166 722 614 91 105 9 5129 17444 10280 4440 10284 19043 29413 5333 6069 2064 2576 10597 540 2320 2825 3186 1882 4250 4376 1016 472 1488 4335 3585 361 1784 1045 1468 417 236 175 501 1261 1457 210 157 747 212 1178 120 88 39 244 131 318 428 217 38 184 118 53 66 49 53 7 16 9 0
29 197 360 46 1301 4159 808 2567 286 167 677 941 54 137 9 6127 23292 8976 5872 8122 14944 38772 2267 11864 2439 1595 11995 863 2753 3474 4325 1255 3009 8399 1159 456 2481 3534 4582 340 737 1208 2353 529 462 238 415 848 1438 166 379 966 196 1501 34 135 67 186 141 194 305 306 89 186 91 28 35 79 39 5 2 7 0
12 141 50 16 994 910 966 109 71 154 393 67 53 39 5 5534 5623 2860 4485 10623 5009 2455 4444 135 2364 1710 1344 541 719 1932 428 1854 2715 151 387 637 565 1356 393 369 1210 608 85 348 10 206 361 134 533 69 19 244 140 154 99 54 49 153 8 229 249 19 33 21 29 44 35 29 35 0 7 4 0
8 108 18 10 794 346 891 16 17 134 260 25 58 10 5 4622 2234 845 3908 10051 2488 362 4930 5 2167 1224 621 473 343 1370 76 1982 1780 20 110 572 204 281 34 359 1368 121 20 205 0 163 382 122 153 5 2 81 140 27 155 0 32 143 9 201 87 5 1 10 7 53 65 8 8 0 16 2 1
11 140 39 16 955 738 1043 62 66 151 394 69 68 27 7 5342 4271 2369 4115 11296 4436 1407 5352 47 2151 1736 1456 527 593 1993 357 2140 2738 109 262 652 545 1275 220 382 1555 333 81 313 9 169 428 215 441 69 22 212 175 157 144 9 33 218 22 254 190 26 16 41 40 53 60 18 29 2 16 6 1
6 114 7 8 832 188 968 1 28 156 242 8 42 9 2 4109 1047 1012 3952 11565 1193 35 4957 0 2700 1586 192 407 181 1150 56 2011 1692 0 113 613 200 671 4 406 1024 113 2 194 1 238 333 31 196 61 1 119 176 44 69 1 54 66 2 200 68 4 9 8 32 34 23 2 13 2 4 1 0
16 173 103 17 1178 1809 1039 362 142 162 400 160 51 36 2 6040 10295 6083 5563 10990 9230 7961 4537 781 2611 1810 3299 755 1275 1928 906 1678 2484 644 685 597 1126 2447 1176 325 1086 419 272 312 29 283 372 371 614 110 71 485 192 385 59 22 58 57 12 212 200 41 45 63 59 28 16 14 29 5 2 0 0
13 128 66 12 1082 1054 693 179 75 132 266 83 33 23 1 6282 7554 3064 5886 8944 4838 3562 2669 290 2474 1132 1593 825 851 1593 438 1209 1618 247 450 575 791 1040 509 306 674 295 122 204 7 305 294 189 355 30 29 306 160 139 43 14 59 36 3 141 111 24 22 22 29 19 4 7 17 1 1 0 0
17 151 115 21 1140 1662 888 425 81 133 470 199 61 52 4 6294 11152 4143 5436 9980 8242 7831 3792 967 2039 1670 3882 791 1104 2460 886 1559 3110 833 669 625 762 1349 703 327 1243 729 363 426 40 218 408 440 691 34 24 268 226 304 98 53 50 120 23 230 333 69 11 40 32 39 39 27 24 2 5 3 0
16 174 105 15 1007 1916 1351 375 140 206 332 163 41 19 3 5373 9412 5746 3815 12044 13111 8778 7548 809 2519 1327 3127 494 1859 1501 1087 3271 2453 729 542 612 927 3099 1188 626 1028 197 176 339 47 170 159 378 370 179 89 560 105 378 108 5 73 93 26 166 87 17 46 48 19 37 34 9 12 0 1 2 0
9 119 26 10 895 521 900 32 40 143 283 37 34 12 3 5039 3366 1586 4094 10489 3301 773 4435 17 2336 1651 920 553 451 1477 191 1851 2072 45 227 613 356 806 107 414 805 169 33 256 4 225 227 101 221 49 3 183 176 97 59 1 65 121 8 162 65 10 20 17 23 26 26 6 10 0 3 2 0
15 137 90 15 1102 1323 764 296 88 146 315 126 52 30 3 6082 9078 3324 5928 9282 6519 5510 2876 605 2665 1238 2437 721 1094 1731 548 1408 1733 456 408 589 1003 1260 595 376 946 322 201 237 13 237 466 358 427 49 57 360 139 177 70 19 49 81 21 227 136 36 20 72 29 43 27 11 28 1 9 2 0
10 98 34 11 875 517 529 58 28 107 259 38 25 22 2 5853 4049 1517 4738 6796 2005 1143 2025 58 1830 898 708 757 332 1580 239 1160 1785 52 301 492 365 406 88 292 469 409 44 349 10 188 236 41 221 10 6 101 95 75 38 26 54 53 4 151 110 7 5 14 5 10 12 8 10 0 1 1 0
12 132 57 9 993 1042 989 142 70 162 198 68 36 8 2 5867 6579 2950 4757 10397 6882 3317 5402 206 2313 816 1306 629 1039 1052 412 2407 1452 200 466 660 663 1391 430 499 904 77 53 213 13 217 206 227 140 41 25 301 82 132 84 1 64 53 14 157 70 5 12 23 12 24 24 2 5 0 2 1 0
9 115 31 5 929 645 834 52 52 165 117 29 27 3 0 5137 4144 2355 5081 9714 4108 1342 4328 44 2749 475 592 575 709 581 213 2191 795 61 336 546 542 976 206 526 583 34 14 108 5 226 230 127 50 41 14 281 39 67 64 0 73 0 0 132 30 2 20 18 6 25 0 0 7 0 0 0 0
10 102 39 6 957 645 650 77 59 117 135 38 10 5 0 5622 5042 1742 5693 8491 3513 1580 3050 83 2096 479 709 920 574 853 225 1315 1012 90 345 569 712 965 274 234 246 74 26 133 7 317 73 46 76 43 23 256 78 100 14 1 40 0 0 46 25 3 20 9 11 2 0 0 0 0 0 0 0
14 128 81 10 1087 1208 657 265 83 134 232 78 29 21 0 6438 8821 3174 6074 8365 5278 4992 2347 556 2455 967 1639 885 997 1389 306 1201 1334 267 522 543 827 1230 663 285 543 261 142 224 2 265 276 184 314 33 28 317 112 150 45 15 48 0 0 130 103 16 18 27 28 19 0 0 17 3 0 0 0
8 112 20 8 858 446 901 20 45 176 190 26 29 8 2 4266 2653 1520 4503 10506 3176 565 4682 7 2934 849 530 452 524 1043 194 2271 1272 27 201 594 405 1008 101 558 649 71 17 174 3 236 250 74 156 61 9 244 102 83 40 1 68 62 5 150 39 6 33 13 20 37 13 3 13 0 3 1 0
13 137 67 11 1006 1175 965 181 74 173 267 90 27 14 1 5801 7361 3580 4750 10044 7162 4017 4939 286 2548 959 1934 654 1164 1307 603 2371 2098 282 508 592 637 1525 455 563 623 209 98 314 23 240 192 188 182 62 24 363 112 215 24 4 71 37 7 143 68 12 32 25 17 14 6 3 5 0 0 0 0
10 130 40 5 945 858 1088 85 101 200 86 30 12 5 0 4595 5004 2816 4396 12020 6301 2254 6162 105 3000 202 454 452 997 501 296 2923 587 75 314 591 748 2266 504 646 212 12 24 77 1 255 139 52 90 202 48 499 22 98 11 1 90 0 0 55 10 4 74 26 6 12 0 0 4 0 0 0 0
8 97 22 6 816 443 686 28 33 146 128 20 21 8 0 4709 3110 1417 4485 8321 2738 701 3406 18 2459 555 377 547 547 699 160 1882 899 22 225 504 344 576 109 491 473 84 22 122 1 209 182 65 136 21 4 167 55 43 37 2 70 0 0 124 32 4 7 9 6 24 0 0 10 1 0 0 0
8 121 21 7 823 494 1138 22 42 182 201 28 34 4 2 4263 2763 1872 3552 12179 3967 636 6829 8 2539 903 685 408 593 966 203 3010 1686 33 218 638 295 1102 86 590 873 59 12 219 6 193 221 104 66 93 3 199 96 117 76 0 64 70 7 173 38 2 15 18 1 30 20 1 3 0 6 1 0
6 86 11 4 691 259 724 6 21 123 95 13 17 0 1 3897 1661 1060 3464 8774 1879 174 4138 0 2002 266 264 463 252 597 115 1950 713 9 151 511 191 539 23 455 373 0 0 132 3 186 124 50 0 24 1 126 34 48 34 0 66 24 3 71 0 0 14 5 0 3 10 0 0 0 1 0 0
5 66 7 3 626 141 438 4 10 81 83 3 10 3 0 4055 1105 578 3627 6201 685 99 1945 1 1576 327 75 570 104 532 27 920 642 0 92 455 123 185 12 204 220 57 3 89 0 192 112 6 36 2 0 45 53 8 8 1 27 0 0 62 16 0 6 4 0 6 0 0 2 0 0 0 0
8 87 27 1 821 497 515 50 45 105 20 6 1 0 0 5202 3727 1614 4867 7053 2696 1175 2077 55 2015 80 99 786 461 169 43 1000 78 15 286 480 508 738 208 302 17 0 0 21 0 238 11 5 0 38 13 216 11 21 0 0 54 0 0 3 0 0 17 1 0 0 0 0 0 0 0 0 0
7 128 13 8 819 355 1170 7 44 181 235 18 45 8 2 3769 1762 1816 3487 12934 2593 235 6522 0 2838 1346 439 321 377 1108 142 2657 1691 9 143 604 265 1179 45 539 1135 81 9 203 3 214 285 79 172 121 8 194 141 89 90 1 62 66 3 182 73 6 25 10 30 40 24 3 12 0 5 1 0
12 129 55 11 907 947 1038 132 51 162 298 68 36 18 2 5068 5871 2660 3899 10774 6860 2821 5794 186 2255 1179 1691 544 986 1567 307 2452 2375 175 354 608 394 1044 282 529 943 256 85 347 5 196 184 199 318 32 14 246 144 134 66 9 66 67 11 141 109 17 16 12 21 15 20 5 7 1 2 1 0
9 78 31 5 864 466 425 55 42 86 64 23 5 6 0 4972 4197 1085 5734 6645 2421 1071 1738 55 1739 111 255 877 408 658 168 873 216 42 219 506 568 650 182 180 47 27 25 53 0 277 100 19 71 33 15 176 40 49 0 1 33 0 0 27 7 2 9 5 6 3 0 0 2 1 0 0 0
7 75 19 2 761 335 394 25 34 80 41 10 3 0 0 4959 2815 1052 4483 5941 1569 554 1347 16 1794 183 170 715 279 321 64 633 178 18 204 423 356 532 106 156 35 0 0 37 1 259 44 11 0 25 7 114 44 35 0 0 31 0 0 20 0 0 14 4 0 1 0 0 0 0 0 0 0
10 121 35 10 834 666 941 59 54 138 259 44 28 15 2 4908 3914 2088 3700 10411 4446 1370 4939 56 2138 1087 989 560 577 1414 308 1941 1865 64 235 572 384 1206 184 406 704 236 54 283 8 244 158 99 195 83 11 224 149 147 41 7 52 60 6 102 75 8 22 20 23 6 14 6 5 0 2 1 0
7 88 19 2 814 404 559 26 23 121 54 8 12 1 0 4869 2963 1551 4865 7635 2220 728 2394 19 2294 225 197 694 390 294 48 1284 387 12 270 519 295 424 72 336 251 15 4 55 0 236 95 43 12 9 4 172 39 19 27 0 63 0 0 57 10 0 7 5 1 19 0 0 1 0 0 0 0
11 111 51 4 941 886 689 130 56 135 82 34 15 1 0 5927 6234 2499 5302 8154 5002 2952 3138 199 2400 373 617 770 880 459 213 1510 429 118 435 512 598 984 358 396 315 10 8 59 5 247 123 109 18 40 16 267 33 67 40 0 66 0 0 72 8 0 18 12 4 18 0 0 3 0 0 0 0
6 105 11 4 746 291 910 10 23 169 132 4 28 6 0 4210 1671 1396 3489 10066 2060 339 4836 5 2675 872 122 359 340 559 4 2360 1027 0 170 507 215 520 54 575 767 97 6 151 0 206 154 26 116 17 3 132 75 10 71 4 71 0 0 140 70 0 9 2 8 32 0 0 7 0 0 0 0
6 93 11 4 717 293 767 8 23 110 100 8 13 4 0 4428 1720 1431 3662 9082 2255 282 4068 2 1885 546 156 588 244 590 96 1548 634 5 163 568 229 547 44 265 319 51 5 99 0 214 85 22 81 10 2 118 72 25 30 1 29 0 0 59 22 2 8 4 7 7 0 0 2 0 0 0 0
8 103 20 8 754 385 787 21 26 117 244 23 20 11 1 4802 2483 1228 3486 9198 2429 484 3956 10 1857 1342 625 609 352 1312 104 1560 1864 20 148 545 217 524 50 324 552 187 22 270 2 212 113 44 202 46 2 96 172 62 24 3 39 42 2 87 57 7 3 5 24 4 6 3 4 1 0 0 0
5 116 3 7 744 94 1141 0 21 185 228 3 50 3 4 3655 384 686 3154 12263 663 0 6547 0 2767 1647 74 261 59 969 34 2797 1626 0 43 603 152 548 0 581 1385 44 0 216 0 162 291 12 76 42 0 114 157 22 129 0 55 141 1 223 18 0 22 10 11 42 51 3 10 0 13 0 1
5 70 10 0 673 230 501 10 25 75 0 0 0 0 0 3992 1615 1010 4177 7297 1486 288 2344 5 1486 0 0 673 175 0 0 931 0 0 161 459 321 480 57 166 0 0 0 0 0 233 0 0 0 19 6 113 0 0 0 0 18 0 0 0 0 0 6 0 0 0 0 0 0 0 0 0 0
6 69 13 2 715 242 350 12 26 83 39 8 6 0 0 4375 2011 851 4759 5712 1020 275 994 4 1722 157 132 680 198 283 57 674 182 10 136 410 323 408 56 216 94 0 0 46 1 214 90 18 0 19 4 124 18 24 4 0 50 0 0 23 0 0 10 6 0 2 0 0 0 0 0 0 0
5 62 6 4 636 118 397 1 15 87 84 6 8 3 0 3575 958 305 4092 6147 678 21 1662 0 1836 381 104 493 142 645 52 848 455 0 50 380 205 242 5 242 169 29 2 69 1 221 98 9 46 10 0 74 56 21 12 0 51 0 0 49 9 2 4 6 7 3 0 0 0 0 0 0 0
8 114 16 12 818 298 925 12 15 148 352 26 59 8 10 4592 2021 583 3913 10505 2016 249 4802 3 2278 2027 704 433 313 1661 47 2024 2523 17 89 601 125 235 25 403 1489 144 14 289 0 161 407 117 110 7 0 59 225 45 99 0 36 348 18 293 53 1 1 5 3 40 105 12 7 0 20 0 5
12 107 60 6 951 909 655 165 60 97 130 50 9 5 0 6075 6983 2224 5530 8094 5005 3248 3151 275 1577 620 923 1063 687 830 255 1231 905 175 364 536 703 946 405 191 257 71 34 126 6 227 49 67 101 33 27 194 93 97 13 1 20 0 0 36 19 4 10 4 9 2 0 0 0 0 0 0 0
10 74 38 7 804 456 376 73 25 70 140 38 10 9 0 5454 4452 800 5231 5028 1923 1115 1686 78 1356 465 635 1054 356 1010 144 693 959 79 219 377 417 278 107 120 198 139 36 130 6 194 94 42 110 10 7 95 90 56 3 5 11 0 0 39 31 6 1 5 5 4 0 0 1 0 0 0 0
5 106 4 6 670 123 1016 0 20 153 197 4 32 4 2 3859 516 774 2705 10619 965 0 5850 0 2254 1437 106 371 104 893 41 2481 1494 0 54 531 156 517 0 505 860 50 0 159 0 169 169 18 100 32 0 106 125 21 82 0 65 84 1 157 24 2 17 8 15 26 21 1 8 0 3 1 0
7 82 13 8 734 241 510 8 22 95 169 14 19 13 0 4666 1722 770 4303 6731 1351 188 2051 1 1824 690 254 655 183 1158 86 1018 934 6 91 463 258 361 27 248 356 127 12 145 1 232 198 29 228 15 5 124 107 23 14 4 38 0 0 92 40 8 4 6 23 9 0 0 10 3 0 0 0
5 61 8 2 596 163 349 5 24 67 27 4 3 1 0 4084 1221 621 3518 5156 847 125 1265 1 1454 74 34 567 107 292 48 564 87 2 83 365 269 384 31 140 30 4 2 26 0 216 25 6 14 23 6 88 12 20 1 0 30 0 0 5 1 0 21 0 2 0 0 0 1 0 0 0 0
7 94 15 6 769 293 726 14 20 100 183 14 24 5 2 4723 2066 796 4150 8747 1923 329 3777 6 1695 1100 395 723 227 954 35 1303 1353 10 153 497 264 325 43 204 667 82 11 157 0 216 128 50 91 5 3 101 156 30 39 1 28 71 4 91 35 0 7 5 7 5 22 2 1 0 2 1 0
6 81 11 4 697 229 587 8 18 96 110 8 15 4 0 4390 1551 798 3737 7592 1426 215 2842 2 1736 576 196 594 199 649 44 1202 763 5 139 527 218 327 20 244 369 57 5 92 0 235 130 21 73 5 6 81 76 18 20 1 30 0 0 78 29 2 4 4 5 11 0 0 3 0 0 0 0
7 76 17 4 733 272 437 21 32 115 94 8 13 6 0 4246 2332 677 4380 6345 1203 408 1630 15 2388 325 154 510 303 627 33 965 574 4 98 371 359 488 82 346 255 90 12 124 0 236 112 17 59 33 6 149 45 34 18 4 55 0 0 62 33 0 16 9 5 10 0 0 3 0 0 0 0
7 93 15 6 720 310 784 14 15 140 172 14 23 5 2 4327 2079 791 3719 8570 2399 371 4496 6 2130 999 387 488 398 894 34 2169 1288 10 150 473 175 279 34 472 586 51 11 187 0 181 143 62 121 5 2 91 104 19 71 1 64 75 4 112 21 0 2 3 8 24 22 2 2 0 1 1 0
10 95 43 2 917 675 515 105 53 118 52 14 11 1 0 5685 5615 1685 5423 7119 3179 2086 1958 161 2342 251 331 760 661 285 45 1119 321 42 317 430 598 796 310 348 235 13 7 54 0 242 83 67 11 35 19 231 33 33 17 0 55 0 0 60 9 0 18 10 3 10 0 0 1 0 0 0 0
8 84 26 2 811 474 486 45 34 99 38 10 4 1 0 5074 3807 1506 4934 7055 2463 1076 1921 45 1895 129 167 752 457 301 71 1016 209 20 272 492 370 592 151 244 82 6 5 25 0 229 34 18 18 23 8 169 15 23 5 0 51 0 0 18 4 0 11 2 2 1 0 0 0 0 0 0 0
5 77 8 2 628 209 571 4 17 100 51 6 7 0 0 3982 1363 991 3432 7205 1343 128 2754 0 1828 337 131 518 219 278 65 1215 337 4 129 465 146 392 25 317 170 0 0 36 1 200 72 19 0 16 0 87 25 22 5 0 49 0 0 40 0 0 3 2 0 6 0 0 0 0 0 0 0
8 119 20 8 807 458 1044 22 27 161 235 23 43 8 3 4421 2691 1615 3563 11096 3582 626 5944 11 2340 1383 623 416 541 1134 101 2531 1672 23 168 600 170 699 69 512 1123 97 19 216 0 185 270 122 171 25 2 127 156 54 91 1 53 98 7 169 64 3 3 4 17 34 37 4 8 0 5 2 0
5 76 8 2 654 196 553 5 21 78 50 4 8 1 0 4011 1219 1007 3690 7664 1229 152 2515 1 1524 228 83 610 140 352 43 1007 314 2 125 529 234 439 29 196 172 16 2 35 0 199 80 12 12 18 2 91 24 17 11 0 17 0 0 28 4 0 8 4 1 1 0 0 2 0 0 0 0
5 74 6 4 641 152 518 1 13 114 86 6 16 3 0 3851 907 647 3785 6823 995 33 2209 0 2251 415 119 486 158 554 69 1173 462 0 69 439 184 240 6 316 313 22 2 61 1 206 151 17 57 11 1 94 57 13 20 0 54 0 0 87 17 2 7 4 4 21 0 0 5 0 0 0 0
5 64 8 2 627 166 333 5 12 91 54 4 6 1 0 3998 1332 661 3985 5046 728 135 929 1 1974 317 95 537 165 342 19 681 284 2 109 315 139 193 18 237 109 13 2 67 0 225 76 10 20 7 0 63 35 13 2 0 48 0 0 53 6 0 4 2 1 4 0 0 0 0 0 0 0
5 66 7 3 635 141 381 3 15 81 75 5 9 2 0 4083 969 545 4150 5507 684 77 1329 0 1682 405 108 598 95 443 30 646 433 2 84 360 245 222 11 169 163 26 2 55 0 219 116 10 38 7 2 89 44 14 4 0 47 0 0 61 7 1 6 4 3 6 0 0 3 0 0 0 0
6 74 15 0 657 312 470 20 29 89 0 0 0 0 0 4487 2225 1176 3774 6226 1749 529 1963 15 1748 0 0 574 281 0 0 921 0 0 172 369 291 539 95 256 0 0 0 0 0 201 0 0 0 31 7 134 0 0 0 0 50 0 0 0 0 0 15 0 0 0 0 0 0 0 0 0 0
6 102 6 9 719 152 950 2 11 158 262 4 37 10 4 3721 843 586 3322 10657 1299 59 5449 0 2436 1412 123 374 196 1362 24 2439 2006 1 81 567 100 288 13 509 931 133 1 272 0 183 250 4 203 14 0 57 149 10 99 3 54 133 0 173 72 2 5 1 14 41 40 4 5 0 7 4 0
7 77 19 2 729 357 446 26 27 72 43 8 4 1 0 4798 2704 1233 4773 6267 1891 638 1708 19 1378 207 151 805 280 301 53 791 194 12 192 444 345 478 91 171 71 9 4 19 0 186 67 12 21 20 5 103 21 21 1 0 11 0 0 16 4 0 5 4 0 2 0 0 0 0 0 0 0
6 77 13 2 705 288 465 12 21 85 47 8 4 0 0 4412 2067 1239 4363 6755 1544 335 1662 4 1748 235 168 671 250 329 76 774 268 10 193 453 235 384 58 190 89 0 0 36 1 213 42 13 0 17 0 94 32 20 3 0 47 0 0 31 0 0 4 3 0 3 0 0 0 0 0 0 0
7 87 18 3 855 336 575 22 43 126 70 11 15 2 0 4265 2532 978 5492 8521 1928 492 2399 13 2505 320 227 638 316 414 51 1229 377 15 128 503 603 723 105 334 296 17 6 74 0 292 168 37 34 39 14 225 45 32 24 0 64 0 0 71 17 1 16 15 3 19 0 0 3 0 0 0 0
5 59 10 0 616 178 304 10 29 92 0 0 0 0 0 3758 1483 553 3933 5005 744 201 888 5 1893 0 0 532 205 0 0 763 0 0 98 350 329 412 66 252 0 0 0 0 0 204 0 0 0 30 7 127 0 0 0 0 57 0 0 0 0 0 18 0 0 0 0 0 0 0 0 0 0
5 81 10 0 629 270 735 10 27 115 0 0 0 0 0 3820 1641 1209 3035 8934 2097 339 4406 5 1710 0 0 503 315 0 0 1956 0 0 166 580 209 709 66 362 0 0 0 0 0 173 0 0 0 67 5 125 0 0 0 0 39 0 0 0 0 0 10 0 0 0 0 0 0 0 0 0 0
5 61 10 0 530 202 429 10 21 93 0 0 0 0 0 3706 1441 623 2907 5373 1250 249 2192 5 1572 0 0 444 249 0 0 1152 0 0 75 342 213 412 54 326 0 0 0 0 0 159 0 0 0 27 3 103 0 0 0 0 56 0 0 0 0 0 10 0 0 0 0 0 0 0 0 0 0
6 79 11 4 726 239 580 6 21 114 84 13 15 0 1 4080 1718 932 4204 7820 1514 174 2764 0 2188 214 233 543 268 543 111 1339 574 9 146 546 265 424 23 343 296 0 0 81 3 216 157 37 0 11 4 103 26 33 35 0 64 26 3 78 0 0 6 8 0 14 9 0 0 0 2 0 0
5 75 8 2 611 198 651 4 18 117 54 6 6 0 0 3607 1269 915 3193 7822 1474 121 3802 0 1958 125 139 473 229 314 58 1724 494 4 113 514 156 459 22 389 119 0 0 64 1 187 66 15 0 27 1 110 19 23 2 0 59 0 0 43 0 0 7 3 0 4 0 0 0 0 0 0 0
6 59 15 0 636 265 289 20 15 51 0 0 0 0 0 4514 2366 876 4275 4335 1198 473 1037 15 1178 0 0 734 189 0 0 386 0 0 167 307 207 231 57 82 0 0 0 0 0 201 0 0 0 8 1 66 0 0 0 0 13 0 0 0 0 0 0 0 0 0 0 0 0 0 0 0 0
5 71 9 1 637 227 547 7 14 89 27 3 1 0 0 4079 1503 1068 3654 6989 1690 241 3015 2 1600 134 73 647 240 170 34 1182 170 3 179 485 165 301 22 215 13 0 0 19 0 199 18 3 0 7 4 81 28 8 0 0 23 0 0 14 0 0 1 0 0 0 0 0 0 0 0 0 0
5 91 6 4 640 140 888 2 15 155 130 5 32 2 1 3760 844 336 2884 9480 1145 50 5447 0 2268 840 153 337 151 580 10 2438 1018 1 53 551 145 277 10 524 902 35 2 149 0 188 186 31 32 8 1 93 67 12 97 0 62 35 1 141 21 0 7 8 0 36 16 1 4 0 4 0 0
6 64 12 3 603 207 412 10 14 66 73 8 6 2 0 4317 1702 542 3490 5365 1134 219 2059 3 1144 357 170 709 176 483 37 839 565 7 114 424 149 220 28 147 117 27 4 70 0 127 52 16 36 6 1 53 60 16 6 0 9 0 0 27 6 1 1 2 5 1 0 0 0 0 0 0 0
6 75 12 3 626 232 524 11 11 107 97 6 12 3 0 4232 1747 820 3475 6256 1236 264 2664 5 1745 471 180 493 211 511 27 1472 864 3 125 352 118 190 25 393 276 67 6 188 0 156 82 23 34 2 0 62 49 14 25 1 60 0 0 62 22 0 1 1 2 5 0 0 1 0 0 0 0
5 74 8 2 595 186 597 5 10 137 58 4 16 1 0 3529 1286 717 3026 7090 1241 142 3357 1 2390 241 107 314 289 279 20 1857 480 2 114 382 90 191 15 507 386 16 2 76 0 196 114 31 12 4 1 55 19 9 41 0 74 0 0 86 14 0 2 1 0 19 0 0 1 0 0 0 0
6 96 13 2 716 324 897 13 24 147 74 6 17 1 0 4156 1984 1125 3440 9917 2628 398 5464 6 2112 595 211 464 384 277 20 2483 618 6 185 610 218 574 57 489 521 18 3 70 0 194 89 44 27 21 3 132 50 11 51 0 61 0 0 103 9 0 4 7 1 19 0 0 4 0 0 0 0
5 94 6 4 748 172 826 2 14 126 128 4 24 4 0 3880 1008 887 3951 10350 1318 75 4446 0 2233 928 120 499 156 596 14 1657 904 0 123 617 156 336 11 306 626 45 4 104 0 242 194 22 106 8 1 96 117 8 52 0 50 0 0 112 38 0 6 2 11 12 0 0 5 1 0 0 0
5 52 10 0 493 174 224 10 17 43 0 0 0 0 0 4115 1388 629 2899 3370 640 219 549 5 896 0 0 554 110 0 0 262 0 0 95 250 170 242 42 75 0 0 0 0 0 117 0 0 0 7 3 54 0 0 0 0 5 0 0 0 0 0 4 0 0 0 0 0 0 0 0 0 0
6 53 13 2 551 172 309 13 15 78 57 6 3 1 0 3629 1634 321 3469 4240 765 203 1578 6 1543 155 150 499 195 417 10 847 493 6 69 326 167 214 33 216 61 23 3 95 0 209 31 8 6 5 1 64 41 21 1 0 38 0 0 24 3 0 6 1 1 0 0 0 0 0 0 0 0
5 78 7 3 626 163 649 3 16 125 95 5 11 2 0 3839 1036 504 3406 7543 1227 86 3446 0 2155 654 129 459 173 499 23 1594 681 2 73 449 187 312 14 357 302 33 2 138 0 198 57 19 47 8 1 98 94 19 29 0 63 0 0 49 10 1 14 2 7 7 0 0 1 0 0 0 0
5 71 7 3 612 167 548 3 17 102 73 5 5 2 0 3780 1097 747 3431 6879 1123 90 2824 0 1763 274 93 520 197 472 58 1324 548 2 96 469 185 369 17 311 116 28 2 62 0 201 65 6 37 16 2 111 26 22 2 0 51 0 0 24 7 1 5 2 2 2 0 0 0 0 0 0 0
5 45 8 2 484 122 158 4 11 25 32 6 2 0 0 3976 1070 407 3298 2758 371 81 287 0 557 114 85 636 43 291 41 135 101 4 58 261 174 126 9 22 24 0 0 14 1 68 22 4 0 4 3 37 12 11 1 0 1 0 0 6 0 0 0 2 0 0 0 0 0 0 0 0 0
5 86 4 6 744 90 673 0 7 121 156 6 42 0 4 3839 656 260 4315 9100 580 0 3204 0 2434 883 143 463 98 760 19 1391 913 0 52 549 98 116 0 321 907 0 0 66 0 224 418 38 0 2 0 37 98 13 86 0 40 114 4 191 0 0 2 4 0 44 42 0 0 0 14 0 1
5 84 7 3 632 182 739 3 18 135 92 5 13 2 0 3586 1064 928 3197 8712 1344 99 4169 0 2145 462 131 389 183 482 36 2096 777 2 106 484 159 439 13 491 318 26 2 135 0 194 103 21 47 15 3 116 28 17 24 0 69 0 0 74 13 1 12 3 8 4 0 0 1 0 0 0 0
5 87 7 3 689 187 636 3 23 118 95 5 10 2 0 4051 1071 1050 3920 7985 1103 96 2706 0 2324 686 132 517 165 486 42 1225 644 2 118 417 229 476 22 321 251 28 2 68 0 255 87 14 47 26 2 132 64 25 9 0 54 0 0 71 9 1 13 3 8 5 0 0 2 0 0 0 0
5 57 9 1 528 175 336 7 9 53 25 3 5 0 0 3905 1440 588 3241 4647 887 177 1337 2 1098 115 69 545 136 168 15 562 146 3 100 324 73 175 19 111 104 0 0 18 0 145 30 14 0 7 0 35 21 6 9 0 11 0 0 21 0 0 0 1 0 1 0 0 0 0 0 0 0
6 79 12 3 637 257 602 9 21 94 74 10 11 1 0 4202 1765 805 3308 7525 1741 243 3077 2 1640 410 207 522 256 463 68 1300 449 8 96 513 187 456 40 256 288 12 3 65 2 214 55 29 25 16 1 87 73 29 22 0 36 0 0 48 7 0 4 4 2 3 0 0 2 0 0 0 0
5 70 4 6 531 74 518 1 2 74 166 2 18 5 2 3724 533 279 2761 6291 319 24 2563 0 1306 773 46 480 56 978 12 975 1212 0 32 411 6 48 0 181 439 92 1 159 0 126 134 5 65 1 0 4 97 4 26 1 20 70 0 71 25 0 0 0 1 3 16 2 1 0 2 1 0
5 57 8 2 515 158 345 4 12 66 38 6 4 0 0 3830 1161 609 2770 4721 844 104 1397 0 1263 77 101 475 144 298 53 756 223 4 78 329 136 224 13 205 67 0 0 43 1 133 37 10 0 8 2 52 15 13 3 0 26 0 0 17 0 0 4 2 0 0 0 0 0 0 0 0 0
5 54 9 1 582 168 341 7 15 63 18 3 0 0 0 3428 1464 491 3861 5350 978 170 1568 2 1345 46 44 590 158 197 26 718 82 3 82 367 205 272 29 138 0 0 0 15 0 162 0 0 0 16 2 73 10 10 0 0 13 0 0 0 0 0 3 0 0 0 0 0 0 0 0 0 0
5 33 10 0 444 110 63 10 11 35 0 0 0 0 0 3354 1173 237 3343 1230 185 144 52 5 926 0 0 568 83 0 0 74 0 0 58 110 218 67 21 33 0 0 0 0 0 138 0 0 0 0 4 51 0 0 0 0 15 0 0 0 0 0 3 0 0 0 0 0 0 0 0 0 0
