32 220 414 82 895 4754 1033 2962 230 80 1362 1589 122 356 53 3197 17753 10080 2100 7132 19183 44121 3697 13313 665 4818 22926 143 1375 4412 6181 967 6819 13341 790 265 934 3192 4030 91 2353 3347 5487 545 941 25 454 1891 4314 112 108 299 356 1899 126 477 2 1371 729 213 1035 974 6 147 275 18 350 526 78 52 27 99 21
22 202 187 44 1053 2678 1259 866 162 125 988 504 126 134 36 4416 12696 6355 2957 10661 13943 15383 5900 2500 1261 4545 9916 175 1324 3695 1891 1761 6471 2544 622 440 959 2524 1697 187 2941 1641 1266 601 107 38 582 1194 1881 74 103 318 382 797 206 100 6 1154 305 314 636 206 9 126 129 25 341 201 56 15 37 53 18
27 209 293 58 1009 3637 1078 1775 207 122 1151 887 116 226 37 4136 15959 8062 2739 8592 15640 27694 4200 6870 1215 4486 15296 149 1661 4217 3307 1436 6667 6022 757 387 1060 2833 2956 185 2440 2685 2808 699 307 42 477 1349 2938 81 147 400 375 1213 143 268 9 1079 376 320 866 468 17 152 184 29 283 336 77 22 32 58 15
26 232 263 62 880 3841 1360 1436 200 103 1307 886 126 232 46 3200 13332 10320 1748 8798 19397 26744 5837 4848 772 5995 16395 143 1377 3753 4070 1402 7627 5387 705 299 717 3378 2661 123 2998 2559 2628 599 373 31 356 1507 3563 122 66 285 412 1422 178 234 4 1401 492 250 840 534 9 118 238 23 376 312 45 33 31 91 18
25 211 243 57 1034 3281 1124 1287 197 118 1141 746 124 236 31 4230 14304 8253 2914 9004 14583 21933 4449 4265 1140 4549 12862 200 1373 4016 3201 1430 6556 4279 794 369 1185 2802 2355 203 2595 2743 2375 649 261 53 563 1225 3155 85 137 382 349 1086 135 321 13 941 252 332 932 506 14 187 208 34 212 292 97 40 34 49 10
38 240 590 113 643 6381 911 5102 320 45 1635 2683 112 568 83 1743 15710 14515 971 4353 20984 72366 2579 27981 250 5301 34320 35 1026 3584 10872 416 6618 27442 813 121 786 3875 6911 19 1812 4350 10971 336 1967 5 250 2216 6510 130 219 195 255 3041 79 791 0 1842 1459 94 1115 1946 3 198 435 4 310 942 80 88 11 204 24
25 217 252 48 1069 3531 1166 1434 208 127 1015 655 123 184 27 4491 15452 9373 3101 9489 15607 25481 4771 5281 1315 4068 12121 238 1556 3459 2761 1588 6086 4076 862 395 1187 3142 2785 203 2589 2237 2035 625 143 68 591 1320 2491 103 114 430 351 1073 177 237 10 814 237 333 834 333 15 178 145 37 217 239 83 20 38 39 10
22 199 181 50 1044 2595 1082 799 158 128 1060 516 104 191 34 4554 12101 6959 3559 9317 11462 14638 4118 2153 1472 4450 9026 284 1198 3989 2290 1460 6237 2426 655 444 972 2452 1620 209 2195 2531 1416 692 180 99 599 768 2560 80 59 341 344 909 108 301 12 1054 186 353 773 279 18 105 176 34 205 284 68 11 31 70 9
20 188 165 25 1139 2464 1247 766 162 177 600 308 92 56 10 5112 13043 5935 3992 11596 14003 14219 6237 2260 2113 2535 6517 298 1797 2361 1215 2605 4267 1686 712 581 1209 2694 1719 411 2175 775 574 525 64 125 510 870 870 69 105 522 254 536 208 36 23 332 91 345 383 67 29 134 37 58 103 53 41 3 28 9 2
16 195 91 29 1035 1730 1376 261 128 154 737 211 101 69 19 4578 7920 6008 3448 12140 9965 6159 6842 430 1820 3873 4632 293 981 2690 1151 2278 5068 620 544 505 723 2445 856 328 2582 856 400 506 38 113 532 590 1150 124 32 366 301 545 166 33 26 661 102 349 381 87 15 78 97 39 191 71 42 8 30 25 6
18 182 126 27 1114 1939 1105 484 157 166 663 246 89 72 14 5432 10385 5383 4074 10405 9402 9098 5134 1164 2258 2902 5224 333 1224 2758 954 2057 4568 1006 589 498 1193 2280 1245 388 2079 1042 534 579 26 128 462 600 1039 86 128 493 246 538 142 58 31 453 90 322 429 81 52 115 71 50 123 74 44 6 23 19 2
15 153 85 20 1146 1360 915 246 110 156 436 164 63 39 6 5664 8559 3884 5398 10352 6593 4879 4205 407 2422 1633 3022 630 973 2186 869 1989 2882 526 541 555 1049 1660 678 388 1329 509 253 400 47 217 542 369 514 63 63 388 180 341 110 19 46 187 35 287 213 47 24 70 44 44 49 23 38 1 14 7 0
17 172 115 21 1094 1853 1132 428 113 156 541 198 66 45 9 5203 10512 5213 4398 11312 10167 8644 5422 992 2153 2488 4493 551 1277 2293 846 2227 3966 824 597 586 742 2030 989 430 1625 681 348 498 26 178 466 494 695 64 43 306 241 400 98 28 48 319 62 301 261 49 15 50 50 42 83 40 27 0 16 10 1
10 130 32 13 968 620 967 46 49 157 352 49 50 20 5 4804 3864 1985 4461 11103 3686 1085 4989 31 2492 1758 1114 485 494 1670 246 2234 2661 69 267 605 444 932 161 453 1234 313 52 329 5 236 431 140 341 28 7 217 206 122 67 8 49 189 13 265 119 16 11 20 22 43 36 10 26 0 11 6 0
21 179 183 27 1240 2506 926 911 180 160 574 334 70 76 9 5987 15201 6163 5296 9579 10657 15719 3792 2959 2345 2096 6093 602 1608 2691 1327 1803 3620 1854 830 501 1469 2465 2040 390 1444 982 771 552 62 195 490 666 968 83 131 566 223 672 84 83 49 282 83 318 377 105 34 101 72 44 62 55 41 1 14 12 0
14 163 76 15 1140 1398 1024 215 133 159 351 120 52 27 2 5582 7724 4859 5686 11037 7319 4926 4352 354 2689 1549 2413 717 869 1553 723 1854 2201 386 585 551 1208 2303 797 376 1021 319 162 265 27 275 479 270 414 129 66 536 117 343 105 15 50 61 13 229 174 34 43 91 41 41 13 9 35 1 2 0 0
12 143 54 12 1026 984 1055 125 84 152 303 73 59 19 3 5122 5950 2835 4782 11523 6072 2817 5595 167 2322 1482 1573 578 734 1393 312 2298 2192 175 330 572 771 1498 416 404 1437 249 99 277 11 215 446 267 308 59 35 316 154 172 144 8 42 103 13 225 163 9 12 53 22 48 33 8 19 2 12 3 0
9 126 27 9 961 599 895 32 70 174 199 42 35 9 1 4654 3434 2266 4990 10599 3734 851 3979 13 3252 1036 789 486 538 999 384 1905 1087 56 232 510 694 1344 187 518 743 97 27 131 12 264 319 112 181 71 19 371 105 112 55 1 70 17 5 184 43 11 48 48 18 36 2 1 20 0 0 0 0
12 144 52 14 1016 983 971 112 74 148 349 80 52 24 4 5310 5697 3480 4784 10623 5575 2604 4340 133 2591 1598 1770 585 725 1642 496 1772 2316 180 413 595 685 1312 368 383 1170 323 107 286 11 257 416 208 382 66 20 284 153 169 88 9 42 122 14 219 157 22 21 51 21 36 40 16 20 0 8 3 0
17 144 117 19 1057 1601 886 440 97 145 403 203 53 29 8 5723 10728 3433 4767 9656 8134 7620 4337 1011 2234 1310 3630 620 1242 2145 830 1953 2926 932 472 557 754 1573 866 418 1217 462 238 469 49 204 366 427 373 50 35 302 175 340 113 14 46 213 73 203 186 29 13 55 20 39 63 29 14 1 12 3 1
10 130 33 12 902 629 1029 51 45 160 333 46 59 19 4 4515 3886 1804 3837 11395 4005 1187 5649 40 2531 1644 1079 399 550 1571 184 2386 2540 68 212 564 335 851 145 475 1511 313 52 343 4 186 397 182 291 50 5 191 169 119 127 9 50 127 10 244 147 13 8 18 24 48 50 10 21 0 11 4 0
8 94 21 7 790 374 671 24 40 148 172 23 16 8 1 4244 2449 1239 4482 8133 2207 523 3221 13 2667 493 463 501 356 1046 151 1824 1365 23 153 459 470 670 78 463 367 127 20 245 3 288 171 31 105 25 19 250 51 75 19 2 64 32 2 95 35 4 25 8 8 20 10 3 6 0 0 0 0
14 119 79 12 966 1115 611 240 73 115 228 105 29 18 1 6129 8059 2653 5258 7230 4908 4325 2329 438 2291 809 1737 817 863 1397 482 1092 1225 375 389 443 629 1115 553 294 529 183 131 190 22 266 254 205 253 51 20 246 90 180 32 7 48 25 6 132 80 16 14 23 24 18 11 5 13 1 1 0 0
6 99 11 4 821 271 753 8 35 155 112 8 21 4 0 3992 1589 1176 4402 9662 1744 236 3363 2 3012 684 197 457 248 522 53 1755 690 5 168 555 360 719 52 482 456 45 5 73 0 265 222 30 89 43 7 217 74 30 35 1 74 0 0 129 26 2 34 10 8 20 0 0 9 0 0 0 0
14 131 84 7 1144 1257 644 291 117 152 176 63 18 9 1 6371 9251 3241 6402 8266 5273 5410 2180 654 2939 927 1396 852 1046 894 216 1267 1064 254 521 531 1245 1527 907 361 372 120 75 149 0 332 192 128 162 53 81 525 79 171 15 2 68 34 8 128 33 4 49 33 13 15 8 3 4 1 2 0 0
12 121 54 12 977 835 754 127 66 137 288 69 38 21 3 5486 5911 2181 4747 8937 4035 2421 3669 175 2306 1061 1382 672 611 1553 296 1859 2200 168 316 531 691 958 344 412 879 350 95 385 4 218 285 160 271 43 23 252 137 147 68 12 59 83 13 173 108 16 16 35 18 27 35 8 12 1 6 3 0
9 121 21 15 907 407 916 18 25 146 395 35 58 23 8 4372 2618 1304 4390 10876 2373 430 4695 6 2301 1955 771 445 320 1892 186 2167 2894 21 149 581 301 460 51 417 1393 354 35 388 5 212 560 94 372 8 1 102 186 53 96 7 33 269 10 252 131 15 3 17 16 50 80 18 18 1 16 6 2
10 123 35 10 886 679 935 57 46 153 248 48 44 13 2 4602 4210 2175 3902 10817 4365 1362 5162 46 2432 1089 1050 420 668 1210 277 2457 1805 82 242 598 386 898 180 486 1069 163 49 257 7 196 351 162 228 26 8 170 122 93 113 2 50 61 6 182 99 11 7 25 12 43 21 6 9 0 9 1 0
6 83 11 4 762 239 523 8 35 123 82 8 12 4 0 4263 1622 965 4504 7204 1250 209 1987 2 2627 317 128 562 197 493 72 1114 457 4 138 428 369 581 56 350 207 34 8 77 0 292 168 12 80 49 6 188 41 36 11 0 64 0 0 75 14 0 26 12 1 13 0 0 5 1 0 0 0
12 133 56 10 963 1029 907 141 54 153 248 59 39 19 1 5201 6413 3232 4484 10278 6133 3368 4291 219 2703 1169 1287 527 933 1195 310 1903 1670 143 411 552 408 1102 350 425 880 258 89 239 9 243 347 198 316 28 9 205 128 106 68 18 56 36 3 192 129 8 21 13 17 36 10 6 14 0 4 0 0
12 116 60 6 908 912 706 171 73 137 178 39 20 9 1 5793 6352 2562 4282 7959 4288 3211 3530 314 2172 569 1007 622 751 911 150 1886 1714 111 355 476 636 1106 477 449 540 224 54 333 0 210 128 101 71 38 31 249 61 109 21 7 78 34 6 116 55 0 17 19 4 12 7 3 9 0 0 0 0
10 103 38 7 907 620 655 74 43 125 175 37 23 8 1 5210 4550 1737 5161 8294 3344 1502 3064 81 2334 639 843 742 553 1006 163 1557 1263 79 268 507 541 686 182 338 490 115 34 167 2 260 251 91 119 16 13 213 70 76 40 2 56 27 4 134 46 5 10 16 6 19 10 3 9 0 1 0 0
9 103 31 5 941 570 593 53 59 132 106 27 15 4 0 5032 4015 1903 5593 8226 2842 1213 2286 48 2809 408 492 678 485 701 176 1184 559 54 257 474 733 950 221 312 263 38 17 81 4 349 176 53 67 46 23 297 53 82 19 1 60 0 0 77 23 2 41 17 1 17 0 0 6 0 0 0 0
8 111 22 6 780 429 916 31 39 151 202 15 34 9 1 4254 2752 1268 3132 10314 2705 702 5082 25 2357 1142 461 384 396 900 39 2342 1790 15 146 561 278 714 132 520 963 197 18 277 0 179 217 71 110 44 7 129 108 33 76 7 70 39 2 181 82 0 9 12 15 28 12 3 9 0 3 0 0
13 125 66 12 919 1003 898 179 55 166 315 84 36 21 2 5061 6734 2244 4031 9501 6065 3391 5077 291 2331 1274 1947 495 1044 1548 298 2698 2637 248 342 545 438 953 346 570 953 342 121 426 7 168 234 204 335 21 15 232 139 152 63 9 74 70 10 208 121 18 10 13 23 31 20 8 13 2 4 1 0
9 97 31 5 752 547 761 55 27 154 131 23 22 6 0 4222 3824 1392 3493 8512 3660 1242 4647 55 2417 492 552 413 706 694 86 2487 1194 42 194 494 198 549 123 574 571 79 25 198 0 187 171 89 110 10 2 137 52 39 47 1 76 0 0 131 48 2 6 5 5 24 0 0 6 1 0 0 0
8 66 23 5 734 335 248 29 14 62 83 24 8 3 0 4892 3167 888 4786 4225 1149 571 562 15 1557 263 358 795 257 682 135 330 307 37 201 355 197 162 44 112 108 25 11 48 5 226 137 31 48 2 1 68 52 31 3 0 24 0 0 47 11 2 1 2 0 6 0 0 2 0 0 0 0
7 76 18 3 734 346 404 21 23 81 58 13 3 1 0 4928 2622 1258 4330 5768 1720 550 1429 11 1749 206 224 712 254 457 112 677 253 18 197 430 296 394 59 173 33 9 4 51 2 260 46 8 12 12 5 139 46 33 0 0 27 0 0 16 3 0 12 4 0 1 0 0 0 0 0 0 0
11 129 43 12 897 777 993 83 57 170 325 58 37 22 2 4470 4799 2132 3797 10730 5042 1835 5343 88 2648 1554 1368 399 794 1598 277 2551 2517 111 247 552 421 1138 251 586 989 334 78 365 6 185 247 138 368 45 14 221 154 130 77 12 74 69 6 214 125 18 21 15 46 32 18 8 14 2 3 1 0
8 110 19 9 783 368 983 19 18 160 266 25 50 7 5 3968 2363 911 3278 11051 2782 429 6099 8 2344 1329 700 338 421 1223 73 2804 2191 23 97 594 180 333 38 506 1333 122 17 298 0 170 374 121 107 4 2 84 138 28 117 0 54 168 12 233 51 2 2 12 4 40 61 5 8 0 13 2 1
8 112 22 6 876 459 921 28 40 161 177 22 34 4 2 4348 2936 1457 4250 10709 3135 714 5332 17 2524 915 597 444 451 817 94 2624 1417 30 209 592 416 798 96 543 885 56 12 187 0 219 272 100 70 39 13 206 95 49 67 0 65 74 7 189 30 2 13 20 8 34 20 1 8 0 6 1 0
12 97 62 4 887 850 485 183 51 112 101 34 7 3 0 5879 6777 1973 5181 5980 3505 3285 2060 344 2048 309 738 832 706 606 138 1261 837 123 356 356 601 767 343 366 158 72 24 196 3 246 45 51 26 31 21 253 40 90 3 1 59 0 0 37 12 0 19 7 0 1 0 0 0 0 0 0 0
5 76 6 4 648 139 603 2 14 128 105 4 16 4 0 3442 925 535 3549 7709 899 65 3110 0 2335 448 76 385 147 618 34 1701 768 1 75 425 172 257 5 431 388 57 1 138 0 245 131 10 68 8 2 90 59 15 42 1 55 0 0 85 30 2 9 4 6 17 0 0 2 0 0 0 0
8 97 23 5 880 409 649 31 49 151 128 20 22 5 0 4628 2760 1203 5226 8434 2326 691 2966 21 2854 516 455 574 381 661 95 1696 904 27 144 481 708 731 80 429 468 71 16 127 2 281 235 54 80 25 32 309 60 48 32 1 72 0 0 136 31 3 28 27 6 24 0 0 10 0 0 0 0
8 91 24 4 842 437 520 35 43 116 94 18 10 3 0 4792 3200 1404 5054 7285 2157 797 1875 26 2577 412 376 660 362 630 111 979 510 30 197 436 516 709 134 258 164 35 11 88 1 314 123 28 46 41 13 219 58 49 9 0 60 0 0 57 11 2 34 13 6 9 0 0 4 0 0 0 0
8 87 25 3 801 439 519 41 29 118 92 12 10 3 0 4947 3411 1409 4488 6691 2140 908 2274 39 2169 385 340 611 406 481 57 1357 791 18 245 438 351 429 110 353 237 65 12 147 0 246 92 32 34 9 6 170 51 28 9 1 61 0 0 67 18 0 10 8 1 8 0 0 1 0 0 0 0
9 84 35 1 854 571 337 77 39 78 21 7 1 0 0 5898 4742 1842 5281 5070 2051 1668 802 105 1810 83 127 950 422 151 39 460 95 21 356 408 501 506 213 129 14 0 0 17 0 245 14 5 0 15 12 160 15 20 0 0 21 0 0 7 0 0 9 2 0 0 0 0 0 0 0 0 0
6 96 10 5 804 231 683 6 41 141 123 8 22 6 0 3993 1344 1134 4389 9152 1278 166 2818 1 2875 559 165 439 158 670 79 1454 766 3 113 495 432 763 37 412 438 68 7 93 0 296 253 16 101 58 10 203 42 33 27 1 65 0 0 123 29 2 41 19 14 23 0 0 12 1 0 0 0
5 90 7 3 691 175 720 4 26 134 103 3 15 3 0 3761 1012 912 3617 8787 1010 111 3441 1 2426 725 86 442 136 405 17 1775 842 0 103 485 239 507 33 411 413 60 3 105 0 254 169 10 62 43 3 127 47 17 11 1 56 0 0 104 18 0 9 5 3 23 0 0 6 0 0 0 0
5 96 4 6 640 99 1021 1 12 171 195 2 33 5 2 2964 582 209 2438 11196 956 31 6837 0 2441 1194 59 214 154 892 4 3309 1659 0 25 546 69 283 7 639 986 85 1 212 0 166 222 7 96 17 1 56 108 5 83 1 70 70 0 182 39 0 2 3 10 38 28 2 5 0 4 1 0
7 97 19 2 807 423 652 26 40 119 63 8 8 1 0 4699 2704 1846 4464 8291 2479 708 2714 19 2417 412 232 666 338 293 55 1272 444 12 223 516 426 720 131 335 191 17 4 57 0 263 88 23 23 35 10 214 48 20 4 0 53 0 0 61 6 0 14 9 0 8 0 0 1 0 0 0 0
9 75 34 2 724 491 356 71 28 61 45 12 4 1 0 5461 4187 1234 3912 4987 2075 1368 1336 90 1271 199 255 790 336 289 45 566 246 30 221 363 304 416 141 181 87 8 6 38 0 177 51 18 21 10 8 88 31 15 2 0 28 0 0 14 2 0 5 6 3 1 0 0 1 0 0 0 0
8 104 22 6 784 415 873 29 28 158 191 19 33 7 1 4059 2720 1084 3777 9914 2808 647 5155 20 2451 946 551 438 439 859 56 2565 1724 22 153 583 294 505 82 546 906 144 19 248 0 205 254 85 101 17 3 162 83 39 67 2 65 40 2 179 59 2 1 13 4 38 10 3 8 0 5 0 0
9 71 32 4 691 457 260 58 23 56 59 24 3 2 0 5327 3805 1282 4182 3936 1569 1134 600 57 1249 184 312 803 295 484 154 339 186 55 205 281 302 267 111 93 40 19 10 42 3 174 22 15 26 9 5 98 36 29 0 0 17 0 0 11 4 1 1 2 2 0 0 0 0 0 0 0 0
8 110 21 7 818 433 941 25 26 140 193 22 46 7 2 4166 2812 1136 3809 10971 3278 629 5168 14 2389 1084 591 438 450 909 68 2145 1328 24 160 599 233 518 70 383 1159 74 21 139 0 230 368 136 129 23 4 106 90 23 129 0 40 66 6 197 49 0 5 10 16 39 27 2 15 2 8 1 0
6 73 13 2 678 257 453 13 20 97 54 6 7 1 0 4004 1887 900 4094 6396 1343 330 1810 6 2102 227 139 573 215 370 31 956 357 6 140 393 254 349 43 263 164 16 3 85 0 239 58 19 13 9 3 129 34 23 17 0 51 0 0 32 7 0 8 2 1 4 0 0 0 0 0 0 0
6 52 13 2 517 205 223 12 9 58 35 8 1 0 0 3756 1791 609 3131 3288 802 257 674 4 1341 101 130 475 193 285 56 437 168 10 101 221 102 126 24 138 17 0 0 40 1 176 6 3 0 1 0 40 22 10 0 0 41 0 0 7 0 0 5 1 0 0 0 0 0 0 0 0 0
8 76 23 5 734 393 370 31 32 78 69 21 3 3 1 4865 3012 1269 4634 5118 1791 714 1162 20 1650 146 247 764 323 622 178 666 253 33 202 359 397 481 108 172 35 13 9 45 1 222 52 10 39 15 7 137 26 50 0 0 44 18 4 13 2 2 14 4 5 0 2 1 0 0 0 0 0
11 97 52 3 936 769 477 140 54 94 71 23 11 2 0 5758 6176 1964 5925 6656 3319 2660 1705 238 1959 292 492 987 548 442 86 889 431 77 378 450 693 724 350 205 222 24 14 62 0 257 121 71 32 19 21 225 36 48 18 0 46 0 0 61 15 1 15 11 2 7 0 0 1 0 0 0 0
9 119 29 7 860 589 1075 44 45 179 191 33 41 5 2 4290 3637 1449 3735 11576 4680 1092 6734 33 2511 987 806 364 664 823 160 3209 1547 57 217 640 417 943 149 588 1134 67 18 222 3 183 250 155 111 28 13 246 109 58 120 0 61 66 9 188 36 4 13 29 3 43 27 1 8 0 8 1 0
6 58 13 2 569 212 257 13 14 51 44 6 3 1 0 4167 1736 653 3555 3867 825 276 730 6 1136 220 126 634 145 310 29 371 216 6 108 276 187 192 37 82 44 9 3 29 0 174 47 6 19 4 1 54 22 6 0 0 13 0 0 17 1 0 4 3 3 1 0 0 1 0 0 0 0
5 92 6 4 681 159 875 2 16 154 133 5 22 2 1 3274 922 671 3105 9986 1228 64 5525 0 2398 853 154 300 188 593 27 2738 1129 1 99 545 135 396 11 581 637 28 2 151 0 194 185 22 42 15 1 88 76 18 40 0 76 42 1 131 15 0 5 5 3 24 12 1 3 0 2 0 0
6 85 13 2 748 281 600 12 37 143 50 8 10 0 0 3937 1903 952 4342 7830 1707 315 2750 4 2854 305 169 486 316 265 56 1591 285 10 124 414 389 656 64 421 234 0 0 41 1 274 103 27 0 42 9 210 33 31 17 0 73 0 0 64 0 0 30 13 0 12 0 0 0 0 0 0 0
5 53 9 1 566 170 248 7 7 67 22 3 3 0 0 3777 1470 605 3609 3828 712 182 729 2 1490 76 60 570 162 162 19 483 122 3 123 288 104 110 12 185 42 0 0 24 0 185 42 9 0 2 1 52 9 6 1 0 34 0 0 24 0 0 1 0 0 2 0 0 0 0 0 0 0
6 84 14 1 651 320 758 16 23 135 42 4 6 0 0 3602 2060 1053 3134 8530 2545 461 4965 9 1978 330 155 438 413 155 13 2621 443 6 145 490 208 548 62 550 200 0 0 58 0 166 45 20 0 19 3 132 30 13 8 0 80 0 0 52 0 0 3 4 0 7 0 0 0 0 0 0 0
5 62 8 2 568 165 338 5 19 50 37 4 4 1 0 4063 1190 714 3390 4756 759 129 1140 1 1196 124 64 657 89 286 36 401 165 2 106 345 181 322 30 100 62 4 2 19 0 150 52 4 19 18 2 72 16 10 4 0 10 0 0 14 4 0 1 4 3 2 0 0 0 0 0 0 0
6 60 15 0 603 256 264 20 22 48 0 0 0 0 0 4444 2155 881 3733 3965 980 433 690 15 1120 0 0 682 150 0 0 332 0 0 125 282 264 306 79 77 0 0 0 0 0 153 0 0 0 17 3 82 0 0 0 0 13 0 0 0 0 0 4 0 0 0 0 0 0 0 0 0 0
7 73 20 1 664 350 385 30 35 83 18 5 0 0 0 4715 2636 1147 3835 5223 1635 665 1296 25 1758 37 77 599 306 130 42 705 88 10 174 345 357 531 123 183 0 0 0 20 0 236 0 0 0 28 13 140 8 13 0 0 47 0 0 0 0 0 16 0 0 0 0 0 0 0 0 0 0
5 81 9 1 709 214 561 7 41 105 20 3 4 0 0 4079 1335 1075 4119 7703 1167 187 2251 2 2253 67 48 556 126 129 35 1067 105 3 123 462 394 781 63 266 65 0 0 10 0 272 49 6 0 59 12 209 8 12 4 0 54 0 0 15 0 0 28 6 0 2 0 0 0 0 0 0 0
5 65 8 2 621 151 399 5 19 74 49 4 11 1 0 3539 1252 522 3795 6090 707 111 1503 1 1679 228 84 512 114 314 15 798 291 2 76 369 177 311 23 187 213 13 2 44 0 181 133 17 14 19 3 58 15 14 18 0 43 0 0 58 9 0 4 5 0 7 0 0 1 0 0 0 0
6 76 10 5 593 233 675 6 18 130 95 9 8 4 1 3240 1458 729 2862 7489 2129 193 4569 1 1936 337 148 366 366 697 95 2488 597 4 76 433 154 398 25 542 211 20 6 98 0 159 55 15 90 10 3 114 42 25 10 0 81 21 1 42 13 1 10 1 10 5 1 2 1 0 0 0 0
5 57 9 1 589 168 327 7 16 90 26 3 1 0 0 3383 1355 591 3688 4928 832 164 1241 2 1936 59 69 456 167 213 19 870 203 3 89 317 224 246 28 270 19 0 0 53 0 228 11 2 0 4 3 113 10 9 0 0 52 0 0 7 0 0 10 1 0 0 0 0 0 0 0 0 0
5 65 9 1 586 213 401 7 15 93 15 3 1 0 0 3594 1448 955 3340 5673 1256 218 1547 2 1972 44 38 454 244 123 41 936 46 3 144 347 174 273 35 300 11 0 0 9 0 216 12 3 0 9 1 97 6 7 0 0 42 0 0 4 0 0 9 0 0 0 0 0 0 0 0 0 0
5 76 9 1 690 211 530 7 25 109 29 3 7 0 0 3714 1420 917 4038 7492 1242 199 2246 2 2311 178 73 487 185 157 16 1171 170 3 131 450 289 446 40 305 170 0 0 32 0 263 57 18 0 29 5 144 26 14 17 0 63 0 0 33 0 0 17 3 0 4 0 0 0 0 0 0 0
5 87 4 6 626 92 754 0 8 128 202 4 19 4 2 3433 582 476 2779 8785 480 0 4284 0 2050 1222 90 319 50 984 39 2127 1769 0 51 461 67 138 0 463 579 100 0 278 1 181 142 1 64 6 0 26 132 14 19 0 74 85 0 128 28 0 1 1 4 14 16 4 4 0 1 0 0
8 96 24 4 716 454 840 35 38 152 104 18 19 3 0 3917 3014 1062 3303 9075 3470 810 5416 26 2289 430 404 413 600 521 78 2751 918 30 160 524 283 814 134 590 530 37 11 137 1 179 121 69 66 31 7 166 40 45 43 0 78 0 0 103 27 2 6 10 4 23 0 0 4 0 0 0 0
6 72 14 1 587 265 622 16 25 129 37 4 4 0 0 3361 1871 673 2933 6982 2011 372 4302 9 1929 146 135 392 387 178 11 2452 426 6 92 389 224 518 60 550 115 0 0 80 0 140 33 13 0 15 7 127 14 13 5 0 84 0 0 33 0 0 8 3 0 1 0 0 0 0 0 0 0
6 94 12 3 717 282 811 11 26 139 88 6 24 3 0 3634 1799 1003 3442 9898 1980 311 4368 5 2469 475 165 368 307 414 25 2088 651 3 128 527 231 604 59 451 592 43 6 84 0 232 182 42 44 31 3 110 37 11 83 1 55 0 0 106 34 0 16 6 6 28 0 0 7 0 0 0 0
7 79 20 1 713 374 554 30 29 115 34 5 4 0 0 4340 2754 1117 4140 6807 2369 714 2829 25 2025 181 153 601 417 164 18 1648 306 10 179 425 340 521 100 364 98 0 0 47 0 218 31 18 0 10 8 168 27 17 5 0 62 0 0 38 0 0 9 2 0 1 0 0 0 0 0 0 0
5 63 10 0 627 200 395 10 26 87 0 0 0 0 0 3840 1426 698 3924 5589 1119 252 1647 5 1795 0 0 589 174 0 0 870 0 0 112 374 358 425 48 239 0 0 0 0 0 243 0 0 0 18 10 142 0 0 0 0 38 0 0 0 0 0 16 0 0 0 0 0 0 0 0 0 0
5 82 9 1 684 218 700 7 30 146 32 3 9 0 0 3519 1227 830 3709 8580 1627 206 3786 2 2587 209 85 423 229 115 15 2017 230 3 112 475 365 608 37 508 235 0 0 35 0 237 73 21 0 26 10 197 22 11 24 0 74 0 0 53 0 0 23 6 0 12 0 0 0 0 0 0 0
5 55 10 0 521 190 367 10 15 71 0 0 0 0 0 3508 1479 549 2958 4765 1168 246 1753 5 1406 0 0 492 185 0 0 896 0 0 84 349 175 286 39 239 0 0 0 0 0 153 0 0 0 7 2 87 0 0 0 0 38 0 0 0 0 0 6 0 0 0 0 0 0 0 0 0 0
6 47 14 1 501 202 161 16 11 46 11 4 0 0 0 3699 1893 566 3238 2698 665 317 344 9 1054 27 38 561 170 96 30 233 23 6 96 219 136 117 35 82 0 0 0 4 0 130 0 0 0 0 1 50 1 6 0 0 20 0 0 0 0 0 3 0 0 0 0 0 0 0 0 0 0
5 74 6 4 582 133 619 2 10 120 117 5 13 2 1 3160 781 580 3027 7496 968 49 3358 0 2119 510 137 394 148 662 35 1767 956 1 73 448 134 160 8 442 344 34 2 163 0 204 115 11 33 5 1 62 55 12 19 0 53 33 1 69 11 0 1 3 0 18 12 1 1 0 0 0 0
6 72 11 4 636 207 450 8 12 92 105 8 12 4 0 4136 1554 701 3368 5949 1062 190 1791 2 1878 474 186 494 193 620 43 954 708 5 122 396 122 201 19 261 251 63 5 111 0 214 139 19 61 5 1 51 57 18 9 1 46 0 0 75 21 2 1 0 4 14 0 0 4 0 0 0 0
6 71 11 4 595 199 565 8 14 109 96 8 16 4 0 3391 1467 435 3299 7105 1386 183 3111 2 1977 365 154 417 239 544 37 1597 740 5 54 398 156 227 22 337 374 62 5 114 0 222 160 29 61 7 2 63 36 17 42 1 53 0 0 89 22 2 3 1 3 17 0 0 6 0 0 0 0
6 83 14 1 688 300 604 16 33 134 33 4 8 0 0 3731 2085 991 3639 7815 1835 412 2783 9 2617 249 118 406 377 127 14 1597 227 6 139 421 277 631 82 417 213 0 0 29 0 250 75 26 0 40 8 149 23 14 17 0 70 0 0 51 0 0 21 6 0 11 0 0 0 0 0 0 0
6 85 9 6 672 177 649 5 11 115 178 8 24 5 2 3809 1304 562 3403 8130 1017 111 3119 1 2107 950 214 412 168 937 34 1555 1343 2 83 479 74 217 16 351 580 97 6 206 0 213 229 29 65 6 0 23 90 18 38 1 51 67 2 144 31 0 1 2 5 16 23 2 1 0 3 1 0
5 63 8 2 544 136 560 5 16 120 68 4 8 1 0 3093 1099 270 2828 6549 878 92 3866 1 1861 171 116 390 165 369 6 2240 794 2 53 380 143 303 19 507 209 28 2 143 0 155 70 14 4 20 1 85 15 20 8 0 78 0 0 61 6 0 8 2 1 5 0 0 1 0 0 0 0
5 40 10 0 480 144 121 10 8 28 0 0 0 0 0 3694 1418 424 3453 2129 409 195 198 5 721 0 0 660 78 0 0 102 0 0 90 179 145 73 21 37 0 0 0 0 0 122 0 0 0 1 1 32 0 0 0 0 4 0 0 0 0 0 1 0 0 0 0 0 0 0 0 0 0
5 62 9 1 587 177 405 7 14 91 31 3 6 0 0 3478 1348 544 3562 5769 1056 168 1723 2 1889 213 88 536 184 151 11 923 206 3 76 361 195 197 25 304 137 0 0 21 0 202 59 15 0 4 2 90 25 5 8 0 47 0 0 49 0 0 3 3 0 7 0 0 0 0 0 0 0
5 43 7 3 471 96 160 2 12 34 46 7 3 1 0 3578 820 266 3235 2536 306 29 358 0 787 134 95 594 45 374 43 212 164 1 35 203 189 139 8 44 25 7 2 25 2 126 71 3 9 3 1 40 23 17 0 0 11 0 0 14 1 0 5 3 1 1 0 0 1 0 0 0 0
5 78 6 4 686 134 598 2 16 113 106 4 20 4 0 3415 914 500 4020 8224 821 54 2756 0 2308 517 86 438 112 560 21 1374 701 1 74 481 173 325 12 318 447 54 1 96 0 254 244 13 76 19 2 81 51 14 30 1 56 0 0 105 26 2 9 1 4 20 0 0 10 0 0 0 0
5 36 8 2 460 99 90 4 9 33 25 6 1 0 0 3539 1009 228 3359 1735 217 63 116 0 837 66 65 598 69 262 34 94 62 4 63 132 163 74 12 45 5 0 0 16 1 146 25 2 0 1 1 39 12 10 0 0 8 0 0 4 0 0 2 1 0 0 0 0 0 0 0 0 0
6 63 15 0 616 277 287 20 19 59 0 0 0 0 0 4349 2183 1052 3966 4201 1160 487 754 15 1315 0 0 730 200 0 0 407 0 0 166 283 242 265 67 96 0 0 0 0 0 177 0 0 0 5 3 81 0 0 0 0 13 0 0 0 0 0 7 0 0 0 0 0 0 0 0 0 0
5 52 10 0 538 182 301 10 13 81 0 0 0 0 0 3327 1581 493 3354 4501 959 237 1269 5 1717 0 0 439 221 0 0 880 0 0 90 263 151 231 36 248 0 0 0 0 0 188 0 0 0 7 1 89 0 0 0 0 52 0 0 0 0 0 7 0 0 0 0 0 0 0 0 0 0
5 83 8 2 697 197 651 4 30 119 57 6 9 0 0 3620 1108 857 3934 8432 1287 117 3140 0 2385 358 139 489 150 299 50 1467 368 4 108 480 357 617 25 364 226 0 0 37 1 272 86 18 0 35 5 158 33 32 18 0 56 0 0 55 0 0 28 9 0 10 0 0 0 0 0 0 0
5 79 7 3 680 166 545 3 20 109 90 6 10 0 1 3819 1087 764 3801 7451 942 81 2191 0 2284 583 156 471 135 489 43 1125 576 3 110 447 202 350 20 289 234 0 0 85 0 260 104 15 0 26 2 125 62 24 13 0 61 38 2 63 0 0 9 5 0 5 7 0 0 0 1 0 0
6 74 12 3 621 210 621 10 26 127 88 8 10 2 0 3447 1471 464 3248 7258 1424 205 4053 3 1973 305 205 430 241 484 21 2280 855 7 69 407 288 471 41 529 259 34 4 164 0 164 98 18 35 38 5 137 23 22 10 0 82 0 0 57 8 1 15 8 7 3 0 0 3 0 0 0 0
5 53 8 2 469 128 394 5 6 83 62 4 5 1 0 3067 1068 259 2611 4726 733 99 2178 1 1451 214 112 401 134 366 8 1239 576 2 52 279 69 125 6 330 130 24 2 128 0 144 42 10 9 4 0 39 28 12 2 0 51 0 0 21 5 0 3 0 0 2 0 0 0 0 0 0 0
