20 214 153 37 1054 2624 1315 623 194 132 820 389 117 107 21 4319 11265 8538 2948 10980 13546 13442 5481 1535 1405 3962 7507 211 1246 2929 2065 1689 4752 1743 715 484 972 3521 1818 193 2506 1110 880 438 105 61 561 989 1703 158 104 405 307 873 172 85 6 651 155 317 521 179 19 133 138 32 179 124 85 10 38 19 10
18 184 111 42 1022 1791 1011 342 117 118 915 310 94 130 34 4896 8792 5710 3399 9659 8077 6960 3811 608 1510 4269 5878 296 853 3780 1609 1344 5084 941 509 444 645 1827 773 173 1889 1463 696 583 82 85 583 567 1903 58 56 214 412 607 97 120 13 1080 161 290 450 193 13 65 131 20 227 179 63 10 23 55 15
32 232 428 68 1075 5237 936 3234 344 112 1077 1451 95 236 39 3637 21155 12948 2915 7301 18214 51164 2533 15601 1124 3680 19966 255 1975 3678 6634 926 4558 13477 1136 304 1921 4168 6368 115 1588 1987 4181 495 853 80 450 1565 2915 155 368 637 299 2137 89 247 13 932 647 243 630 559 41 218 194 20 218 292 81 22 19 66 15
29 216 328 78 925 4086 967 2000 211 91 1318 1257 111 342 55 3351 15751 10151 2135 7112 15836 32121 3116 7526 785 4842 18770 42 1440 4526 5482 943 6110 8579 797 270 951 2858 3198 74 1890 2965 4344 557 639 6 445 1492 4533 100 105 297 369 1533 91 394 0 1385 660 202 900 920 13 149 295 13 280 460 58 93 20 117 19
30 227 349 86 823 4462 1037 2159 221 63 1433 1454 123 387 60 2674 14719 11542 1621 6630 17862 35864 3339 8088 457 5492 21405 53 1060 4269 6735 659 6454 10189 715 237 792 3195 3374 38 2148 3218 5137 416 881 16 417 1808 5158 109 107 205 350 1808 98 426 0 1511 744 126 1003 1158 0 130 349 10 297 534 76 96 18 133 19
23 200 204 49 1065 2909 1115 962 180 113 897 621 117 156 32 4469 13747 7515 3221 9936 14038 17523 4655 2734 1194 3385 9979 196 1350 3622 2887 1473 4736 3320 715 485 1027 2905 2037 153 2297 1339 1519 447 266 41 665 1192 2221 119 81 329 315 992 158 145 4 830 289 288 619 296 12 146 130 24 214 219 86 10 38 48 9
23 182 213 40 1092 2694 955 1090 179 124 782 545 85 113 23 5427 14662 5840 3465 9209 12081 17239 3754 3504 1449 3036 9327 449 1447 3461 2008 1434 4348 3220 599 501 1224 2468 2076 212 1721 1205 1257 524 174 114 478 892 1511 81 130 377 315 880 115 87 17 675 244 292 426 195 21 130 102 23 157 128 51 11 26 26 9
12 160 48 18 1012 959 1117 91 78 163 487 90 79 27 12 4871 5222 3514 3698 11873 5297 2191 5116 90 2159 2745 2114 316 717 2052 469 2118 3250 174 329 627 544 1438 334 368 1878 383 103 376 11 111 500 316 449 76 14 264 255 243 136 8 20 435 46 338 164 22 10 45 33 39 99 30 38 0 30 6 5
21 199 164 46 1110 2504 997 680 190 123 900 455 98 166 29 4717 12058 7697 4045 9263 10576 12996 3315 1721 1613 3769 7795 332 1141 3643 2355 1177 4381 1964 695 452 1325 2768 1843 168 1811 1585 1261 470 101 98 569 743 2449 93 134 437 300 859 109 167 13 787 182 284 599 287 28 133 162 36 165 216 78 30 22 50 6
21 183 177 33 1174 2521 888 820 164 137 631 404 90 95 11 5873 14078 6884 4774 9205 10319 14821 2932 2366 1900 2380 6691 493 1413 2847 1955 1324 3181 2151 739 543 1302 2255 1823 271 1603 1033 894 430 128 124 644 834 1240 84 91 440 214 635 117 100 24 290 89 317 467 160 21 116 77 49 78 83 76 2 21 11 1
19 207 135 36 1052 2363 1256 502 170 138 805 343 109 103 21 4521 10356 8094 3087 11003 11972 11096 5250 1113 1558 3691 6694 218 1179 3068 1972 1692 4546 1388 655 495 863 3171 1426 248 2287 1170 702 473 107 73 594 779 1619 159 74 408 286 774 157 102 7 582 147 308 538 158 15 128 130 43 148 123 82 7 32 25 4
11 128 43 12 951 782 781 85 53 126 290 56 51 20 4 5365 5080 2542 4494 9308 3985 1893 2976 95 2164 1470 1216 579 591 1365 253 1384 1655 108 318 543 431 909 271 292 1033 236 76 202 0 219 450 216 335 39 4 163 150 104 75 8 31 123 14 204 117 14 9 23 26 41 34 10 18 1 11 4 0
25 188 252 48 1172 3175 845 1394 197 132 791 729 76 156 21 5446 17079 7416 4479 8310 12475 22828 2666 4791 1696 2708 10569 503 1705 3710 3245 1297 3670 4726 840 455 1643 2517 2517 247 1294 1286 1902 514 325 113 484 887 2096 69 204 561 280 955 93 150 29 506 224 284 451 326 21 121 149 31 120 158 56 12 19 32 4
20 180 169 21 1229 2491 903 815 180 144 435 278 67 41 6 6274 14626 6848 5173 9580 10695 15190 3083 2534 2158 1874 5029 702 1535 2093 1265 1390 2287 1615 832 549 1468 2523 2059 265 1254 448 467 307 62 216 443 717 580 102 111 516 193 546 97 22 33 171 64 244 221 48 31 107 52 36 56 26 36 2 11 4 1
10 111 33 12 933 562 621 49 60 126 251 50 33 17 4 5080 3938 1722 4693 8454 2621 1021 2145 35 2378 1028 914 576 479 1537 264 1135 1284 74 231 528 594 943 185 301 575 160 51 183 6 256 325 94 256 51 18 230 128 136 32 4 38 103 12 136 62 14 31 28 29 22 28 12 20 1 4 0 1
13 129 62 16 980 982 750 149 63 142 348 101 46 33 3 5680 6452 2564 4488 8669 4970 2960 2880 204 2296 1539 1917 536 834 1910 465 1518 1956 249 335 518 594 971 358 356 931 371 157 320 18 207 352 236 524 26 17 231 193 169 60 19 49 98 12 219 154 38 13 31 35 37 28 14 18 2 7 2 0
14 140 74 17 1103 1163 729 207 87 137 363 115 60 37 5 5927 7765 3369 5381 8897 5009 4072 2475 350 2481 1454 2154 597 794 1938 506 1185 1899 325 453 537 854 1240 538 316 1093 424 203 275 13 207 559 307 512 55 29 337 160 241 63 24 34 132 22 247 203 34 14 55 26 50 41 23 42 2 10 5 0
12 113 52 14 976 779 546 114 59 107 278 78 34 22 6 6071 5770 2114 5005 7192 3183 2156 1719 141 1935 1143 1373 761 519 1676 357 900 1386 179 294 488 666 759 298 227 574 225 96 218 6 246 345 145 295 17 17 236 154 131 35 8 34 153 26 136 79 16 16 33 32 18 41 18 12 1 6 3 1
17 182 113 23 1032 1956 1223 409 134 172 534 203 77 62 6 4834 9636 6015 3321 11551 11256 8978 5603 915 2078 2361 4089 304 1453 2265 1081 2310 3408 794 539 588 809 2626 1151 390 1772 768 411 436 39 133 420 521 979 116 55 437 183 433 137 67 32 173 30 272 377 72 24 71 73 53 52 42 46 4 14 6 0
9 135 29 7 903 697 1084 43 69 180 177 33 34 8 0 4456 3736 2938 3645 11908 4745 1275 5644 32 2585 1000 720 378 685 814 284 2651 1150 49 283 622 496 1576 233 483 853 82 30 159 7 202 244 124 160 95 18 315 84 114 79 2 58 0 0 145 53 6 32 25 14 36 0 0 18 0 0 0 0
10 104 36 9 902 609 517 65 37 120 199 40 27 13 2 5471 4515 1904 4710 7019 2610 1409 1551 65 2368 913 827 603 534 1224 193 935 980 72 263 464 380 549 158 262 414 131 47 163 1 250 266 94 196 13 5 160 129 75 37 4 52 54 6 143 66 6 16 11 14 24 15 8 12 1 2 0 0
11 130 42 13 920 797 913 76 56 138 305 64 43 22 3 4968 4886 2647 3773 10383 4719 1828 4364 71 2120 1350 1263 468 619 1607 400 1883 2061 118 295 660 414 1153 261 340 987 275 77 298 12 230 329 159 354 47 9 193 130 129 58 11 47 98 9 178 131 18 13 20 29 33 32 11 18 1 3 2 0
15 136 91 14 1048 1287 782 310 85 144 355 112 46 29 4 5606 8922 2919 4477 9470 6033 5420 3296 674 2204 1508 2536 547 1034 1869 317 1657 2422 403 422 551 736 1239 673 340 1010 454 198 389 2 213 353 291 386 51 28 283 188 229 71 20 42 127 23 200 178 23 20 36 29 35 33 19 18 0 8 3 0
9 111 23 13 860 405 783 27 22 127 337 29 51 22 6 4510 2825 1124 3787 9881 2277 579 3584 15 2050 1607 621 433 351 1839 114 1650 2297 30 146 600 198 346 62 290 1136 359 26 299 2 205 430 110 310 9 1 85 189 49 95 16 34 199 7 205 125 8 3 7 16 35 53 17 10 0 14 4 1
19 159 154 17 1273 2152 757 711 159 136 312 228 40 29 1 6693 14512 5407 5915 8957 9024 12803 2571 2097 2274 1128 3654 921 1356 1812 1107 1273 1489 1323 813 592 1642 2138 1670 277 691 279 327 210 58 274 337 413 405 90 125 572 126 420 52 15 54 27 11 182 119 39 36 87 38 28 9 5 26 1 0 0 0
14 144 80 11 992 1301 941 254 117 157 271 90 33 18 2 5601 7866 3630 4025 9983 7124 5091 4440 504 2125 1038 1964 571 1053 1338 391 2172 1978 322 424 579 811 2037 822 414 794 219 128 278 4 196 215 208 289 89 70 423 115 241 61 6 51 71 12 139 94 15 44 49 25 30 17 8 8 1 4 1 0
9 100 32 4 824 570 675 58 48 127 102 24 16 2 0 5029 4008 1715 3868 8171 3169 1279 3464 58 2093 299 521 583 535 578 129 1711 807 52 245 497 434 931 185 322 331 37 12 119 4 239 140 82 16 62 10 222 39 91 19 0 52 0 0 68 12 0 20 14 0 16 0 0 2 0 0 0 0
12 119 58 8 928 942 708 149 80 113 189 62 9 9 0 5943 6193 2772 4180 8209 4667 3064 3140 226 1778 716 1260 829 648 1117 362 1452 1373 187 361 531 722 1376 432 251 214 135 61 201 12 233 73 48 133 71 41 285 120 196 8 2 45 0 0 61 19 7 21 21 6 3 0 0 1 0 0 0 0
16 146 109 11 1069 1620 882 424 115 159 272 119 34 16 1 5754 10392 4185 4505 9826 8359 7872 3850 1062 2430 950 2566 613 1394 1395 531 1865 1961 554 570 561 930 1851 1043 409 731 275 145 317 21 237 248 313 197 114 48 410 106 309 50 11 60 20 12 130 90 14 40 44 18 27 10 1 8 0 1 0 0
7 77 19 2 676 353 436 25 26 84 53 10 2 0 0 4812 2629 1260 3465 5773 1737 584 1648 16 1497 232 236 593 320 329 67 868 342 18 181 401 250 459 90 204 44 0 0 60 1 179 18 9 0 17 3 103 44 29 0 0 26 0 0 9 0 0 6 1 0 0 0 0 0 0 0 0 0
8 107 24 4 799 508 765 35 44 130 123 18 15 3 0 4677 3109 2032 3638 9003 2971 906 3716 27 2081 657 470 534 450 614 121 1740 982 27 254 539 362 866 142 347 380 65 12 156 3 209 122 56 40 61 6 193 68 70 17 1 55 0 0 65 18 0 16 14 5 7 0 0 1 0 0 0 0
6 88 14 1 737 326 634 16 43 131 24 4 2 0 0 4109 2046 1414 3691 8143 2028 455 2837 9 2288 105 75 486 327 164 38 1617 129 6 154 468 422 879 104 436 44 0 0 19 0 228 15 7 0 44 15 243 23 21 1 0 67 0 0 4 0 0 31 1 0 0 0 0 0 0 0 0 0
11 101 48 7 895 725 449 109 55 117 143 50 16 5 1 5620 5482 1985 4831 6337 2731 2091 1261 142 2281 546 895 640 617 922 250 830 679 135 298 427 571 749 288 272 253 57 34 135 10 266 153 86 65 27 14 238 86 115 12 0 52 26 6 92 20 1 30 21 5 14 8 2 3 0 1 0 0
8 93 21 7 741 369 588 24 53 121 142 23 17 8 1 4613 2465 1139 3342 7333 1909 508 2417 12 2103 480 383 487 307 916 150 1329 851 25 112 435 458 924 113 352 304 74 22 174 1 199 147 34 113 47 20 198 46 81 17 0 59 29 2 82 27 4 32 23 13 11 8 3 5 1 0 0 0
6 66 13 2 624 235 366 13 15 76 53 6 6 1 0 4234 1882 729 3385 4954 1150 300 1356 6 1531 288 150 574 230 329 27 725 315 6 151 369 165 224 34 162 125 12 3 47 0 182 44 16 21 3 4 54 46 9 5 0 34 0 0 43 6 0 1 2 1 2 0 0 0 0 0 0 0
11 93 48 7 841 654 464 112 46 111 148 44 18 8 1 5192 5313 1464 4409 6470 2733 1897 1683 156 2030 487 823 606 614 951 174 1083 851 113 236 442 459 616 262 281 334 107 44 168 3 213 168 91 92 16 12 180 68 82 37 2 56 24 5 104 41 4 9 10 8 13 8 3 6 0 0 0 0
15 126 94 11 979 1283 755 335 68 143 281 99 32 19 2 5688 8995 2864 4202 8824 6592 5783 3523 768 2109 1011 2344 565 1145 1585 327 1859 2033 394 438 591 591 1042 556 382 725 293 151 353 4 199 211 237 253 32 30 270 115 168 57 9 53 58 14 146 108 16 16 20 17 28 22 8 13 0 1 1 0
6 59 14 1 601 227 259 16 23 57 18 4 2 0 0 4149 1906 713 3640 4034 866 325 698 9 1341 57 63 625 154 150 26 341 78 6 120 315 257 313 61 109 18 0 0 10 0 181 35 6 0 10 6 91 8 9 0 0 16 0 0 18 0 0 5 2 0 1 0 0 0 0 0 0 0
5 83 7 3 704 173 598 3 32 134 67 5 14 2 0 3657 1001 886 3530 8027 1033 88 2602 0 2467 297 89 407 165 416 46 1515 349 2 92 470 325 619 27 425 255 11 2 54 0 227 145 13 45 48 4 163 23 26 20 0 60 0 0 66 11 1 24 12 4 20 0 0 3 0 0 0 0
10 89 41 4 911 565 358 91 73 103 66 26 12 3 0 5774 4739 1406 5320 5615 1898 1518 877 120 2116 201 372 821 419 509 113 605 266 70 225 399 899 796 339 208 154 19 17 53 1 259 136 49 44 45 43 313 25 54 9 0 44 0 0 68 12 2 27 27 4 10 0 0 4 0 0 0 0
7 91 15 6 722 280 642 13 29 135 156 15 26 6 1 4084 1943 786 3478 8102 1554 293 2739 4 2262 677 326 385 273 880 63 1649 1040 13 114 474 222 532 49 385 576 92 8 182 1 202 216 41 89 34 4 119 73 49 41 2 58 27 2 140 44 3 20 11 4 28 13 2 9 0 1 0 0
8 89 25 3 707 459 656 39 38 131 76 16 6 1 0 4232 3099 1424 3173 7982 2928 900 3541 32 2062 144 351 478 516 481 103 1876 656 31 201 478 284 775 137 388 117 17 5 122 2 193 52 26 6 57 7 209 29 60 1 0 61 0 0 28 5 0 18 5 0 3 0 0 0 0 0 0 0
6 94 13 2 755 326 617 13 42 120 50 6 5 1 0 4409 1851 1788 3796 7990 1774 406 2295 6 2271 240 121 518 277 295 57 1177 290 6 208 525 405 821 88 317 100 7 3 32 0 230 45 11 27 46 13 213 39 29 4 0 55 0 0 22 3 0 26 4 3 2 0 0 1 0 0 0 0
10 84 42 3 853 582 365 98 45 91 60 21 12 0 1 5450 5080 1334 5041 5454 2169 1735 1073 140 1871 202 376 789 474 417 70 688 270 63 277 372 554 552 241 192 188 0 0 65 0 244 107 72 0 33 17 189 34 44 20 0 45 18 7 47 0 0 11 12 0 11 12 0 0 0 0 0 0
8 98 24 4 864 434 592 38 54 137 102 12 21 6 0 4560 3142 1430 4472 8393 2042 817 2182 36 2559 428 268 510 397 536 55 1385 666 12 165 507 587 828 171 349 426 95 18 116 0 229 218 52 73 57 25 227 44 38 34 4 59 0 0 115 35 0 27 11 4 25 0 0 14 0 0 0 0
8 118 26 2 828 628 952 45 66 163 42 10 12 1 0 4392 3537 2731 3307 10958 4276 1340 5029 45 2472 115 175 395 670 242 100 2461 258 20 284 652 445 1627 281 465 211 10 5 34 0 221 98 47 10 114 18 296 13 35 32 0 62 0 0 41 12 0 36 13 0 14 0 0 0 0 0 0 0
12 97 60 6 837 812 556 164 58 92 127 52 6 4 0 5594 6324 1861 4101 6806 3898 2829 2675 271 1454 267 937 776 577 842 254 1279 1014 179 314 521 495 964 378 251 142 77 33 182 11 188 52 41 42 47 19 205 45 128 2 1 45 0 0 24 9 0 12 8 0 0 0 0 1 0 0 0 0
7 89 15 6 716 284 632 13 17 122 176 16 20 4 2 4103 2025 859 3247 8130 1633 300 2988 4 2144 975 412 401 297 934 67 1505 1352 14 108 514 144 297 33 321 472 83 8 182 1 235 193 45 68 6 1 75 123 32 13 0 59 77 4 126 18 0 12 3 4 14 11 4 7 0 3 0 0
7 91 14 7 751 281 561 12 20 107 179 13 23 8 2 4631 1951 1034 3707 7372 1454 290 2028 5 1938 965 313 515 244 1033 66 1071 1034 6 148 487 180 346 51 248 432 99 14 156 0 231 218 35 142 11 1 89 117 25 39 2 35 58 2 107 41 1 4 3 11 19 19 4 4 0 3 1 0
7 99 15 6 756 332 741 12 32 109 162 17 18 5 1 4549 1980 1296 3375 8797 2111 328 3715 3 1746 881 411 559 249 838 116 1584 1116 13 172 598 308 700 51 271 433 51 10 121 2 200 162 41 109 29 7 156 99 49 14 0 41 39 2 80 19 3 12 11 13 12 8 2 4 0 1 0 0
11 100 49 6 909 710 504 120 50 113 156 37 17 7 1 5840 5693 1742 4823 6605 2969 2172 1796 181 2059 735 869 719 583 887 114 1080 1016 97 284 436 580 659 284 288 334 113 40 185 0 219 140 87 95 12 16 211 88 77 19 2 59 33 5 115 35 2 8 16 7 10 11 3 2 0 0 0 0
7 88 15 6 668 297 624 13 23 123 141 15 22 6 1 4130 1960 967 2836 7634 1819 327 2812 4 2008 615 327 377 311 821 75 1528 897 12 91 467 189 434 43 373 492 55 12 160 0 171 160 48 123 17 3 106 68 25 34 0 55 29 2 105 24 2 10 9 10 18 9 2 10 1 0 0 0
5 72 9 1 625 221 458 7 19 83 21 3 4 0 0 4017 1456 1134 3240 6416 1219 218 1698 2 1572 60 53 522 183 155 32 860 118 3 170 457 175 397 39 186 64 0 0 24 0 204 37 11 0 13 2 89 8 10 4 0 33 0 0 20 0 0 6 1 0 2 0 0 0 0 0 0 0
5 74 8 2 704 184 456 5 21 101 54 4 8 1 0 3962 1266 841 3969 6808 937 141 1599 1 2062 305 96 510 142 293 31 907 318 2 132 468 279 360 28 247 169 14 2 41 0 272 83 11 18 16 3 128 47 12 4 0 39 0 0 47 4 0 15 5 2 8 0 0 2 0 0 0 0
8 81 27 1 748 465 415 50 35 92 26 6 3 0 0 4979 3609 1415 4002 5784 2110 1113 1388 55 1857 145 137 643 393 154 28 752 143 15 239 413 359 550 160 217 66 0 0 22 0 261 26 16 0 16 9 183 15 19 2 0 35 0 0 12 0 0 16 2 0 1 0 0 0 0 0 0 0
11 98 48 7 922 677 537 111 50 119 159 45 22 9 0 5284 5546 1578 5050 7496 3188 1906 2060 151 2122 514 898 647 598 1017 182 1268 994 117 290 470 597 641 267 338 421 130 46 215 5 235 204 115 106 29 16 214 78 94 34 4 53 0 0 105 55 7 13 12 9 16 0 0 8 0 0 0 0
8 115 22 6 809 493 980 26 39 165 162 25 36 4 1 3995 2946 1588 3236 11332 3692 716 5341 13 2435 978 581 315 602 729 146 2550 1115 33 208 618 269 851 103 464 886 48 12 143 4 177 262 129 93 69 5 159 98 67 89 0 54 30 4 155 29 3 9 14 10 39 13 1 11 0 3 0 0
5 75 8 2 592 191 488 4 24 76 55 6 3 0 0 4014 1172 970 3158 6153 1008 116 1845 0 1511 322 133 533 131 332 54 790 338 4 126 401 186 482 28 160 68 0 0 47 1 179 31 6 0 27 2 92 34 32 1 0 27 0 0 18 0 0 8 3 0 0 0 0 0 0 0 0 0
7 69 19 2 676 297 345 26 29 88 41 8 9 1 0 4266 2528 771 3866 5213 1218 503 1064 19 1783 112 141 552 284 287 30 729 218 12 140 337 296 395 91 206 127 11 4 51 0 217 82 29 6 31 5 120 25 23 25 0 47 0 0 35 9 0 8 7 2 11 0 0 0 0 0 0 0
6 77 9 6 674 175 526 4 17 107 136 8 20 8 0 3713 1292 577 3462 7419 946 97 2228 0 1927 469 156 376 166 924 50 1328 825 3 76 449 149 354 16 323 385 84 4 159 0 203 203 14 117 24 1 69 65 23 36 2 53 0 0 99 50 5 5 2 15 16 0 0 7 1 0 0 0
9 61 32 4 718 354 169 58 42 47 42 24 4 2 0 5343 3432 748 4646 2840 862 825 276 57 1094 88 209 901 188 406 114 176 97 55 156 264 622 349 149 45 22 8 10 22 3 164 81 14 16 11 26 133 17 46 0 0 15 0 0 21 3 1 5 9 2 1 0 0 1 0 0 0 0
7 75 20 1 689 355 440 30 27 88 33 5 4 0 0 4741 2736 1039 3559 5778 1856 674 1769 25 1626 242 155 639 314 158 19 893 236 10 175 430 301 415 97 196 107 0 0 26 0 217 37 15 0 11 6 141 24 10 2 0 32 0 0 25 0 0 7 5 0 4 0 0 0 0 0 0 0
6 89 11 4 682 279 643 7 17 117 104 10 14 3 0 4003 1796 1332 3130 8197 1787 215 2849 1 1998 594 232 383 305 562 104 1555 628 6 149 495 121 360 36 353 348 35 5 92 1 204 114 34 68 14 0 76 62 22 32 0 56 0 0 84 16 2 3 2 4 11 0 0 2 0 0 0 0
9 61 35 1 646 434 203 77 20 30 12 7 1 0 0 5024 4037 1041 4112 3054 1324 1321 491 105 689 25 74 849 175 111 37 174 34 21 182 273 282 239 112 26 11 0 0 5 0 102 17 7 0 8 6 53 2 10 0 0 1 0 0 1 0 0 3 0 0 0 0 0 0 0 0 0 0
6 85 12 3 764 270 534 10 27 101 81 8 10 2 0 4325 1816 1218 4104 7687 1433 284 1929 3 1956 452 192 572 211 482 59 997 471 7 174 535 317 515 44 228 207 25 4 70 0 261 115 18 45 18 7 117 64 24 4 0 41 0 0 65 9 1 11 7 2 10 0 0 3 0 0 0 0
6 79 11 4 653 213 516 8 22 112 102 9 18 2 1 3852 1514 690 3226 6913 1090 182 2101 2 1984 492 201 439 228 594 41 1247 629 6 91 468 188 385 38 351 378 29 4 103 0 184 157 30 29 15 2 86 50 23 34 0 56 27 2 99 17 0 6 7 3 16 10 1 4 0 0 0 0
7 86 19 2 723 369 646 26 35 118 63 8 7 1 0 4207 2605 1092 3557 8032 2468 622 3469 19 2019 385 227 562 402 336 16 1696 483 12 152 512 334 682 118 317 171 9 4 55 0 205 62 23 32 29 5 156 44 25 7 0 49 0 0 57 3 0 15 5 5 4 0 0 2 0 0 0 0
7 81 19 2 701 378 448 26 25 69 46 8 6 1 0 4808 2789 1485 3613 6111 1829 671 1554 19 1394 214 163 662 255 282 58 628 240 12 219 422 193 470 92 135 109 12 4 30 0 221 74 21 16 17 2 82 26 21 3 0 18 0 0 29 6 0 6 3 0 3 0 0 0 0 0 0 0
6 72 12 3 625 225 424 11 21 78 81 6 6 3 0 4237 1710 760 3434 5544 1094 253 1514 5 1560 426 142 574 178 472 27 744 503 3 129 378 172 353 49 169 136 45 6 83 0 194 51 8 52 12 1 77 60 20 5 1 31 0 0 42 12 0 3 4 4 2 0 0 0 0 0 0 0
5 68 7 3 562 158 481 3 4 108 80 5 13 2 0 3354 1100 644 2761 6376 981 88 2130 0 1863 357 128 337 201 456 34 1341 535 2 89 391 37 75 5 364 289 26 2 101 0 189 129 17 36 0 0 21 44 4 22 0 55 0 0 73 18 1 1 0 1 17 0 0 2 0 0 0 0
9 78 35 1 777 524 329 77 33 93 22 7 6 0 0 5106 4469 1432 4272 5128 1985 1517 855 105 1931 104 140 592 530 117 26 633 99 21 240 394 393 409 176 211 97 0 0 12 0 226 78 38 0 15 11 141 16 14 6 0 43 0 0 35 0 0 4 4 0 9 0 0 0 0 0 0 0
5 76 8 2 671 200 472 5 20 74 52 4 6 1 0 4127 1244 1086 3753 6745 1059 162 1644 1 1612 287 88 566 112 330 39 658 276 2 161 448 208 394 26 136 117 11 2 40 0 220 72 9 18 15 3 95 47 16 6 0 27 0 0 39 6 0 4 3 3 1 0 0 0 0 0 0 0
5 67 7 3 632 147 399 4 13 77 75 3 10 3 0 3962 1072 642 3644 5803 692 104 1412 1 1483 336 66 585 102 469 30 715 451 0 103 404 174 220 14 179 195 44 3 75 0 193 109 7 38 6 2 69 47 9 13 1 28 0 0 52 18 0 2 3 3 3 0 0 1 0 0 0 0
7 87 13 8 679 240 678 7 17 118 192 17 28 10 1 3689 1750 603 3090 8567 1527 150 3568 1 1909 781 330 375 268 1135 101 1721 1412 6 64 537 131 316 18 334 683 138 10 213 3 170 214 44 148 10 0 55 96 38 55 2 52 30 1 124 58 9 3 7 10 21 15 3 5 0 2 0 0
5 75 8 2 578 185 604 5 19 94 71 4 3 1 0 3482 1212 834 2548 7541 1157 141 3195 1 1594 390 120 416 149 411 30 1476 675 2 92 493 140 445 22 269 91 26 2 116 0 177 19 4 16 22 3 82 44 22 2 0 45 0 0 17 3 0 5 2 0 1 0 0 0 0 0 0 0
5 49 10 0 483 168 227 10 14 37 0 0 0 0 0 3958 1424 572 2491 3394 712 216 710 5 725 0 0 522 108 0 0 297 0 0 90 275 145 188 36 49 0 0 0 0 0 94 0 0 0 4 2 38 0 0 0 0 4 0 0 0 0 0 1 0 0 0 0 0 0 0 0 0 0
6 74 14 1 675 269 499 16 28 118 27 4 9 0 0 3728 1996 801 3670 6854 1570 368 2234 9 2074 135 99 452 327 132 13 1522 171 6 105 421 325 481 74 383 193 0 0 28 0 210 80 29 0 16 5 143 17 9 24 0 58 0 0 50 0 0 9 7 0 12 0 0 0 0 0 0 0
5 54 10 0 538 186 272 10 15 49 0 0 0 0 0 4013 1525 669 2966 4087 855 240 900 5 1010 0 0 574 131 0 0 398 0 0 128 332 160 215 39 83 0 0 0 0 0 170 0 0 0 9 2 51 0 0 0 0 13 0 0 0 0 0 7 0 0 0 0 0 0 0 0 0 0
6 76 13 2 649 270 514 13 24 102 50 6 6 1 0 4043 1777 1052 3426 6742 1623 345 2146 6 1812 191 134 541 263 299 50 1159 334 6 138 450 273 437 51 276 126 17 3 64 0 216 64 12 10 19 5 133 27 16 6 0 49 0 0 32 4 0 8 6 1 1 0 0 1 0 0 0 0
5 71 9 1 548 204 555 7 18 80 36 3 4 0 0 3686 1366 801 2456 6831 1324 198 3070 2 1299 227 95 448 174 187 13 1350 319 3 95 449 122 403 30 223 126 0 0 51 0 145 25 11 0 18 3 71 33 13 6 0 41 0 0 18 0 0 3 1 0 0 0 0 0 0 0 0 0
7 73 17 4 595 290 488 18 14 81 102 14 9 3 0 3983 2179 778 2843 6062 1553 390 2515 9 1390 447 293 487 247 624 87 1098 836 13 118 412 98 262 36 205 251 68 9 148 3 151 62 27 36 4 1 51 63 27 9 1 41 0 0 34 14 0 2 0 2 1 0 0 2 0 0 0 0
5 59 8 2 510 151 394 5 7 92 57 4 7 1 0 3238 1136 487 2504 5252 805 122 1735 1 1651 200 102 331 155 374 18 1183 451 2 74 321 69 142 8 342 154 21 2 109 0 147 49 14 10 4 0 44 26 12 8 0 59 0 0 50 5 0 2 0 0 3 0 0 1 0 0 0 0
5 65 7 3 543 139 507 4 10 117 83 3 9 3 0 3092 973 341 2759 6464 997 102 2497 1 1860 407 79 355 221 486 12 1643 580 0 58 384 123 181 12 449 240 46 3 114 0 153 74 7 52 4 2 56 47 4 11 1 61 0 0 53 16 0 2 2 3 10 0 0 1 0 0 0 0
5 52 8 2 530 132 241 5 17 44 36 4 3 1 0 3867 1095 400 3134 3662 500 97 747 1 940 126 60 575 81 298 26 301 157 2 89 284 173 226 24 64 53 6 2 22 0 143 45 6 15 13 4 55 26 12 1 0 12 0 0 6 3 0 6 0 3 0 0 0 0 0 0 0 0
5 63 9 1 583 168 376 7 27 96 22 3 4 0 0 3706 1264 551 3051 5226 818 147 1404 2 1820 78 56 424 174 139 19 882 129 3 64 374 271 422 45 270 67 0 0 17 0 200 45 8 0 30 6 134 7 10 4 0 53 0 0 21 0 0 17 4 0 2 0 0 0 0 0 0 0
6 81 12 3 657 239 539 11 24 120 92 6 13 3 0 4061 1724 858 3152 6991 1251 262 2219 5 2046 513 162 390 232 473 18 1394 653 3 95 423 188 415 50 364 300 53 6 144 0 187 104 21 46 13 3 101 63 22 25 1 65 0 0 87 24 0 11 5 4 7 0 0 1 0 0 0 0
5 57 7 3 485 131 371 3 12 87 61 5 6 2 0 3219 932 505 2462 4841 730 72 1601 0 1587 117 82 354 133 440 38 1048 444 2 62 309 101 192 13 318 98 22 2 107 0 145 53 7 29 7 0 59 18 14 3 0 56 0 0 41 8 1 3 3 3 1 0 0 0 0 0 0 0
5 60 9 1 514 188 361 7 12 65 22 3 3 0 0 3863 1325 828 2493 4734 1003 190 1407 2 1178 38 59 496 166 154 24 720 162 3 117 363 104 213 27 164 52 0 0 29 0 141 35 8 0 6 0 47 2 7 1 0 22 0 0 14 0 0 0 1 0 2 0 0 0 0 0 0 0
5 72 7 3 641 152 528 3 14 110 78 5 15 2 0 3445 1145 550 3305 7447 885 79 2361 0 1937 314 115 374 155 470 26 1439 524 2 91 449 111 304 13 355 305 22 2 96 0 200 156 20 31 19 1 70 42 16 28 0 55 0 0 79 18 1 6 1 5 14 0 0 3 0 0 0 0
5 65 9 1 532 201 444 7 21 106 17 3 0 0 0 3337 1273 751 2730 5503 1278 199 2042 2 1858 57 40 349 275 98 37 1331 58 3 107 332 197 412 40 382 0 0 0 8 0 167 0 0 0 14 4 123 13 11 0 0 60 0 0 0 0 0 9 0 0 0 0 0 0 0 0 0 0
5 43 9 1 480 142 144 7 6 26 14 3 2 0 0 3735 1321 466 2816 2473 444 151 248 2 608 32 38 594 70 157 21 126 36 3 94 217 77 73 14 33 21 0 0 10 0 98 25 6 0 0 0 17 13 4 1 0 4 0 0 7 0 0 0 0 0 0 0 0 0 0 0 0 0
6 41 13 2 439 167 112 12 6 22 24 8 1 0 0 3653 1567 432 2718 1715 441 214 176 4 535 68 90 553 74 229 50 74 56 10 82 139 82 45 18 17 14 0 0 13 1 86 13 4 0 2 0 21 11 6 0 0 3 0 0 2 0 0 0 0 0 0 0 0 0 0 0 0 0
5 64 9 1 544 178 413 7 26 95 24 3 1 0 0 3602 1222 618 2693 5375 957 175 1636 2 1710 68 58 403 170 178 22 1040 158 3 74 391 233 474 33 268 15 0 0 38 0 191 5 1 0 24 9 119 12 14 0 0 55 0 0 9 0 0 22 2 0 0 0 0 0 0 0 0 0
5 58 7 3 484 141 390 2 3 91 69 7 8 1 0 3047 1005 433 2355 5110 854 47 1745 0 1659 305 144 279 172 466 63 1166 455 1 56 300 50 41 3 340 190 20 2 111 2 147 54 15 14 0 0 25 35 3 10 0 58 0 0 50 6 0 0 1 0 3 0 0 1 0 0 0 0
5 43 10 0 489 146 133 10 13 48 0 0 0 0 0 3704 1396 421 2982 2307 394 183 206 5 1085 0 0 533 136 0 0 193 0 0 94 178 160 130 36 79 0 0 0 0 0 158 0 0 0 4 1 52 0 0 0 0 12 0 0 0 0 0 2 0 0 0 0 0 0 0 0 0 0
5 74 8 2 568 184 552 5 15 90 70 4 6 1 0 3729 1208 831 2576 6812 1044 137 2857 1 1512 406 123 410 167 379 24 1280 614 2 108 449 102 321 24 240 191 24 2 110 0 164 33 11 16 12 0 60 60 17 7 0 46 0 0 19 4 0 2 1 1 0 0 0 1 0 0 0 0
5 69 8 2 556 170 512 5 14 83 60 4 9 1 0 3687 1128 727 2540 6380 981 132 2748 1 1485 259 107 448 128 359 24 1221 548 2 70 442 145 271 14 209 212 20 2 75 0 161 76 15 11 6 3 67 24 13 12 0 37 0 0 40 9 0 5 3 0 6 0 0 0 0 0 0 0
5 74 8 2 574 178 568 5 15 109 62 4 13 1 0 3365 1183 653 2814 7035 1148 133 2659 1 1845 395 117 337 193 301 16 1531 433 2 61 407 141 280 21 362 325 17 2 75 0 162 107 23 17 16 2 65 28 7 27 0 55 0 0 73 7 0 0 3 2 15 0 0 3 0 0 0 0
5 62 9 1 581 175 383 7 24 87 21 3 2 0 0 3524 1277 652 3195 5447 937 174 1425 2 1791 32 50 434 144 142 22 824 141 3 78 368 274 382 31 229 36 0 0 31 0 205 25 4 0 17 8 133 6 13 1 0 46 0 0 6 0 0 17 2 0 0 0 0 0 0 0 0 0
5 35 10 0 377 132 90 10 4 17 0 0 0 0 0 3207 1248 367 2306 1454 325 186 129 5 415 0 0 487 56 0 0 44 0 0 70 123 54 35 12 11 0 0 0 0 0 55 0 0 0 0 0 12 0 0 0 0 3 0 0 0 0 0 0 0 0 0 0 0 0 0 0 0 0
