17 218 87 49 870 1701 1742 193 108 120 1269 281 151 164 42 3303 6197 6043 2303 12202 10871 4655 9935 202 1149 6646 5973 151 737 3823 1790 1961 9533 579 375 441 345 2342 578 181 4178 2332 600 595 115 49 564 617 2759 136 13 177 412 605 338 136 2 1412 119 331 898 259 8 41 241 32 415 241 75 28 48 88 13
36 225 538 92 923 5492 981 4649 311 84 1503 1920 129 505 66 2888 20189 10942 2326 6450 19943 60940 3532 26654 727 4291 26777 158 1512 4590 6504 841 7928 18645 903 243 1718 3621 6090 81 2313 5444 8333 660 846 52 469 2016 5088 115 389 470 327 2335 150 1178 4 1569 908 222 1428 1229 23 263 349 15 375 838 107 80 30 172 22
24 208 233 43 1171 3108 1289 1283 243 153 926 562 132 153 26 4908 15271 6820 4673 10102 15683 21242 6988 4588 1860 3425 10076 273 1626 3274 1985 1975 6775 3392 741 512 1939 3448 2807 318 3011 2185 1576 655 130 85 679 1286 1898 116 262 674 298 1006 249 231 15 748 232 400 756 227 33 260 114 49 271 196 113 6 35 37 11
44 225 806 140 567 7036 779 8422 322 31 1755 3859 120 868 95 1340 16343 12816 987 3449 20996 96339 2074 57379 182 4336 42370 29 795 3631 12764 239 6875 47335 655 93 894 3585 8295 16 1639 6642 19242 253 2881 5 288 2750 7889 124 232 204 230 3453 77 1874 0 1780 1835 69 1504 3297 5 245 504 1 321 1442 86 182 16 259 25
24 219 226 50 1040 3189 1406 1199 203 132 1154 580 144 215 30 4114 13223 8078 3362 10404 16550 21087 7010 4132 1315 4435 11364 276 1354 3652 2402 1851 8359 3191 750 446 1312 3355 2268 252 3280 3303 1860 757 122 68 677 1252 2656 139 167 429 369 1034 258 409 18 857 206 400 1086 347 11 181 179 37 285 278 122 19 40 51 11
20 210 145 45 984 2291 1555 565 146 133 1141 379 133 157 39 3838 9778 6134 3041 11936 13597 10933 8623 1379 1350 5089 8325 222 1094 3831 1491 2195 8796 1425 471 431 809 2841 1294 248 3423 2381 1053 698 63 72 544 854 2261 155 51 303 397 706 289 186 11 1246 208 342 802 188 7 100 204 38 391 235 71 12 35 82 14
24 227 225 51 912 3411 1583 1171 199 137 1150 614 131 209 30 3865 12478 9187 2426 10067 19979 22591 8917 3924 1285 4536 12090 236 1596 3574 2712 2232 8314 3300 628 420 773 3800 2331 253 3346 2628 2011 737 134 82 396 1288 3012 150 101 371 316 1178 335 284 19 892 237 327 918 386 21 122 246 39 285 253 76 36 39 52 9
30 231 369 66 1050 4467 1248 2575 323 114 1282 1162 152 283 40 3679 17853 10028 2962 8591 19501 38730 5842 11644 1039 4141 18927 150 1642 3966 4387 1378 8442 9297 935 341 1959 4214 4917 169 3203 3721 3859 615 487 40 629 1867 3185 163 391 582 326 1891 253 496 1 1059 494 351 1271 620 19 341 218 39 313 392 163 30 46 75 11
22 189 197 34 1167 2579 1273 1022 160 167 850 379 110 116 23 5155 14558 5184 4515 11173 13970 16463 7195 3533 1993 3133 8146 370 1728 3315 1107 2413 7081 2014 664 595 1291 2339 1903 393 2783 2112 1049 739 46 118 565 966 1274 64 101 470 353 624 216 209 22 709 194 418 658 93 23 117 80 53 248 123 56 0 33 48 6
12 172 47 19 927 953 1648 93 93 197 583 76 85 39 12 4360 4476 2867 3365 13883 7207 2213 11158 106 2263 2955 1983 278 760 2103 360 3757 5435 131 227 644 582 2081 394 556 2569 722 123 511 1 147 392 246 607 146 36 334 252 243 272 28 42 441 31 378 271 21 36 41 60 56 140 37 43 0 22 14 3
21 178 183 27 1318 2479 1034 899 189 168 559 355 72 70 6 5712 15185 5717 7498 10497 12339 15186 4735 2847 2915 1840 6395 870 1652 2710 1585 1772 3802 1971 717 558 2173 2650 1930 467 1373 908 790 429 114 290 598 742 818 149 179 756 198 717 109 62 56 180 61 337 285 97 48 146 62 45 53 35 53 3 12 4 1
9 142 21 15 836 466 1554 16 38 183 428 37 83 25 6 3684 2436 1115 3409 14309 4447 433 11723 3 2330 2047 886 292 493 1764 159 3916 3897 21 97 718 293 842 60 578 2518 330 36 369 6 165 423 157 491 49 7 122 204 80 315 6 45 211 9 332 187 22 12 20 36 62 99 13 29 4 20 5 1
28 209 328 50 1190 3974 1079 2195 273 176 937 880 93 183 18 5383 19425 8697 5169 8209 16844 33839 4963 9569 2192 2787 13833 431 2400 3507 3673 1972 6319 6854 928 428 2294 3509 4002 450 1891 2392 2633 850 367 156 518 1165 2025 140 338 873 231 1422 145 258 43 527 220 383 686 368 68 212 148 55 131 162 88 13 16 28 3
15 157 86 19 1082 1340 1221 262 107 181 492 145 76 42 6 5253 8188 3132 5217 11730 8384 4917 7661 480 2571 1671 3214 477 1076 2124 519 3001 4361 472 403 622 921 1893 669 586 1876 699 253 522 19 199 549 413 561 105 50 379 170 331 185 27 53 192 30 371 278 47 37 71 46 56 69 30 53 2 17 4 1
8 109 21 7 855 362 988 26 47 187 227 19 40 10 1 4050 2488 697 4816 10393 2402 505 6858 16 2994 1027 480 400 373 917 52 3101 2414 22 85 536 579 704 91 764 1142 259 15 320 1 229 286 76 122 38 23 235 99 47 89 7 72 37 2 247 75 4 21 22 11 46 12 3 20 0 5 0 0
18 199 124 29 1135 2169 1414 452 160 174 700 278 97 72 14 5093 10435 7123 4940 11617 12262 10008 8153 977 2276 2795 5426 456 1282 2666 1584 2653 5736 1151 647 583 1228 2968 1310 499 2376 1176 497 642 86 153 572 666 1055 116 93 470 217 626 232 73 35 425 93 396 461 88 32 104 86 52 129 75 51 2 30 15 3
16 166 96 24 1042 1526 1271 301 99 179 624 193 71 55 11 5212 8675 3909 4751 11476 9406 5787 7712 561 2344 2365 4324 503 1231 2601 872 2846 5381 639 475 600 717 1849 718 588 1917 915 356 666 43 199 393 418 746 91 25 343 260 399 165 35 51 392 62 321 305 56 14 54 59 48 115 49 27 5 16 12 2
18 154 132 21 1013 1761 1235 548 103 197 515 208 68 52 8 5326 10644 3255 4410 10608 11920 9126 8422 1469 2521 1468 4343 421 1753 2244 652 3399 5046 931 385 588 856 1816 1007 683 1725 944 424 687 30 155 419 516 621 78 44 395 132 311 166 58 47 260 56 354 299 41 23 63 38 57 91 40 34 0 17 10 1
12 131 57 9 1101 1005 900 142 95 163 186 66 30 12 0 5258 6687 2841 7219 10861 6184 3101 4327 205 3191 667 1189 768 915 1061 428 1900 1125 192 387 590 1082 1626 526 468 589 116 69 137 12 385 324 173 168 122 48 450 100 176 66 5 73 0 0 127 61 12 60 36 17 22 0 0 15 0 0 0 0
13 176 58 20 924 1121 1603 132 79 178 647 99 93 44 11 4469 5418 3513 3265 13297 7798 3004 10657 181 1968 3313 2800 333 786 2318 421 3352 6110 194 343 651 406 1772 359 535 2748 906 177 674 12 155 371 332 616 101 15 223 274 301 303 31 45 409 33 341 382 26 10 42 55 46 139 49 25 0 26 10 2
12 152 53 13 1036 1022 1321 122 91 200 360 68 54 28 2 4565 5728 3158 5018 12737 7524 2906 8901 167 2752 1444 1661 435 988 1608 317 3686 3125 148 330 632 840 1932 424 736 1470 405 114 376 4 225 357 198 490 98 42 403 160 186 142 20 75 59 4 283 193 24 26 50 43 49 28 12 31 1 3 1 0
12 139 52 14 892 905 1244 115 49 180 406 78 60 19 8 4675 5316 2128 3983 11128 6818 2438 9093 145 2415 1857 2072 394 954 1766 222 3488 3784 180 251 603 371 1010 249 699 1688 310 93 466 1 173 338 279 340 25 6 162 180 132 167 2 53 263 36 288 130 13 6 30 22 49 98 18 9 0 15 5 2
7 135 13 8 822 344 1542 9 39 212 266 15 61 8 3 3387 1719 1282 3391 14538 3104 277 11851 2 2784 1515 398 261 373 974 104 4415 2631 8 127 687 315 1005 59 803 1874 157 10 270 2 177 328 79 131 80 4 181 121 50 239 2 47 120 3 276 103 0 15 21 14 71 33 7 18 0 11 1 0
13 133 60 18 894 877 1064 149 41 161 531 86 53 41 10 5146 5799 1884 3985 10075 5207 2672 6591 226 2208 2161 2135 497 704 2325 265 2661 5106 197 241 594 327 720 226 616 1517 944 144 762 3 187 278 198 428 17 5 130 252 146 92 48 67 395 34 278 216 15 6 17 19 23 100 34 11 0 10 12 2
9 127 28 8 937 591 1057 41 61 181 245 30 29 13 0 4694 3511 2037 5408 11076 4086 1035 6075 30 3065 1315 793 601 547 1104 162 2540 2075 44 228 631 575 1222 194 637 777 213 32 244 1 283 238 64 246 87 14 321 141 104 61 6 76 0 0 196 84 12 34 19 31 36 0 0 18 1 0 0 0
10 147 35 10 1030 771 1273 53 90 171 280 58 46 5 4 4852 4009 2747 5894 12761 5709 1391 7712 34 2782 1527 1365 699 520 1158 406 2618 2167 106 321 677 876 1872 250 559 1229 73 23 186 19 314 363 190 96 139 39 464 142 203 101 0 61 148 21 235 30 3 37 62 15 30 37 3 11 0 9 0 1
17 150 121 15 1214 1683 1005 489 135 188 353 160 47 28 3 6298 11502 3440 6731 9511 9628 8436 6551 1268 2784 1106 3315 762 1525 1769 562 2924 3004 752 598 592 1554 1998 1146 653 1132 384 255 416 19 253 328 375 371 54 113 631 141 356 105 15 75 102 26 280 165 31 37 70 24 41 34 10 20 1 7 3 0
9 139 28 8 919 659 1347 43 48 194 267 26 45 15 0 4452 3540 2619 4423 13048 5167 1253 9167 36 2670 1364 750 467 615 979 158 3573 2732 36 335 745 439 1101 172 716 1410 290 31 308 0 248 264 96 283 44 13 246 133 61 139 11 67 0 0 245 161 11 19 12 17 50 0 0 23 1 0 0 0
7 122 15 6 781 377 1385 14 21 188 209 14 52 5 2 3660 2121 1277 3431 13300 3602 423 11032 6 2486 1149 451 305 444 779 51 4192 2116 10 153 719 169 520 46 738 1580 104 11 232 0 187 287 113 83 14 3 93 112 24 232 1 67 69 4 251 61 0 4 5 5 50 35 2 11 0 8 1 0
15 153 91 14 1071 1530 1259 297 110 190 300 136 46 20 2 5230 9209 3574 5434 11740 11125 6355 8415 582 2502 1122 2553 591 1499 1451 754 3491 2577 533 431 601 986 2196 823 719 1270 190 168 319 32 236 268 376 332 103 55 459 130 292 126 2 77 73 16 245 97 23 32 53 27 37 23 8 17 1 5 0 0
12 129 56 10 942 924 1106 142 61 180 289 58 42 18 2 5149 6005 1965 4729 10402 6910 2839 7949 224 2610 1286 1519 522 1046 1234 180 3271 2713 139 327 554 592 1023 373 721 1242 307 90 349 5 224 236 216 286 33 20 273 161 102 106 14 80 72 8 218 117 6 15 23 19 32 35 8 10 0 3 1 0
6 113 9 6 743 249 1346 3 27 199 186 11 38 5 1 3363 1269 790 3434 12596 2655 88 11076 0 2587 938 290 299 314 826 97 4492 1758 3 77 632 232 774 17 898 1159 68 2 193 2 196 210 56 103 47 0 186 108 47 145 1 75 33 2 180 40 4 14 14 9 47 22 1 7 0 2 0 0
11 135 47 8 920 915 1196 105 64 176 223 48 42 12 0 4505 5512 2390 4600 11966 7192 2527 7565 138 2996 1225 1182 469 988 934 226 2769 1808 111 291 603 469 1375 344 648 1145 170 61 186 6 273 274 221 224 97 13 255 115 98 123 5 72 0 0 201 95 8 24 20 34 41 0 0 21 1 0 0 0
7 82 16 5 702 284 498 17 23 65 130 11 16 7 0 4984 2230 991 4564 6461 1304 373 2082 9 1359 579 241 798 165 795 54 697 860 9 143 481 173 384 48 155 366 114 10 128 0 210 147 30 100 13 6 43 85 32 24 4 22 0 0 48 37 3 1 3 6 2 0 0 5 0 0 0 0
6 85 11 4 776 226 603 8 24 111 113 9 19 2 1 4168 1636 804 5264 8185 1235 198 2847 2 2433 564 219 645 179 612 41 1236 802 6 110 508 308 424 35 332 438 36 4 110 0 307 192 35 25 22 3 121 91 29 36 0 60 29 2 109 13 0 11 7 6 7 12 1 3 0 1 0 0
5 84 8 2 696 197 677 5 30 113 59 4 10 1 0 4088 1137 931 4339 8300 1298 134 3435 1 2264 337 98 622 141 317 35 1368 416 2 105 577 337 605 40 343 263 17 2 65 0 293 83 15 19 45 6 162 43 20 18 0 49 0 0 32 6 0 24 5 0 2 0 0 2 0 0 0 0
6 121 7 8 704 198 1400 2 18 197 273 7 49 8 3 3329 951 855 2793 12982 1897 72 10863 0 2596 1642 235 222 249 1067 34 4249 2651 1 66 638 91 543 12 838 1455 116 3 296 0 180 292 23 172 44 0 85 141 21 183 1 61 120 1 237 82 3 6 3 22 53 33 4 11 0 11 2 0
8 95 25 3 933 469 491 39 56 120 72 16 6 1 0 5480 3254 1761 6768 6641 2147 903 1656 32 2926 351 327 878 347 499 109 803 367 31 264 453 849 744 166 309 127 10 5 63 2 371 37 26 19 21 33 323 63 57 5 0 62 0 0 29 3 0 38 5 3 1 0 0 1 0 0 0 0
14 104 86 5 1116 1097 426 305 82 114 79 58 6 1 0 6775 10075 2433 7988 6220 4031 5075 1329 691 2542 163 804 1157 933 662 294 827 361 290 486 440 1049 988 693 310 68 11 11 88 9 356 103 57 8 43 51 379 39 112 2 0 54 0 0 38 2 0 21 13 0 1 0 0 0 0 0 0 0
8 112 20 8 944 431 927 17 45 155 195 31 34 7 1 4292 2603 1338 6187 11229 3239 455 4979 4 3018 965 643 654 365 926 243 1989 1387 25 176 665 625 843 55 470 770 78 18 143 11 362 375 91 112 58 12 277 136 97 67 1 58 41 4 178 46 6 32 30 10 29 7 1 12 0 2 0 0
6 112 9 6 753 248 1214 5 23 188 196 7 35 7 1 3502 1386 994 3663 12143 2144 160 8945 1 2594 1179 163 352 270 764 74 3809 1999 2 113 678 202 556 36 764 1097 138 5 245 0 205 215 34 135 27 3 118 118 21 110 2 78 43 0 201 65 2 14 2 8 39 11 3 14 0 0 0 0
9 102 29 7 819 512 837 44 32 151 194 33 23 5 2 4803 3637 1487 4773 8317 3230 949 6092 34 2192 647 762 626 522 918 192 2897 2144 53 226 485 350 624 111 698 616 132 21 321 6 185 200 86 44 16 5 156 61 70 25 1 80 79 8 167 32 0 5 12 0 16 14 2 4 0 3 1 0
10 96 43 2 959 698 473 105 48 107 42 14 14 1 0 5667 5725 2033 6801 7049 3036 2198 1569 161 2529 166 278 934 601 236 62 842 212 42 346 478 668 641 293 293 236 10 7 20 0 318 167 82 12 37 13 206 22 16 29 0 45 0 0 58 8 0 22 16 1 17 0 0 3 0 0 0 0
6 94 11 4 768 271 726 8 30 114 109 8 15 4 0 4547 1611 1281 4856 8635 1844 242 3537 2 2309 611 194 712 217 618 49 1345 690 5 164 607 338 618 50 324 364 32 5 94 0 293 124 23 102 36 5 147 75 33 21 1 47 0 0 62 27 2 18 6 8 7 0 0 2 0 0 0 0
5 90 6 4 718 154 704 2 30 137 118 4 14 4 0 3689 748 884 4661 8573 899 65 3373 0 2866 663 102 511 80 612 43 1562 839 0 75 517 317 639 12 435 323 53 4 118 0 315 162 5 82 50 6 170 70 16 8 0 71 0 0 94 12 0 33 9 18 10 0 0 8 1 0 0 0
5 71 9 1 670 194 509 7 26 104 36 3 1 0 0 3975 1314 734 4778 6458 1164 182 2521 2 2130 207 89 637 160 196 14 1236 327 3 127 481 327 472 38 336 25 0 0 60 0 293 11 3 0 24 7 157 36 19 0 0 48 0 0 11 0 0 14 0 0 0 0 0 0 0 0 0 0
9 115 27 9 898 468 1059 39 34 168 286 31 49 10 4 4479 3342 898 4924 11138 3407 758 7337 30 2486 1286 879 527 464 1169 68 3095 2870 41 175 637 417 594 105 657 1331 236 29 343 0 225 365 139 116 14 5 166 154 60 121 3 67 142 11 285 81 2 8 23 6 35 49 9 6 0 13 0 1
10 93 38 7 1026 560 473 74 44 118 147 37 21 8 1 5422 4751 1525 7944 6837 2599 1375 1825 81 2700 481 728 1032 493 923 153 953 859 80 296 525 860 475 165 269 288 84 31 127 2 375 355 74 132 7 24 252 79 47 11 3 42 22 5 128 39 6 11 27 5 20 4 2 9 0 2 0 0
6 74 11 4 730 204 472 7 24 104 92 10 13 3 0 4179 1591 618 5468 6379 1096 154 1987 1 2366 357 192 676 176 547 49 920 579 6 91 433 304 409 36 312 228 32 5 66 1 329 190 24 56 17 1 132 59 31 7 0 45 0 0 92 11 2 14 7 7 13 0 0 5 0 0 0 0
7 78 19 2 741 344 518 25 35 103 44 10 5 0 0 4467 2651 1082 5082 6524 1993 560 2535 16 2304 59 188 739 311 308 64 1101 357 18 181 453 401 608 107 297 84 0 0 50 1 255 58 19 0 30 8 168 5 32 3 0 49 0 0 29 0 0 29 6 0 1 0 0 0 0 0 0 0
6 87 13 2 656 292 816 12 34 153 65 8 5 0 0 3662 1816 948 3647 8566 2310 318 5533 4 2640 246 215 466 386 351 49 2449 656 10 130 472 251 826 72 664 128 0 0 106 1 234 43 15 0 76 3 184 22 45 4 0 89 0 0 37 0 0 26 5 0 0 0 0 0 0 0 0 0
6 91 12 3 676 261 907 11 20 153 116 6 19 3 0 3786 1646 1004 3822 8913 1963 280 6984 5 2207 456 213 481 266 453 26 3135 1475 3 116 504 239 394 37 729 605 84 6 216 0 202 125 32 28 12 3 111 40 19 37 1 82 0 0 130 34 0 3 6 1 18 0 0 2 0 0 0 0
6 82 11 4 778 233 521 8 23 107 101 8 15 4 0 4151 1702 872 5483 7361 1266 206 2059 2 2509 542 172 630 208 624 46 947 566 5 129 476 300 389 42 345 316 47 5 65 0 318 168 26 75 21 3 128 77 24 13 1 45 0 0 88 21 2 9 1 9 14 0 0 6 0 0 0 0
5 97 7 3 701 198 896 3 23 151 112 6 16 0 1 3853 1093 991 3710 9896 1416 100 5378 0 2663 891 196 460 193 452 39 2203 1008 3 133 584 173 568 22 594 472 0 0 102 0 226 113 24 0 38 1 119 86 28 22 0 71 46 2 130 0 0 17 8 0 13 10 0 0 0 2 0 0
8 95 21 7 722 385 837 24 18 155 200 22 22 10 0 4188 2693 1116 3879 8447 2632 567 6185 12 2264 699 495 451 453 1017 101 2945 2122 24 149 473 160 348 41 729 641 197 20 358 2 201 159 53 176 10 2 95 90 45 48 4 83 0 0 133 70 7 4 1 10 19 0 0 4 1 0 0 0
7 111 16 5 706 394 1178 15 38 177 148 15 24 5 0 3784 2144 1359 3154 10921 3642 449 9132 5 2275 749 386 376 490 703 96 3862 1397 15 106 570 241 1034 75 840 755 55 10 213 0 181 112 63 122 52 7 190 86 58 68 0 91 0 0 109 38 5 16 9 13 14 0 0 5 0 0 0 0
8 86 23 5 821 441 551 31 33 101 85 20 5 5 0 4978 3170 1426 5687 7216 2812 796 2572 20 2032 312 299 878 414 722 198 1168 341 30 231 533 447 596 110 269 82 41 14 60 1 274 87 13 61 13 8 181 59 43 0 1 35 0 0 26 9 4 11 6 8 2 0 0 1 0 0 0 0
7 84 17 4 747 307 633 19 34 127 113 12 8 4 0 4246 2298 897 4995 7372 1743 408 3654 10 2474 375 263 624 277 626 70 1675 1134 13 132 435 390 619 84 505 192 87 9 179 0 252 74 15 51 48 5 182 53 51 7 1 74 0 0 78 16 2 19 7 5 4 0 0 1 0 0 0 0
5 63 9 1 639 175 332 7 22 82 25 3 4 0 0 4055 1281 667 4686 5030 769 168 1016 2 1956 137 67 648 128 154 17 558 125 3 79 368 344 333 33 190 77 0 0 21 0 244 50 7 0 9 5 118 17 8 3 0 46 0 0 23 0 0 16 5 0 3 0 0 0 0 0 0 0
6 98 12 3 765 311 908 9 26 140 77 10 25 1 0 3888 1813 1219 4467 10457 2525 288 5747 2 2640 402 216 483 319 369 84 2117 537 8 170 628 303 605 43 519 641 13 3 46 2 299 174 66 19 23 2 147 50 30 93 0 63 0 0 102 17 0 14 11 0 29 0 0 3 0 0 0 0
5 91 4 6 654 102 966 0 7 160 180 4 34 4 2 3130 570 389 3581 9806 942 0 7510 0 2517 861 114 339 130 828 21 3150 1680 0 35 522 89 134 0 717 948 54 0 196 0 213 278 15 84 3 0 39 87 3 77 0 70 69 1 201 33 2 0 6 4 37 26 1 2 0 6 1 0
5 76 8 2 738 192 507 5 27 120 46 4 6 1 0 3956 1168 911 5375 6959 1126 149 2002 1 2844 192 69 608 151 312 46 1002 268 2 123 462 387 488 29 345 110 13 2 35 0 326 75 9 14 15 7 192 36 23 3 0 72 0 0 38 4 0 28 3 1 4 0 0 1 0 0 0 0
8 96 26 2 791 509 613 45 43 100 61 10 8 1 0 5325 3445 1870 4986 7459 2725 1108 2723 45 2024 290 265 809 393 312 48 1174 484 20 265 540 393 801 174 290 189 21 5 73 0 269 70 36 13 37 11 159 55 40 9 0 45 0 0 55 4 0 7 4 1 3 0 0 2 0 0 0 0
6 68 12 3 636 238 408 10 21 76 54 8 3 2 0 4337 1698 801 4422 5475 1344 264 1633 3 1722 223 128 691 222 460 76 707 247 7 139 368 250 365 40 195 44 12 4 40 0 234 27 3 32 19 4 99 40 21 1 0 33 0 0 11 5 1 4 4 3 0 0 0 0 0 0 0 0
8 64 27 1 691 381 246 50 24 54 19 6 0 0 0 5023 3283 1081 5366 3677 1336 953 657 55 1261 43 104 958 239 150 35 310 102 15 161 305 482 274 98 92 0 0 0 21 0 190 0 0 0 5 12 108 5 10 0 0 10 0 0 0 0 0 5 0 0 0 0 0 0 0 0 0 0
5 88 8 2 674 201 886 5 31 166 65 4 12 1 0 3087 1205 773 3882 9884 1621 147 5873 1 2992 248 107 367 229 282 31 2549 659 2 74 513 271 747 34 710 315 21 2 90 0 263 104 14 9 74 5 190 29 23 27 0 85 0 0 63 12 0 27 10 1 19 0 0 0 0 0 0 0
6 88 13 2 679 273 883 13 29 169 83 6 13 1 0 3738 1798 659 3752 8361 2210 314 7126 6 2450 445 222 416 359 294 7 3420 1049 6 99 471 307 622 58 797 438 31 3 149 0 197 71 33 12 26 5 172 38 27 22 0 90 0 0 101 7 0 18 6 1 14 0 0 3 0 0 0 0
9 97 33 3 860 577 699 64 51 135 79 19 9 1 0 4992 4263 1615 5856 7902 3530 1381 4112 71 2495 212 422 785 572 436 107 1851 801 47 250 477 551 946 234 503 189 27 6 113 2 263 86 48 8 55 14 278 29 64 8 0 76 0 0 71 5 0 19 8 0 4 0 0 1 0 0 0 0
7 70 20 1 786 308 334 30 40 94 22 5 5 0 0 4481 2665 851 6081 5325 1266 571 1121 25 2303 72 102 782 262 146 20 639 125 10 112 348 647 456 109 269 83 0 0 21 0 284 60 15 0 29 21 214 13 8 8 0 50 0 0 27 0 0 18 10 0 2 0 0 0 0 0 0 0
6 95 14 1 745 367 915 16 34 159 28 4 6 0 0 3732 2090 1538 4411 9986 3265 532 6185 9 2704 148 97 541 446 142 34 2675 198 6 212 552 329 808 94 689 140 0 0 20 0 255 59 18 0 73 5 241 12 15 9 0 83 0 0 28 0 0 24 6 0 6 0 0 0 0 0 0 0
6 122 9 6 719 236 1414 5 20 193 228 8 53 5 2 3384 1299 854 2935 13203 2025 149 11067 1 2565 1508 279 261 250 801 21 4130 2355 2 73 686 128 505 24 751 1685 119 6 270 0 181 253 59 78 17 1 76 131 21 233 1 66 71 2 249 60 0 9 8 7 51 40 2 9 0 9 1 0
5 126 4 6 707 128 1587 0 23 198 212 4 59 4 2 2996 555 817 2667 14920 1069 0 12707 0 2526 1329 92 230 95 736 51 4455 2063 0 56 670 143 651 0 765 1899 80 0 214 1 171 293 18 66 75 0 95 107 26 258 0 57 80 0 244 62 0 14 10 9 58 26 4 14 0 11 0 0
5 108 6 4 642 161 1347 2 20 189 149 5 41 2 1 3179 855 493 2620 12443 1520 57 11226 0 2443 882 158 261 183 514 12 4313 1584 1 60 639 127 534 12 814 1324 49 2 184 0 188 205 43 27 20 1 82 73 23 193 0 71 39 1 187 27 0 13 8 2 47 16 1 4 0 7 0 0
5 75 5 5 759 106 474 0 19 111 116 6 20 3 1 3874 676 457 5548 6900 540 0 1846 0 2766 542 123 577 63 709 43 877 645 0 57 464 268 336 0 298 311 24 0 68 1 351 311 9 52 20 0 104 71 23 12 0 54 31 1 133 16 2 15 10 7 23 5 1 7 0 2 0 0
5 44 9 1 528 144 166 7 9 28 12 3 1 0 0 4068 1377 452 4199 2757 519 152 389 2 701 26 31 737 79 120 24 146 30 3 114 254 145 95 20 28 8 0 0 4 0 132 29 2 0 6 0 23 6 5 0 0 2 0 0 4 0 0 1 1 0 0 0 0 0 0 0 0 0
5 82 7 3 672 165 728 2 24 128 83 7 16 1 0 3735 911 631 4322 8147 1246 52 4647 0 2450 392 157 524 100 397 63 1814 678 1 48 519 325 461 9 497 421 21 2 86 2 282 158 21 13 12 3 161 40 26 41 0 64 0 0 77 9 0 24 12 1 20 0 0 3 0 0 0 0
5 48 9 1 570 148 199 7 9 40 20 3 3 0 0 3946 1415 443 4755 3226 538 150 526 2 1062 85 56 769 91 98 16 229 95 3 115 242 168 118 19 65 43 0 0 4 0 193 66 7 0 1 0 40 6 4 0 0 10 0 0 17 0 0 1 2 0 3 0 0 0 0 0 0 0
5 52 9 1 558 166 281 7 13 70 14 3 1 0 0 3376 1425 499 4234 4407 851 165 1091 2 1599 39 38 599 190 110 31 622 39 3 100 298 168 212 30 232 8 0 0 7 0 197 35 2 0 7 1 73 6 4 0 0 32 0 0 6 0 0 2 1 0 0 0 0 0 0 0 0 0
6 81 10 5 587 191 883 6 16 154 144 8 19 6 0 3296 1269 379 2924 8613 1643 132 7115 1 2113 377 191 344 256 740 29 3309 1699 3 44 494 146 365 23 764 564 103 7 272 0 192 122 22 102 17 0 80 53 20 55 1 87 0 0 116 39 2 5 3 9 18 0 0 6 1 0 0 0
5 77 7 3 598 160 913 3 16 166 84 5 16 2 0 2823 1019 239 3423 9061 1688 83 7707 0 2359 276 117 325 233 402 26 3594 1012 2 46 502 202 336 13 840 470 28 2 154 0 201 100 24 46 12 2 127 25 11 61 0 90 0 0 98 14 1 8 6 4 18 0 0 2 0 0 0 0
6 67 14 1 711 266 308 16 19 94 21 4 5 0 0 4166 2206 981 5463 4789 1106 399 827 9 2336 96 74 664 258 123 23 508 80 6 148 321 297 257 51 231 77 0 0 20 0 287 74 17 0 5 3 132 14 10 5 0 53 0 0 28 0 0 11 3 0 5 0 0 0 0 0 0 0
5 102 7 3 717 189 1229 3 27 204 107 5 29 2 0 2928 996 502 3549 12227 1980 86 9925 0 2982 666 154 282 256 378 17 4287 1057 2 89 647 262 605 23 875 920 34 2 96 0 213 165 37 42 48 3 157 62 20 129 0 83 0 0 181 25 1 22 7 6 41 0 0 9 0 0 0 0
6 84 15 0 632 340 645 20 40 101 0 0 0 0 0 4475 2084 1422 3026 7618 2285 574 3325 15 1814 0 0 489 309 0 0 1493 0 0 142 534 311 844 106 355 0 0 0 0 0 223 0 0 0 48 18 170 0 0 0 0 46 0 0 0 0 0 13 0 0 0 0 0 0 0 0 0 0
8 63 28 0 714 385 247 56 28 62 0 0 0 0 0 4772 3729 937 5371 4074 1360 1026 622 70 1515 0 0 829 319 0 0 436 0 0 195 311 384 345 129 133 0 0 0 0 0 227 0 0 0 12 13 111 0 0 0 0 27 0 0 0 0 0 2 0 0 0 0 0 0 0 0 0 0
6 56 15 0 611 240 223 20 20 44 0 0 0 0 0 4440 2187 749 4933 3785 843 415 495 15 1018 0 0 851 152 0 0 277 0 0 164 310 242 250 65 62 0 0 0 0 0 156 0 0 0 11 5 56 0 0 0 0 4 0 0 0 0 0 6 0 0 0 0 0 0 0 0 0 0
5 104 5 5 770 131 1043 0 30 155 151 6 37 3 1 3412 662 652 4452 11809 907 0 6687 0 2884 801 135 420 76 648 47 2452 1234 0 72 629 260 681 0 547 966 41 0 104 1 285 294 21 48 78 0 141 95 43 114 0 68 38 1 187 31 2 22 12 10 34 9 1 13 0 4 0 0
6 82 12 3 708 263 609 10 23 101 85 8 8 2 0 4266 1747 1023 4734 7544 1684 275 2973 3 2119 408 199 698 216 517 46 1171 626 7 161 496 248 461 41 298 202 22 4 95 0 258 84 22 48 25 5 126 59 29 11 0 47 0 0 46 8 1 11 0 6 0 0 0 1 0 0 0 0
6 92 10 5 589 228 1026 6 20 158 144 9 24 4 1 3451 1341 490 2384 9519 2311 171 8458 1 2063 657 241 311 348 695 26 3546 1365 4 50 522 123 504 32 775 766 37 6 195 0 150 117 35 93 23 0 94 60 22 69 0 81 42 1 115 28 1 5 9 7 14 10 2 1 0 4 0 0
5 55 9 1 483 168 513 7 7 95 32 3 3 0 0 2962 1314 426 2913 5520 1387 171 3814 2 1641 24 91 394 253 172 11 1690 410 3 83 364 58 182 14 474 63 0 0 55 0 153 41 8 0 4 0 35 7 5 1 0 65 0 0 33 0 0 0 1 0 2 0 0 0 0 0 0 0
5 92 6 4 782 158 787 1 32 140 98 6 24 3 0 3439 792 845 5411 10137 1088 33 4122 0 2922 422 115 504 87 475 64 1757 657 0 65 567 386 667 10 430 504 27 2 66 1 354 271 21 61 60 4 175 61 24 56 0 66 0 0 120 18 2 34 15 11 22 0 0 9 0 0 0 0
6 104 11 4 729 304 1035 7 24 160 118 10 25 3 0 3589 1776 1259 3499 11332 2551 227 6719 2 2833 663 242 351 374 520 107 2616 987 3 155 647 174 617 50 623 710 54 6 107 3 269 153 47 54 54 1 108 79 24 101 1 74 0 0 119 34 0 15 3 5 31 0 0 8 0 0 0 0
6 40 14 1 613 157 83 16 13 41 11 4 3 0 0 4008 1920 349 5621 1755 310 233 87 9 1239 23 41 805 106 102 16 80 23 6 86 181 314 63 35 58 17 0 0 4 0 223 78 8 0 1 2 61 5 3 0 0 14 0 0 16 0 0 6 4 0 3 0 0 0 0 0 0 0
5 46 9 1 507 143 201 7 13 42 11 3 2 0 0 3562 1216 425 4139 2919 581 146 585 2 1111 16 30 716 94 81 25 259 34 3 74 208 207 171 24 82 10 0 0 3 0 146 51 3 0 4 2 51 2 3 0 0 17 0 0 12 0 0 3 3 0 1 0 0 0 0 0 0 0
5 65 7 3 641 154 437 4 20 86 58 3 4 3 0 3812 1036 532 4825 5845 980 108 1905 1 1922 236 38 661 128 433 39 861 302 0 81 420 267 365 24 260 55 26 3 37 0 271 87 0 56 23 2 122 39 20 0 1 48 0 0 25 6 0 14 4 1 2 0 0 1 0 0 0 0
5 104 5 5 686 151 1129 1 10 172 173 4 36 4 1 3295 840 884 3213 11553 1249 37 8464 0 2508 1011 119 286 166 668 32 3455 1668 0 83 610 58 273 2 739 1086 69 2 202 0 214 239 25 81 6 1 51 112 12 114 0 77 40 0 201 49 1 1 2 7 33 13 2 2 0 5 0 0
5 47 8 2 453 138 209 4 6 34 38 6 0 0 0 3856 1125 491 3071 2833 559 92 595 0 803 124 106 585 80 328 48 220 180 4 71 223 76 95 10 64 0 0 0 27 1 116 0 0 0 1 0 25 20 8 0 0 9 0 0 0 0 0 2 0 0 0 0 0 0 0 0 0 0
6 55 15 0 504 253 291 20 11 44 0 0 0 0 0 4329 2011 789 2725 3808 1254 468 1126 15 1018 0 0 561 187 0 0 405 0 0 116 281 122 185 38 121 0 0 0 0 0 136 0 0 0 8 2 33 0 0 0 0 23 0 0 0 0 0 0 0 0 0 0 0 0 0 0 0 0
5 89 5 5 779 116 741 1 18 140 146 5 29 2 2 3343 726 344 5202 9706 811 27 3761 0 3081 953 138 480 95 671 12 1675 1002 0 59 561 212 357 10 468 624 19 2 78 0 311 345 24 44 35 2 105 94 8 50 0 61 66 2 194 12 0 17 5 15 27 18 0 5 0 6 1 0
5 49 10 0 524 176 214 10 10 59 0 0 0 0 0 3693 1558 582 3574 3494 708 237 573 5 1419 0 0 514 178 0 0 393 0 0 105 289 138 146 27 174 0 0 0 0 0 179 0 0 0 1 1 52 0 0 0 0 39 0 0 0 0 0 3 0 0 0 0 0 0 0 0 0 0
5 51 10 0 513 190 260 10 7 50 0 0 0 0 0 3721 1563 679 3581 3886 914 267 895 5 1160 0 0 570 155 0 0 435 0 0 108 306 117 120 18 101 0 0 0 0 0 171 0 0 0 3 1 39 0 0 0 0 14 0 0 0 0 0 3 0 0 0 0 0 0 0 0 0 0
