39 223 629 112 736 5980 906 5796 291 69 1642 2619 135 647 77 2222 18246 11221 1514 4916 20607 71048 3088 34926 450 4488 33549 133 1526 4283 8609 622 7723 27793 735 157 1066 3530 6430 47 2116 5873 11988 571 1462 25 391 2441 6482 98 225 308 285 2628 128 1378 0 1616 1191 177 1545 2128 13 259 389 7 397 1045 127 95 33 222 23
28 213 309 69 1098 3819 1026 1906 204 128 1258 992 133 332 46 4012 17041 8979 4916 8279 15338 30179 3744 7580 1630 4349 15517 291 1795 4454 4087 1195 6795 6508 873 353 1564 2632 3009 194 2407 3740 3656 688 380 78 856 1448 3937 85 139 469 344 1236 180 658 4 1165 389 408 1158 659 18 152 213 30 312 467 125 45 46 119 14
20 182 157 33 1149 2224 1248 675 126 164 744 354 119 93 18 5089 12530 4797 5229 11377 12908 11739 6610 1814 2249 2727 7038 460 1555 3200 1317 2316 5379 1668 630 586 1032 2110 1265 428 2585 1253 799 586 76 140 709 1002 1204 46 40 400 260 549 319 84 16 486 137 439 595 134 12 106 64 56 200 101 58 4 41 22 6
27 229 283 68 929 3859 1394 1622 192 118 1401 957 155 295 51 3205 13852 9973 2437 9205 19725 27943 6985 5859 1018 5136 17366 125 1581 4273 4139 1577 9298 5902 767 347 935 3231 2519 154 3194 3504 3270 710 376 23 591 1689 3900 94 105 375 373 1350 304 418 3 1402 471 322 1279 634 17 147 225 23 434 439 97 43 44 119 19
26 242 249 76 780 3756 1581 1236 192 81 1562 964 174 340 60 2238 11108 10550 1529 9061 20703 23514 7824 3682 550 6524 17042 108 1070 3978 5016 1166 10164 5005 608 225 545 3626 2344 56 4054 3885 3250 537 497 33 486 1834 4906 143 63 189 375 1418 346 440 3 1683 500 197 1362 835 5 123 305 11 507 504 106 69 46 148 20
33 222 432 96 824 4730 1002 3205 230 77 1630 1600 142 577 74 2751 15897 10411 1947 6221 17684 44858 3565 15644 650 5141 23299 167 1366 4694 6012 708 8511 12447 741 211 1038 2857 4091 66 2602 6283 7171 547 672 26 486 1860 6266 67 158 280 367 1770 138 1509 2 1755 748 233 1653 1441 9 190 320 10 413 950 95 99 32 217 22
16 218 84 36 938 1735 1866 210 121 157 989 223 152 100 27 3436 6495 6149 2547 13553 12455 5353 11395 285 1422 5546 5237 180 978 3000 1259 2721 7451 541 443 492 530 2878 656 267 4070 1429 429 586 60 50 625 727 1817 138 21 256 344 595 430 79 10 862 104 435 651 141 14 81 139 36 343 125 79 6 56 39 11
38 218 623 80 1022 5948 898 6039 301 113 1236 1956 140 399 42 3770 25312 10304 3221 6625 20705 74399 3170 39429 1150 3269 26407 318 2490 4246 6065 1086 6234 22481 1072 294 1655 3476 7065 184 2237 3993 7735 703 827 71 685 2706 3766 105 267 503 281 2101 182 952 4 903 736 367 1384 1000 18 248 232 41 291 512 141 42 43 91 10
20 215 153 37 1022 2526 1598 642 177 162 927 350 139 128 20 3969 10664 7412 3221 12128 15263 12895 9259 1725 1768 3778 7715 273 1472 3122 1656 2462 7182 1432 572 482 950 3563 1649 349 3338 1884 967 612 103 107 638 990 1697 138 69 420 256 847 370 183 14 547 107 380 829 134 35 133 123 62 245 151 94 6 39 33 4
15 181 75 30 1083 1387 1448 177 98 173 723 182 114 80 16 4271 6660 4229 5046 13045 9861 4063 8300 226 2424 3388 3827 445 935 2857 1005 2474 5223 418 380 603 979 1881 442 442 2605 983 325 454 47 171 787 515 1354 86 49 409 239 350 265 59 25 495 64 466 450 124 19 87 77 60 154 70 84 5 36 25 2
20 170 163 27 1209 2245 1114 743 138 173 531 318 89 69 10 5851 14003 4953 6204 10543 12686 12849 6208 2165 2579 1427 5572 659 1752 2556 1319 2331 3935 1623 712 570 1302 2081 1489 500 1852 715 673 481 65 227 577 886 896 62 69 548 160 503 244 52 47 261 98 362 353 108 26 98 45 46 96 44 44 4 27 12 1
12 144 47 19 957 877 1232 83 64 198 441 91 69 39 7 4426 5011 2282 4867 11850 6577 1907 7432 72 2982 1672 1800 426 922 2054 518 3009 3434 163 246 580 542 1384 252 711 1661 452 107 402 20 200 471 277 661 63 13 331 138 197 185 26 50 210 25 337 204 51 31 37 46 62 66 22 32 1 14 8 0
21 162 182 28 1451 2286 649 876 177 171 476 379 62 72 3 6702 16443 5141 9571 8436 7922 13961 1779 2631 3264 1529 5586 1035 1721 2668 1648 1116 2122 2203 865 506 2568 1836 1849 364 882 704 778 370 126 407 787 582 954 59 178 769 182 552 50 60 69 72 25 336 262 128 67 159 45 45 24 25 65 7 7 2 0
22 195 196 35 1126 2750 1298 960 189 198 773 471 97 98 11 5196 13496 6530 4598 10405 15557 16695 7341 2925 2347 2645 8899 413 2083 2973 2096 2642 6060 2694 713 509 1517 2975 2011 545 2114 1431 1055 672 189 182 565 923 1338 96 151 734 201 800 180 97 44 338 103 451 513 157 46 176 83 63 103 72 81 6 21 17 0
20 190 162 28 1125 2465 1269 733 144 184 651 319 103 79 9 5140 12947 6417 4964 11214 13785 14023 6423 2104 2620 2377 6439 456 1872 2668 1403 2471 4816 1625 679 553 957 2590 1531 568 2238 1125 716 568 63 173 586 910 1054 94 59 454 216 585 247 79 30 253 66 430 558 115 15 89 61 71 102 61 60 4 25 11 1
17 154 117 19 1175 1707 933 443 119 164 425 191 47 44 2 6218 11119 4483 6676 9454 8663 8067 4733 1040 2811 1347 3701 932 1369 2089 871 1869 3221 830 637 517 1232 1870 1046 447 932 601 353 401 32 385 417 358 654 55 61 446 153 364 66 29 65 65 14 268 202 63 35 59 45 35 16 12 29 6 4 1 0
13 154 68 10 1080 1229 1274 197 83 173 301 75 76 7 7 5131 7293 3221 5679 12675 8907 4327 8129 357 2629 1655 2120 615 1084 1113 198 2894 2419 245 406 658 907 1403 505 519 1965 118 51 226 0 227 479 520 90 28 50 296 165 146 269 1 46 212 51 344 63 0 17 46 9 46 107 5 11 0 26 3 2
8 120 16 12 903 348 1016 13 28 156 326 19 55 19 5 4151 2115 1284 5178 11343 2380 345 5781 4 2612 1595 438 557 292 1645 116 2346 2532 13 167 589 294 580 61 498 1358 279 13 317 1 281 460 54 321 20 3 107 156 41 111 10 58 166 3 300 136 9 4 7 19 34 46 12 24 0 13 5 0
9 149 23 13 879 573 1564 22 51 214 393 39 62 17 6 3831 2754 1938 3406 14029 5059 683 10917 7 2805 2241 947 359 604 1500 281 3835 3667 34 217 612 369 1398 117 789 1866 264 32 332 7 195 330 147 372 82 7 267 177 119 179 4 58 244 12 325 117 13 34 24 27 58 63 12 25 0 11 4 1
10 123 36 9 991 698 973 59 59 171 219 50 36 11 0 5041 4427 2006 6030 10297 4950 1397 5910 44 2835 1030 1022 736 721 1082 314 2528 1619 95 303 559 733 1064 219 582 894 144 44 186 13 335 302 154 214 47 19 326 105 106 68 3 65 0 0 198 74 10 23 24 24 31 0 0 18 1 0 0 0
7 120 11 10 867 284 1025 4 24 163 268 15 60 13 3 4051 1674 1158 4558 11702 2077 116 5414 1 2997 1619 336 463 279 1264 113 2121 1764 0 131 625 228 537 29 596 1420 146 9 173 3 276 447 84 269 20 1 126 125 34 156 3 48 91 4 276 97 8 8 6 24 54 41 2 18 2 12 3 0
9 118 29 7 864 555 1067 47 51 156 203 26 42 10 1 4648 3490 1275 4500 10728 4107 1079 7224 42 2583 956 621 620 559 934 99 2409 1908 41 199 576 473 1013 178 517 1124 193 25 159 1 293 247 129 137 32 15 250 106 66 160 7 67 29 3 188 91 4 14 23 12 32 19 3 10 0 4 0 0
8 157 19 9 819 505 1777 20 53 200 318 22 85 10 4 3745 2247 1793 2698 15344 4698 611 13286 10 2364 2400 714 329 473 958 50 4109 2813 17 156 667 287 1420 121 587 2550 156 24 233 0 178 400 183 212 83 10 198 160 56 396 2 38 147 8 324 118 0 14 25 32 72 69 4 29 1 19 4 0
8 108 19 9 916 364 769 23 30 166 246 15 43 15 3 4322 2482 1184 5827 9786 2017 538 3526 16 3361 1154 370 530 337 1243 68 1726 1796 9 158 538 432 484 80 567 886 250 21 238 0 342 407 55 193 15 8 187 117 32 85 12 62 105 3 272 107 0 19 8 7 45 25 6 21 0 7 3 0
7 120 14 7 797 331 1234 11 29 188 219 16 56 5 3 3890 1879 881 3675 12412 2837 298 8501 3 2768 1270 439 398 386 856 47 3284 1869 11 122 623 248 659 53 701 1521 82 10 195 0 225 333 111 100 18 1 150 115 44 241 0 52 104 6 261 54 1 11 16 2 57 41 2 11 0 12 2 0
14 122 78 13 1056 1136 627 229 87 147 244 114 16 21 0 5946 8361 3058 6693 7902 5025 4264 2152 394 2889 624 1850 950 1004 1697 652 1266 1423 392 442 430 886 1334 584 407 229 229 150 303 30 381 183 104 256 63 36 396 73 268 7 9 71 0 0 106 50 25 44 28 23 7 0 0 5 1 0 0 0
6 122 10 5 758 322 1264 6 33 179 154 8 34 6 0 3824 1486 1928 3235 12348 2822 241 8779 1 2806 969 217 386 335 655 69 3082 1215 3 173 629 214 1002 49 652 907 56 7 111 0 260 195 50 170 48 2 177 69 29 139 1 83 0 0 170 54 2 23 10 17 28 0 0 11 1 0 0 0
13 116 70 8 1047 1078 533 206 70 130 138 72 18 8 0 6626 8282 3151 6767 7044 4387 4153 1668 367 2602 393 1095 976 943 930 446 1016 653 264 494 470 754 998 506 348 278 71 63 151 13 328 166 141 102 22 27 311 59 139 18 1 66 0 0 95 30 7 23 17 5 7 0 0 5 0 0 0 0
12 139 50 16 984 866 1069 101 65 171 401 85 66 27 7 4784 5180 2104 5515 11060 5611 2138 6080 109 2735 1788 1876 537 801 1991 344 2498 2920 175 233 548 644 1239 270 544 1579 364 109 383 18 288 490 245 409 52 17 266 170 189 153 14 47 209 23 313 192 15 12 44 26 47 73 26 26 0 18 5 1
8 88 19 9 755 337 486 18 16 104 201 23 23 14 1 4385 2498 1137 4759 6800 1566 414 1628 6 2339 825 454 583 283 1409 137 907 1052 21 132 424 127 301 34 296 411 168 17 223 3 290 240 36 214 11 2 56 99 37 25 7 49 26 1 126 75 10 4 1 10 16 9 4 7 1 1 0 0
17 155 119 17 1100 1761 1116 466 103 181 423 176 45 35 3 5570 10874 4187 5665 10816 10879 8752 6337 1153 2826 1449 3795 775 1550 1925 794 2352 3687 797 543 599 1038 1819 926 546 1071 622 291 483 31 306 301 336 488 55 50 479 158 320 145 27 73 81 23 242 196 40 40 50 30 31 40 15 19 1 5 2 0
8 111 21 7 949 427 828 25 46 153 172 22 43 7 2 4655 2766 1487 5802 10252 2685 632 4249 14 2987 725 482 652 363 914 112 1815 1129 25 174 554 601 742 89 537 908 87 18 135 0 347 388 102 111 41 18 239 94 53 125 1 49 52 5 210 46 3 19 32 4 43 27 3 12 0 9 1 0
7 84 17 4 739 316 493 19 25 105 102 12 18 4 0 4987 2331 1074 4340 6596 1548 450 1867 10 2144 507 280 643 304 635 54 966 586 13 157 439 265 377 45 286 371 52 9 112 0 270 150 42 69 8 12 98 69 19 30 1 50 0 0 88 30 2 4 8 4 10 0 0 5 0 0 0 0
8 133 20 8 767 469 1509 22 28 191 278 22 64 10 2 3668 2503 1232 2822 13572 4477 598 11568 11 2496 1666 706 354 541 1004 61 3799 2791 21 129 673 172 738 75 670 1935 179 22 262 0 190 299 145 173 29 0 128 130 47 282 2 61 77 3 274 130 5 9 9 11 57 39 5 17 0 9 1 0
10 114 39 6 888 763 778 79 49 155 127 34 19 7 0 5438 4986 2614 4626 9224 4704 2009 3477 91 2849 518 646 674 847 714 256 1742 825 78 357 560 422 926 254 527 427 64 32 122 1 298 128 93 128 29 11 259 52 68 31 1 73 0 0 115 38 7 10 15 4 16 0 0 3 0 0 0 0
8 117 23 5 857 521 1098 31 42 164 156 20 29 5 0 4459 3109 1766 4653 11142 4184 848 7712 20 2598 797 562 601 517 637 107 2788 1420 30 249 570 385 1024 137 582 728 72 14 146 1 300 218 83 103 40 5 232 74 54 125 1 77 0 0 169 57 4 14 14 8 28 0 0 10 0 0 0 0
10 113 40 5 997 631 861 87 80 183 164 27 31 5 1 5080 4463 1177 6362 9378 3948 1596 5273 115 3034 750 800 720 668 680 36 2562 1609 61 199 492 1127 1139 282 653 823 120 25 193 0 326 210 126 47 44 63 414 69 80 71 2 75 35 5 206 41 0 48 39 2 35 15 2 9 0 3 0 0
9 126 29 7 843 661 1240 42 53 201 169 35 36 7 0 3917 3618 2237 4102 12257 5679 1205 8641 27 3159 545 701 428 795 819 287 3304 1571 59 224 622 450 1318 171 752 848 82 25 188 7 272 215 146 127 58 14 306 44 111 194 1 75 0 0 135 70 7 45 16 5 47 0 0 10 0 0 0 0
11 150 39 16 868 764 1489 59 68 191 462 74 69 26 6 4186 3880 1926 3355 13133 6312 1346 10338 38 2434 2150 1735 437 735 1823 378 3537 4411 115 190 565 484 1549 219 632 1946 468 82 452 19 196 323 216 451 71 14 272 202 187 265 8 63 191 17 307 185 25 26 50 47 46 94 21 17 1 14 3 1
7 109 16 5 778 362 1094 16 47 171 146 13 26 6 0 3908 1962 980 4318 10706 3180 423 7976 7 2717 725 330 583 362 694 58 2888 1234 11 131 541 460 1049 92 637 719 72 13 160 0 268 155 55 136 63 13 268 58 46 128 1 81 0 0 136 42 2 26 17 16 24 0 0 8 1 0 0 0
12 145 53 13 913 950 1341 123 56 191 407 72 63 17 8 4409 5558 2200 3798 12503 7294 2628 9119 170 2584 2092 2029 406 1088 1522 221 3285 4037 168 274 616 387 1170 298 676 1842 344 86 402 0 229 380 327 256 22 17 161 192 145 182 5 47 315 38 336 122 5 5 23 12 52 88 16 8 0 18 5 2
8 65 26 2 769 362 218 44 29 63 33 12 1 0 0 5298 3397 1002 6222 3588 1094 796 449 41 1556 77 177 1060 249 313 71 291 125 28 203 281 514 279 117 99 10 0 0 33 1 249 27 3 0 9 10 137 21 21 0 0 17 0 0 6 0 0 8 3 0 0 0 0 0 0 0 0 0
10 120 41 4 926 788 984 92 61 195 116 24 27 4 0 4804 5064 2184 5334 10023 5630 2194 6357 125 3154 490 645 588 986 490 94 2942 1037 61 333 556 574 1257 326 747 656 53 21 129 0 285 190 131 67 55 17 356 37 56 83 1 84 0 0 156 46 2 32 21 4 32 0 0 9 0 0 0 0
6 103 10 5 750 228 892 10 26 155 179 0 28 10 0 3834 1480 1069 4080 9906 1210 276 5170 5 2701 1044 0 483 182 749 0 2229 1773 0 117 535 229 520 66 575 813 228 0 226 0 298 189 0 136 21 4 104 78 0 51 10 70 0 0 191 92 0 9 0 16 27 0 0 10 0 0 0 0
5 94 6 4 687 149 942 2 19 166 131 4 29 4 0 3523 871 576 3333 10222 1108 59 6308 0 2632 690 107 400 140 548 20 2764 1236 1 77 540 183 410 11 658 794 74 1 139 0 247 197 15 70 17 2 116 63 17 93 1 71 0 0 173 43 2 13 3 4 35 0 0 13 0 0 0 0
8 78 24 4 696 347 611 36 27 126 109 16 18 4 0 4157 2843 716 4031 6765 2182 609 4264 29 2174 152 390 499 434 619 44 2007 1161 25 135 423 266 429 86 562 417 78 13 192 0 250 169 56 34 14 7 108 28 31 30 1 75 0 0 106 37 2 5 9 3 16 0 0 3 0 0 0 0
5 70 7 3 616 150 436 3 20 80 70 5 10 2 0 4259 951 669 3961 5859 794 81 1628 0 1630 357 93 697 109 425 32 753 390 2 85 388 233 344 12 165 158 17 2 53 0 270 120 16 44 15 5 85 40 22 14 0 21 0 0 47 9 1 9 3 4 4 0 0 1 0 0 0 0
6 86 10 5 723 207 731 5 25 163 135 11 19 3 1 3289 1349 672 4440 9062 1426 126 3926 0 3021 435 247 441 240 781 64 2087 1131 6 95 454 289 514 20 733 426 45 3 200 1 260 176 29 51 46 3 152 42 37 33 0 90 32 2 129 15 2 27 12 8 20 10 1 2 0 2 0 0
7 72 19 2 845 282 362 26 39 117 54 8 9 1 0 4646 2493 601 6381 5618 1213 460 1303 19 2610 263 201 836 261 286 18 934 362 12 149 363 681 404 88 326 161 17 4 50 0 371 128 21 15 11 20 240 28 15 5 0 63 0 0 79 5 0 23 15 0 13 0 0 2 0 0 0 0
6 92 12 3 753 276 833 9 31 138 96 10 13 1 0 4016 1751 1095 4607 9201 2107 232 5670 2 2469 504 265 606 249 411 78 2116 1019 8 126 498 346 651 48 482 290 29 3 96 2 335 125 32 15 29 3 194 62 39 20 0 59 0 0 91 5 0 20 13 1 10 0 0 1 0 0 0 0
7 89 17 4 794 335 631 17 29 151 109 17 16 0 1 4119 2385 810 5250 8085 2131 405 2835 6 2886 786 399 564 446 525 97 1667 737 22 138 455 416 450 57 563 402 0 0 110 3 317 139 57 0 13 10 164 87 44 20 0 71 41 4 130 0 0 9 7 0 19 10 0 0 0 2 0 0
8 115 21 7 782 440 1157 25 46 178 199 22 37 7 2 3723 2571 1273 3892 11666 3667 610 8059 14 2887 699 522 443 522 917 125 3040 1997 25 144 555 363 1041 111 685 896 121 18 214 0 257 230 94 94 66 11 202 76 79 183 1 66 67 5 158 65 3 29 16 10 46 19 3 11 0 2 1 0
12 112 56 10 952 858 586 138 54 133 216 65 25 16 1 5812 6300 2399 6118 7387 3855 2695 2095 199 2718 810 1185 827 769 1324 340 1016 1250 181 321 481 602 783 329 384 448 236 68 230 12 352 231 125 219 25 15 234 83 117 30 16 57 25 5 140 81 10 24 14 10 21 8 4 11 0 0 0 0
6 82 11 4 784 216 526 8 28 121 102 8 18 4 0 4491 1522 728 5387 7006 1202 199 2156 2 2610 553 192 691 189 576 26 1134 602 4 114 438 395 418 28 371 346 40 8 68 0 335 204 22 88 13 10 158 59 12 18 0 57 0 0 120 22 0 16 14 7 19 0 0 7 1 0 0 0
7 67 20 1 673 320 296 30 27 67 26 5 1 0 0 4917 2733 987 4599 4342 1250 609 814 25 1481 140 115 802 235 175 22 457 143 10 159 294 319 343 101 120 16 0 0 29 0 258 14 3 0 12 5 110 13 15 0 0 28 0 0 10 0 0 9 2 0 0 0 0 0 0 0 0 0
6 73 13 2 632 252 472 13 23 114 59 6 4 1 0 3868 1820 807 3992 6109 1429 311 2014 6 2345 325 163 538 297 392 20 1192 378 6 113 348 228 404 58 391 105 7 3 97 0 251 17 12 25 19 4 136 41 14 3 0 63 0 0 14 4 0 13 0 8 0 0 0 0 0 0 0 0
9 72 35 1 760 501 287 77 31 57 13 7 0 0 0 5477 4450 1391 5597 4283 1848 1487 749 105 1279 25 77 1025 339 132 45 369 39 21 243 324 450 383 176 86 0 0 0 9 0 196 0 0 0 13 9 102 5 14 0 0 11 0 0 0 0 0 3 0 0 0 0 0 0 0 0 0 0
7 105 18 3 824 397 943 22 45 178 105 11 19 2 0 4221 2335 1201 5028 9716 3081 575 6109 13 2908 687 343 544 449 416 31 2754 934 15 170 504 531 913 107 697 560 31 6 114 0 314 123 57 45 46 14 277 69 40 39 0 79 0 0 130 17 1 29 11 9 20 0 0 5 0 0 0 0
6 101 11 4 700 300 921 7 19 158 127 10 20 3 0 3960 1626 1465 3540 9526 2412 246 5876 1 2534 797 275 460 364 613 73 2590 1055 6 160 520 160 478 31 636 564 39 5 133 1 260 106 43 83 14 0 126 79 28 34 0 77 0 0 125 28 2 6 3 8 15 0 0 3 0 0 0 0
6 103 10 5 723 247 995 5 28 176 148 11 32 3 1 3729 1437 767 3595 10552 2050 139 6457 0 2786 872 290 377 327 672 63 2984 1138 6 100 537 184 692 29 691 831 31 3 129 1 250 236 54 64 45 3 129 72 39 87 0 68 38 2 193 25 2 15 11 7 36 11 1 6 0 5 0 0
5 117 5 5 774 157 1294 1 28 204 149 5 53 2 2 3188 682 884 3684 13470 1350 39 9103 0 3106 898 128 314 152 560 44 3661 1107 0 84 654 233 757 8 779 1388 23 2 104 0 226 353 38 44 45 3 153 62 21 242 0 55 58 2 237 20 0 26 15 6 59 30 0 10 0 12 1 0
6 51 14 1 636 201 195 16 23 50 8 4 0 0 0 4217 1973 499 5248 3228 689 290 484 9 1281 11 23 841 139 115 34 278 10 6 109 240 384 252 62 78 0 0 0 3 0 220 0 0 0 12 7 98 4 9 0 0 15 0 0 0 0 0 5 0 0 0 0 0 0 0 0 0 0
6 72 13 2 725 273 441 12 23 81 35 8 3 0 0 4741 2040 1083 5285 6130 1508 330 1640 4 1661 51 121 864 232 244 82 789 208 10 222 437 297 430 54 166 33 0 0 26 1 296 71 10 0 13 5 113 16 19 0 0 23 0 0 16 0 0 8 2 0 1 0 0 0 0 0 0 0
8 86 25 3 797 438 436 41 36 89 76 12 8 3 0 5504 3388 1439 5173 5916 1888 897 1378 39 1967 413 276 867 367 464 53 649 408 18 232 403 428 532 150 206 172 36 12 65 0 281 66 29 52 20 8 130 55 28 6 1 31 0 0 35 14 0 12 3 7 1 0 0 1 0 0 0 0
6 67 9 6 631 152 392 4 7 85 141 9 14 6 1 3878 1308 396 3930 5569 690 86 1514 0 1843 627 169 584 128 973 48 748 862 4 76 364 82 106 9 315 266 92 2 169 1 230 146 14 84 3 0 22 78 12 15 2 50 29 1 88 29 3 2 1 4 7 10 2 1 0 0 0 0
5 88 6 4 607 155 990 2 12 139 125 5 24 2 1 3262 894 312 3034 9832 1656 61 7658 0 2173 767 146 412 205 587 11 2597 1078 1 73 524 123 260 12 583 718 18 2 130 0 208 124 35 61 10 0 69 64 12 114 0 77 33 1 110 8 0 3 5 2 18 21 1 0 0 1 0 0
10 72 40 5 824 493 271 84 28 69 79 32 10 4 0 5799 4973 1058 5946 4120 1656 1344 789 101 1623 199 454 1044 392 608 136 434 336 81 262 308 380 294 153 125 131 32 22 62 3 261 153 58 54 7 4 107 45 43 4 0 23 0 0 48 11 3 2 5 3 4 0 0 3 0 0 0 0
5 66 6 4 586 89 599 2 20 87 113 5 11 2 1 3474 620 246 3918 6714 482 30 4437 0 1605 289 101 596 45 616 23 1507 1274 1 36 372 282 308 6 317 270 57 2 131 0 247 121 3 11 22 3 61 45 23 9 0 44 36 1 79 8 0 12 9 1 4 4 1 3 0 1 0 0
6 80 12 3 671 239 709 10 21 98 97 8 11 2 0 4284 1649 684 4050 7395 1816 234 5155 3 1651 505 231 729 208 452 25 1660 937 7 115 441 295 396 41 365 338 35 4 102 0 238 94 23 46 16 2 101 45 21 13 0 38 0 0 55 12 1 5 5 4 7 0 0 2 0 0 0 0
5 100 7 3 710 198 1035 3 26 181 102 5 24 2 0 3098 995 843 3951 11113 1698 101 6951 0 2973 714 148 369 240 387 29 3108 840 2 77 513 279 644 20 733 720 28 2 98 0 264 165 31 45 40 3 161 62 17 79 0 82 0 0 131 22 1 17 9 9 30 0 0 5 0 0 0 0
5 71 9 1 537 235 706 7 16 102 17 3 0 0 0 3425 1438 908 2719 7107 2293 243 5702 2 1637 60 42 506 311 132 45 1983 57 3 121 407 119 452 39 426 0 0 0 9 0 192 0 0 0 11 0 78 10 9 0 0 44 0 0 0 0 0 5 0 0 0 0 0 0 0 0 0 0
5 80 7 3 600 182 773 3 14 114 94 5 8 2 0 3612 1119 848 3381 8158 1433 98 5508 0 1911 412 132 493 189 472 49 1937 974 2 103 468 118 392 16 423 239 36 2 102 0 266 71 8 42 17 0 88 38 17 10 0 50 0 0 61 13 1 5 3 3 3 0 0 0 0 0 0 0
6 70 12 3 594 234 427 9 20 88 62 10 7 1 0 4239 1720 796 3444 5391 1255 224 1824 2 1617 240 178 600 248 417 76 927 307 8 106 318 169 377 31 324 140 8 3 61 2 186 53 22 16 19 2 97 27 34 9 0 45 0 0 26 2 0 3 4 1 1 0 0 0 0 0 0 0
7 66 19 2 825 267 307 25 41 111 33 10 7 0 0 4305 2454 520 6902 4941 1099 416 1020 16 2525 80 133 815 286 279 45 899 149 18 130 327 748 428 97 342 102 0 0 41 1 347 85 27 0 23 20 218 16 32 9 0 66 0 0 41 0 0 34 8 0 6 0 0 0 0 0 0 0
6 63 15 0 602 261 345 20 27 67 0 0 0 0 0 4271 2118 787 4123 4752 1240 438 1266 15 1414 0 0 708 215 0 0 611 0 0 122 276 273 437 84 156 0 0 0 0 0 237 0 0 0 24 8 102 0 0 0 0 20 0 0 0 0 0 9 0 0 0 0 0 0 0 0 0 0
5 84 7 3 655 178 769 3 13 147 102 6 15 0 1 3491 1098 811 3702 8463 1396 89 5184 0 2407 605 190 419 236 442 36 2408 959 3 101 447 131 254 14 605 407 0 0 120 0 266 137 26 0 5 1 74 72 14 25 0 77 42 2 124 0 0 3 4 0 14 9 0 0 0 2 0 0
6 97 10 5 714 252 911 6 21 154 143 8 24 6 0 3640 1472 1119 3753 9922 2086 196 6208 1 2658 643 206 448 312 751 48 2306 1162 3 116 538 180 516 31 545 631 71 7 161 0 294 198 27 134 24 2 97 64 17 56 1 64 0 0 134 47 2 9 4 13 24 0 0 9 1 0 0 0
6 72 11 4 639 217 659 7 17 100 93 10 8 3 0 3919 1488 509 4182 6849 1816 163 4983 1 1740 410 210 701 222 561 77 1700 943 6 106 413 277 275 24 369 227 33 5 110 1 245 72 17 61 8 3 97 43 26 9 0 44 0 0 53 9 2 7 4 0 2 0 0 1 0 0 0 0
5 112 4 6 679 140 1330 0 12 197 204 4 40 4 2 3108 616 619 2770 12439 1557 0 10458 0 2834 1541 129 274 201 769 44 3786 1887 0 54 562 87 334 0 803 1268 43 0 170 0 240 243 29 103 17 0 63 130 14 120 0 69 92 1 240 28 2 12 2 10 45 24 1 8 0 7 1 0
6 53 14 1 628 211 220 16 15 56 22 4 1 0 0 4066 2087 580 4983 3664 769 313 653 9 1404 74 77 747 165 177 18 341 123 6 121 240 253 180 43 102 12 0 0 23 0 260 14 4 0 8 2 68 11 11 0 0 19 0 0 10 0 0 7 0 0 0 0 0 0 0 0 0 0
5 42 8 2 489 117 186 5 7 43 31 4 3 1 0 3930 1172 258 3149 2698 474 99 653 1 909 90 58 671 103 261 19 312 146 2 86 237 94 80 11 81 40 4 2 18 0 143 43 5 18 1 1 38 13 4 1 0 7 0 0 13 3 0 0 1 1 0 0 0 0 0 0 0 0
6 104 8 7 721 174 1041 3 18 168 228 8 41 7 2 3454 1005 538 3801 10946 1289 66 6920 0 2673 1170 229 408 179 968 31 2906 2098 3 51 547 194 406 13 726 1078 138 1 263 0 216 305 24 109 23 0 82 113 22 144 2 67 64 2 224 68 4 4 8 12 42 28 2 9 0 6 1 0
5 92 7 3 684 178 979 3 13 165 110 6 27 0 1 3154 1181 430 3509 10713 1724 86 6968 0 2792 911 208 347 267 381 11 2684 978 3 65 554 124 250 13 647 800 0 0 83 0 296 215 47 0 8 0 57 72 12 74 0 61 43 2 165 0 0 7 7 0 37 12 0 0 0 5 0 0
5 60 8 2 613 165 333 5 15 77 39 4 3 1 0 4040 1259 625 3941 4832 854 132 1153 1 1712 171 68 619 147 301 40 629 187 2 101 326 219 248 23 183 35 9 2 33 0 262 48 4 18 3 2 88 26 10 1 0 30 0 0 16 1 0 12 2 1 0 0 0 1 0 0 0 0
5 79 9 1 624 215 756 7 25 102 41 3 5 0 0 3736 1351 783 3699 7990 1742 197 5615 2 1739 291 108 577 183 164 10 1884 464 3 103 438 256 574 42 387 170 0 0 46 0 243 34 12 0 29 4 122 19 15 8 0 48 0 0 35 0 0 9 3 0 2 0 0 0 0 0 0 0
5 66 4 6 655 93 362 0 6 75 125 3 17 6 1 4100 645 474 4842 5385 487 0 1198 0 1751 528 55 707 66 885 33 572 581 0 69 345 97 93 0 145 255 51 0 94 0 284 222 6 110 0 0 49 94 4 16 0 28 21 0 77 32 2 2 2 9 5 6 2 1 1 1 0 0
5 52 6 4 548 114 314 1 4 77 72 6 7 3 0 3516 1036 303 3918 4384 609 24 1386 0 1535 212 97 588 133 596 53 771 427 0 73 290 43 78 0 295 122 25 2 101 1 189 88 12 47 1 0 29 42 11 9 0 45 0 0 39 9 2 2 0 1 1 0 0 0 0 0 0 0
5 67 9 1 603 201 446 7 12 94 33 3 5 0 0 3654 1523 791 3731 6262 1187 198 1872 2 1926 240 92 538 220 154 16 1071 243 3 118 378 108 218 24 309 114 0 0 25 0 239 63 14 0 5 1 66 20 7 6 0 52 0 0 51 0 0 3 1 0 4 0 0 0 0 0 0 0
6 62 10 5 562 120 521 7 10 117 148 7 11 5 1 3239 1096 251 3832 5622 570 82 3600 2 1923 372 154 521 124 804 22 1895 1679 3 44 325 150 102 18 550 244 148 5 295 0 205 141 10 31 2 0 40 43 12 3 2 73 36 1 114 19 0 1 3 1 5 3 2 3 0 1 0 0
5 109 3 7 620 103 1404 0 5 189 223 2 50 5 3 2789 512 261 2232 13096 1303 0 11530 0 2540 1282 39 245 144 881 33 3907 2119 0 23 640 27 159 0 738 1539 77 0 249 0 188 248 15 113 2 0 18 115 4 246 0 65 107 0 243 57 1 1 1 4 50 40 2 5 0 9 2 0
5 59 9 1 432 203 635 7 12 85 9 3 0 0 0 3028 1280 459 2055 6065 2150 219 5517 2 1319 14 20 367 281 106 43 1891 13 3 67 341 71 355 29 399 0 0 0 3 0 155 0 0 0 11 0 54 6 7 0 0 43 0 0 0 0 0 1 0 0 0 0 0 0 0 0 0 0
5 87 7 3 586 175 1095 3 10 167 117 5 18 2 0 2901 993 474 2765 10189 2025 87 9356 0 2271 643 181 371 258 468 16 3523 1395 2 58 526 127 193 9 778 641 43 2 155 0 219 94 21 45 3 1 81 61 8 60 0 77 0 0 122 25 1 4 2 3 22 0 0 3 0 0 0 0
5 87 4 6 719 126 865 1 13 141 138 2 29 5 2 3338 530 574 4473 9789 1489 40 6269 0 2571 572 30 439 125 802 59 2301 877 0 50 525 173 352 2 495 608 52 1 103 0 325 352 0 100 9 2 100 67 10 58 1 59 49 0 160 36 0 9 3 3 29 15 2 12 0 3 1 0
5 80 9 1 599 216 797 7 31 119 36 3 3 0 0 3716 1295 817 3330 8221 1750 197 5888 2 1930 84 90 535 211 186 16 2146 477 3 122 446 221 762 52 456 87 0 0 54 0 265 14 5 0 55 5 150 15 18 1 0 50 0 0 21 0 0 18 4 0 2 0 0 0 0 0 0 0
5 68 8 2 698 179 415 4 22 93 41 6 4 0 0 3935 1178 721 5369 5827 987 113 1562 0 2162 209 102 734 151 346 61 815 193 4 121 392 355 374 26 218 78 0 0 39 1 312 52 7 0 11 3 129 31 21 3 0 39 0 0 21 0 0 16 5 0 0 0 0 0 0 0 0 0
6 92 11 4 689 270 902 6 27 174 102 12 17 2 0 3266 1568 837 3927 9670 2365 186 6196 0 2907 436 249 389 394 514 108 2942 852 7 86 482 278 636 35 739 489 25 4 115 3 261 126 36 45 26 2 167 53 39 58 0 85 0 0 110 17 1 16 11 4 26 0 0 2 0 0 0 0
5 48 9 1 525 151 197 7 11 41 19 3 0 0 0 3760 1277 536 4140 3172 562 153 482 2 1062 45 50 748 101 185 22 237 92 3 105 221 179 132 23 62 0 0 0 19 0 158 0 0 0 1 1 40 15 7 0 0 11 0 0 0 0 0 2 0 0 0 0 0 0 0 0 0 0
5 88 7 3 664 180 735 3 23 149 98 5 14 2 0 3554 1052 809 3855 8504 1194 87 3818 0 2770 649 140 474 191 465 29 1860 753 2 116 446 177 522 24 636 369 26 2 116 0 257 115 18 45 33 1 120 51 22 18 0 86 0 0 101 17 1 24 5 9 10 0 0 1 0 0 0 0
5 78 7 3 661 174 742 3 19 111 82 6 9 0 1 3744 1002 817 4346 8142 1343 101 5362 0 1925 245 142 644 142 405 55 1876 910 3 100 482 252 453 12 416 214 0 0 91 0 307 141 11 0 19 3 126 34 22 5 0 48 38 2 57 0 0 9 7 0 5 3 0 0 0 2 0 0
5 47 8 2 490 118 241 5 7 76 44 4 6 1 0 2932 1091 359 3107 3915 494 84 825 1 1639 72 83 336 145 405 22 693 284 2 66 253 59 81 11 294 89 17 2 99 0 179 70 11 4 2 1 17 8 5 6 0 59 0 0 41 6 0 0 1 0 1 0 0 0 0 0 0 0
