33 242 429 99 706 5172 1277 3059 244 63 1780 1798 152 526 73 1886 13944 11735 1213 6335 23146 47393 5090 13693 382 6713 27457 80 1151 4031 7573 725 10175 14377 673 160 774 3661 4274 31 3234 5944 7187 460 1124 17 316 2184 6329 130 137 224 356 2101 194 1057 0 1942 841 155 1597 1466 4 122 439 9 523 861 95 97 32 190 27
44 212 815 131 728 6705 713 8762 274 45 1621 3551 121 842 89 2294 21181 10799 1577 3934 19631 94876 1919 62576 354 3943 38926 107 1221 4356 10421 293 6202 44245 934 163 1063 2790 7374 28 1726 6210 18422 363 2049 17 359 2731 7601 80 178 227 360 2722 75 2026 1 1731 1549 108 1557 2975 7 189 386 1 311 1464 114 155 22 262 28
28 241 318 60 950 4358 1522 2034 256 107 1323 969 157 228 45 3184 15550 10619 2453 9612 23109 34846 7950 8365 833 5475 18563 225 1574 3806 3805 1624 9115 7054 843 353 1090 4119 3848 125 3801 3051 3004 645 328 55 508 1968 3218 141 191 295 401 1494 334 278 5 1291 516 315 1099 450 12 203 231 18 439 349 104 19 55 94 18
25 245 231 69 808 3583 1654 1153 204 88 1559 769 165 316 62 2544 10750 10354 1476 9457 20144 22655 7900 3555 533 6947 14545 87 1051 3907 3884 1291 10594 4045 612 285 657 4028 2412 69 3988 4366 2448 560 270 27 465 1416 4331 193 71 217 407 1399 278 608 1 1900 383 236 1400 568 10 133 298 14 527 567 104 26 37 153 27
26 220 268 57 1039 3516 1363 1553 213 125 1262 769 148 235 43 3893 15064 7773 3337 9803 17805 25220 7034 5823 1127 5049 14887 181 1599 4025 2557 1721 8788 4772 706 422 1300 3246 2773 196 3488 3128 2543 694 168 43 660 1513 3111 94 149 392 399 1182 280 340 4 1278 391 364 1078 432 11 199 206 27 403 348 106 26 49 89 18
16 197 91 29 1047 1622 1589 273 125 157 833 193 125 69 25 4462 7621 4717 3889 13490 10214 5793 9305 491 1956 4318 4741 294 958 2823 808 2558 7009 587 482 573 820 2422 811 337 3332 1289 342 568 23 127 622 637 933 98 49 298 352 464 331 69 12 856 123 411 472 48 18 103 75 42 306 94 47 0 46 32 11
26 199 284 41 1251 3384 1083 1824 228 156 921 591 107 162 23 5364 19045 7021 5132 9715 14364 27054 5075 7885 1917 2926 11225 563 1826 3575 1853 1999 6926 4105 907 527 2005 2935 3218 385 2280 2749 1876 867 90 171 617 1132 1654 93 229 635 281 1046 192 326 19 645 234 400 777 194 33 183 83 53 224 181 72 8 36 45 6
31 234 395 70 958 4805 1299 2868 273 123 1389 1272 140 307 48 3238 17597 10489 2684 8355 22289 43972 5745 13566 1039 5060 21590 126 1974 3908 4858 1580 8984 10544 873 333 1485 3883 4698 194 3060 4014 4433 789 506 35 475 1960 3797 136 237 463 380 1781 241 519 2 1300 603 346 1201 682 25 206 233 34 409 465 82 26 40 104 17
23 214 208 45 1138 2997 1486 1026 213 155 997 566 144 158 21 4069 14005 7200 4025 11872 17159 18204 8311 3154 1566 3497 10635 215 1650 3526 2350 2415 7550 3080 718 505 1522 3635 2267 303 3378 2150 1568 673 191 77 755 1284 2135 140 161 472 308 1040 345 176 7 604 164 427 917 297 33 220 125 61 226 174 118 15 47 31 5
16 176 94 26 1098 1507 1327 287 137 189 665 190 97 75 8 5079 8113 3752 4972 11935 8990 5539 7679 512 2553 2793 4030 382 1148 2461 778 2853 5555 611 459 563 1213 2279 796 550 2443 1224 387 605 31 159 637 445 1143 96 118 442 204 361 223 74 38 258 32 428 448 102 36 117 82 70 100 50 91 11 22 9 1
23 196 212 41 1138 2837 1358 1093 178 173 897 516 111 141 21 4789 14860 5737 4367 11196 16561 18115 7677 3603 1892 3180 9532 356 1971 3354 1961 2765 7050 2924 716 535 1370 2834 2160 459 2629 2031 1399 741 156 112 553 1104 1901 94 125 549 298 790 307 201 18 636 173 399 674 188 17 134 99 56 204 155 46 15 41 36 5
18 194 124 29 1008 2044 1591 454 136 186 758 272 112 78 12 4439 9556 5081 3718 12875 14252 8904 10001 1028 2141 3374 6314 302 1613 2605 1223 3308 6264 1018 479 556 809 2689 1090 512 2932 1135 602 600 77 122 514 860 1164 106 61 375 282 587 349 60 23 395 84 432 485 108 8 102 84 63 175 64 28 8 38 6 5
14 166 73 18 1181 1347 1108 194 130 177 425 129 63 36 5 5596 7558 4342 7205 11503 7561 4446 5044 294 3129 2077 2590 747 968 1812 707 2018 2744 370 518 576 1286 2253 750 512 1418 412 206 312 20 310 597 326 606 124 60 522 160 342 90 12 55 176 27 339 168 44 33 86 67 47 42 18 49 5 12 5 0
13 146 61 17 1080 979 1117 148 84 175 463 94 71 39 5 5243 6310 2487 5859 11236 5656 2811 6804 211 2742 1786 2099 607 756 2000 363 2686 4232 223 303 611 970 1335 405 555 1699 750 154 458 13 246 542 266 492 52 43 351 160 212 189 36 46 161 16 349 276 31 26 45 38 67 58 24 50 2 12 5 0
10 144 36 9 1078 812 1034 58 105 189 214 52 30 10 0 5098 4210 3496 6767 11428 5060 1609 4641 43 3800 1066 1005 655 603 1068 464 1925 1256 93 339 593 1118 2085 328 576 617 110 46 166 17 403 284 123 187 112 57 563 115 210 32 2 89 0 0 149 46 9 91 49 22 19 0 0 11 0 0 0 0
13 142 64 14 1031 1082 1107 161 83 183 360 98 48 25 2 5611 6767 2835 5396 10333 6993 3293 7446 233 2783 1317 2170 606 1024 1662 489 2910 3206 265 419 556 767 1503 451 683 1264 390 137 373 19 258 325 256 364 63 27 368 135 245 96 11 72 69 11 283 145 30 28 39 34 46 25 7 24 1 5 1 0
17 167 114 22 1093 1691 1319 420 117 174 545 198 101 54 8 5065 9946 3482 5009 12436 10967 7531 8450 968 2314 1875 4268 397 1369 2250 679 3072 4875 784 451 670 976 2056 944 502 2478 876 396 489 27 176 690 693 699 68 65 341 154 320 296 44 23 242 51 409 384 56 16 97 31 72 103 39 71 5 32 9 1
15 161 87 18 1176 1499 1149 262 128 183 395 155 52 35 3 5536 8659 4295 7035 11604 9323 5651 5738 459 2945 1433 2954 807 1194 1861 887 2372 2833 526 551 653 1397 2314 841 592 1176 371 243 322 39 327 470 324 611 117 73 620 113 348 103 13 58 88 19 262 168 47 33 92 45 49 23 15 27 3 5 1 0
8 142 19 9 874 499 1463 19 36 194 297 24 63 9 4 4181 2515 2152 3914 13802 4070 607 10603 8 2717 1762 687 359 473 1069 163 3780 2820 21 221 699 317 889 83 670 1910 169 20 273 1 212 330 138 160 31 3 173 157 65 245 1 57 146 8 311 100 2 8 16 11 56 59 6 16 0 11 3 0
14 158 75 16 1098 1301 1176 219 120 174 397 102 58 39 4 5272 7506 3478 6301 11738 8286 4658 6153 397 2952 1850 2169 703 1037 1764 475 2283 2921 295 425 621 1061 2210 788 502 1403 546 192 335 7 290 488 257 588 116 65 448 151 257 118 39 63 123 14 306 242 26 20 57 48 48 37 26 38 3 9 2 0
10 116 37 8 980 660 773 67 58 159 210 44 29 7 2 5048 4538 1793 6415 9645 3729 1454 3458 64 3268 1108 988 672 645 1064 203 1690 1471 91 258 570 689 952 225 508 649 109 31 180 6 357 288 123 126 43 18 287 129 114 35 0 70 69 9 203 42 4 28 25 12 30 15 5 9 0 3 0 0
7 112 12 9 769 238 1124 8 19 178 310 12 43 12 3 3922 1561 655 3636 11173 1649 174 8096 2 2699 1588 344 385 228 1239 38 3174 3211 6 98 556 159 396 25 741 1282 284 7 374 0 211 304 33 182 16 0 99 161 31 87 5 75 116 2 271 93 5 6 6 13 42 37 6 14 0 6 2 0
19 147 155 16 1355 1935 682 739 164 171 299 189 42 40 1 7111 15218 3889 8821 8251 7668 11618 2512 2338 3126 976 2974 1139 1642 1712 693 1467 1707 1018 675 531 2062 1906 1768 540 763 470 389 320 22 325 399 375 482 60 150 716 115 340 56 47 77 33 7 242 191 46 43 85 37 36 8 9 23 0 3 0 0
10 99 42 3 1078 674 464 98 73 119 55 20 8 2 0 6333 5660 2021 7765 6922 2779 1960 1372 140 2713 148 319 1084 529 389 133 793 307 57 408 566 1083 901 364 281 115 21 12 49 0 395 101 40 27 31 51 383 27 42 6 0 54 0 0 32 10 1 36 12 0 3 0 0 1 0 0 0 0
19 127 154 17 1316 1762 492 708 115 137 246 233 24 28 0 7337 15322 3365 9470 6821 6193 10640 1474 2060 2824 592 2948 1383 1473 1881 994 958 1009 1378 714 495 1739 1198 1236 372 344 216 318 214 64 407 318 263 345 40 88 539 129 319 16 14 65 0 0 146 76 40 29 47 31 18 0 0 11 2 0 0 0
14 165 79 12 979 1465 1461 244 90 194 366 98 67 20 2 5190 7677 3988 4040 12475 11159 5595 10129 462 2579 1964 2639 471 1360 1268 382 3467 3479 347 449 670 588 1887 659 673 1954 358 134 350 8 206 383 449 375 66 20 327 150 212 191 8 67 80 11 315 184 21 30 47 23 55 30 9 32 0 10 1 0
14 118 85 6 1174 1220 592 297 92 139 112 62 9 5 0 6795 10003 2925 8120 7525 5531 5511 2522 667 2858 410 1051 1186 1043 713 358 1329 711 275 594 570 1239 1213 754 389 153 48 48 122 8 395 116 73 61 42 60 495 46 124 2 1 76 0 0 61 12 2 40 23 0 3 0 0 0 0 0 0 0
7 101 13 8 891 272 733 9 24 138 210 14 38 10 2 4165 1788 888 6131 9826 1717 228 3308 2 3094 1160 354 590 237 1073 58 1512 1329 6 134 557 338 387 36 421 787 116 15 130 0 351 478 53 186 29 3 119 122 19 60 1 56 67 2 222 51 2 17 9 18 43 19 4 20 2 6 1 0
8 126 21 7 817 520 1275 24 39 188 206 23 39 8 1 4309 2736 1851 3984 11637 4910 713 9819 12 2799 1205 612 423 641 891 151 3578 1572 26 204 559 303 966 110 769 1097 91 19 169 1 230 219 131 191 35 4 208 125 60 155 1 73 33 3 182 47 5 15 13 21 43 18 2 5 1 5 0 0
7 123 14 7 756 353 1326 13 27 199 237 10 47 11 1 3790 1800 1386 3239 12378 3176 395 10000 6 2732 1308 331 311 407 947 48 3892 2304 6 142 609 193 684 54 838 1374 191 9 300 0 191 272 50 185 37 1 114 105 37 172 7 71 36 0 251 118 3 8 9 9 53 21 4 14 0 3 0 0
10 110 39 6 896 688 718 87 40 134 170 18 26 15 0 5404 4756 2143 5424 8676 3708 1993 3122 127 2556 723 474 722 576 927 65 1550 1278 18 285 582 446 727 223 448 591 274 45 259 0 281 221 71 188 33 9 150 79 36 46 20 68 0 0 169 102 0 8 7 6 18 0 0 14 0 0 0 0
7 111 11 10 816 209 1116 7 19 153 309 12 55 10 6 4038 1345 470 4388 11332 1568 148 8179 2 2498 1433 344 462 162 1431 22 2727 2932 3 72 607 259 328 24 572 1538 205 10 308 0 254 413 48 127 14 2 69 143 21 151 4 55 202 6 277 69 0 7 13 7 44 78 4 11 0 15 5 1
7 122 17 4 782 433 1259 19 51 197 137 12 30 4 0 4172 2276 1641 3578 11825 3598 550 9305 10 2897 882 349 399 494 447 79 3700 1452 13 187 573 373 1185 132 822 971 84 9 115 0 217 155 72 78 79 12 219 57 38 95 1 81 0 0 206 34 2 34 12 9 40 0 0 16 0 0 0 0
7 97 16 5 737 326 938 15 26 159 164 15 20 5 0 4270 2110 989 4200 8667 2544 343 7305 6 2322 713 422 560 368 676 85 3008 1834 12 150 453 301 585 45 739 579 109 11 242 2 233 151 46 84 15 4 155 67 48 28 1 87 0 0 143 38 3 12 8 5 11 0 0 4 0 0 0 0
7 138 12 9 791 311 1594 10 27 194 315 9 74 12 4 3497 1569 1091 3109 14878 2779 318 12047 5 2529 1946 292 268 285 1111 9 4015 3067 0 98 722 183 730 54 669 2324 234 12 299 0 177 405 70 203 43 4 106 131 23 289 8 49 142 4 326 135 0 8 4 17 66 68 0 21 0 17 6 0
11 115 48 7 923 822 835 108 71 144 160 51 13 6 0 5430 5581 2212 5485 9303 5340 2316 4403 138 2676 548 1014 752 807 928 336 1923 1128 135 303 576 668 1395 348 464 307 84 41 158 13 330 117 68 84 65 32 327 72 140 25 1 74 0 0 74 24 2 25 25 5 12 0 0 0 0 0 0 0
7 122 17 4 756 428 1299 19 37 188 162 13 34 2 1 4027 2331 1563 3178 11998 3791 546 9972 10 2731 1254 483 380 528 491 43 3620 1721 15 173 603 240 792 95 769 1164 50 6 144 0 208 174 98 28 56 6 132 95 43 107 0 77 45 3 218 22 0 15 8 5 38 17 1 8 0 3 0 0
6 62 11 4 767 167 264 8 24 70 79 8 8 4 0 4451 1551 435 6520 4558 593 146 628 2 1911 309 134 889 100 557 30 394 329 5 118 326 426 267 38 131 97 37 5 47 0 323 174 9 59 15 4 105 62 21 2 1 35 0 0 62 8 2 14 5 10 4 0 0 5 0 0 0 0
11 135 45 10 911 837 1302 93 53 180 297 57 55 12 3 4717 4915 2059 4311 12038 6911 2079 9682 108 2419 1209 1502 513 839 1321 248 3534 2905 125 280 650 511 1145 239 714 1579 233 58 379 9 202 289 246 166 32 14 241 121 124 208 4 65 92 13 231 117 4 7 24 7 48 50 7 17 0 8 2 0
5 88 5 5 813 124 664 1 16 135 144 4 26 4 1 3478 744 587 5692 9582 737 30 2964 0 2994 880 102 486 91 733 28 1464 936 0 83 574 244 302 6 424 597 54 2 98 0 357 323 13 79 5 1 104 103 11 37 0 66 34 0 165 26 1 14 7 8 27 11 2 6 0 3 0 0
6 116 8 7 771 195 1306 3 28 180 235 7 47 9 1 3652 1033 723 3672 12653 1628 77 10071 0 2638 1201 195 375 175 892 38 3536 2405 2 78 632 273 686 19 735 1419 164 3 213 0 248 334 19 161 44 3 133 98 26 152 2 65 36 0 231 92 4 19 8 20 55 13 3 22 1 4 0 0
6 70 14 1 739 245 425 16 35 104 31 4 2 0 0 4153 1997 681 5504 6085 1240 327 1855 9 2333 147 103 710 227 199 13 1041 245 6 119 381 496 495 81 310 53 0 0 52 0 288 22 7 0 45 12 174 21 21 1 0 56 0 0 9 0 0 29 1 0 0 0 0 0 0 0 0 0
9 104 31 5 906 606 706 51 59 143 94 31 7 2 0 4725 4127 2027 6004 8868 3684 1282 3203 40 3056 264 495 671 569 701 254 1536 549 68 241 549 702 1143 225 451 146 6 10 121 7 367 50 40 47 54 25 334 40 96 9 0 80 0 0 20 2 1 49 7 3 1 0 0 0 0 0 0 0
7 96 14 7 790 285 738 9 35 126 175 19 23 5 2 4392 1620 1051 5320 8830 1826 223 3663 1 2510 727 406 707 232 967 116 1580 1288 12 114 570 478 667 37 353 509 55 8 151 3 318 273 41 107 27 9 178 59 56 42 0 43 61 5 127 22 4 14 19 11 20 15 1 6 0 2 1 0
5 95 6 4 686 173 1014 1 20 158 121 6 23 3 0 3540 913 939 3754 9946 1604 22 8099 0 2413 566 153 432 202 551 70 3201 1181 0 96 549 194 488 8 744 639 42 2 112 1 248 163 27 61 20 0 121 60 26 52 0 79 0 0 133 25 2 8 7 7 24 0 0 5 0 0 0 0
6 81 12 3 742 261 522 10 26 93 70 8 11 2 0 4633 1829 1082 5192 6855 1468 258 2138 3 2032 336 169 749 219 406 65 940 389 7 174 451 304 476 58 257 221 19 4 45 0 289 131 22 42 17 3 121 42 18 11 0 45 0 0 52 9 1 8 7 2 6 0 0 3 0 0 0 0
7 104 12 9 737 221 1095 7 21 179 273 14 44 11 3 3419 1446 496 3857 10992 1736 123 8308 2 2642 1000 341 353 256 1297 71 3553 2892 3 67 566 196 441 19 776 1171 240 11 385 3 197 329 37 123 27 1 79 79 51 138 3 71 93 1 258 90 2 5 5 7 43 40 9 15 0 6 1 0
6 98 14 1 801 367 736 16 45 132 23 4 5 0 0 4456 2057 1923 5080 9008 2365 519 3452 9 2838 112 77 660 306 141 44 1406 106 6 232 561 469 980 111 405 99 0 0 15 0 350 43 14 0 56 14 263 20 15 9 0 57 0 0 16 0 0 29 6 0 1 0 0 0 0 0 0 0
6 83 10 5 661 231 652 7 21 111 126 7 8 5 1 4213 1496 913 3616 7761 1577 202 3560 2 2277 537 172 526 230 799 45 1484 903 3 114 446 142 514 45 420 178 37 5 135 0 237 92 11 119 42 1 104 77 16 2 2 67 35 1 56 11 0 12 1 16 3 5 2 2 0 0 0 0
8 66 23 5 697 331 292 30 19 60 87 22 3 4 0 5001 2952 929 5092 4267 1309 569 895 18 1428 221 339 865 235 726 125 453 443 32 181 322 282 236 64 162 40 36 14 94 3 199 38 14 65 7 3 81 57 35 1 0 24 0 0 4 3 3 3 1 4 0 0 0 0 0 0 0 0
11 121 45 10 855 715 1125 94 52 167 299 55 46 13 3 5014 4627 1409 4314 10413 5487 1731 8327 111 2304 1074 1424 589 743 1283 156 3105 3197 123 176 583 518 969 231 671 1303 287 59 383 4 225 302 194 168 21 15 205 101 116 126 3 68 116 12 241 103 7 14 26 6 35 31 10 18 0 8 1 0
7 113 13 8 769 341 1166 7 36 182 207 17 29 10 1 3847 1804 1220 3734 11083 3269 225 9046 0 2685 1006 365 385 442 996 187 3597 1745 9 121 567 252 945 48 808 817 108 7 166 3 235 245 54 195 52 0 177 102 78 58 3 80 43 2 197 39 8 20 15 17 35 11 2 7 1 4 0 0
7 70 21 0 830 338 303 35 41 83 0 0 0 0 0 5172 3113 968 6592 4970 1245 685 775 35 1954 0 0 997 287 0 0 528 0 0 236 400 607 501 160 170 0 0 0 0 0 301 0 0 0 36 15 181 0 0 0 0 21 0 0 0 0 0 15 0 0 0 0 0 0 0 0 0 0
7 122 14 7 776 376 1342 12 34 184 212 14 38 6 3 3931 1879 1443 3685 12407 3711 419 10432 5 2429 1168 368 441 459 912 84 3814 1882 7 150 637 231 981 67 794 1144 78 12 188 0 213 260 62 144 53 1 177 106 56 114 2 77 104 6 194 48 0 16 14 10 27 30 0 6 0 8 3 0
7 120 14 7 786 344 1295 11 18 171 228 15 56 7 2 3834 2007 1201 3524 12959 3074 311 9739 3 2688 1190 449 354 388 874 70 3376 2201 10 145 668 140 420 36 645 1577 129 11 189 0 236 351 104 125 15 2 67 120 21 234 1 54 66 3 256 83 3 4 6 6 59 30 3 9 0 13 1 0
8 107 23 5 850 454 953 32 32 164 161 19 35 4 1 4009 3111 1018 4855 11043 3572 742 5763 23 2928 1002 578 441 552 684 41 2517 1309 27 168 649 380 590 103 608 990 63 14 163 0 294 287 110 78 13 5 144 76 30 92 0 75 40 3 189 46 1 13 20 1 37 13 2 3 0 5 0 0
8 96 23 5 790 382 899 33 31 171 170 17 29 5 1 4088 2735 866 4588 9199 2801 621 7017 26 2701 482 533 546 484 742 48 3031 2057 22 137 478 457 449 76 733 756 141 15 260 0 242 197 79 29 12 16 181 57 33 103 2 79 29 3 176 49 0 11 12 0 37 18 2 5 0 2 0 0
5 84 8 2 710 196 651 5 30 123 60 4 10 1 0 3992 1252 874 4336 8498 1219 132 3062 1 2604 388 108 528 189 292 31 1447 395 2 116 528 268 619 46 378 235 13 2 45 0 315 122 15 16 55 4 119 46 12 13 0 53 0 0 73 4 0 22 5 7 11 0 0 3 0 0 0 0
6 63 12 3 596 197 368 10 19 79 72 8 4 2 0 3596 1634 563 4241 5259 946 200 1560 3 1828 324 164 523 201 495 35 849 505 7 61 321 210 288 36 227 77 27 4 97 0 240 63 8 41 10 3 59 49 21 2 0 48 0 0 26 4 1 5 4 2 1 0 0 0 0 0 0 0
7 102 18 3 819 421 852 23 27 149 91 9 23 3 0 4328 2720 1606 4870 10218 3013 679 4627 16 2831 477 251 543 443 400 42 2094 725 9 231 623 270 623 89 537 577 47 9 93 0 289 193 64 50 24 2 153 54 22 63 1 70 0 0 145 34 0 6 5 2 24 0 0 6 0 0 0 0
7 87 17 4 654 360 651 19 25 122 96 12 8 4 0 4315 2311 1247 3653 7330 2425 521 3387 10 2127 419 261 543 440 574 88 1765 608 13 132 403 196 583 74 517 208 37 9 89 0 202 37 21 86 27 3 147 61 29 14 1 73 0 0 40 16 2 7 3 7 1 0 0 0 0 0 0 0
6 97 14 1 784 359 859 16 38 151 28 4 11 0 0 4046 2153 1458 4501 10197 2725 501 4952 9 3013 167 96 523 389 110 23 2059 183 6 221 614 368 907 102 506 266 0 0 15 0 337 92 36 0 67 6 227 13 16 40 0 67 0 0 42 0 0 26 8 0 15 0 0 0 0 0 0 0
7 50 21 0 693 272 139 35 14 46 0 0 0 0 0 4714 3111 645 5819 2710 711 619 256 35 1277 0 0 939 203 0 0 161 0 0 185 233 305 121 61 56 0 0 0 0 0 229 0 0 0 1 3 67 0 0 0 0 12 0 0 0 0 0 3 0 0 0 0 0 0 0 0 0 0
5 89 6 4 753 140 795 2 15 152 130 5 28 2 1 3302 898 445 4960 10201 1019 53 4391 0 2955 840 148 427 143 560 13 2206 1005 1 51 566 238 275 8 536 741 36 2 119 0 309 265 29 33 7 2 89 88 15 63 0 65 38 1 181 18 0 7 5 2 31 12 1 4 0 4 0 0
5 96 6 4 720 138 1115 2 16 176 132 5 41 2 1 3188 844 324 3974 11605 1280 45 8916 0 2812 589 152 341 143 480 15 3542 1421 1 36 595 240 289 8 707 1094 51 2 113 0 250 284 39 19 6 2 106 56 5 182 0 65 33 1 218 24 0 10 12 0 52 14 1 5 0 8 0 0
5 75 8 2 620 209 550 5 24 102 39 4 2 1 0 3950 1267 1030 3750 6791 1349 156 2624 1 2231 115 59 521 203 290 55 1064 215 2 144 467 225 538 45 343 36 3 2 42 0 270 15 4 27 31 2 134 9 19 0 0 49 0 0 3 2 0 13 0 2 0 0 0 0 0 0 0 0
5 59 9 1 578 180 321 7 17 65 18 3 2 0 0 4038 1385 704 3810 4633 843 176 1063 2 1581 41 49 583 142 125 30 475 102 3 106 371 219 277 33 153 28 0 0 6 0 240 30 4 0 16 3 76 4 5 1 0 34 0 0 8 0 0 14 2 0 0 0 0 0 0 0 0 0
6 98 9 6 796 210 836 5 22 139 172 8 32 5 2 3838 1336 744 5098 10325 1449 133 4356 1 2797 992 201 553 212 786 46 1840 1294 2 84 604 257 450 34 433 791 81 6 103 0 307 363 34 95 39 1 101 87 20 59 1 55 64 2 175 30 0 22 6 7 30 19 2 12 0 5 1 0
9 122 28 8 803 535 1270 42 43 188 255 30 50 10 2 4146 3141 1223 3665 11949 4621 916 9761 33 2654 915 860 388 575 1143 83 3630 2656 43 142 608 395 913 138 759 1492 193 32 353 0 206 225 143 134 29 8 225 91 83 210 2 66 63 5 209 108 5 20 19 7 51 37 5 11 0 7 1 0
8 69 25 3 779 373 265 40 32 67 36 14 5 2 0 5558 3236 1061 5709 4147 1346 793 618 35 1634 84 142 932 247 381 96 379 96 26 192 370 525 348 116 126 43 9 8 22 0 278 83 16 22 9 11 160 27 27 2 0 21 0 0 22 5 1 9 7 1 0 0 0 1 0 0 0 0
5 48 9 1 605 141 193 7 14 48 21 3 1 0 0 3951 1363 404 5091 3372 501 136 480 2 1284 79 53 771 85 169 15 261 93 3 104 254 268 158 26 81 14 0 0 19 0 237 16 3 0 3 2 67 19 10 0 0 15 0 0 7 0 0 7 0 0 0 0 0 0 0 0 0 0
6 54 14 1 538 230 241 16 10 43 20 4 0 0 0 4366 2022 772 3523 3467 938 361 727 9 957 50 74 649 171 128 28 295 123 6 142 282 114 142 31 70 0 0 0 16 0 152 0 0 0 1 1 26 1 6 0 0 4 0 0 0 0 0 1 0 0 0 0 0 0 0 0 0 0
5 102 5 5 660 172 1102 1 19 177 152 3 23 6 0 3631 730 1071 3276 10207 1631 36 8598 0 2483 830 85 403 218 675 50 3444 1347 0 89 536 141 594 7 804 678 64 1 159 0 206 170 15 158 27 0 124 79 22 52 1 85 0 0 153 35 2 9 3 14 18 0 0 8 1 0 0 0
5 94 8 2 604 211 1093 5 22 154 81 4 20 1 0 3636 1108 718 2646 9966 2031 141 9083 1 2109 533 151 379 250 272 11 3325 918 2 99 541 185 531 35 749 690 26 2 104 0 204 84 34 19 24 1 95 47 11 77 0 76 0 0 111 10 0 6 6 0 22 0 0 5 0 0 0 0
5 61 8 2 586 137 315 5 25 60 47 4 5 1 0 4189 1008 464 4119 4490 530 95 964 1 1417 235 77 679 90 326 21 427 231 2 82 304 318 333 26 117 104 11 2 34 0 205 28 8 12 25 8 81 29 17 6 0 17 0 0 15 5 0 10 2 4 0 0 0 0 0 0 0 0
5 96 8 2 712 237 1083 5 28 188 51 4 20 1 0 3163 1216 999 3861 10924 2346 184 8953 1 2871 148 84 347 314 264 29 3782 442 2 137 547 252 778 39 863 476 5 2 40 0 234 141 33 25 43 3 181 15 18 102 0 82 0 0 97 14 0 23 7 1 37 0 0 3 0 0 0 0
7 62 19 2 698 290 350 26 21 77 32 8 4 1 0 4204 2629 715 5570 4967 1478 525 1651 19 1789 28 116 762 260 287 38 866 228 12 128 338 371 313 71 223 59 1 4 38 0 267 53 14 24 9 5 127 10 12 2 0 48 0 0 21 2 0 7 2 2 1 0 0 1 0 0 0 0
5 106 8 2 770 246 990 5 46 177 66 4 10 1 0 3631 1120 1587 4181 11135 1803 174 5602 1 3503 470 104 421 191 269 47 2365 525 2 138 604 383 1179 57 647 257 15 2 44 0 321 104 9 26 88 9 264 42 28 10 0 92 0 0 93 6 0 44 11 2 14 0 0 2 0 0 0 0
7 64 18 3 655 254 393 23 14 79 94 9 4 3 0 4340 2411 539 4459 5185 1224 394 1935 16 1597 393 261 674 206 588 26 944 845 9 159 377 159 187 43 288 96 73 9 167 0 202 55 11 32 3 1 68 45 21 0 1 48 0 0 27 8 0 2 1 1 1 0 0 0 0 0 0 0
5 80 8 2 669 194 585 5 27 107 56 4 8 1 0 4181 1206 924 4211 7351 1148 147 2619 1 2246 326 89 574 164 312 29 1148 360 2 105 503 272 558 33 337 186 12 2 46 0 292 83 12 20 31 5 132 28 23 13 0 52 0 0 50 8 0 10 4 2 8 0 0 0 0 0 0 0
5 110 6 4 650 172 1415 2 13 208 154 5 44 2 1 2733 944 477 2653 13481 1813 62 11676 0 2733 1073 179 215 258 490 12 4629 1611 1 42 652 88 348 10 888 1432 46 2 154 0 188 239 49 27 11 0 68 67 13 217 0 63 37 1 226 31 0 1 5 3 62 20 1 3 0 7 0 0
6 113 12 3 720 354 1319 11 31 201 87 6 31 3 0 3225 1743 1564 3442 12463 3679 404 10757 5 2690 379 149 318 494 383 35 4477 735 3 161 593 192 973 74 918 808 33 6 83 0 194 192 56 58 42 1 175 33 25 158 1 78 0 0 143 46 0 11 6 2 44 0 0 8 0 0 0 0
6 109 6 9 689 162 1256 1 9 179 277 6 44 9 4 3396 856 353 3047 11836 1831 38 9847 0 2503 1573 171 313 252 1240 23 3613 2542 0 49 636 61 253 4 737 1376 115 2 264 0 206 275 30 211 7 0 46 137 11 132 1 70 153 2 259 65 3 1 0 15 36 42 2 6 1 9 4 0
7 56 20 1 576 291 290 30 8 59 25 5 2 0 0 4283 2650 742 4092 3686 1362 603 1413 25 1339 59 119 696 266 158 21 522 214 10 141 289 100 130 31 159 30 0 0 20 0 178 43 10 0 2 1 46 7 6 0 0 23 0 0 20 0 0 0 0 0 1 0 0 0 0 0 0 0
5 71 7 3 573 158 553 3 9 91 86 5 11 2 0 3467 1088 643 3410 6983 1020 85 2865 0 1897 415 129 464 157 471 31 1199 666 2 87 442 55 224 10 330 256 30 2 104 0 236 135 17 40 13 0 33 47 8 10 0 47 0 0 52 11 1 2 1 5 7 0 0 2 0 0 0 0
5 99 3 7 665 64 1159 0 4 177 234 2 45 5 3 2896 469 172 3138 11849 446 0 9116 0 2704 1115 46 245 79 985 8 3517 2499 0 28 599 25 90 0 758 1299 110 0 267 0 217 325 5 64 2 0 8 98 4 149 0 63 111 0 246 52 1 1 0 5 53 42 2 3 0 10 2 0
5 77 8 2 655 189 647 4 25 120 59 6 5 0 0 3486 1165 786 4409 7862 1335 109 3709 0 2469 237 146 552 176 301 48 1643 523 4 101 451 268 533 29 431 99 0 0 58 1 265 76 9 0 48 1 155 29 31 1 0 70 0 0 51 0 0 17 6 0 3 0 0 0 0 0 0 0
5 86 8 2 727 208 770 4 28 140 58 6 11 0 0 3758 1260 836 4412 9319 1643 117 4497 0 2684 395 150 484 224 264 57 1995 408 4 113 584 311 614 29 443 307 0 0 38 1 302 114 22 0 29 3 170 35 24 25 0 75 0 0 68 0 0 18 11 0 12 0 0 0 0 0 0 0
5 65 9 1 588 216 435 7 14 90 16 3 0 0 0 3837 1482 911 3908 5591 1379 228 1949 2 1872 48 40 549 238 179 41 980 44 3 141 376 140 297 31 280 0 0 0 13 0 228 0 0 0 10 1 99 15 8 0 0 46 0 0 0 0 0 5 0 0 0 0 0 0 0 0 0 0
5 59 9 1 601 167 374 7 17 78 31 3 2 0 0 3563 1370 519 4305 5373 885 159 1720 2 1754 147 82 558 153 209 11 883 245 3 80 357 241 287 30 247 53 0 0 52 0 234 22 4 0 12 2 88 21 11 1 0 48 0 0 9 0 0 5 2 0 0 0 0 0 0 0 0 0
5 84 5 5 754 117 609 2 18 130 137 2 23 5 1 3551 698 519 5410 8402 714 57 2617 0 2946 835 47 523 85 644 12 1332 839 1 41 495 274 312 9 413 473 70 0 89 0 316 307 14 107 9 4 115 82 3 40 2 69 34 0 151 10 0 15 6 8 25 10 2 10 0 3 0 0
6 90 11 4 703 223 899 8 24 161 137 8 21 4 0 3851 1501 623 3920 8839 1666 192 7099 2 2439 571 237 478 254 558 32 3040 1625 5 94 516 270 497 20 737 595 94 5 193 0 228 165 27 63 17 8 129 50 19 39 1 84 0 0 169 31 2 14 10 5 16 0 0 8 0 0 0 0
5 87 4 6 579 62 1021 1 5 179 216 2 30 5 2 2705 455 127 2697 10029 347 15 8235 0 2584 834 55 218 62 973 3 3696 2559 0 18 474 64 85 2 868 875 148 1 378 0 186 193 5 42 0 0 22 73 7 109 1 80 70 0 170 32 0 3 0 1 39 37 2 5 0 2 1 0
6 83 14 1 732 309 618 16 28 129 34 4 8 0 0 3836 2161 1106 4750 8131 2019 429 3066 9 2716 263 124 512 362 141 16 1540 254 6 145 547 329 543 78 410 218 0 0 19 0 328 76 27 0 13 4 154 25 12 15 0 67 0 0 54 0 0 15 5 0 13 0 0 0 0 0 0 0
5 37 9 1 396 113 153 7 7 24 21 3 0 0 0 3523 1121 296 2672 2092 433 110 490 2 493 64 60 543 66 143 13 201 126 3 51 185 98 51 15 32 0 0 0 16 0 70 0 0 0 1 1 14 4 3 0 0 1 0 0 0 0 0 0 0 0 0 0 0 0 0 0 0 0
6 78 14 1 583 312 611 16 22 124 30 4 2 0 0 3771 1974 1263 3113 7171 2072 464 3206 9 2173 27 103 431 390 218 27 1821 319 6 145 391 144 551 65 552 51 0 0 87 0 204 4 8 0 30 2 124 2 17 1 0 74 0 0 9 0 0 5 0 0 0 0 0 0 0 0 0 0
5 62 7 3 636 136 353 3 18 74 60 5 8 2 0 3987 994 522 4880 5180 629 76 1223 0 1788 181 73 675 97 470 38 603 309 2 84 348 258 289 14 187 127 20 2 57 0 283 105 10 27 24 2 81 35 23 5 0 31 0 0 35 9 1 11 3 4 2 0 0 1 0 0 0 0
5 50 10 0 621 164 290 10 18 81 0 0 0 0 0 3658 1455 360 5208 4072 939 210 1359 5 1878 0 0 707 171 0 0 755 0 0 102 303 346 207 36 261 0 0 0 0 0 283 0 0 0 7 6 133 0 0 0 0 49 0 0 0 0 0 10 0 0 0 0 0 0 0 0 0 0
5 58 5 5 620 74 404 1 9 102 114 4 13 4 1 3212 689 171 4596 5713 340 13 2074 0 2111 268 77 538 68 871 17 1306 849 0 36 370 144 127 3 424 256 58 2 174 0 214 149 4 44 8 0 55 57 10 14 0 65 25 0 93 17 1 2 3 5 7 9 2 3 0 0 0 0
5 52 7 3 497 98 375 4 3 90 86 3 9 3 0 2647 934 256 3220 5139 439 65 1976 1 1753 184 80 339 84 616 12 1249 783 0 34 275 32 60 2 447 186 70 3 208 0 168 91 9 16 1 0 13 29 6 15 1 72 0 0 53 16 0 0 0 0 1 0 0 1 0 0 0 0
