99 0 4450 401 0 0 0 121095 0 0 0 32692 0 2981 81 0 0 0 0 0 0 0 0 2244200 0 0 0 0 0 0 0 0 0 1210546 0 0 0 0 0 0 0 0 220419 0 54239 0 0 0 0 0 0 0 0 0 0 6809 0 0 5974 0 0 19982 0 0 0 0 0 1660 0 477 0 69 1
7 139 14 7 328 210 4021 16 6 361 518 4 47 14 1 2026 1329 679 1048 2304 788 342 97323 9 186 35 49 89 66 86 31 26365 19330 6 68 122 36 87 21 2401 3557 1072 0 1741 0 7 0 0 0 0 0 3 7 3 182 16 66 79 0 328 210 0 0 0 0 14 13 4 6 0 0 0 0
18 193 125 28 685 1528 3309 528 70 289 1375 139 119 138 11 3699 8524 4176 1912 3605 4188 8932 66881 1433 302 252 1264 138 352 676 832 17615 42977 755 379 175 398 771 844 1549 7617 8584 147 3740 29 10 38 89 132 17 25 74 25 118 333 531 36 774 0 691 1540 13 0 4 5 28 110 139 70 0 7 13 0
5 121 6 4 212 73 4085 4 4 376 349 0 27 6 0 1359 536 195 772 1227 215 65 102971 1 77 0 0 67 16 0 0 28554 13801 0 23 61 26 35 8 2649 2119 487 0 1262 0 3 0 0 0 1 0 2 0 0 84 4 75 0 0 212 73 0 0 0 0 6 0 0 4 0 0 0 0
14 185 69 22 572 957 3682 196 53 304 1136 82 103 76 10 3099 5011 2877 1450 4039 3416 3674 78379 328 243 446 1058 113 231 703 505 19939 35821 297 221 164 274 769 415 1679 7040 4908 52 3049 20 11 22 27 101 18 14 47 33 120 392 198 43 650 10 575 963 6 0 0 6 25 131 82 53 0 3 7 1
11 160 42 13 517 551 3734 97 30 336 845 22 72 43 3 3013 3609 1610 1672 2891 1540 1711 85127 135 269 104 254 140 141 261 149 22990 29729 66 163 154 202 342 203 2071 5263 3121 7 2629 2 14 0 0 10 11 6 33 10 18 222 97 58 227 0 517 551 0 0 0 1 20 37 22 30 0 0 1 0
4 115 3 3 139 38 4145 1 1 381 265 0 20 3 0 970 242 106 437 758 107 18 106273 0 40 0 0 45 6 0 0 29418 10584 0 13 31 5 9 1 2760 1619 246 0 992 0 1 0 0 0 0 0 0 0 0 58 1 78 0 0 139 38 0 0 0 0 3 0 0 1 0 0 0 0
6 129 10 5 272 134 4033 10 5 371 429 0 36 10 0 1745 924 387 968 1577 392 186 99900 5 151 0 0 71 36 0 0 27545 16687 0 36 84 42 64 15 2550 2788 791 0 1517 0 5 0 0 0 2 0 8 0 0 115 10 71 0 0 272 134 0 0 0 0 11 0 0 5 0 0 0 0
9 146 23 13 394 291 3860 31 12 351 739 20 57 28 5 2415 1883 806 1274 2411 849 534 91000 20 212 220 268 94 89 474 111 24714 25304 30 79 102 84 156 48 2242 4193 1812 14 2270 1 15 5 3 62 2 0 15 24 21 187 32 56 374 0 396 294 4 0 0 3 19 75 20 12 0 1 5 0
5 128 6 4 240 92 4132 4 5 371 342 0 34 6 0 1517 615 328 772 1595 301 82 103620 1 107 0 0 64 19 0 0 28085 13250 0 20 78 30 71 10 2574 2658 467 0 1204 0 2 0 0 0 0 0 5 0 0 124 4 73 0 0 240 92 0 0 0 0 8 0 0 5 0 0 0 0
9 142 27 9 373 323 3804 50 15 355 679 6 52 27 1 2364 2111 869 1263 1791 787 833 90246 55 172 26 58 105 82 84 33 25070 25260 15 78 92 120 158 70 2374 3947 2092 0 2333 0 11 0 0 0 1 4 16 2 8 139 50 65 79 0 373 323 0 3 0 0 15 11 6 15 0 0 0 0
7 136 13 8 331 177 3970 12 7 359 535 8 45 13 2 2125 1163 536 1149 1782 495 231 96949 4 124 85 99 101 42 206 49 26403 19579 10 70 106 58 76 17 2431 3400 1012 0 1755 1 5 7 3 0 2 0 6 5 9 133 12 68 156 0 331 177 0 0 1 0 10 27 8 7 0 1 0 0
11 154 43 12 467 528 3714 104 22 339 836 16 66 43 2 2881 3471 1427 1508 2598 1534 1771 84641 155 213 29 164 122 119 141 98 23373 30086 54 140 119 141 269 155 2158 4825 3234 0 2753 1 9 0 0 0 4 3 17 6 12 209 104 63 154 0 467 528 0 1 0 0 16 22 16 22 0 0 0 0
10 154 34 11 440 455 3824 70 20 340 761 14 65 34 2 2664 2854 1313 1325 2902 1509 1295 88128 85 189 71 162 105 101 155 92 23881 27373 40 117 134 122 268 118 2178 4784 2551 0 2470 1 5 0 0 0 8 3 17 8 13 233 70 64 153 0 440 455 0 1 0 0 15 25 14 20 0 0 0 0
6 126 7 8 257 87 4006 4 2 367 467 3 36 10 3 1613 623 245 915 1263 219 74 99819 1 97 92 32 70 15 242 15 27477 16994 0 22 60 16 24 2 2558 2611 577 3 1544 0 5 29 3 32 0 0 0 12 3 91 5 68 241 0 262 93 0 0 0 1 7 35 3 2 0 3 3 0
14 159 72 19 506 745 3458 222 33 318 1106 62 75 74 6 3108 4710 1721 1535 2463 1812 3152 75668 418 145 196 705 153 91 467 281 21372 37137 264 184 115 219 283 260 2028 5308 5359 20 3498 13 7 9 10 20 11 13 17 26 63 196 222 64 434 0 508 746 0 0 0 1 10 75 62 33 0 1 2 0
7 151 15 6 416 253 4114 20 21 362 493 0 59 15 0 2403 1620 941 1293 3356 978 434 98380 15 305 0 0 93 92 0 0 25890 18463 0 79 157 133 314 72 2225 4373 1106 0 1574 0 12 0 0 0 14 4 36 0 0 264 20 56 0 0 416 253 0 1 0 0 26 0 0 21 0 0 0 0
12 164 50 16 515 646 3683 123 23 330 948 39 82 53 5 2991 3959 1852 1594 3006 1932 2196 82409 180 261 209 501 118 171 409 232 22166 32174 121 168 163 156 273 158 2010 5626 3701 22 2866 6 6 31 36 36 2 4 25 19 28 252 123 50 362 0 524 651 1 0 4 1 22 68 39 23 0 5 3 0
13 185 60 18 579 891 3725 165 49 312 1029 50 101 65 6 3272 4762 3096 1594 3708 2883 3331 81030 276 334 345 725 124 227 488 330 20417 33357 172 219 171 272 611 341 1749 7101 4257 36 2831 7 11 16 13 71 19 20 48 27 80 355 166 46 418 0 582 895 3 0 3 3 28 96 50 49 0 2 5 0
11 157 43 12 450 545 3734 104 21 346 843 16 70 43 2 2752 3291 1497 1313 2705 1620 1819 84933 155 322 109 237 104 189 184 85 23237 29924 54 129 125 133 266 140 2157 5062 3218 0 2736 1 8 1 8 0 8 3 31 9 19 226 104 53 143 0 450 545 0 1 0 0 26 32 16 21 0 1 0 0
7 146 14 7 380 230 4051 16 10 360 516 4 55 14 1 2226 1416 832 1265 2646 793 363 97832 9 264 74 65 93 72 112 27 25949 18852 6 96 129 65 143 30 2313 4100 1048 0 1648 0 12 9 4 0 4 1 18 6 7 205 16 60 73 0 382 230 0 0 0 0 20 18 4 10 0 1 0 0
8 137 20 8 354 246 3879 30 9 356 603 5 46 20 1 2228 1746 660 1236 1840 645 516 93366 25 118 32 55 95 48 83 29 25893 22629 10 75 92 67 109 40 2417 3506 1565 0 2067 0 10 0 0 0 1 0 5 3 5 131 30 71 79 0 354 246 0 0 0 0 9 12 5 9 0 0 0 0
11 165 44 11 508 626 3780 112 26 331 816 8 78 44 1 3042 3747 2011 1552 3112 1987 2210 85530 182 210 41 94 130 141 99 51 22765 29295 28 180 168 169 338 184 2056 5638 3220 0 2605 0 11 3 7 0 6 4 20 1 10 265 112 61 74 0 508 626 0 0 1 0 18 13 8 26 0 1 0 0
8 147 19 9 389 276 3957 26 10 352 615 8 59 20 2 2340 1706 886 1254 2480 893 528 94378 19 208 127 127 96 78 202 39 25286 22012 12 101 135 67 119 34 2280 4271 1449 4 1957 0 7 25 10 19 3 1 6 16 9 199 26 61 145 0 391 279 0 0 2 0 16 34 8 10 0 3 1 0
8 146 20 8 375 278 3944 30 19 353 596 5 55 20 1 2374 1780 865 1163 2269 828 555 94204 25 180 48 62 104 73 93 33 25354 21979 10 81 123 100 248 72 2316 4171 1523 0 1980 0 11 0 0 0 4 5 13 1 8 187 30 65 77 0 375 278 0 0 0 0 15 14 5 19 0 0 0 0
10 165 34 11 504 518 3911 71 32 338 751 12 76 35 2 2892 3091 1711 1491 3661 1906 1432 89171 90 266 77 147 139 154 174 105 23357 26664 30 162 160 197 467 193 2016 5518 2483 6 2301 0 10 0 0 10 13 7 35 7 9 309 71 56 152 0 504 518 0 0 0 1 24 26 12 32 0 0 1 0
12 167 46 20 474 627 3739 98 31 324 982 53 83 60 9 2764 3388 1869 1259 3258 2206 1858 83165 117 241 268 561 82 171 605 351 21768 32108 124 150 144 167 391 195 1945 5806 3408 62 2834 6 10 15 15 172 10 4 33 23 62 299 104 46 675 0 478 637 14 1 2 6 23 105 53 31 1 3 14 0
8 144 21 7 397 284 3920 35 17 363 584 0 53 21 0 2467 1919 854 1353 2201 803 637 93879 35 318 0 0 99 97 0 0 25626 22115 0 91 118 125 187 73 2338 3997 1610 0 1968 0 9 0 0 0 3 4 31 0 0 166 35 60 0 0 397 284 0 2 0 0 22 0 0 17 0 0 0 0
7 138 13 8 329 192 3992 13 7 359 528 6 47 14 2 2106 1267 639 1075 1983 608 268 97175 6 161 50 64 92 44 134 50 26289 19408 6 56 100 47 89 24 2411 3537 1000 3 1745 0 8 11 3 11 2 0 11 2 2 153 13 67 161 0 330 193 0 0 0 2 12 22 6 7 0 1 1 0
9 149 25 11 397 323 3874 39 21 351 701 16 63 26 3 2470 2014 905 1244 2404 947 665 91114 32 234 106 192 101 101 234 88 24603 24899 31 82 98 133 262 86 2249 4464 1912 5 2243 2 6 23 18 12 9 4 21 14 19 201 39 54 226 0 403 324 0 0 3 2 20 40 16 22 0 4 1 0
8 141 20 8 318 261 3914 30 11 358 604 5 50 20 1 2002 1562 748 973 1928 776 542 93791 25 173 67 78 71 68 95 26 25611 22335 10 63 83 49 133 42 2419 3828 1548 0 2071 0 4 0 0 0 1 2 17 5 7 162 30 65 74 0 318 261 0 1 0 0 15 17 5 11 0 0 0 0
12 155 51 15 479 592 3618 130 23 339 929 34 69 52 4 2962 3863 1526 1533 2467 1602 2105 81522 199 291 81 321 115 171 248 200 22712 32622 118 148 124 164 227 176 2136 4945 3827 8 3006 5 16 8 8 9 6 3 28 5 20 195 130 56 307 0 480 592 0 1 1 0 21 40 34 23 0 1 1 0
7 147 14 7 363 229 4075 16 15 354 511 4 56 14 1 2248 1362 830 1110 2689 840 347 98045 9 209 39 49 78 52 92 32 25855 18742 6 74 110 82 227 47 2300 4169 1044 0 1658 0 7 9 4 0 8 2 18 6 7 228 16 64 77 0 364 229 0 1 0 0 15 14 4 15 0 1 0 0
10 152 33 12 454 420 3781 65 19 343 784 18 63 33 4 2734 2745 1191 1537 2464 1162 1125 87823 75 220 149 256 128 99 294 100 23928 27597 45 128 123 136 204 107 2184 4674 2498 0 2477 0 10 0 0 0 5 2 23 21 20 191 65 60 244 6 454 420 0 0 0 0 17 46 18 19 0 0 0 1
6 137 10 5 309 160 4100 10 8 371 421 0 44 10 0 1910 997 569 953 2217 587 216 100717 5 242 0 0 83 65 0 0 27111 16103 0 56 118 60 107 24 2450 3353 762 0 1432 0 9 0 0 0 1 0 7 0 0 174 10 62 0 0 309 160 0 2 0 0 19 0 0 8 0 0 0 0
6 138 10 5 318 166 4102 10 7 367 420 0 45 10 0 1991 1049 624 1032 2257 597 228 100775 5 208 0 0 86 57 0 0 27009 16020 0 58 108 51 101 21 2434 3440 757 0 1421 0 8 0 0 0 1 0 5 0 0 175 10 65 0 0 318 166 0 1 0 0 16 0 0 7 0 0 0 0
8 146 21 7 366 304 3982 35 13 360 582 0 55 21 0 2269 1854 935 1110 2680 1161 701 94385 35 248 0 0 89 106 0 0 25573 21976 0 75 128 86 187 59 2321 4090 1594 0 1986 0 13 0 0 0 4 2 20 0 0 226 35 60 0 0 366 304 0 0 0 0 21 0 0 13 0 0 0 0
6 131 8 7 254 109 4045 5 5 366 458 4 39 9 2 1727 675 331 809 1473 311 94 100251 1 111 110 57 63 28 183 19 27206 16613 2 31 68 30 65 9 2525 2990 636 2 1522 0 3 8 2 16 0 0 5 7 5 123 5 68 154 0 255 110 0 0 0 1 10 31 4 5 0 1 1 0
10 158 33 12 484 451 3832 66 25 336 779 15 71 36 3 2850 2865 1407 1499 2974 1378 1221 88402 80 211 150 204 127 95 307 88 23598 27217 30 132 163 176 294 126 2087 5111 2490 15 2387 0 7 14 9 30 8 5 22 15 31 236 67 61 218 0 488 455 0 0 1 1 16 47 15 25 0 2 3 0
8 139 20 8 305 241 3914 30 16 359 604 5 48 20 1 2063 1496 629 896 1841 727 482 93686 25 191 42 66 61 61 80 24 25775 22483 10 42 75 75 187 59 2424 3659 1563 0 2101 0 7 0 0 0 7 4 16 2 9 164 30 66 76 0 305 241 0 1 0 0 14 15 5 16 0 0 0 0
9 137 26 10 362 284 3789 45 9 352 698 10 48 27 2 2314 2032 688 1278 1754 722 689 89951 45 117 55 119 114 47 162 41 25339 25690 20 82 94 66 85 46 2384 3559 2050 5 2385 0 2 10 4 18 0 0 5 9 6 128 45 71 154 0 363 285 0 0 1 0 8 25 10 9 0 1 1 0
13 158 60 18 492 669 3556 164 28 327 1023 52 74 64 6 2983 4258 1646 1489 2637 1854 2558 78770 270 222 139 493 132 139 404 267 21930 34899 182 151 129 185 297 211 2055 5188 4483 32 3237 9 11 12 17 43 5 6 24 15 46 212 164 57 451 0 492 671 2 0 1 3 16 63 52 28 0 2 4 0
7 136 14 7 289 184 3975 16 10 363 524 4 44 14 1 1913 1127 569 913 1653 528 280 96936 9 171 50 58 67 54 82 22 26435 19526 6 47 72 63 99 34 2476 3411 1094 0 1803 0 7 0 0 0 4 0 6 5 6 139 16 67 76 0 289 184 0 0 0 0 13 16 4 10 0 0 0 0
10 142 33 12 370 355 3713 63 18 346 775 21 56 33 3 2496 2281 855 1163 1693 811 928 86992 66 133 50 173 98 54 200 107 24385 28135 57 87 88 124 168 95 2356 4027 2564 0 2649 3 4 15 18 0 4 3 15 4 16 134 63 65 237 0 374 355 0 1 3 0 10 27 21 18 0 3 0 0
8 142 18 10 367 259 3920 21 5 353 619 13 53 19 3 2264 1692 824 1272 2122 827 447 94010 11 164 80 136 105 61 210 95 25460 22329 18 83 116 36 67 18 2345 3887 1378 4 2007 2 5 20 9 13 0 0 6 6 7 165 21 63 238 0 371 260 0 0 0 0 13 33 13 5 0 2 1 0
7 133 14 7 285 182 3970 16 6 365 520 4 42 14 1 1850 1212 526 876 1706 591 293 96729 9 174 19 35 72 55 68 29 26668 19727 6 35 74 26 72 20 2497 3156 1100 0 1823 0 10 9 4 0 0 1 2 1 1 137 16 67 82 0 286 182 0 0 0 0 12 9 4 6 0 1 0 0
8 150 20 8 401 302 3992 30 16 348 594 5 61 20 1 2453 1841 1011 1229 2879 1055 615 94678 25 178 49 72 94 62 106 30 25164 21739 10 94 143 110 225 61 2243 4449 1502 0 1926 0 5 10 9 0 6 3 17 6 8 232 30 65 73 0 403 302 0 0 1 0 14 16 5 16 0 2 0 0
12 167 51 15 534 678 3688 131 34 332 931 33 80 51 5 3096 4079 2012 1678 3068 1931 2386 82527 205 311 149 405 130 205 323 206 22039 31906 114 193 152 239 419 237 1992 5788 3725 0 2823 3 13 0 0 0 9 10 38 18 39 253 131 50 315 8 534 678 0 0 0 0 26 54 33 34 0 0 0 1
11 168 39 16 487 580 3827 80 20 324 884 32 88 47 6 2763 3188 1953 1324 3397 2052 1652 86280 95 193 270 428 96 134 501 215 22321 29410 72 169 161 101 257 121 1966 5921 2874 32 2561 1 7 43 41 107 8 0 15 24 29 307 84 48 436 0 492 598 6 0 3 3 19 84 32 21 0 8 8 0
11 159 42 13 464 555 3749 98 22 333 847 20 72 44 3 2868 3352 1636 1374 2836 1719 1802 85167 140 178 89 237 122 114 212 125 22970 29787 57 149 145 132 280 146 2109 5220 3129 12 2700 0 8 4 6 26 4 3 19 11 18 238 98 61 225 0 465 556 1 0 1 1 16 38 20 22 0 1 2 0
9 146 24 12 381 314 3837 34 12 350 714 20 58 26 4 2473 1963 916 1237 2011 846 619 90850 23 220 142 231 91 95 315 124 24633 25105 35 83 104 77 145 51 2296 4266 1846 8 2279 3 10 13 10 25 2 0 9 16 19 165 34 59 308 0 383 315 1 0 1 0 17 50 20 12 0 2 2 0
10 163 33 12 520 492 3889 64 25 338 773 19 76 34 3 2870 3096 1603 1640 3569 1734 1302 88977 71 264 140 264 129 138 282 123 23435 26915 47 157 182 185 359 132 2006 5403 2425 6 2304 2 15 11 11 18 6 5 27 23 24 289 64 53 219 0 523 494 0 2 1 2 23 46 19 25 0 2 1 0
6 133 10 5 263 152 4056 10 4 373 425 0 40 10 0 1772 914 531 785 1548 487 216 100287 5 229 0 0 60 64 0 0 27242 16361 0 41 76 26 49 12 2538 3115 774 0 1500 0 3 0 0 0 0 0 4 0 0 134 10 65 0 0 263 152 0 0 0 0 17 0 0 4 0 0 0 0
10 168 32 13 491 512 3907 59 22 334 790 22 83 35 4 2809 2849 1906 1482 3455 1767 1280 89432 62 251 250 341 105 148 405 167 22928 26617 45 150 158 127 293 121 1998 5874 2345 15 2281 3 11 22 20 32 5 1 28 20 27 301 60 48 284 0 499 520 0 0 0 3 25 68 22 22 0 4 3 0
8 154 20 8 419 317 4013 30 20 348 595 5 63 20 1 2511 1915 1153 1316 3023 1090 621 94988 25 207 96 98 117 86 111 35 24936 21482 10 88 131 137 288 84 2199 4719 1483 0 1881 0 10 0 0 0 8 3 14 12 7 248 30 62 70 0 419 317 0 0 0 0 18 21 5 20 0 0 0 0
4 114 2 4 137 24 4133 0 1 384 278 1 19 2 1 930 154 64 483 614 54 0 106226 0 80 31 11 42 7 86 6 29428 10698 0 7 27 5 10 0 2767 1545 165 0 994 0 4 0 0 0 0 0 2 4 1 46 0 74 83 0 137 24 0 0 0 0 6 12 1 1 0 0 0 0
9 159 27 9 458 412 3954 50 25 339 670 6 70 27 1 2668 2479 1395 1413 3184 1437 1025 91937 55 194 84 101 128 80 99 35 24125 24154 15 129 134 161 351 113 2119 5126 1993 0 2114 0 9 4 6 0 10 8 28 6 13 272 50 63 70 0 458 412 0 0 0 0 16 19 6 25 0 1 0 0
11 169 41 14 522 602 3821 90 31 325 854 28 86 43 4 3041 3469 1957 1549 3466 2008 1804 86149 115 221 178 341 131 122 313 182 22377 29215 79 192 158 195 419 185 1958 5956 2988 12 2526 3 8 34 31 30 6 6 33 17 36 300 90 53 292 0 529 607 1 1 4 1 19 55 28 31 0 5 2 0
8 146 21 7 375 304 3954 35 13 359 582 0 55 21 0 2399 1867 970 1210 2377 1018 707 94186 35 248 0 0 87 103 0 0 25477 21955 0 97 134 86 166 53 2329 4139 1594 0 1978 0 11 0 0 0 2 4 17 0 0 198 35 61 0 0 375 304 0 0 0 0 20 0 0 13 0 0 0 0
4 126 2 4 199 35 4237 0 4 377 273 1 31 2 1 1317 210 138 568 1618 132 0 107451 0 154 83 15 36 11 105 8 28740 9819 0 14 64 20 55 0 2596 2417 151 0 894 0 6 0 0 0 6 0 5 5 4 138 0 69 76 0 199 35 0 0 0 0 11 19 1 4 0 0 0 0
12 159 51 15 456 615 3631 131 24 328 938 32 74 53 4 2851 3571 1691 1339 2403 1598 2178 81887 205 166 155 394 114 111 301 173 22336 32364 107 159 101 147 239 178 2127 5320 3811 14 2991 3 9 13 15 23 6 2 17 14 28 204 131 61 293 0 461 617 1 0 1 2 14 53 32 24 0 2 2 0
8 142 20 8 339 272 3918 30 11 352 598 5 51 20 1 2211 1629 831 1016 2003 822 571 93874 25 126 33 54 99 55 79 33 25527 22235 10 81 83 78 134 46 2386 3901 1537 0 2046 0 5 0 0 0 2 1 4 2 6 165 30 70 79 0 339 272 0 0 0 0 10 12 5 11 0 0 0 0
7 135 14 7 326 184 3969 16 9 361 520 4 44 14 1 2058 1267 540 1171 1825 539 287 96824 9 140 27 40 97 35 74 26 26546 19602 6 62 95 62 91 29 2447 3308 1095 0 1772 0 7 13 4 0 3 1 11 1 4 134 16 69 80 0 328 184 0 0 0 0 10 11 4 9 0 1 0 0
11 155 44 11 458 549 3704 112 20 338 827 8 67 44 1 2837 3509 1538 1414 2456 1502 1950 84611 182 201 40 105 129 118 75 46 23300 29951 28 134 124 123 242 144 2187 4943 3303 0 2760 0 12 0 0 0 2 3 14 5 7 199 112 65 74 0 458 549 0 0 0 0 15 14 8 20 0 0 0 0
8 133 21 7 322 238 3846 35 7 362 595 0 42 21 0 2109 1669 589 1096 1367 554 560 92917 35 119 0 0 104 51 0 0 26191 22866 0 79 92 48 62 35 2487 3232 1666 0 2132 0 9 0 0 0 1 0 9 0 0 103 35 71 0 0 322 238 0 0 0 0 10 0 0 7 0 0 0 0
13 172 62 16 593 800 3637 182 42 324 1004 36 88 64 4 3217 5037 2251 1884 3478 2338 3175 79712 336 284 194 469 156 209 365 197 21399 34071 139 215 183 284 509 335 1875 6136 4504 16 2983 3 10 11 18 25 13 8 50 24 56 282 182 51 284 0 596 800 1 0 2 1 25 58 36 42 0 2 2 0
13 175 64 14 539 871 3663 201 39 328 973 18 89 65 2 3264 4803 2661 1519 3289 2765 3757 79976 414 345 87 250 118 271 144 118 21264 33726 72 231 156 222 483 340 1929 6354 4604 9 3016 0 11 0 0 10 8 10 50 13 20 306 201 50 142 0 539 871 0 0 0 0 30 30 18 39 0 0 1 0
3 111 1 2 107 13 4231 0 1 390 177 0 15 1 0 754 85 29 352 676 42 0 109855 0 63 0 0 28 6 0 0 30313 7101 0 1 34 10 13 0 2806 1196 82 0 655 0 2 0 0 0 0 0 0 0 0 55 0 75 0 0 107 13 0 0 0 0 6 0 0 1 0 0 0 0
8 132 20 8 308 222 3863 30 8 365 604 5 41 20 1 1940 1532 524 1076 1627 621 473 92968 25 180 6 36 92 62 63 29 26245 22983 10 54 90 66 77 33 2484 3116 1590 0 2146 0 10 0 0 0 2 1 11 1 4 120 30 67 83 0 308 222 0 1 0 0 13 8 5 8 0 0 0 0
8 139 20 8 342 258 3889 30 9 360 597 5 50 20 1 2194 1669 741 1154 1804 694 540 93543 25 206 6 37 87 73 63 33 25754 22459 10 79 86 61 101 42 2425 3683 1553 0 2061 0 7 12 10 0 3 0 11 1 3 140 30 63 81 0 345 258 0 0 0 0 15 8 5 9 0 2 0 0
11 157 40 15 485 503 3736 83 22 337 877 34 73 43 5 2884 3202 1352 1535 2808 1466 1439 85145 97 236 175 402 117 137 420 181 23086 30076 87 158 135 155 263 122 2081 5087 3014 19 2681 6 11 24 25 39 8 2 18 23 44 226 83 52 370 0 490 508 1 2 2 0 20 66 34 22 0 4 3 0
10 155 33 12 445 421 3791 64 29 343 776 19 70 34 3 2685 2613 1242 1418 2451 1107 1079 88060 71 265 141 234 101 109 256 100 23704 27334 47 106 126 182 301 136 2177 4963 2492 6 2452 2 6 30 20 10 6 9 31 9 31 201 64 54 222 0 451 423 0 2 4 0 20 41 19 30 0 4 1 0
9 162 28 8 454 450 3958 56 27 344 648 0 72 28 0 2714 2575 1666 1298 3191 1524 1209 92052 70 266 0 0 110 130 0 0 23977 23838 0 141 145 146 384 141 2134 5360 2043 0 2091 0 12 0 0 0 5 7 29 0 0 274 56 58 0 0 454 450 0 1 0 0 23 0 0 27 0 0 0 0
9 160 27 9 448 436 3962 50 21 346 662 6 70 27 1 2664 2473 1551 1307 3233 1592 1109 92033 55 275 29 66 101 137 74 52 24105 24041 15 150 150 127 313 111 2136 5176 1973 0 2106 0 12 0 0 0 8 3 29 3 6 279 50 57 78 0 448 436 0 0 0 0 24 12 6 21 0 0 0 0
13 180 63 15 582 894 3718 191 48 320 978 28 96 64 3 3304 5019 2792 1572 3930 3078 3668 80579 371 326 125 335 138 253 226 189 21012 33479 113 249 181 279 652 403 1815 6663 4484 9 2900 2 14 12 19 12 17 14 44 16 34 355 191 49 216 0 583 895 0 2 0 1 28 40 28 48 0 2 1 0
12 180 51 15 579 765 3793 130 49 318 923 34 97 52 4 3309 4329 2640 1678 3860 2518 2593 83738 199 277 203 442 144 192 324 227 21320 31090 118 201 179 306 660 334 1816 6733 3630 8 2628 5 16 21 31 10 16 13 44 16 61 345 130 48 285 0 584 767 0 0 3 1 25 59 34 49 0 4 1 0
9 136 25 11 321 268 3785 39 7 357 714 16 46 26 3 2155 1760 630 1004 1568 672 579 89944 32 171 117 206 95 72 266 80 25296 25788 31 51 77 44 73 33 2423 3499 1983 5 2428 2 7 0 0 9 0 0 9 11 9 124 39 65 230 0 321 268 0 0 0 0 13 40 16 7 0 0 1 0
6 132 10 5 290 140 4081 10 8 369 426 0 39 10 0 1746 971 408 999 2161 525 186 100275 5 168 0 0 89 41 0 0 27428 16491 0 31 98 60 103 24 2482 2954 782 0 1483 0 3 0 0 0 6 0 7 0 0 160 10 70 0 0 290 140 0 0 0 0 12 0 0 8 0 0 0 0
8 146 18 10 366 250 3955 22 16 347 628 11 56 20 3 2272 1559 772 1122 2376 780 405 94413 13 134 160 151 101 43 266 61 25220 22108 15 72 126 95 204 54 2288 4187 1384 6 1983 0 6 6 3 32 7 1 10 7 20 196 22 66 226 0 367 251 1 2 1 1 11 46 11 16 0 1 2 0
12 173 54 12 554 773 3725 156 37 323 884 9 86 54 1 3227 4550 2544 1679 3379 2364 3051 82855 294 229 40 106 144 166 73 62 21789 31338 36 221 155 220 449 307 1957 6228 3888 0 2760 0 12 0 0 0 11 5 31 2 11 287 156 60 74 0 554 773 0 1 0 0 20 13 9 37 0 0 0 0
10 161 32 13 495 455 3851 59 28 335 788 22 75 35 4 2869 2789 1440 1556 3157 1386 1114 88752 61 235 183 287 120 112 351 140 23350 27037 48 149 145 206 369 139 2049 5345 2387 14 2344 1 14 18 16 40 9 6 23 24 36 252 59 55 294 0 498 459 2 0 1 1 19 59 22 28 0 3 3 0
7 130 15 6 253 182 3924 20 4 365 514 0 38 15 0 1720 1151 531 780 1139 442 348 96292 15 106 0 0 74 38 0 0 26793 19880 0 30 61 26 31 16 2577 2999 1194 0 1881 0 1 0 0 0 1 0 2 0 0 95 20 73 0 0 253 182 0 0 0 0 8 0 0 4 0 0 0 0
6 135 7 8 274 103 4072 2 7 365 474 7 42 8 3 1805 622 345 826 1715 311 36 100678 0 169 201 107 74 28 296 47 26920 16395 1 32 84 38 90 6 2459 3272 550 2 1485 2 4 0 0 11 1 0 8 15 13 145 2 65 228 0 274 103 0 1 0 2 14 51 7 7 0 0 1 0
8 136 18 10 321 215 3883 22 7 360 631 11 46 20 3 2071 1426 544 1031 1658 584 365 93491 13 183 117 140 74 66 261 58 25854 22798 15 61 91 43 80 26 2419 3449 1426 6 2096 0 12 6 3 25 1 0 7 5 5 134 22 63 233 0 323 216 1 0 1 2 14 39 11 7 0 1 2 0
9 144 27 9 391 330 3833 50 16 345 682 6 54 27 1 2469 2217 913 1246 2185 916 831 90518 55 100 57 89 120 40 104 31 24934 25157 15 68 102 130 182 80 2313 4069 2084 0 2307 0 3 0 0 0 4 3 8 6 7 166 50 73 74 0 391 330 0 0 0 0 7 16 6 16 0 0 0 0
12 163 52 14 493 653 3673 138 30 335 926 27 77 52 3 2994 3974 1845 1471 2819 1901 2365 82180 225 293 134 372 101 181 267 146 22332 32139 102 150 132 158 329 218 2057 5520 3841 0 2922 3 11 4 7 0 14 5 37 14 33 243 138 54 215 0 493 653 0 2 2 0 24 45 27 30 0 1 0 0
7 145 13 8 350 206 4074 12 9 357 536 8 55 13 2 2104 1247 712 1076 2718 794 258 98027 4 178 136 135 95 59 221 52 25978 19031 10 70 134 42 141 20 2305 4018 981 0 1685 1 8 12 8 0 2 1 12 10 13 228 12 60 145 0 352 206 0 0 0 0 17 37 8 9 0 2 0 0
10 161 34 11 471 493 3869 70 26 337 756 14 74 34 2 2817 2953 1593 1390 3216 1672 1374 88754 85 215 71 168 122 118 162 91 23473 26924 40 144 143 157 347 153 2092 5316 2507 0 2379 1 9 7 13 0 9 2 24 5 21 272 70 59 149 0 474 493 0 0 1 0 19 27 14 26 0 2 0 0
16 190 97 23 640 1262 3470 360 64 296 1240 86 110 106 8 3443 6871 3674 1759 3608 3602 6389 72271 857 282 299 997 135 270 562 522 18716 39518 403 321 168 360 777 659 1633 7447 6779 84 3409 10 10 18 28 105 14 19 65 30 102 339 362 46 559 0 644 1268 9 1 5 4 25 102 86 64 0 3 9 0
9 152 25 11 417 352 3887 40 17 343 706 15 62 25 4 2526 2140 1109 1341 2581 1076 775 91360 35 204 170 214 127 74 298 88 24356 24717 30 103 116 111 220 73 2212 4651 1881 0 2206 0 7 0 0 0 6 1 17 18 26 210 40 62 246 5 417 352 0 0 0 0 15 48 15 17 0 0 0 1
4 121 2 4 183 37 4193 0 0 378 272 1 27 2 1 1243 235 149 565 1281 150 0 106931 0 94 39 13 55 11 81 11 29021 10169 0 16 70 0 0 0 2660 2062 153 0 926 0 3 8 1 0 0 0 0 1 0 99 0 72 81 0 183 37 0 0 0 0 7 13 1 0 0 1 0 0
7 129 15 6 285 177 3932 20 4 364 515 0 37 15 0 1829 1262 451 1038 1460 480 338 96216 15 86 0 0 85 27 0 0 26952 20002 0 58 71 22 38 16 2537 2862 1199 0 1857 0 4 0 0 0 1 0 3 0 0 104 20 75 0 0 285 177 0 0 0 0 6 0 0 4 0 0 0 0
9 163 26 10 466 419 3999 45 25 336 681 10 77 27 2 2686 2473 1545 1326 3665 1602 972 92467 45 202 129 153 109 101 202 67 23870 23947 20 113 171 133 370 107 2052 5435 1904 5 2062 0 12 25 18 12 5 7 19 11 17 314 45 57 142 0 470 423 0 0 2 1 18 34 10 25 0 4 1 0
14 175 73 18 575 909 3557 237 39 315 1098 43 95 79 5 3298 5344 2576 1697 3287 2579 4008 76904 498 258 306 665 129 194 473 207 20619 36236 165 210 146 248 384 341 1841 6454 5307 46 3233 0 9 26 43 84 13 12 44 33 42 281 239 50 337 0 580 919 4 0 2 6 22 83 43 39 0 5 6 0
8 149 18 10 390 278 3995 22 10 356 627 11 59 20 3 2317 1689 947 1175 2784 1028 474 94774 13 283 149 159 83 101 297 81 25198 21981 15 87 144 62 151 36 2241 4335 1369 6 1937 0 19 6 3 27 2 0 16 13 14 233 22 54 224 0 392 280 1 0 0 0 23 48 11 10 0 1 2 0
15 181 84 21 602 1066 3492 286 49 302 1164 72 103 90 7 3405 6131 3100 1725 3263 2917 4982 74432 614 222 243 808 129 191 479 427 19624 37941 318 273 160 269 543 459 1773 6885 5973 53 3355 10 13 30 54 60 9 15 35 16 69 292 287 49 497 0 607 1077 5 1 5 4 19 85 72 50 0 6 6 0
9 156 25 11 454 367 3928 39 21 341 705 16 67 26 3 2689 2288 1198 1433 3050 1214 760 91759 32 195 191 248 121 81 309 102 24216 24510 31 108 157 140 285 90 2127 4909 1870 5 2132 2 15 8 4 13 6 2 27 21 28 247 39 60 218 0 454 368 0 0 1 0 17 51 16 21 0 1 1 0
7 140 13 8 346 195 4028 13 6 364 533 6 50 14 2 2079 1255 618 1123 2397 698 277 97497 6 234 73 83 78 72 193 36 26305 19357 6 76 125 41 95 18 2363 3640 998 3 1716 0 10 12 6 17 1 0 10 6 4 188 13 59 153 0 348 197 0 0 0 2 19 29 6 6 0 2 1 0
10 157 32 13 437 444 3873 58 22 342 781 24 72 34 4 2554 2634 1279 1241 3270 1639 1119 88677 57 242 118 251 102 138 301 153 23675 27302 55 108 153 132 331 109 2108 5009 2395 10 2432 3 9 19 18 25 9 3 23 8 28 279 58 52 304 0 441 450 1 0 4 0 22 48 24 22 0 4 2 0
11 178 40 15 541 630 3901 84 42 326 878 32 94 44 5 2926 3430 2258 1485 4095 2257 1743 87088 101 320 332 492 104 187 489 217 21951 28810 81 171 168 232 607 227 1825 6556 2887 21 2416 4 10 17 23 52 20 10 47 29 70 370 85 42 348 0 546 636 2 2 3 3 30 88 32 42 0 4 4 0
