99 0 4450 401 0 0 0 121115 0 0 0 32669 0 2967 98 0 0 0 0 0 0 0 0 2245472 0 0 0 0 0 0 0 0 0 1209806 0 0 0 0 0 0 0 0 218804 0 53913 0 0 0 0 0 0 0 0 0 0 6736 0 0 7176 0 0 19909 0 0 0 0 0 2006 0 444 0 107 3
13 177 59 19 543 819 3664 159 33 313 1053 52 93 68 7 3168 4448 2624 1465 3310 2453 3051 80436 262 268 406 754 141 192 623 314 20717 33929 162 200 158 184 393 248 1829 6583 4302 55 2943 5 13 15 12 118 5 3 32 36 61 300 163 68 488 0 543 826 7 1 1 10 22 112 52 33 0 2 9 0
16 178 92 28 606 1077 3395 309 51 306 1285 125 103 111 15 3348 6273 2766 1786 3170 2838 4991 71633 634 327 310 1173 169 284 772 716 19104 40293 509 272 149 332 561 482 1715 6669 6604 149 3585 21 12 51 66 177 8 18 46 35 113 274 314 48 966 15 619 1105 23 0 4 4 28 137 134 53 0 8 19 2
6 131 9 6 266 131 4049 7 4 375 440 3 38 9 1 1707 827 428 863 1610 436 146 100212 2 237 32 36 103 58 89 22 27329 16577 3 41 56 24 36 9 2519 2938 702 0 1505 0 11 0 0 0 1 0 10 4 3 128 7 80 80 0 266 131 0 0 0 0 18 13 3 4 0 0 0 0
9 152 26 10 421 377 3878 45 15 350 685 10 62 27 2 2634 2363 1268 1286 2490 1163 905 91267 45 297 77 128 122 109 180 73 24407 24625 20 97 117 86 175 77 2227 4651 1953 5 2206 0 14 0 0 17 3 2 22 8 7 202 45 76 153 0 421 377 0 0 0 0 21 27 10 15 0 0 1 0
7 131 13 8 308 156 3944 12 8 364 534 8 40 13 2 1886 1133 394 1091 1579 409 196 96539 4 133 53 77 111 36 157 48 26720 19931 10 43 80 63 87 22 2471 3011 1032 0 1810 1 7 7 4 0 1 1 10 7 7 112 12 86 162 0 308 156 0 0 0 0 10 21 8 8 0 1 0 0
7 144 15 6 373 242 4035 20 9 360 500 0 52 15 0 2218 1524 865 1234 2472 834 448 97595 15 226 0 0 126 70 0 0 26092 18925 0 102 124 61 126 36 2334 3941 1129 0 1668 0 9 0 0 0 0 0 15 0 0 192 20 81 0 0 373 242 0 0 0 0 17 0 0 9 0 0 0 0
12 165 53 13 493 709 3674 147 23 333 904 18 78 53 2 3016 4174 2167 1408 2811 2088 2780 82284 259 293 73 211 163 200 147 117 22152 31885 70 181 112 112 262 181 2065 5683 3879 0 2905 1 13 0 0 0 5 4 19 2 14 243 147 73 149 0 493 709 0 0 0 0 23 25 18 23 0 0 0 0
7 130 12 9 292 136 3943 9 8 366 550 10 39 13 3 1832 957 320 1034 1562 341 137 96551 2 170 78 111 120 38 266 49 26733 20062 8 40 64 59 92 17 2475 2931 963 3 1831 2 3 5 3 11 5 1 11 9 9 111 9 82 239 0 292 137 0 0 0 3 12 36 10 8 0 1 1 0
8 145 19 9 368 270 3935 25 11 360 611 10 56 19 2 2272 1701 865 1209 2238 813 483 94176 16 291 78 132 99 105 173 68 25379 22115 18 82 91 58 133 44 2332 4118 1448 0 1987 1 19 12 10 0 5 1 10 8 8 178 25 73 152 0 372 270 0 0 0 0 23 28 10 11 0 2 0 0
7 125 15 6 262 159 3927 20 3 372 519 0 33 15 0 1697 1155 336 947 1361 486 306 95933 15 138 0 0 100 45 0 0 27285 20326 0 42 74 33 27 12 2559 2515 1218 0 1900 0 6 0 0 0 1 0 5 0 0 103 20 88 0 0 262 159 0 0 0 0 10 0 0 3 0 0 0 0
5 124 5 5 225 66 4098 2 5 371 360 2 30 5 1 1499 449 201 806 1253 182 37 103308 0 71 43 24 75 6 91 12 28230 13596 1 18 68 41 57 3 2596 2369 399 0 1238 0 6 0 0 0 1 1 5 6 4 93 2 92 80 0 225 66 0 0 0 0 5 14 2 5 0 0 0 0
9 160 28 8 442 444 3989 56 23 355 650 0 70 28 0 2562 2569 1479 1274 3475 1735 1206 92151 70 359 0 0 131 187 0 0 24294 24039 0 123 150 123 392 126 2128 5110 2053 0 2110 0 20 0 0 0 11 4 33 0 0 307 56 68 0 0 442 444 0 2 0 0 32 0 0 23 0 0 0 0
7 132 13 8 265 161 3958 13 8 363 531 6 42 14 2 1799 1019 429 803 1442 466 224 96709 6 140 39 49 77 37 117 40 26599 19807 6 33 67 34 98 20 2504 3123 1032 3 1845 0 6 19 6 5 2 1 10 3 8 125 13 84 163 0 266 163 0 0 0 1 10 19 6 8 0 2 1 0
12 166 49 17 501 631 3698 115 38 341 955 46 82 53 6 2928 3683 1792 1420 3104 1891 2000 82645 154 428 222 517 112 256 428 263 22048 32083 139 166 118 220 429 242 1991 5737 3620 26 2855 8 21 20 19 53 6 10 58 12 57 263 115 56 442 0 506 635 3 2 4 5 36 77 46 38 0 3 4 0
16 191 96 24 633 1283 3469 347 44 309 1266 99 114 105 9 3545 6847 3845 1725 3583 3683 6485 72365 788 419 428 1315 139 417 656 591 18650 39600 462 335 153 232 523 443 1645 7553 6708 86 3420 19 21 21 54 124 3 8 68 51 82 335 349 45 612 0 646 1295 8 1 8 5 41 129 99 46 0 6 9 0
9 155 26 10 414 372 3915 45 19 354 696 10 67 27 2 2539 2134 1145 1220 2683 1200 861 91578 45 340 192 186 105 132 232 45 24332 24519 20 116 116 106 245 88 2194 4878 1959 5 2192 0 22 8 10 17 2 2 33 18 19 237 45 67 137 0 417 374 0 1 0 1 28 41 10 19 0 2 1 0
9 150 26 10 404 361 3887 44 12 349 691 12 62 26 2 2574 2234 1095 1251 2613 1193 845 91180 41 234 105 177 132 104 177 76 24581 24810 28 107 99 73 153 57 2227 4508 1967 0 2235 1 10 10 12 0 2 2 11 12 9 214 44 76 147 0 406 361 0 0 0 0 18 31 12 12 0 2 0 0
3 110 1 2 93 14 4217 0 0 389 178 0 14 1 0 671 91 44 281 510 42 0 109764 0 52 0 0 39 4 0 0 30296 7163 0 1 19 0 0 0 2820 1145 82 0 673 0 8 0 0 0 0 0 0 0 0 42 0 94 0 0 93 14 0 0 0 0 4 0 0 0 0 0 0 0
10 164 36 9 457 550 3887 84 25 350 726 0 75 36 0 2742 3050 1879 1314 3196 1960 1759 88858 126 344 0 0 138 220 0 0 23460 26602 0 162 156 119 334 166 2113 5501 2629 0 2363 0 17 0 0 0 5 3 44 0 0 288 84 67 0 0 457 550 0 0 0 0 33 0 0 25 0 0 0 0
10 157 35 10 452 468 3848 77 29 347 749 7 69 35 1 2691 2916 1381 1342 3073 1623 1371 88387 105 292 58 98 145 138 80 36 23801 27160 21 117 140 161 333 168 2127 4990 2618 0 2439 0 18 7 7 0 8 7 46 2 14 255 77 73 72 0 452 468 0 0 0 0 24 16 7 29 0 1 0 0
9 153 27 9 439 394 3895 50 17 344 670 6 63 27 1 2636 2467 1278 1407 2814 1271 1007 91329 55 186 36 73 164 84 87 45 24427 24525 15 139 120 108 218 91 2194 4700 2019 0 2180 0 16 0 0 0 4 2 17 4 5 219 50 82 77 0 439 394 0 1 0 0 15 13 6 17 0 0 0 0
6 133 10 5 267 152 4056 10 4 377 425 0 40 10 0 1711 939 512 835 1580 477 216 100287 5 277 0 0 81 77 0 0 27262 16373 0 43 68 18 57 12 2529 3103 774 0 1492 0 8 0 0 0 1 0 7 0 0 134 10 78 0 0 267 152 0 0 0 0 21 0 0 4 0 0 0 0
11 150 41 14 425 458 3681 91 16 354 870 26 70 44 4 2651 2948 1077 1344 2210 1188 1385 84369 120 380 146 318 101 190 306 109 23550 30429 70 90 104 99 181 99 2213 4644 3150 17 2818 1 13 58 48 35 2 1 26 16 18 182 91 59 292 0 444 469 2 1 3 1 30 52 26 17 0 8 3 0
10 164 35 10 505 542 3882 77 22 350 740 7 75 35 1 2868 3216 1841 1535 3492 1895 1651 88884 105 442 38 92 133 225 90 55 23464 26701 21 199 149 146 303 142 2055 5463 2551 0 2310 0 25 0 0 0 6 2 40 2 6 282 77 63 75 0 505 542 0 1 0 0 34 14 7 22 0 0 0 0
4 122 3 3 206 50 4202 1 2 380 258 0 27 3 0 1329 343 177 721 1512 184 23 106968 0 127 0 0 76 15 0 0 29056 10076 0 20 63 13 32 2 2626 2098 233 0 898 0 18 0 0 0 0 0 3 0 0 108 1 89 0 0 206 50 0 0 0 0 9 0 0 2 0 0 0 0
12 169 51 15 518 704 3738 131 38 340 913 32 83 53 4 3031 4025 2056 1473 3370 2403 2485 82974 206 410 86 278 129 289 236 239 22035 31715 104 195 165 221 504 277 1969 5866 3704 16 2800 4 22 6 5 19 14 11 57 9 26 301 131 60 309 0 518 705 0 2 3 0 36 38 32 38 0 1 2 0
10 156 35 10 466 481 3808 77 19 342 749 7 68 35 1 2814 3090 1503 1505 2714 1428 1460 88084 105 228 47 102 147 116 83 46 23759 27202 21 131 126 126 227 119 2154 4975 2615 0 2435 0 15 5 6 0 4 3 23 3 3 216 77 78 73 0 468 481 0 0 1 0 18 15 7 19 0 1 0 0
7 130 14 7 273 168 3935 16 4 362 528 4 38 14 1 1782 1123 456 911 1407 433 275 96415 9 80 41 54 97 28 100 22 26754 19956 6 39 57 28 48 11 2519 2963 1116 0 1859 0 4 0 0 0 0 1 0 4 2 105 16 91 78 0 273 168 0 0 0 0 6 14 4 4 0 0 0 0
11 153 43 12 444 521 3690 104 18 339 841 16 66 43 2 2766 3288 1400 1442 2330 1388 1758 84543 155 197 75 197 132 113 171 90 23318 30114 54 144 95 99 201 125 2194 4823 3245 0 2788 1 8 9 7 0 1 2 14 9 11 186 104 80 149 0 445 521 0 0 1 0 15 26 16 18 0 1 0 0
6 130 8 7 263 109 4045 5 2 370 463 4 37 9 2 1679 690 334 826 1658 333 95 100198 1 188 123 68 75 34 245 26 27323 16756 2 37 65 11 21 3 2506 2867 645 2 1524 0 8 0 0 9 0 0 3 9 2 124 5 83 151 0 263 109 0 0 0 1 13 35 4 2 0 0 1 0
8 145 18 10 376 268 3960 22 8 354 619 11 56 20 3 2324 1665 861 1199 2512 964 468 94374 13 235 90 122 94 80 229 84 25341 22169 15 90 111 61 102 30 2279 4079 1372 6 1976 0 15 12 8 26 0 0 11 12 10 203 22 76 235 0 377 270 1 0 0 0 17 36 11 8 0 2 2 0
7 146 14 7 361 224 4078 16 13 364 514 4 56 14 1 2115 1367 754 1114 2816 837 349 98052 9 302 49 55 108 98 89 25 26012 18861 6 71 144 79 225 34 2300 4069 1051 0 1662 0 15 12 8 0 6 3 9 6 9 232 16 72 74 0 365 224 0 0 0 0 25 16 4 13 0 2 0 0
7 133 14 7 305 176 3957 16 7 366 526 4 41 14 1 1908 1220 484 1051 1680 490 278 96661 9 192 53 55 119 52 111 21 26667 19770 6 46 69 46 78 23 2471 3152 1105 0 1803 0 7 0 0 0 2 0 8 1 5 124 16 84 77 0 305 176 0 1 0 0 13 15 4 7 0 0 0 0
7 137 13 8 343 181 3990 12 5 359 541 8 45 13 2 2077 1236 546 1200 2094 563 236 97105 4 144 130 127 127 41 244 47 26391 19577 10 65 108 44 68 11 2378 3426 1010 0 1743 1 16 0 0 0 1 0 5 6 9 152 12 85 150 0 343 181 0 0 0 0 11 34 8 5 0 0 0 0
6 126 8 7 211 97 4016 5 3 371 459 4 34 9 2 1483 609 266 584 1121 272 86 99850 1 132 87 52 49 30 151 19 27485 16965 2 14 41 15 30 5 2589 2615 650 2 1592 0 3 4 1 14 0 0 1 8 2 99 5 85 158 0 212 98 0 0 1 0 10 27 4 3 0 1 1 0
8 144 20 8 390 282 3934 30 12 352 594 5 54 20 1 2378 1882 880 1356 2430 889 585 94067 25 170 19 46 148 61 76 37 25473 22126 10 95 97 85 155 53 2306 4008 1526 0 1981 0 15 3 5 0 1 1 6 5 4 179 30 84 80 0 390 282 0 1 0 0 12 10 5 12 0 1 0 0
8 145 20 8 390 288 3966 30 10 353 597 5 55 20 1 2311 1884 897 1219 2810 1035 606 94265 25 214 23 65 137 69 102 32 25502 22120 10 102 113 66 143 43 2279 4036 1522 0 1976 0 15 5 4 0 4 0 6 1 5 210 30 82 76 0 390 288 0 1 1 0 14 14 5 10 0 1 0 0
8 160 20 8 439 346 4073 30 22 362 588 5 71 20 1 2395 1976 1314 1302 3537 1333 691 95675 25 476 92 84 91 165 115 29 24727 21083 10 118 163 114 334 85 2138 5127 1452 0 1803 0 18 8 10 0 14 3 45 7 16 303 30 59 69 0 443 346 0 1 0 0 38 20 5 22 0 2 0 0
11 147 40 15 389 438 3670 84 18 341 878 32 59 44 5 2561 2720 1058 1157 2007 1163 1283 84306 101 163 150 344 141 95 351 162 23513 30634 81 84 74 109 181 100 2234 4378 3082 22 2880 3 11 0 0 41 3 4 18 13 29 169 84 79 383 0 389 438 3 0 0 3 14 57 32 18 0 0 4 0
9 153 25 11 448 348 3917 39 20 351 702 16 67 26 3 2524 2278 1016 1474 3112 1199 712 91533 32 300 169 226 138 117 256 99 24494 24710 31 109 140 132 242 84 2150 4693 1887 5 2157 2 15 24 19 11 6 3 29 18 21 240 39 68 221 0 455 350 0 1 3 0 24 45 16 20 0 4 1 0
6 133 9 6 266 140 4078 7 6 369 433 3 40 9 1 1755 856 470 755 1849 533 161 100469 2 163 16 19 72 47 62 27 27205 16395 3 35 73 34 76 10 2486 3076 691 0 1496 0 9 0 0 0 0 1 8 0 5 155 7 83 85 0 266 140 0 0 0 0 14 8 3 6 0 0 0 0
5 125 6 4 260 83 4103 4 5 376 345 0 31 6 0 1606 612 251 1012 1449 237 73 103278 1 164 0 0 99 20 0 0 28331 13515 0 34 81 45 55 10 2571 2407 476 0 1194 0 14 0 0 0 1 0 10 0 0 98 4 89 0 0 260 83 0 0 0 0 10 0 0 5 0 0 0 0
8 144 17 11 368 240 3937 17 11 354 640 16 53 19 4 2285 1527 759 1197 2275 753 333 94272 6 211 178 215 132 70 358 113 25298 22297 19 68 106 75 133 28 2294 4010 1307 6 1993 3 6 0 0 19 4 2 13 12 18 179 17 77 308 0 368 240 1 0 0 3 17 56 16 11 0 0 2 0
11 160 38 17 488 499 3754 71 23 331 903 42 76 45 7 2857 3119 1437 1525 2923 1519 1283 85513 71 232 307 512 160 111 551 241 22717 29943 88 140 128 157 280 118 2021 5310 2867 36 2641 9 15 32 21 94 5 3 21 16 51 239 72 69 517 0 499 508 5 0 2 2 19 95 42 23 0 4 7 0
12 168 52 14 519 720 3730 138 24 339 916 27 82 52 3 3001 4209 2160 1503 3470 2474 2691 82778 225 382 153 338 144 283 241 178 22131 31847 102 191 172 142 307 183 1988 5810 3780 0 2819 3 25 5 8 0 1 3 34 13 22 295 138 63 220 0 523 720 0 2 1 0 33 40 27 24 0 1 0 0
10 168 33 12 514 514 3904 64 30 345 770 19 84 34 3 2850 2986 1801 1560 3613 1746 1321 89304 71 401 190 277 140 191 260 129 23109 26542 47 163 149 194 381 163 1995 5843 2400 6 2260 2 11 34 27 15 10 5 49 9 23 302 64 58 214 0 531 517 0 2 3 2 35 48 19 31 0 5 1 0
7 134 14 7 304 193 3968 16 5 364 517 4 42 14 1 1958 1255 585 1060 1752 607 323 96778 9 151 10 25 109 55 57 32 26572 19652 6 54 72 46 53 17 2466 3226 1090 0 1797 0 4 0 0 0 1 0 4 2 3 134 16 85 85 0 304 193 0 0 0 0 12 7 4 5 0 0 0 0
15 181 75 30 570 953 3528 201 39 300 1279 136 112 100 18 3110 5164 2720 1544 3473 2896 3537 75185 295 301 565 1543 119 244 1078 779 19210 38415 426 225 160 203 444 281 1654 6973 5455 170 3286 50 4 83 111 281 5 7 34 50 141 327 210 39 1160 14 582 1008 27 0 7 9 27 203 144 41 2 15 25 2
8 142 20 8 376 272 3943 30 10 360 598 5 52 20 1 2241 1827 774 1232 2545 958 568 93971 25 236 28 55 137 93 93 32 25725 22314 10 87 112 68 138 45 2319 3809 1538 0 2003 0 10 3 5 0 1 0 11 4 5 190 30 78 78 0 377 272 0 0 0 0 18 12 5 10 0 1 0 0
7 143 13 8 345 195 4049 13 10 375 535 6 54 14 2 2085 1197 615 1030 2610 732 261 97740 6 404 123 93 90 104 194 36 26202 19162 6 63 105 58 120 26 2348 3862 1000 3 1693 0 9 17 8 13 3 1 25 11 9 206 13 63 147 0 356 198 0 3 1 0 33 34 6 10 0 3 1 0
9 152 26 10 434 379 3900 45 14 350 683 10 63 27 2 2603 2400 1233 1365 2853 1317 923 91352 45 292 70 114 127 113 158 73 24494 24662 20 121 105 99 159 67 2190 4608 1953 5 2187 0 19 4 5 12 3 2 22 4 11 224 45 74 154 0 436 380 0 0 0 0 21 25 10 14 0 1 1 0
10 153 34 11 439 447 3788 70 19 346 762 14 65 34 2 2735 2769 1289 1436 2530 1270 1275 87890 85 216 72 164 170 129 153 88 23871 27416 40 134 95 134 226 109 2194 4770 2560 0 2482 1 10 10 5 0 7 3 21 6 11 198 70 75 152 0 440 447 0 1 2 0 20 25 14 19 0 1 0 0
6 129 9 6 278 113 4034 7 7 369 446 3 36 9 1 1740 821 320 1007 1657 320 114 100002 2 133 61 46 105 28 118 14 27447 16761 3 30 84 49 73 16 2510 2784 717 0 1512 0 12 0 0 0 1 0 5 5 5 115 7 87 76 0 278 113 0 1 0 0 10 17 3 7 0 0 0 0
8 130 20 8 297 214 3833 30 6 361 604 5 40 20 1 2026 1462 485 1032 1249 477 461 92786 25 87 6 28 112 38 58 29 26254 23087 10 70 61 47 63 25 2507 3020 1600 0 2174 0 4 10 5 0 0 1 3 2 2 92 30 89 84 0 298 214 0 0 0 0 7 6 5 6 0 1 0 0
5 130 6 4 282 96 4146 4 6 379 340 0 36 6 0 1729 628 327 1026 1927 324 84 103788 1 257 0 0 101 38 0 0 28082 13146 0 43 92 59 80 12 2508 2758 462 0 1144 0 24 0 0 0 2 0 14 0 0 136 4 82 0 0 282 96 0 1 0 0 18 0 0 6 0 0 0 0
10 154 32 13 430 422 3800 58 17 336 798 24 66 34 4 2697 2569 1270 1301 2557 1233 1045 88164 58 152 222 345 138 75 380 138 23628 27486 52 100 121 111 201 89 2157 4864 2425 12 2478 4 8 9 5 27 1 0 11 18 27 207 58 80 293 0 434 423 0 0 1 1 13 62 24 17 0 1 2 0
12 173 52 14 540 753 3719 139 29 333 914 25 89 53 3 3184 4267 2499 1563 3222 2283 2795 82958 232 382 144 332 144 250 231 165 21704 31449 88 224 136 176 339 218 1965 6270 3748 8 2759 2 20 17 25 11 4 4 43 10 27 280 139 61 215 0 545 754 0 1 1 2 32 43 25 29 0 3 1 0
9 145 26 10 382 334 3856 44 10 352 694 12 56 26 2 2315 2128 947 1201 2439 1045 793 90768 41 229 64 166 117 89 213 70 24885 25174 28 97 112 56 132 47 2289 4121 1996 0 2302 1 16 4 5 0 1 1 11 4 8 187 44 79 150 0 382 334 0 0 1 0 16 29 12 10 0 1 0 0
5 123 5 5 226 71 4088 2 1 375 359 2 30 5 1 1523 506 230 753 1191 203 42 103191 0 110 30 23 71 18 86 14 28317 13672 1 23 59 4 11 1 2615 2298 398 0 1238 0 5 10 2 0 0 0 1 5 1 84 2 88 81 0 227 71 0 0 0 0 8 12 2 1 0 1 0 0
6 131 10 5 264 142 4043 10 5 369 427 0 38 10 0 1777 916 454 821 1544 424 198 100115 5 155 0 0 90 42 0 0 27323 16513 0 40 60 29 64 15 2531 2964 783 0 1515 0 11 0 0 0 2 0 2 0 0 123 10 87 0 0 264 142 0 0 0 0 11 0 0 5 0 0 0 0
8 137 17 11 335 200 3895 17 11 360 639 16 49 19 4 2124 1348 501 1131 1894 559 266 93667 7 189 112 171 113 59 336 89 25762 22767 16 49 85 75 127 30 2375 3520 1351 8 2070 4 10 19 10 15 2 0 15 9 21 144 17 76 313 0 342 203 0 0 2 0 17 48 16 11 0 3 2 0
8 150 18 10 403 288 3977 21 9 358 622 13 61 19 3 2432 1779 1022 1299 2605 977 477 94732 11 327 139 180 125 119 266 97 25082 21843 18 105 142 53 136 34 2238 4453 1345 4 1909 2 22 11 8 17 1 0 17 7 9 214 21 69 227 0 407 290 0 0 0 2 27 44 13 9 0 2 1 0
9 142 27 9 378 321 3799 50 15 358 681 6 52 27 1 2458 2192 855 1230 1740 741 814 90239 55 254 40 70 118 103 96 31 25064 25273 15 78 91 89 160 79 2355 3946 2094 0 2327 0 12 0 0 0 2 1 20 2 8 134 50 80 77 0 378 321 0 0 0 0 18 13 6 15 0 0 0 0
13 169 61 17 560 772 3602 170 35 332 1012 50 87 61 5 3193 4798 2155 1725 3039 2091 2941 79535 280 368 179 584 166 252 381 293 21425 34234 205 204 144 214 403 276 1949 5984 4439 0 3043 10 20 27 35 0 8 6 58 14 46 248 170 61 363 0 565 772 0 2 5 0 31 63 50 35 0 4 0 0
8 136 21 7 340 242 3858 35 14 361 592 0 45 21 0 2249 1681 629 1200 1547 534 538 93170 35 161 0 0 118 61 0 0 25981 22648 0 74 75 101 132 67 2438 3462 1655 0 2091 0 7 0 0 0 3 1 9 0 0 112 35 86 0 0 340 242 0 1 0 0 12 0 0 14 0 0 0 0
10 149 30 15 398 360 3771 49 13 352 829 29 63 35 7 2488 2245 952 1222 2163 951 808 87836 42 300 254 393 118 133 544 141 23945 27945 53 77 106 74 164 56 2208 4505 2337 20 2554 2 15 13 11 58 4 0 19 20 31 183 49 62 462 4 406 366 3 1 1 2 27 91 31 13 0 3 5 1
9 150 25 11 398 341 3859 40 15 346 705 14 62 27 3 2613 2103 1083 1212 2203 951 743 91139 35 194 158 195 125 81 248 83 24412 24817 26 89 96 99 164 69 2244 4566 1908 8 2236 0 13 12 8 27 3 1 15 8 15 184 40 77 223 0 402 344 1 1 1 1 16 45 14 15 0 2 2 0
16 197 91 29 647 1249 3537 301 69 292 1322 127 123 117 15 3288 6349 3921 1673 4094 3930 5612 73312 616 340 582 1579 128 322 990 773 18113 39507 466 315 160 401 838 598 1453 7958 6377 198 3248 32 16 59 68 337 14 29 78 39 181 397 319 42 979 6 660 1287 22 2 7 15 34 191 133 71 1 9 26 1
8 138 21 7 350 260 3874 35 11 363 590 0 47 21 0 2219 1781 713 1197 1716 632 598 93356 35 211 0 0 123 87 0 0 25879 22514 0 82 87 73 122 52 2419 3596 1640 0 2063 0 12 0 0 0 1 1 9 0 0 126 35 83 0 0 350 260 0 0 0 0 16 0 0 11 0 0 0 0
12 174 49 17 552 670 3802 116 39 328 972 45 97 52 7 2919 3846 1858 1538 4147 2440 2086 83577 159 368 402 688 120 211 575 224 21755 31760 137 195 158 227 548 230 1799 6296 3578 18 2718 6 12 68 66 40 21 6 47 29 81 368 116 50 426 7 566 679 2 2 8 5 31 107 46 40 0 10 3 1
14 188 74 17 650 1070 3671 244 41 313 1068 40 112 76 4 3334 6097 3385 1827 4450 3603 4846 78086 518 369 254 615 157 301 375 237 20069 35448 175 327 192 233 560 374 1673 7296 5194 18 2984 3 17 51 82 27 14 4 58 19 43 394 244 53 265 0 660 1077 1 0 10 2 33 66 40 41 0 9 2 0
14 160 72 19 497 788 3441 223 19 323 1098 60 78 75 6 3194 4874 1982 1562 2146 1773 3476 75728 426 189 164 646 158 157 412 304 21198 36980 249 163 107 132 175 166 2064 5443 5328 28 3495 11 9 12 30 34 3 3 16 23 33 178 223 74 439 0 499 791 1 0 0 1 16 68 60 19 0 3 3 0
8 151 19 9 436 294 3987 25 14 354 605 10 65 19 2 2520 1891 997 1451 2981 993 528 94737 16 295 89 127 130 99 180 67 25125 21723 18 114 143 103 185 47 2207 4534 1421 0 1874 1 15 37 23 0 4 2 15 7 13 233 25 69 149 0 444 294 0 0 2 0 23 28 10 14 0 5 0 0
4 118 3 3 176 42 4167 1 2 381 262 0 23 3 0 1160 278 126 680 1073 128 19 106553 0 98 0 0 63 8 0 0 29266 10373 0 12 57 23 24 2 2689 1820 241 0 943 0 10 0 0 0 1 0 4 0 0 77 1 93 0 0 176 42 0 0 0 0 6 0 0 2 0 0 0 0
10 177 33 12 528 566 4000 64 40 338 763 19 92 34 3 2908 3009 2193 1451 4213 2169 1433 90335 71 412 179 279 126 218 259 147 22629 25971 47 188 162 219 613 211 1867 6431 2338 6 2154 2 21 24 23 12 22 8 54 16 40 386 64 57 213 0 536 569 0 3 2 1 37 50 19 40 0 4 1 0
10 152 33 12 417 422 3792 63 23 349 770 21 65 33 3 2616 2567 1209 1262 2408 1245 1102 87903 66 291 62 200 142 134 208 127 23877 27515 57 96 108 145 253 124 2211 4699 2492 0 2503 3 18 13 12 0 6 3 36 8 24 202 63 71 233 0 418 422 0 2 2 0 23 32 21 23 0 2 0 0
10 159 33 12 459 492 3866 64 17 345 763 19 71 34 3 2634 2921 1581 1367 3223 1830 1361 88697 71 315 88 189 129 162 195 149 23570 27066 47 146 139 106 227 97 2103 5127 2432 6 2398 2 23 7 7 8 3 1 30 4 19 269 64 69 234 0 459 492 0 2 0 0 26 32 19 17 0 1 1 0
9 162 23 13 495 358 3961 31 25 343 728 21 80 26 6 2714 2152 1273 1605 3404 1177 615 92346 20 340 285 301 139 109 489 141 23817 24191 33 116 156 178 321 97 2016 5421 1707 9 2030 1 15 59 28 38 10 3 40 33 35 279 31 57 381 4 507 370 2 2 3 3 27 85 22 25 0 8 3 1
8 144 17 11 379 225 3949 17 10 361 647 17 58 17 5 2340 1459 628 1256 2368 727 292 94284 6 285 197 247 126 88 375 90 25458 22371 22 69 116 91 121 27 2274 4034 1312 0 1984 3 17 23 20 0 2 1 17 24 20 193 17 64 315 4 388 225 0 0 0 0 25 68 17 10 0 5 0 1
5 129 4 6 250 56 4134 1 7 380 374 2 36 5 2 1537 395 170 850 1603 153 15 103808 0 240 121 27 75 26 202 10 27989 13308 0 16 77 31 87 6 2537 2734 320 1 1189 0 16 10 1 14 4 0 12 12 6 123 1 77 154 0 253 57 0 0 0 2 20 33 2 7 0 1 1 0
9 144 26 10 395 323 3835 44 14 349 693 12 54 26 2 2460 2151 897 1325 2246 924 752 90596 41 157 68 149 155 69 191 68 24901 25212 28 100 109 100 153 68 2290 4053 2003 0 2295 1 18 0 0 0 2 1 9 7 13 167 44 84 153 0 395 323 0 0 0 0 12 27 12 14 0 0 0 0
14 187 73 18 603 1048 3687 234 48 320 1065 49 111 76 5 3257 5669 3243 1643 4338 3743 4613 78232 476 418 174 547 112 368 325 308 20119 35435 204 273 178 236 692 437 1711 7199 5119 27 3029 7 14 53 76 48 22 10 66 19 49 409 235 47 354 0 617 1064 0 0 5 1 40 62 49 49 0 9 3 0
9 157 25 11 435 361 3947 39 27 336 701 16 70 26 3 2548 2132 1150 1246 3221 1231 736 91985 32 165 161 225 123 64 280 92 24087 24395 31 113 130 161 374 107 2104 5020 1868 5 2146 2 4 20 11 15 10 5 14 14 31 268 39 79 219 0 438 364 0 0 4 1 13 48 16 27 0 3 1 0
9 145 27 9 398 339 3843 50 19 356 673 6 55 27 1 2474 2233 912 1308 2286 993 858 90615 55 243 16 41 129 104 67 40 24966 25071 15 95 103 135 211 95 2299 4109 2072 0 2280 0 17 0 0 0 5 4 26 0 7 175 50 78 82 0 398 339 0 1 0 0 19 8 6 19 0 0 0 0
10 153 33 12 457 442 3800 64 11 346 781 19 66 34 3 2753 2883 1283 1441 2687 1365 1220 88015 71 255 149 261 160 130 259 110 23885 27535 47 136 113 76 137 60 2159 4741 2491 6 2463 2 16 18 12 15 2 0 19 16 13 209 64 73 221 0 460 443 0 0 1 2 21 44 19 11 0 2 1 0
10 155 36 9 436 486 3858 84 21 352 735 0 66 36 0 2546 2961 1338 1297 3261 1815 1557 88239 126 323 0 0 111 177 0 0 24068 27258 0 132 148 116 303 144 2174 4784 2697 0 2472 0 13 0 0 0 13 1 31 0 0 268 84 73 0 0 436 486 0 0 0 0 26 0 0 21 0 0 0 0
7 147 13 8 372 209 4101 12 20 367 523 8 55 13 2 2116 1290 643 1152 3135 830 243 98273 4 367 72 88 85 97 159 68 25990 18843 10 64 130 116 316 55 2266 4069 967 0 1636 1 17 0 0 0 21 3 37 7 16 253 12 69 158 0 372 209 0 1 0 0 29 26 8 20 0 0 0 0
10 156 30 15 411 391 3816 47 21 344 827 33 72 33 7 2556 2216 1170 1230 2496 1123 801 88467 37 263 299 462 96 128 526 182 23475 27472 59 93 92 110 231 85 2140 5064 2286 16 2471 8 17 24 25 34 6 3 25 29 51 221 47 61 453 5 420 395 0 0 1 0 26 98 34 21 0 5 3 1
14 166 70 21 524 794 3488 206 30 320 1134 72 85 78 8 3126 4711 2050 1593 2609 1923 3209 76356 368 254 310 911 161 184 694 351 20861 36833 261 188 122 179 289 234 1945 5849 5187 64 3377 15 10 23 32 81 8 3 23 37 80 217 208 65 566 0 530 804 5 1 2 3 22 110 72 30 0 4 8 0
8 147 20 8 371 291 3956 30 14 355 598 5 56 20 1 2375 1718 955 1170 2430 948 604 94355 25 243 59 74 93 75 99 28 25293 21933 10 86 104 102 172 53 2299 4237 1515 0 1978 0 13 0 0 0 3 2 19 7 11 198 30 79 74 0 371 291 0 3 0 0 18 17 5 14 0 0 0 0
17 201 114 22 691 1524 3450 484 85 289 1280 68 121 122 6 3597 7994 4677 1759 4116 4526 8747 70112 1375 292 304 903 259 318 469 408 17831 40744 354 378 181 499 979 944 1484 8137 7790 80 3457 1 25 10 19 100 18 48 93 17 90 389 488 62 403 0 692 1531 6 3 2 8 29 87 68 85 0 2 8 0
9 142 26 10 378 314 3806 44 11 353 694 12 53 26 2 2359 2083 856 1285 1861 777 740 90357 41 200 72 146 119 81 180 65 24980 25317 28 81 88 87 117 54 2341 3953 2015 0 2326 1 8 10 5 0 2 0 8 8 10 140 44 81 153 0 381 314 0 0 1 0 14 26 12 11 0 1 0 0
14 184 63 28 606 878 3624 153 36 303 1222 102 110 93 16 3185 4821 2784 1722 3681 2699 2960 78327 208 341 698 1337 133 227 1146 625 19608 36180 268 258 152 237 436 232 1601 7121 4647 139 2995 26 11 61 65 400 6 6 32 73 115 332 176 42 1065 6 621 920 40 1 6 16 31 218 106 39 1 11 30 1
10 151 33 12 452 406 3799 64 19 340 785 19 65 34 3 2649 2748 1077 1443 2760 1230 1064 87898 71 182 153 261 147 77 291 91 23995 27714 47 104 143 131 205 99 2147 4606 2522 6 2484 2 9 21 16 14 5 2 18 22 24 213 64 79 218 0 455 409 0 0 2 0 13 46 19 19 0 3 1 0
14 169 71 20 572 841 3524 213 37 320 1108 69 87 75 7 3357 5229 2185 1780 2983 2338 3496 76587 384 287 259 777 167 194 501 368 20869 36611 280 216 144 278 385 284 1871 5970 5185 33 3292 15 20 16 27 43 3 13 47 31 78 251 214 67 505 0 577 844 2 2 3 0 23 87 69 37 0 3 4 0
7 131 14 7 273 173 3939 16 6 365 523 4 39 14 1 1848 1106 479 930 1318 453 277 96489 9 120 19 38 91 44 80 27 26705 19858 6 42 63 40 63 22 2521 3040 1109 0 1848 0 2 0 0 0 2 0 5 5 2 108 16 87 82 0 273 173 0 0 0 0 10 10 4 6 0 0 0 0
9 152 21 15 395 293 3886 21 13 348 761 29 68 26 8 2428 1704 940 1167 2378 870 406 91633 8 295 329 383 99 95 628 174 24146 24898 27 69 109 81 153 32 2177 4745 1621 19 2211 10 15 27 20 61 4 0 19 25 41 207 21 60 540 3 405 302 1 2 1 2 25 107 31 14 0 6 5 1
6 140 8 7 315 148 4156 5 8 364 440 4 48 9 2 1871 888 555 942 2755 677 128 101369 1 212 47 36 72 51 148 46 26820 15966 2 49 119 44 137 16 2353 3536 591 2 1406 0 7 9 2 15 7 0 12 3 8 225 5 78 163 0 317 149 0 0 0 0 17 22 4 8 0 1 1 0
6 124 9 6 228 108 3992 7 2 370 444 3 32 9 1 1575 735 298 755 1079 262 121 99539 2 77 19 29 65 19 79 18 27658 17054 3 22 43 16 22 5 2610 2466 727 0 1589 0 6 5 3 0 0 0 2 5 1 78 7 90 82 0 228 108 0 0 0 0 6 10 3 2 0 1 0 0
