99 0 4450 401 0 0 0 120980 0 0 0 32932 0 2846 91 0 0 0 0 0 0 0 0 2235777 0 0 0 0 0 0 0 0 0 1225811 0 0 0 0 0 0 0 0 213540 0 55863 0 0 0 0 0 0 0 0 0 0 5810 0 0 6844 0 0 18540 0 0 0 0 0 1706 0 394 0 89 2
10 152 33 12 429 423 3783 65 21 341 777 17 63 35 3 2463 2648 1224 1237 2395 1218 1142 87763 75 173 114 200 164 88 232 103 24099 27520 40 127 107 126 216 113 2076 4699 2506 10 2498 0 10 0 0 24 4 4 24 11 21 193 65 73 228 0 429 423 1 0 0 1 15 39 17 21 0 0 2 0
7 138 14 7 302 201 4002 16 8 361 519 4 46 14 1 1851 1221 641 844 2023 661 315 97061 9 136 29 50 93 51 77 31 26581 19380 6 54 78 46 113 30 2307 3530 1079 0 1775 0 13 0 0 0 0 0 10 1 2 164 16 77 79 0 302 201 0 1 0 0 13 13 4 8 0 0 0 0
8 148 21 7 352 300 3953 35 21 353 580 0 57 21 0 2182 1695 1007 901 2247 911 663 94210 35 180 0 0 89 81 0 0 25465 21755 0 83 87 119 235 87 2205 4356 1590 0 1991 0 8 0 0 0 12 6 13 0 0 195 35 75 0 0 352 300 0 1 0 0 16 0 0 21 0 0 0 0
3 110 1 2 90 14 4219 0 0 387 178 0 14 1 0 610 84 42 244 540 44 0 109646 0 22 0 0 23 2 0 0 30541 7158 0 3 22 0 0 0 2698 1148 82 0 678 0 1 0 0 0 0 0 0 0 0 44 0 89 0 0 90 14 0 0 0 0 2 0 0 0 0 0 0 0
13 175 56 22 517 759 3641 131 37 314 1067 78 100 67 10 2854 4066 2393 1345 2989 2162 2420 80290 166 268 363 894 106 192 658 490 20865 33980 220 196 102 187 417 246 1748 6551 4073 71 2972 26 10 53 75 129 11 7 25 27 84 280 135 46 725 0 529 780 8 0 6 3 25 124 78 41 0 11 11 0
7 121 15 6 195 139 3892 20 3 373 523 0 29 15 0 1311 890 271 572 882 332 266 95448 15 84 0 0 64 34 0 0 27656 20562 0 24 34 18 28 12 2535 2286 1238 0 1994 0 4 0 0 0 0 0 1 0 0 72 20 84 0 0 195 139 0 0 0 0 7 0 0 3 0 0 0 0
11 148 44 11 397 501 3662 112 12 347 835 8 60 44 1 2428 3117 1277 1117 2023 1302 1811 83930 182 203 50 116 124 133 96 41 23931 30400 28 103 82 66 125 92 2161 4461 3359 0 2892 0 13 0 0 0 2 0 14 4 4 164 112 73 73 0 397 501 0 0 0 0 17 15 8 12 0 0 0 0
7 130 14 7 271 176 3934 16 2 365 524 4 38 14 1 1763 1165 499 832 1318 472 298 96273 9 120 20 39 83 43 70 27 27020 19937 6 42 51 17 26 7 2412 2961 1110 0 1858 0 4 0 0 0 0 0 0 1 1 104 16 81 82 0 271 176 0 0 0 0 9 10 4 2 0 0 0 0
6 125 9 6 227 103 4009 7 6 365 446 3 32 9 1 1502 704 260 672 1208 271 106 99537 2 22 41 35 85 5 82 15 27851 16991 3 20 59 39 68 14 2465 2525 728 0 1587 0 1 0 0 0 1 0 2 1 4 94 7 88 80 0 227 103 0 0 0 0 2 13 3 6 0 0 0 0
7 130 12 9 283 136 3930 11 6 364 544 6 44 15 3 1797 962 345 923 1348 324 165 96379 5 124 68 55 94 23 200 31 26926 19994 3 37 55 34 56 16 2383 2998 974 6 1839 0 7 39 12 24 0 1 7 7 5 104 12 73 240 0 295 148 0 0 0 0 10 30 6 6 0 6 3 0
11 146 42 13 401 460 3645 98 18 347 848 21 58 42 4 2444 3018 1121 1173 1847 1097 1511 83865 140 204 44 166 126 120 158 119 23932 30560 63 91 82 105 174 119 2164 4317 3218 0 2890 0 8 0 0 0 4 3 25 8 16 147 98 70 251 7 401 460 0 0 0 0 17 26 21 18 0 0 0 1
13 158 52 26 465 607 3562 108 21 326 1093 84 77 80 14 2671 3640 1524 1280 2434 1709 1812 79222 119 258 279 757 108 185 817 501 21716 35126 181 138 103 125 243 144 1879 5240 3951 120 3184 18 10 28 29 275 3 1 22 24 50 210 122 49 1066 0 471 623 41 1 1 9 24 133 84 23 2 5 28 0
8 154 20 8 419 332 4007 30 14 349 590 5 64 20 1 2347 2007 1276 1178 2974 1183 682 94861 25 221 54 76 114 94 99 40 25130 21438 10 112 126 75 191 64 2084 4745 1474 0 1878 0 11 5 4 0 4 0 12 6 4 242 30 70 74 0 419 332 0 1 1 0 19 16 5 14 0 1 0 0
8 144 20 8 357 284 3926 30 10 349 594 5 55 20 1 2187 1753 928 1040 2117 854 593 93915 25 112 20 48 120 47 66 37 25623 22083 10 82 89 62 124 45 2228 4073 1526 0 2016 0 3 14 10 0 2 1 5 1 2 172 30 79 79 0 357 284 0 0 0 0 9 10 5 10 0 2 0 0
9 156 25 11 424 374 3911 38 20 340 694 18 70 25 3 2435 2182 1284 1157 2689 1175 769 91595 28 186 124 217 130 83 246 124 24316 24370 39 116 126 112 266 88 2051 5007 1856 0 2163 3 16 25 21 0 4 1 16 8 23 231 38 68 226 0 426 374 0 0 3 0 16 40 18 20 0 4 0 0
11 165 42 13 473 591 3761 97 32 338 839 22 78 43 3 2744 3372 1929 1285 2748 1717 1856 85476 135 321 97 239 107 191 214 155 22823 29320 66 145 104 155 366 208 1955 5695 3079 7 2623 2 15 6 7 12 12 7 36 11 25 244 97 60 227 0 474 591 0 1 1 0 27 36 22 32 0 1 1 0
9 147 25 11 385 326 3851 39 18 352 700 16 57 26 3 2304 2015 947 1098 2245 950 687 90797 32 234 100 181 100 102 237 103 24907 25001 31 89 95 108 193 85 2154 4292 1911 5 2266 2 4 0 0 8 7 1 25 12 17 179 39 70 233 0 385 326 0 0 0 3 19 37 16 18 0 0 1 0
6 130 8 7 252 120 4043 4 1 366 454 6 37 8 2 1621 740 399 722 1521 405 94 100078 0 114 78 76 61 30 170 46 27499 16663 4 38 60 5 13 1 2404 2890 623 0 1530 1 5 0 0 0 0 0 0 6 2 122 4 80 160 0 252 120 0 0 0 0 9 26 6 1 0 0 0 0
14 173 71 20 557 898 3523 216 31 320 1099 63 95 78 7 3115 5231 2590 1534 2836 2333 3841 76685 408 297 213 681 134 264 476 358 20772 36261 234 233 127 185 340 267 1783 6355 5138 59 3246 10 10 33 60 78 3 2 29 18 55 252 217 50 506 0 567 910 2 0 3 6 27 82 63 32 1 7 7 0
11 169 41 14 489 603 3790 89 30 335 851 30 88 42 4 2766 3330 2070 1299 3018 1812 1764 85879 110 292 161 362 105 193 303 208 22556 29123 88 151 132 163 360 190 1900 6037 2979 7 2558 5 19 38 48 7 10 4 40 7 31 274 89 51 293 0 499 607 0 1 2 2 29 52 30 31 0 7 1 0
9 147 26 10 375 342 3852 44 12 353 688 12 61 26 2 2294 2108 1024 1052 2159 1001 798 90713 41 214 67 138 110 108 148 69 24980 24958 28 73 82 75 145 60 2181 4344 1986 0 2288 1 13 25 24 0 1 0 11 4 12 183 44 67 151 0 379 342 0 0 0 0 19 25 12 12 0 4 0 0
11 151 43 12 435 505 3674 105 19 342 839 14 64 44 2 2586 3225 1327 1245 2173 1288 1723 84186 161 207 53 143 145 123 138 78 23711 30225 42 127 107 126 190 130 2097 4681 3265 7 2812 0 12 7 6 11 6 3 18 7 11 172 105 72 153 0 435 506 0 0 1 0 16 22 14 19 0 1 1 0
6 121 9 6 208 94 3989 7 2 371 451 3 28 9 1 1325 667 211 634 1026 241 102 99188 2 52 38 41 73 12 95 13 28149 17322 3 19 51 13 22 5 2507 2204 741 0 1625 0 3 0 0 0 0 0 2 2 1 78 7 86 79 0 208 94 0 0 0 0 4 14 3 2 0 0 0 0
10 148 31 14 411 382 3750 54 11 346 802 25 63 36 5 2468 2451 1077 1230 2030 983 944 87507 52 203 150 281 107 109 384 137 24226 27863 47 106 94 75 114 55 2116 4464 2391 21 2545 2 14 29 19 61 0 1 7 11 14 163 55 65 381 0 415 390 3 1 1 3 18 60 25 11 0 4 5 0
11 165 41 14 478 563 3766 90 34 335 859 28 80 43 4 2727 3219 1764 1273 2845 1601 1639 85538 116 275 184 354 122 171 313 174 22813 29416 76 142 119 195 419 210 1918 5716 3024 14 2613 4 21 16 19 27 5 6 29 16 38 249 90 60 293 0 481 564 0 3 2 1 25 56 28 35 0 3 2 0
7 132 15 6 295 188 3951 20 6 364 512 0 40 15 0 1851 1299 525 921 1644 533 352 96363 15 114 0 0 94 39 0 0 27013 19779 0 47 77 38 65 24 2373 3087 1186 0 1826 0 6 0 0 0 1 0 6 0 0 120 20 82 0 0 295 188 0 0 0 0 9 0 0 6 0 0 0 0
9 145 25 11 376 318 3830 39 12 346 708 16 55 26 3 2328 2021 911 1107 2011 851 689 90594 32 137 143 217 124 59 244 93 24948 25147 31 85 88 83 141 50 2176 4177 1926 5 2306 2 6 0 0 12 2 2 5 13 15 160 39 78 227 0 376 318 0 0 0 1 11 43 16 12 0 0 1 0
6 121 10 5 194 102 3974 10 5 376 437 0 28 10 0 1251 667 229 583 793 208 141 99061 5 111 0 0 51 27 0 0 28186 17248 0 19 45 33 48 12 2548 2238 823 0 1638 0 2 0 0 0 0 1 5 0 0 64 10 83 0 0 194 102 0 0 0 0 8 0 0 5 0 0 0 0
10 143 30 15 353 331 3725 45 18 340 812 37 54 31 7 2289 2051 840 984 1683 787 687 87224 29 104 155 363 107 49 388 191 24321 28169 74 60 75 113 176 73 2185 4101 2326 6 2635 11 1 0 0 12 5 4 7 16 40 141 45 76 483 6 353 331 0 0 0 1 8 65 37 18 0 0 1 1
10 159 34 11 449 500 3842 71 16 350 757 12 71 35 2 2517 2888 1631 1227 2930 1664 1470 88334 90 325 73 149 104 209 151 90 23858 27027 30 144 130 99 222 100 2023 5171 2516 6 2405 0 22 10 5 13 1 1 24 11 7 246 71 60 151 0 450 501 0 1 1 0 30 26 12 16 0 1 1 0
7 140 15 6 311 212 3997 20 14 365 504 0 48 15 0 1925 1264 671 868 1901 603 374 97074 15 214 0 0 82 71 0 0 26511 19171 0 61 67 75 181 50 2311 3705 1154 0 1753 0 6 0 0 0 3 2 19 0 0 158 20 73 0 0 311 212 0 0 0 0 18 0 0 14 0 0 0 0
4 112 3 3 130 32 4125 1 1 384 268 0 17 3 0 894 233 72 431 610 72 15 105869 0 39 0 0 42 5 0 0 29873 10831 0 8 22 5 10 1 2655 1380 252 0 1010 0 1 0 0 0 0 0 1 0 0 41 1 88 0 0 130 32 0 0 0 0 3 0 0 1 0 0 0 0
8 143 18 10 327 256 3915 23 8 354 625 9 52 21 3 2074 1494 831 913 1810 744 462 93959 16 178 128 112 82 73 246 70 25552 22233 9 69 78 34 105 29 2246 4005 1395 9 2042 0 9 0 0 38 0 1 6 5 8 159 24 73 233 0 327 256 0 0 0 0 15 40 9 8 0 0 3 0
6 125 7 8 223 78 3996 3 7 370 469 6 32 7 4 1465 518 201 661 1003 165 45 99630 0 112 97 60 63 22 220 30 27729 17045 3 20 53 44 63 6 2464 2545 566 0 1581 0 1 0 0 0 2 1 6 10 12 79 3 78 261 2 223 78 0 0 0 0 9 36 6 7 0 0 0 1
9 145 27 9 369 344 3824 50 13 346 678 6 56 27 1 2309 2128 1016 1087 1899 902 886 90431 55 116 41 71 125 51 92 33 25038 25027 15 82 89 87 143 68 2213 4208 2073 0 2319 0 5 7 6 0 0 1 8 1 7 156 50 80 76 0 370 344 0 1 0 0 9 13 6 13 0 1 0 0
11 163 38 17 476 529 3763 73 18 333 903 39 81 45 8 2653 3071 1687 1285 2874 1619 1418 85606 77 246 307 511 115 142 570 247 22765 29724 85 148 138 110 206 92 1905 5585 2841 33 2629 3 17 26 34 89 4 3 22 20 40 244 73 53 531 4 489 539 5 0 0 2 24 100 42 19 0 6 7 1
9 142 27 9 351 340 3821 50 7 353 678 6 52 27 1 2113 2141 963 1063 1954 987 912 90243 55 172 19 57 85 86 58 39 25279 25248 15 80 97 45 80 39 2252 3939 2083 0 2357 0 6 0 0 0 1 0 4 2 3 156 50 77 80 0 351 340 0 0 0 0 13 10 6 7 0 0 0 0
14 177 69 22 573 914 3568 196 35 307 1115 82 101 76 10 3093 5193 2713 1505 3281 2637 3622 77243 328 197 272 868 167 173 589 533 20399 36102 295 260 138 194 419 289 1693 6642 4952 58 3161 20 14 54 77 69 5 6 31 18 64 287 196 52 669 8 584 925 4 1 6 1 20 105 84 36 0 9 7 1
9 151 28 8 396 391 3868 56 18 360 659 0 61 28 0 2390 2338 1231 1133 2315 1141 1071 90888 70 343 0 0 100 168 0 0 24877 24602 0 106 94 97 212 102 2166 4587 2111 0 2232 0 19 0 0 0 6 2 28 0 0 195 56 64 0 0 396 391 0 0 0 0 28 0 0 18 0 0 0 0
8 144 20 8 341 281 3917 30 11 362 597 5 54 20 1 2119 1644 892 960 1930 792 585 93875 25 260 39 60 97 117 79 33 25661 22098 10 89 80 58 130 47 2263 4073 1528 0 2017 0 19 6 5 0 1 1 10 3 5 162 30 68 77 0 342 281 0 2 0 0 22 13 5 11 0 1 0 0
8 149 16 12 372 248 3964 15 9 350 653 15 62 21 5 2207 1461 888 1002 2395 801 320 94645 6 212 253 210 99 72 421 115 25156 21960 12 73 93 54 121 26 2118 4460 1233 11 1954 2 9 25 10 64 2 0 7 16 15 201 16 64 377 0 379 257 3 0 1 2 19 74 15 9 0 4 5 0
11 159 41 14 443 524 3747 90 26 336 870 28 72 43 4 2570 3058 1512 1186 2685 1596 1548 85115 115 201 219 397 119 140 354 154 23176 29861 79 115 104 143 287 156 1983 5238 3070 12 2714 3 10 4 7 28 9 5 18 15 36 235 90 67 290 0 446 525 1 1 0 1 20 61 28 26 0 1 2 0
11 155 42 13 418 521 3693 97 20 341 853 22 68 43 3 2479 3017 1491 1193 2141 1357 1662 84613 135 230 118 277 115 139 235 130 23361 29986 66 122 88 99 202 132 2085 5013 3162 7 2789 2 14 9 8 9 0 3 23 13 18 186 97 67 223 0 419 521 0 0 0 1 20 40 22 20 0 1 1 0
15 170 78 27 536 905 3422 225 29 313 1227 123 95 93 14 3057 5212 2385 1453 2540 2205 3694 73811 364 272 318 1208 99 253 822 669 20124 38759 450 203 101 170 306 247 1760 6176 5684 117 3503 39 10 44 85 165 3 3 29 30 81 228 227 43 961 8 547 921 18 0 3 4 25 139 126 30 0 9 15 1
7 142 14 7 318 218 4032 16 8 370 518 4 50 14 1 1918 1271 770 848 2259 778 350 97407 9 277 46 58 88 103 96 28 26450 19122 6 56 81 46 108 26 2273 3800 1062 0 1732 0 18 0 0 0 2 0 15 2 6 190 16 66 76 0 318 218 0 0 0 0 26 16 4 8 0 0 0 0
11 162 42 13 476 569 3740 97 26 341 841 22 79 43 3 2687 3386 1759 1326 2690 1579 1795 85177 135 280 94 243 141 193 209 143 23046 29537 66 149 133 153 312 173 1983 5504 3106 7 2652 2 14 21 30 9 4 3 26 4 15 230 97 57 224 0 485 572 0 0 5 0 27 35 22 27 0 5 1 0
11 160 44 11 457 575 3723 112 30 349 819 8 73 44 1 2679 3379 1706 1234 2483 1540 1985 84879 182 353 29 78 96 234 58 48 23290 29588 28 148 113 166 334 216 2036 5330 3267 0 2697 0 26 5 7 0 6 4 36 1 10 213 112 60 76 0 457 575 0 2 1 0 31 11 8 30 0 1 0 0
12 153 50 16 449 565 3594 124 18 339 948 37 67 54 5 2614 3566 1422 1292 2126 1391 1968 81280 187 237 138 405 114 155 368 197 22955 32763 107 137 95 106 169 130 2045 4855 3784 29 3061 6 17 3 8 50 6 3 21 20 23 172 125 66 377 0 452 566 0 0 0 0 20 57 37 18 0 1 4 0
10 160 36 9 460 530 3833 84 19 350 730 0 71 36 0 2654 3130 1772 1280 2847 1659 1725 88238 126 341 0 0 109 204 0 0 23859 26863 0 154 123 107 233 130 2043 5254 2655 0 2400 0 23 0 0 0 6 1 28 0 0 238 84 63 0 0 460 530 0 0 0 0 29 0 0 19 0 0 0 0
4 119 3 3 147 46 4176 1 1 380 261 0 24 3 0 953 248 157 389 1000 158 22 106560 0 72 0 0 44 12 0 0 29394 10261 0 15 31 8 12 1 2590 1927 238 0 969 0 1 0 0 0 0 0 0 0 0 85 1 85 0 0 147 46 0 0 0 0 6 0 0 1 0 0 0 0
9 148 26 10 387 346 3842 44 15 349 690 12 59 26 2 2317 2134 1074 1103 2085 933 816 90745 41 210 91 154 125 91 180 71 24840 24878 28 87 82 95 160 62 2168 4417 1979 0 2271 1 9 4 5 0 4 4 11 6 14 170 44 72 151 0 387 346 0 0 1 0 16 28 12 15 0 1 0 0
9 146 25 11 372 320 3832 39 14 352 694 16 63 26 3 2260 1955 932 1077 1964 839 680 90652 32 190 65 149 105 90 191 97 24908 25013 31 84 96 88 157 64 2199 4313 1920 5 2290 2 11 40 33 6 1 0 17 3 12 166 39 64 233 0 383 325 0 0 4 0 18 30 16 14 0 7 1 0
6 128 9 6 261 121 4017 7 1 373 445 3 36 9 1 1614 820 359 847 1328 327 137 99740 2 179 49 44 83 45 94 17 27739 16802 3 43 64 7 9 2 2431 2749 715 0 1531 0 6 9 3 0 0 0 1 5 1 99 7 76 77 0 262 121 0 0 0 0 13 15 3 1 0 1 0 0
7 136 14 7 291 192 3982 16 6 367 524 4 44 14 1 1790 1156 587 831 1744 593 311 96826 9 187 44 60 85 66 100 24 26739 19543 6 58 66 34 77 17 2344 3387 1090 0 1804 0 10 0 0 0 0 1 7 4 4 146 16 74 76 0 291 192 0 0 0 0 17 16 4 6 0 0 0 0
13 173 59 19 524 792 3640 159 31 322 1042 52 90 68 7 2965 4391 2415 1323 3106 2371 2969 79943 261 283 304 665 121 228 535 308 21265 34064 164 192 125 169 374 233 1772 6295 4306 57 3018 3 15 18 23 126 7 3 36 21 59 281 161 55 502 0 526 796 7 1 3 3 27 97 52 31 1 3 9 0
9 146 26 10 385 336 3836 45 16 353 688 10 56 27 2 2326 2163 980 1102 2082 911 811 90609 45 216 66 109 106 105 159 63 24991 25025 20 84 102 90 175 70 2185 4231 1993 5 2281 0 13 0 0 8 7 4 17 4 11 166 45 71 156 0 385 336 0 0 0 3 18 24 10 16 0 0 1 0
9 146 26 10 366 318 3837 44 22 346 692 12 57 26 2 2207 1989 901 1030 2040 836 705 90615 41 117 95 153 97 51 169 66 24943 25010 28 66 94 115 223 94 2182 4273 2000 0 2313 1 6 7 5 0 10 7 14 7 15 167 44 78 151 0 366 318 0 1 1 0 11 28 12 22 0 1 0 0
9 152 25 11 391 353 3875 38 20 351 699 18 62 25 3 2362 2073 1144 1079 2304 1021 734 91209 28 268 126 222 93 125 237 121 24573 24639 39 87 90 103 249 81 2118 4685 1877 0 2225 3 9 0 0 0 5 5 21 13 24 198 38 66 229 0 391 353 0 0 0 0 23 41 18 20 0 0 0 0
8 140 19 9 351 233 3894 25 17 352 611 10 51 19 2 2122 1532 648 1052 1837 591 414 93581 16 119 63 104 122 38 163 57 25846 22416 18 70 92 113 175 47 2250 3780 1479 0 2046 1 6 13 7 0 6 7 11 4 11 142 25 78 157 0 351 233 0 0 3 0 9 23 10 17 0 2 0 0
10 149 31 14 386 373 3759 56 17 342 800 21 67 38 5 2420 2256 1022 1060 2015 955 927 87633 59 169 162 230 105 78 352 106 24093 27750 36 77 92 102 185 78 2124 4593 2405 24 2560 0 9 35 25 78 2 3 14 14 17 172 60 64 379 0 396 387 3 0 6 1 15 59 21 19 0 7 7 0
11 156 41 14 458 515 3699 91 20 337 861 26 72 44 4 2760 3219 1483 1319 2352 1320 1584 84738 121 218 136 291 128 127 302 145 23278 29984 67 122 112 115 204 130 2025 5090 3090 18 2720 3 3 37 23 36 5 1 26 12 23 191 92 65 299 0 461 521 0 0 1 1 18 49 26 21 0 4 3 0
6 131 10 5 272 144 4041 10 4 372 427 0 38 10 0 1663 961 470 834 1565 432 204 99959 5 186 0 0 79 51 0 0 27614 16525 0 37 81 25 52 12 2417 2954 782 0 1504 0 8 0 0 0 0 0 3 0 0 121 10 77 0 0 272 144 0 1 0 0 14 0 0 4 0 0 0 0
7 134 12 9 302 154 3959 10 7 362 550 8 43 14 3 1863 1015 452 927 1633 413 174 96740 3 149 116 100 88 36 274 48 26706 19762 7 47 80 43 65 18 2322 3260 955 4 1799 0 10 6 2 22 4 0 9 9 8 123 10 76 235 0 304 156 1 0 0 2 12 40 8 7 0 1 2 0
10 144 34 11 373 382 3722 70 18 345 768 14 55 34 2 2278 2446 966 1109 1754 896 1086 86983 85 112 55 143 110 62 129 77 24542 27970 40 94 88 100 169 97 2204 4165 2626 0 2639 1 2 0 0 0 8 6 11 5 11 141 70 80 156 0 373 382 0 0 0 0 10 22 14 18 0 0 0 0
5 124 6 4 226 86 4105 4 2 376 346 0 30 6 0 1406 610 276 733 1378 277 82 103124 1 117 0 0 80 27 0 0 28615 13571 0 21 67 13 26 4 2483 2344 476 0 1233 0 8 0 0 0 0 0 0 0 0 101 4 82 0 0 226 86 0 0 0 0 9 0 0 2 0 0 0 0
10 156 31 14 421 428 3807 53 15 343 804 27 71 35 5 2525 2476 1359 1152 2409 1247 1014 88237 50 233 218 348 88 138 417 173 23746 27349 48 100 113 85 180 76 2035 5057 2345 21 2461 6 16 22 20 46 3 0 11 22 28 212 54 60 371 0 427 436 0 1 0 1 24 70 27 15 0 4 4 0
10 150 32 13 399 383 3763 56 26 341 787 28 64 32 4 2472 2367 1060 1108 2066 966 893 87638 48 175 136 290 112 75 303 149 24090 27652 72 76 103 149 271 116 2112 4624 2439 0 2539 6 10 17 18 0 3 7 26 5 39 174 56 70 306 0 401 383 0 0 3 0 14 47 28 26 0 3 0 0
10 162 35 10 447 519 3856 77 25 356 741 7 74 35 1 2559 2873 1716 1188 2949 1664 1565 88498 105 395 28 83 109 248 87 50 23748 26781 21 152 109 128 331 149 2033 5396 2571 0 2383 0 15 3 7 0 8 6 44 2 8 258 77 52 75 0 449 519 0 2 0 0 38 13 7 25 0 1 0 0
11 167 45 10 457 637 3769 120 37 337 801 0 79 45 0 2752 3431 2126 1159 2699 1836 2291 85440 210 285 0 0 131 181 0 0 22815 29047 0 155 100 165 417 257 1986 5860 3286 0 2638 0 8 0 0 0 12 13 42 0 0 253 120 68 0 0 457 637 0 1 0 0 25 0 0 37 0 0 0 0
9 146 24 12 360 321 3843 34 13 350 709 21 56 24 5 2268 1954 984 996 2048 938 648 90780 23 192 113 218 95 95 255 142 24832 25071 39 71 90 67 143 53 2184 4248 1826 0 2296 3 13 0 0 0 1 1 13 11 22 171 34 69 330 5 360 321 0 1 0 0 17 45 21 13 0 0 0 1
13 166 61 17 511 752 3589 172 28 325 1018 46 83 63 5 2884 4461 2077 1388 2793 2070 2943 79192 296 244 194 568 142 182 373 256 21741 34385 173 181 130 152 317 215 1876 5808 4476 18 3136 8 14 24 27 24 5 7 24 23 43 239 172 62 361 0 514 755 0 1 0 1 21 66 46 28 0 3 2 0
5 124 6 4 200 86 4102 4 2 375 346 0 30 6 0 1272 553 283 587 1196 264 82 103134 1 118 0 0 60 23 0 0 28542 13540 0 13 53 10 30 4 2513 2378 476 0 1260 0 1 0 0 0 0 0 1 0 0 98 4 83 0 0 200 86 0 0 0 0 8 0 0 2 0 0 0 0
10 143 34 11 381 391 3721 70 10 349 768 14 54 34 2 2329 2574 996 1119 1795 972 1150 86913 85 153 56 141 114 86 142 81 24645 28062 40 89 93 67 108 64 2209 4063 2625 0 2636 1 8 0 0 0 1 0 12 4 6 141 70 77 157 0 381 391 0 0 0 0 13 21 14 10 0 0 0 0
12 171 50 16 530 707 3708 122 29 331 940 41 88 52 5 2919 4057 2298 1436 3130 2102 2377 82801 174 331 196 515 124 220 384 281 21966 31663 132 192 118 171 329 206 1835 6144 3627 16 2768 8 19 19 30 21 6 5 53 17 35 269 122 52 364 0 538 711 0 0 2 1 31 67 41 29 0 4 2 0
8 145 20 8 333 275 3925 30 15 362 600 5 55 20 1 2051 1560 857 911 1951 763 560 93964 25 251 67 73 70 101 91 23 25607 22034 10 70 76 81 171 57 2259 4159 1530 0 2027 0 13 7 5 0 5 2 20 5 12 169 30 66 73 0 334 275 0 3 0 0 23 17 5 15 0 1 0 0
12 163 52 14 476 668 3648 138 28 334 917 27 76 52 3 2759 3904 1985 1301 2447 1793 2473 81995 225 249 96 295 134 188 218 163 22440 32021 102 155 124 136 290 208 1965 5578 3828 0 2930 3 14 0 0 0 5 5 34 11 29 218 138 66 225 0 476 668 0 0 0 0 23 36 27 28 0 0 0 0
11 152 40 15 418 482 3682 82 15 335 874 36 67 42 5 2530 2898 1336 1146 2068 1252 1387 84545 92 162 145 394 123 90 362 205 23391 30261 96 118 69 95 145 94 2078 4798 3033 14 2800 8 7 19 22 23 5 0 13 11 22 177 82 70 379 0 421 483 0 0 1 2 13 58 36 15 0 3 2 0
10 154 31 14 395 403 3801 52 21 340 809 29 66 34 5 2334 2273 1189 1039 2353 1161 916 88104 45 202 245 376 89 96 425 161 23810 27487 58 87 96 110 246 96 2064 4887 2358 16 2511 6 12 5 6 42 7 2 22 18 44 207 52 67 371 0 395 404 1 0 0 1 18 73 29 21 0 1 3 0
7 136 12 9 298 164 3966 11 6 363 542 6 49 15 3 1903 1029 524 883 1596 453 206 96921 5 182 93 64 91 46 222 44 26530 19554 3 39 64 37 67 17 2331 3458 949 6 1787 0 8 29 10 26 1 0 5 6 4 131 12 69 237 0 310 172 0 0 0 2 15 34 6 7 0 5 3 0
10 151 33 12 424 419 3774 64 18 341 780 19 62 34 3 2495 2687 1215 1227 2314 1146 1125 87658 71 167 126 237 119 87 275 111 24131 27599 47 94 107 105 209 96 2088 4634 2508 6 2518 2 17 0 0 12 4 3 12 10 20 185 64 74 226 0 424 419 0 0 0 1 14 41 19 18 0 0 1 0
9 143 28 8 372 335 3813 56 18 349 667 0 53 28 0 2281 2209 906 1100 1899 835 906 90181 70 114 0 0 115 54 0 0 25260 25141 0 87 82 106 189 99 2231 4031 2167 0 2339 0 8 0 0 0 6 3 9 0 0 148 56 82 0 0 372 335 0 0 0 0 9 0 0 18 0 0 0 0
10 160 32 13 451 446 3838 60 26 335 792 20 75 36 4 2579 2618 1431 1194 2839 1350 1114 88520 65 192 229 277 155 92 343 117 23563 27069 41 125 107 142 300 127 1974 5331 2407 17 2399 0 12 25 22 53 6 7 26 14 28 240 61 65 290 0 460 450 2 1 0 5 18 62 20 27 0 4 4 0
8 150 20 8 364 310 3969 30 14 358 592 5 60 20 1 2140 1766 1105 986 2354 1005 640 94449 25 258 47 63 78 120 84 35 25365 21675 10 85 95 66 185 61 2185 4496 1496 0 1954 0 12 5 4 0 3 0 18 2 7 208 30 66 76 0 364 310 0 1 1 0 24 14 5 14 0 1 0 0
11 163 40 15 491 558 3753 84 19 334 878 32 78 44 5 2753 3341 1781 1378 2839 1639 1636 85427 101 253 240 435 132 167 416 199 22881 29639 81 161 127 114 214 118 1916 5556 2971 21 2616 4 11 18 16 62 4 1 19 28 25 237 85 62 364 0 492 562 2 0 2 1 23 73 32 20 0 3 4 0
9 146 27 9 360 341 3839 50 17 350 681 6 56 27 1 2281 2087 982 1016 2004 941 862 90567 55 152 66 94 111 71 86 31 25010 24988 15 77 81 82 187 79 2204 4256 2072 0 2318 0 3 0 0 0 0 5 21 4 8 170 50 76 73 0 360 341 0 1 0 0 14 17 6 17 0 0 0 0
9 152 26 10 391 355 3883 44 24 351 687 12 63 26 2 2338 2093 1113 1049 2444 1042 792 91160 41 260 92 155 106 115 171 73 24656 24625 28 78 92 130 286 108 2117 4683 1961 0 2225 1 6 7 5 0 7 5 27 7 19 207 44 67 150 0 393 355 0 2 1 0 22 29 12 24 0 1 0 0
8 146 20 8 369 296 3946 30 9 352 598 5 55 20 1 2233 1836 1013 1056 2354 977 628 94118 25 155 57 74 104 68 93 33 25571 21987 10 81 105 50 99 39 2195 4175 1515 0 1988 0 10 0 0 0 3 0 11 6 6 189 30 76 75 0 369 296 0 0 0 0 14 16 5 9 0 0 0 0
6 134 10 5 276 142 4059 10 11 376 424 0 41 10 0 1752 878 455 798 1710 406 186 100223 5 259 0 0 68 66 0 0 27455 16297 0 41 54 63 126 27 2388 3182 777 0 1478 0 19 0 0 0 6 2 18 0 0 136 10 71 0 0 276 142 0 0 0 0 21 0 0 11 0 0 0 0
11 161 40 15 447 535 3735 85 26 336 873 30 75 45 5 2669 2997 1653 1197 2461 1473 1546 85266 106 234 202 363 123 148 381 188 22920 29693 72 132 96 155 289 162 1982 5441 2988 26 2686 2 14 8 12 66 7 4 30 11 31 220 86 63 372 0 450 539 3 0 0 3 23 66 30 26 0 2 5 0
9 150 27 9 382 362 3866 50 21 346 674 6 61 27 1 2337 2105 1131 1020 2249 1061 903 90909 55 172 45 76 112 81 90 35 24784 24686 15 98 96 125 219 101 2152 4558 2047 0 2264 0 9 7 5 0 9 5 13 3 8 193 50 75 75 0 382 362 0 0 1 0 14 14 6 21 0 1 0 0
5 131 6 4 251 101 4149 4 5 377 339 0 37 6 0 1523 635 399 750 1739 342 91 103754 1 219 0 0 72 43 0 0 28183 13026 0 27 77 28 70 10 2421 2880 458 0 1172 0 4 0 0 0 1 0 8 0 0 138 4 75 0 0 251 101 0 0 0 0 17 0 0 5 0 0 0 0
10 154 33 12 434 427 3783 64 25 346 779 19 65 34 3 2614 2644 1283 1246 2314 1118 1105 87861 71 241 136 242 130 128 278 113 23994 27406 47 100 103 151 271 137 2064 4860 2495 6 2476 2 18 0 0 9 5 3 28 10 28 191 64 66 224 0 434 427 0 2 0 1 22 43 19 25 0 0 1 0
10 146 33 12 380 385 3740 64 14 348 787 19 57 34 3 2364 2384 1021 1083 1843 984 1031 87228 71 183 134 255 100 103 258 96 24417 27935 47 87 83 88 125 78 2170 4292 2545 6 2603 2 17 0 0 11 6 0 14 17 19 156 64 72 224 0 380 385 0 0 0 1 16 43 19 14 0 0 1 0
9 146 20 16 373 256 3846 21 7 348 764 23 67 31 9 2232 1581 727 1089 2107 724 376 91025 10 208 298 273 69 83 597 121 24689 25279 21 76 88 40 77 18 2121 4338 1590 19 2277 2 13 67 30 129 0 1 1 27 15 175 25 52 629 3 385 285 8 0 2 1 19 103 25 8 1 11 11 1
8 146 20 8 337 304 3946 30 6 358 592 5 57 20 1 2090 1714 1077 926 2148 1018 662 94138 25 206 16 46 98 103 66 37 25532 21939 10 71 87 37 76 26 2248 4209 1510 0 2014 0 10 7 10 0 0 0 6 0 4 190 30 69 79 0 343 304 0 0 0 0 20 10 5 6 0 2 0 0
13 160 63 15 470 733 3537 190 24 331 989 30 75 63 3 2832 4386 1919 1280 2239 1793 3129 78550 363 226 76 292 151 179 175 170 22108 34593 129 163 93 119 260 202 1995 5404 4661 0 3262 3 10 5 9 0 3 6 22 6 18 194 190 68 226 0 471 733 0 0 1 0 19 31 30 24 0 1 0 0
8 137 18 10 326 221 3883 22 7 361 626 11 49 20 3 2004 1448 595 998 1762 582 382 93412 13 204 80 121 81 68 244 61 26029 22695 15 54 80 43 80 22 2285 3552 1419 6 2083 0 20 20 11 20 3 1 13 7 8 133 22 69 235 0 329 225 1 0 0 2 17 35 11 7 0 3 2 0
12 170 53 13 496 732 3702 147 34 321 902 18 84 53 2 2899 4121 2376 1324 2924 2160 2811 82573 259 178 100 229 159 128 157 110 22030 31537 70 166 111 156 391 241 1891 6088 3845 0 2851 1 6 2 6 0 7 12 24 5 23 266 147 72 145 0 496 732 0 0 3 0 16 28 18 34 0 1 0 0
7 136 14 7 283 191 3974 16 7 362 523 4 44 14 1 1784 1146 611 796 1671 563 307 96817 9 130 45 54 83 51 91 23 26648 19505 6 39 61 38 75 22 2347 3421 1090 0 1808 0 4 0 0 0 2 0 6 9 6 138 16 79 77 0 283 191 0 0 0 0 12 15 4 7 0 0 0 0
