99 0 4450 401 0 0 0 121099 0 0 0 32680 0 2993 77 0 0 0 0 0 0 0 0 2244413 0 0 0 0 0 0 0 0 0 1210053 0 0 0 0 0 0 0 0 220913 0 53947 0 0 0 0 0 0 0 0 0 0 6833 0 0 5702 0 0 20453 0 0 0 0 0 1548 0 443 0 71 0
15 182 84 21 644 1101 3521 286 40 303 1163 72 102 90 7 3646 6536 3195 1904 3721 3351 5234 74599 616 242 241 819 140 228 515 455 19683 37954 312 336 181 258 490 406 1729 6853 5948 57 3291 12 12 27 37 68 5 4 33 21 53 318 287 45 499 0 648 1109 3 0 3 3 21 85 72 40 0 4 6 0
5 124 5 5 213 71 4105 2 4 380 357 2 30 5 1 1475 471 216 676 1276 217 37 103314 0 198 22 20 49 30 73 17 28301 13599 1 13 56 29 53 6 2645 2349 395 0 1240 0 1 0 0 0 1 0 7 2 2 100 2 62 83 0 213 71 0 1 0 0 14 11 2 4 0 0 0 0
10 156 32 13 462 436 3834 60 15 340 802 20 68 36 4 2754 2733 1292 1465 2962 1424 1137 88401 65 240 251 321 104 126 440 102 23661 27458 41 118 130 98 210 78 2114 4932 2427 17 2417 0 11 6 5 65 2 0 14 31 21 239 61 53 287 0 465 437 2 0 1 4 19 68 20 15 0 1 4 0
10 158 34 11 481 496 3852 70 15 340 758 14 69 34 2 2890 3140 1579 1515 3271 1743 1450 88479 85 243 72 171 99 136 155 101 23661 27148 40 163 156 102 214 94 2118 5039 2515 0 2394 1 19 0 0 0 5 0 11 6 11 257 70 56 152 0 481 496 0 0 0 0 19 26 14 15 0 0 0 0
11 176 44 11 559 713 3866 112 33 329 805 8 88 44 1 3256 4045 2616 1640 3933 2529 2509 86535 182 321 36 92 120 207 75 63 22185 28592 28 239 165 193 482 228 1932 6363 3126 0 2435 0 15 0 0 0 7 8 35 6 12 340 112 49 75 0 559 713 0 0 0 0 27 13 8 33 0 0 0 0
15 176 89 16 601 1077 3465 340 45 308 1109 24 94 89 2 3586 6423 2907 1739 3269 2920 5682 73716 870 182 68 278 186 164 149 130 20198 38036 130 292 137 295 496 479 1872 6486 6354 0 3488 1 8 12 21 0 13 11 28 7 22 273 340 58 141 0 602 1077 0 0 3 0 15 25 24 45 0 2 0 0
7 128 15 6 288 174 3935 20 3 363 516 0 36 15 0 1876 1264 416 1042 1541 504 336 96175 15 59 0 0 87 18 0 0 27035 20090 0 61 78 26 36 12 2543 2764 1203 0 1862 0 3 0 0 0 0 0 2 0 0 108 20 73 0 0 288 174 0 0 0 0 4 0 0 3 0 0 0 0
8 145 21 7 363 300 3962 35 12 356 583 0 54 21 0 2322 1865 945 1101 2488 1089 693 94197 35 198 0 0 103 83 0 0 25504 22027 0 85 112 65 153 57 2344 4051 1599 0 2001 0 10 0 0 0 0 1 13 0 0 207 35 61 0 0 363 300 0 0 0 0 16 0 0 12 0 0 0 0
9 151 25 11 404 356 3882 41 15 343 698 12 62 28 3 2600 2193 1162 1284 2522 1135 811 91299 39 140 118 142 106 71 236 81 24379 24729 18 92 94 83 183 73 2249 4593 1895 12 2222 0 7 7 3 42 2 0 16 8 14 206 42 59 230 0 407 358 0 0 1 1 14 39 12 15 0 1 3 0
8 146 18 10 398 256 3955 23 12 347 626 9 58 21 3 2470 1693 802 1311 2608 828 452 94384 16 137 144 121 106 51 274 51 25264 22120 9 86 109 81 160 39 2273 4179 1388 9 1949 0 5 24 8 42 2 2 6 15 11 197 24 60 226 0 401 262 0 0 1 2 11 44 9 12 0 3 3 0
8 148 19 9 398 279 3961 26 13 355 615 8 58 20 2 2461 1746 912 1297 2569 887 507 94467 19 244 140 131 84 93 235 53 25227 21962 12 98 109 84 164 56 2288 4306 1447 4 1937 0 12 5 4 14 3 0 17 8 9 201 26 54 146 0 398 280 0 0 0 0 20 35 8 13 0 1 1 0
8 141 20 8 349 271 3905 30 7 364 602 5 50 20 1 2231 1743 819 1138 1933 796 578 93728 25 276 53 71 66 101 99 31 25672 22350 10 71 91 43 80 31 2416 3803 1542 0 2038 0 7 0 0 0 0 0 18 3 4 153 30 55 76 0 349 271 0 0 0 0 21 15 5 7 0 0 0 0
9 147 26 10 424 344 3850 44 15 349 686 12 58 26 2 2605 2316 992 1460 2480 998 810 90811 41 198 63 125 102 87 161 76 24750 24988 28 110 113 111 184 71 2280 4268 1981 0 2234 1 7 7 6 0 2 2 16 9 13 179 44 59 156 0 425 344 0 0 0 0 15 23 12 15 0 1 0 0
7 144 15 6 355 242 4056 20 9 358 500 0 52 15 0 2253 1494 853 1113 2730 920 448 97704 15 172 0 0 78 66 0 0 26118 18924 0 82 96 54 141 36 2356 3921 1129 0 1688 0 11 0 0 0 2 0 9 0 0 213 20 62 0 0 355 242 0 0 0 0 15 0 0 9 0 0 0 0
13 184 62 16 641 931 3722 181 39 312 1001 38 99 63 4 3393 5481 3150 1893 4274 3100 3718 80794 329 299 262 598 141 220 381 263 20668 33376 152 309 179 237 508 336 1744 6944 4368 9 2792 5 14 7 9 17 14 4 37 23 42 354 181 47 276 0 641 932 0 2 0 0 25 67 38 39 0 1 1 0
6 122 10 5 203 112 4005 10 2 374 436 0 29 10 0 1367 745 250 673 1261 347 162 99366 5 84 0 0 45 27 0 0 27924 17198 0 23 49 10 29 6 2660 2263 816 0 1625 0 2 0 0 0 0 0 1 0 0 94 10 70 0 0 203 112 0 0 0 0 7 0 0 2 0 0 0 0
7 139 14 7 314 211 4011 16 4 361 517 4 49 14 1 2067 1288 710 963 2142 745 349 97279 9 177 31 45 72 66 85 28 26284 19304 6 62 86 24 57 13 2437 3614 1073 0 1755 0 7 10 8 0 0 0 2 1 3 173 16 60 78 0 315 211 0 0 0 0 14 12 4 4 0 2 0 0
8 145 20 8 388 283 3953 30 11 345 602 5 54 20 1 2488 1859 886 1274 2567 956 589 94210 25 64 80 87 105 25 116 27 25388 22114 10 97 127 71 139 44 2304 4066 1526 0 1981 0 6 0 0 0 1 1 9 4 8 197 30 70 72 0 388 283 0 0 0 0 6 19 5 11 0 0 0 0
8 147 20 8 375 294 3966 30 12 349 597 5 57 20 1 2370 1843 953 1153 2542 1003 618 94420 25 159 58 73 88 56 85 31 25265 21926 10 87 93 56 175 41 2310 4240 1514 0 1976 0 6 7 5 0 1 4 11 5 7 208 30 63 74 0 376 294 0 0 0 0 12 16 5 12 0 1 0 0
10 160 35 10 488 494 3859 77 30 334 744 7 71 35 1 2970 3059 1543 1488 3266 1649 1458 88549 105 158 45 83 134 92 96 42 23574 26937 21 155 142 209 391 180 2095 5206 2591 0 2379 0 10 0 0 0 11 5 15 3 15 263 77 62 75 0 488 494 0 2 0 0 14 14 7 30 0 0 0 0
10 153 31 14 453 409 3793 52 15 338 806 29 66 34 5 2815 2628 1208 1472 2564 1177 959 88104 44 199 204 370 106 89 446 171 23701 27603 61 125 122 107 178 71 2165 4773 2354 14 2452 5 7 13 10 41 3 1 17 21 27 200 52 55 374 0 454 412 2 0 1 2 15 69 29 15 0 2 3 0
13 185 62 16 607 925 3756 183 50 312 995 34 100 65 4 3320 5065 3047 1693 4358 3266 3712 81046 344 283 223 483 114 229 351 220 20620 33290 123 295 176 288 714 392 1741 6992 4370 24 2809 3 13 10 7 48 18 16 44 15 55 387 184 46 281 0 608 927 0 1 1 3 26 62 34 50 0 1 3 0
8 153 21 7 418 332 4035 35 20 357 575 0 62 21 0 2463 1978 1091 1254 3409 1297 736 94944 35 306 0 0 80 120 0 0 25196 21501 0 118 135 134 319 94 2217 4568 1559 0 1881 0 15 0 0 0 8 2 26 0 0 272 35 52 0 0 418 332 0 2 0 0 25 0 0 20 0 0 0 0
8 141 18 10 362 247 3917 22 9 355 620 11 51 20 3 2301 1639 731 1158 2068 775 428 93975 13 210 81 111 91 68 221 81 25524 22403 15 78 98 57 119 32 2362 3794 1392 6 2017 0 6 9 4 23 1 1 8 7 10 163 22 59 239 0 364 248 1 0 0 0 14 33 11 9 0 1 2 0
6 138 8 7 323 132 4106 5 7 362 452 4 46 9 2 2004 851 484 1070 2292 483 113 100925 1 143 116 57 93 38 214 33 26874 16139 2 58 101 37 98 12 2406 3452 613 2 1416 0 10 5 2 11 2 0 5 10 7 177 5 61 153 0 325 133 0 0 0 2 13 32 4 7 0 1 1 0
11 168 43 12 546 612 3812 104 38 326 824 16 84 43 2 3119 3715 1922 1695 3685 1985 1983 85876 155 213 52 173 123 113 147 103 22591 29174 54 211 163 263 496 240 1975 5839 3134 0 2531 1 10 29 26 0 18 11 31 6 19 295 104 54 148 0 549 612 0 1 6 0 17 24 16 38 0 4 0 0
9 138 24 12 377 265 3800 35 11 349 719 18 49 27 4 2319 1917 624 1326 1972 680 527 90182 27 120 110 194 116 41 345 99 25154 25701 27 72 88 89 119 46 2351 3622 1906 12 2347 3 4 7 4 28 3 2 11 15 14 136 36 64 312 0 377 267 0 0 0 0 8 47 18 11 0 1 3 0
9 155 25 11 466 368 3912 39 18 345 704 16 66 26 3 2757 2384 1216 1534 3046 1187 781 91605 32 243 176 240 97 104 318 100 24299 24568 31 125 136 130 229 78 2142 4828 1869 5 2130 2 18 6 5 17 10 2 16 10 22 232 39 53 220 0 468 369 0 1 0 2 20 49 16 18 0 1 1 0
5 128 6 4 262 94 4134 4 4 369 342 0 34 6 0 1709 673 333 911 1765 320 86 103616 1 67 0 0 86 15 0 0 28104 13270 0 31 83 24 56 8 2565 2636 466 0 1184 0 3 0 0 0 1 0 3 0 0 126 4 71 0 0 262 94 0 0 0 0 6 0 0 4 0 0 0 0
11 179 41 14 590 677 3894 91 35 317 851 26 96 44 4 3200 3885 2547 1801 4326 2436 2033 87015 120 225 221 367 140 143 363 197 21839 28612 70 249 188 218 519 223 1821 6631 2915 17 2359 1 13 34 29 44 7 4 33 12 34 364 91 47 285 0 593 684 2 0 4 3 21 62 26 35 0 5 3 0
5 140 6 4 311 118 4254 4 10 367 330 0 46 6 0 1887 677 514 964 2933 508 98 104954 1 182 0 0 57 38 0 0 27476 12379 0 57 119 66 184 20 2401 3467 436 0 1077 0 9 0 0 0 5 0 10 0 0 234 4 61 0 0 311 118 0 0 0 0 16 0 0 10 0 0 0 0
7 135 15 6 305 203 3969 20 6 365 509 0 43 15 0 2018 1324 620 993 1740 602 385 96767 15 146 0 0 83 58 0 0 26581 19557 0 49 84 48 73 21 2496 3312 1171 0 1794 0 5 0 0 0 0 1 7 0 0 135 20 64 0 0 305 203 0 0 0 0 13 0 0 6 0 0 0 0
13 176 60 18 564 829 3675 163 38 316 1017 54 95 63 6 3412 4757 2521 1636 3589 2638 3094 80323 262 270 206 631 108 204 414 364 20930 33828 198 247 146 206 505 290 1857 6479 4310 23 2943 10 9 23 39 29 11 9 30 23 51 314 163 43 436 0 569 834 2 0 6 0 23 75 54 38 0 5 3 0
10 157 32 13 491 442 3824 60 22 333 781 20 73 36 4 2938 2930 1364 1589 3008 1345 1134 88380 65 181 135 209 117 83 312 134 23554 27256 41 139 133 151 279 116 2106 5060 2409 17 2383 0 9 37 23 36 8 1 11 10 26 230 61 55 303 0 492 451 2 1 3 3 13 48 20 22 0 5 4 0
14 174 70 21 588 877 3564 207 48 310 1103 70 93 79 8 3405 5313 2442 1683 3415 2550 3543 77076 374 222 187 699 131 176 540 422 20498 36291 252 234 152 308 570 393 1822 6319 5060 68 3187 11 12 25 30 94 15 14 34 15 71 286 209 46 589 0 593 884 8 1 7 8 19 87 70 48 0 4 9 0
10 157 31 14 459 439 3846 56 13 334 808 21 70 38 5 2803 2713 1381 1404 3082 1520 1108 88548 59 181 252 302 111 96 477 140 23511 27390 36 123 139 81 176 72 2096 5026 2358 24 2409 0 8 9 7 96 2 1 9 22 14 249 60 55 368 0 462 446 3 0 0 2 15 75 21 13 0 2 7 0
10 159 34 11 510 474 3829 70 28 341 757 14 72 34 2 2954 3152 1466 1732 3125 1415 1310 88361 85 238 80 162 124 120 170 89 23625 27065 40 156 129 179 338 156 2099 5165 2524 0 2353 1 9 13 13 0 6 6 35 12 20 233 70 52 150 0 513 474 0 3 1 0 21 26 14 28 0 2 0 0
6 131 8 7 282 117 4041 4 2 367 456 6 39 8 2 1874 778 380 986 1635 355 84 100215 0 142 95 84 73 32 190 42 27235 16622 4 45 76 18 22 3 2519 2968 625 0 1495 1 6 5 3 0 0 0 2 10 3 119 4 63 156 0 284 117 0 0 0 0 11 29 6 2 0 1 0 0
4 115 3 3 178 36 4156 1 2 382 265 0 20 3 0 1142 297 84 703 1093 117 16 106281 0 61 0 0 62 7 0 0 29523 10636 0 9 71 20 21 2 2724 1556 247 0 952 0 1 0 0 0 0 0 1 0 0 69 1 73 0 0 178 36 0 0 0 0 4 0 0 2 0 0 0 0
7 134 14 7 297 182 3965 16 6 362 526 4 42 14 1 1991 1188 529 951 1728 524 290 96764 9 135 52 60 74 40 108 22 26568 19690 6 54 64 35 69 20 2491 3243 1100 0 1810 0 7 0 0 0 1 0 5 3 4 131 16 66 76 0 297 182 0 0 0 0 10 16 4 6 0 0 0 0
5 124 5 5 220 64 4101 2 5 373 358 2 32 5 1 1505 433 184 745 1312 174 32 103311 0 104 31 20 43 11 84 10 28253 13593 1 19 51 35 54 6 2629 2387 401 0 1238 0 1 12 4 0 1 0 8 1 4 97 2 67 80 0 221 64 0 0 0 0 7 12 2 5 0 2 0 0
10 148 34 11 413 404 3754 70 18 351 774 14 59 34 2 2611 2609 1067 1343 2239 1062 1128 87425 85 253 120 208 90 119 220 70 24185 27800 40 91 99 121 181 104 2282 4401 2604 0 2558 1 10 0 0 0 2 2 27 12 16 169 70 55 146 0 413 404 0 1 0 0 20 32 14 18 0 0 0 0
10 159 34 11 485 492 3836 71 18 338 761 12 71 35 2 2960 3082 1628 1533 3099 1570 1423 88429 90 229 87 170 123 113 193 88 23553 27073 30 150 136 127 220 110 2127 5173 2526 6 2385 0 8 8 6 9 4 2 19 8 10 240 71 56 147 0 485 493 0 2 0 0 18 30 12 18 0 1 1 0
5 121 6 4 192 71 4088 4 5 382 349 0 27 6 0 1336 510 174 604 1119 202 61 102972 1 154 0 0 51 28 0 0 28563 13796 0 6 45 24 49 10 2685 2121 488 0 1276 0 8 0 0 0 5 0 6 0 0 87 4 65 0 0 192 71 0 1 0 0 12 0 0 5 0 0 0 0
9 160 27 9 491 424 3952 50 22 345 670 6 71 27 1 2889 2684 1468 1572 3462 1451 1057 91945 55 264 95 109 119 125 119 37 24149 24126 15 154 153 140 318 112 2104 5171 1984 0 2066 0 12 3 6 0 6 3 26 5 11 269 50 52 69 0 495 424 0 1 0 0 23 20 6 22 0 1 0 0
13 167 59 19 549 728 3605 159 32 317 1048 52 82 68 7 3244 4511 1997 1665 3206 2051 2690 79537 261 175 303 669 130 133 614 280 21390 34510 165 195 124 218 369 242 1921 5816 4371 55 3068 2 10 5 6 114 6 4 21 28 58 251 161 53 504 0 550 731 10 0 1 6 16 97 52 32 0 1 9 0
11 147 39 16 395 423 3663 76 13 335 901 40 60 43 6 2598 2637 1029 1176 2045 1073 1141 84332 78 96 242 494 98 61 503 182 23417 30703 99 97 63 84 115 71 2244 4409 3024 22 2869 8 10 5 6 55 4 0 6 18 33 161 76 61 447 0 396 425 3 0 0 0 9 80 40 13 0 1 4 0
14 177 73 18 590 968 3585 233 35 312 1071 51 96 75 5 3459 5625 2845 1761 3589 3030 4324 77187 467 230 157 554 132 216 362 328 20484 35985 222 285 154 210 439 327 1850 6523 5212 18 3179 7 12 28 36 22 5 6 25 10 36 309 233 47 363 0 592 974 1 1 2 0 21 58 51 35 0 4 2 0
9 154 24 12 422 345 3900 35 16 347 721 18 67 27 4 2633 2096 1116 1289 2697 1073 671 91590 26 264 243 273 87 111 364 114 24218 24649 30 101 117 98 200 71 2192 4830 1823 11 2173 1 8 14 12 40 4 0 19 21 17 220 35 48 292 0 429 349 2 0 2 4 22 65 18 16 0 3 3 0
8 149 17 11 389 262 3980 18 16 355 631 14 59 20 4 2430 1570 910 1172 2650 940 380 94767 8 278 146 157 76 99 341 111 25073 21918 16 88 104 98 189 50 2257 4363 1287 8 1926 1 16 4 3 40 8 2 22 10 23 217 18 49 311 0 390 264 2 1 0 1 23 52 14 16 0 1 3 0
8 140 21 7 344 274 3908 35 10 361 588 0 49 21 0 2346 1786 801 1077 1958 832 641 93618 35 193 0 0 80 88 0 0 25798 22374 0 67 103 68 112 44 2428 3718 1627 0 2055 0 8 0 0 0 2 2 8 0 0 158 35 61 0 0 344 274 0 0 0 0 16 0 0 10 0 0 0 0
9 156 26 10 466 387 3926 44 23 345 681 12 67 26 2 2812 2433 1278 1472 3158 1309 886 91663 41 244 73 144 100 109 180 83 24293 24407 28 152 152 149 296 107 2147 4886 1930 0 2122 1 17 7 4 0 9 3 22 5 18 246 44 54 152 0 467 387 0 0 2 0 20 27 12 23 0 1 0 0
13 169 60 18 527 758 3621 166 33 315 1026 48 89 66 6 3187 4444 2202 1574 3154 2229 2895 79706 282 166 194 573 141 129 470 263 21247 34267 162 193 148 189 371 236 1952 6033 4397 41 3071 4 4 35 46 77 7 12 19 13 41 269 167 50 433 0 531 767 5 0 5 7 15 77 48 33 0 6 6 0
14 175 71 20 601 908 3586 218 42 308 1097 59 93 80 7 3382 5464 2538 1767 3714 2869 3816 77140 421 210 203 651 147 163 495 369 20537 36252 214 272 175 295 511 377 1798 6342 5125 64 3175 5 10 24 23 113 14 11 30 20 46 308 222 50 510 0 602 916 7 0 2 2 17 82 59 42 0 3 9 0
7 134 15 6 301 200 3959 20 5 365 510 0 42 15 0 1978 1329 607 994 1666 570 380 96661 15 154 0 0 73 54 0 0 26633 19627 0 45 69 40 60 20 2512 3245 1175 0 1805 0 9 0 0 0 0 0 6 0 0 126 20 65 0 0 301 200 0 0 0 0 12 0 0 5 0 0 0 0
6 127 10 5 250 118 4023 10 9 371 431 0 34 10 0 1701 802 296 834 1444 323 153 99762 5 109 0 0 60 26 0 0 27628 16827 0 25 46 69 97 24 2588 2646 803 0 1551 0 8 0 0 0 4 1 10 0 0 107 10 68 0 0 250 118 0 0 0 0 9 0 0 9 0 0 0 0
5 112 6 4 142 50 4028 4 2 381 358 0 18 6 0 998 369 88 505 550 92 46 102156 1 27 0 0 49 5 0 0 29073 14476 0 8 20 20 16 4 2789 1456 512 0 1372 0 3 0 0 0 0 0 1 0 0 36 4 75 0 0 142 50 0 0 0 0 2 0 0 2 0 0 0 0
13 170 63 15 559 831 3607 191 24 323 989 28 86 64 3 3315 5062 2458 1734 3174 2363 3561 79478 371 268 133 359 122 196 240 168 21384 34067 113 245 133 141 286 208 1981 6058 4569 9 3052 2 12 17 19 12 1 2 25 7 26 254 191 51 215 0 561 832 0 0 0 0 21 41 28 24 0 2 1 0
14 184 73 18 637 999 3618 233 56 305 1075 51 103 75 5 3611 5839 3071 1863 3920 2997 4306 77664 467 237 228 638 156 188 401 311 20111 35637 222 311 174 330 695 474 1733 7013 5160 18 3048 7 10 22 35 24 13 19 45 15 72 333 233 47 352 0 640 1002 1 1 6 1 21 69 51 56 0 4 2 0
7 134 15 6 322 194 3962 20 8 360 510 0 42 15 0 2073 1361 553 1130 1815 550 356 96653 15 97 0 0 87 30 0 0 26651 19641 0 64 89 58 93 32 2478 3228 1178 0 1789 0 5 0 0 0 1 0 5 0 0 129 20 70 0 0 322 194 0 0 0 0 7 0 0 8 0 0 0 0
9 148 24 12 423 330 3856 34 10 348 714 20 60 26 4 2668 2201 1034 1381 2410 984 659 91035 23 214 132 249 100 90 339 135 24570 25025 35 106 113 66 110 42 2249 4363 1831 8 2220 3 15 11 9 23 1 1 14 19 15 182 34 54 306 0 426 333 1 0 0 0 17 52 20 10 0 2 2 0
11 161 42 13 490 569 3755 97 20 327 851 22 75 43 3 3056 3458 1728 1506 3021 1739 1831 85331 135 152 139 299 133 88 284 130 22830 29683 66 172 136 131 258 130 2085 5382 3113 7 2654 2 6 16 15 16 2 2 13 8 24 242 97 60 218 0 491 570 0 0 0 0 12 44 22 20 0 2 1 0
8 136 18 10 317 223 3871 21 6 357 623 13 47 19 3 2127 1451 618 995 1570 578 377 93447 11 161 65 127 68 48 204 78 25759 22721 18 58 54 36 69 19 2458 3485 1412 4 2099 2 2 15 9 13 0 1 10 8 8 122 21 61 240 0 320 224 0 0 0 0 11 31 13 6 0 2 1 0
7 138 15 6 325 214 3977 20 8 367 506 0 46 15 0 2090 1397 708 1085 1799 603 396 96966 15 238 0 0 76 82 0 0 26400 19337 0 56 82 54 97 32 2475 3545 1158 0 1751 0 7 0 0 0 0 0 8 0 0 140 20 59 0 0 325 214 0 0 0 0 18 0 0 8 0 0 0 0
14 163 72 19 551 824 3466 224 22 316 1083 58 84 76 6 3356 5373 2105 1734 2577 2017 3651 75950 433 154 120 514 149 122 365 325 21103 36786 237 235 125 146 217 203 2012 5632 5288 34 3397 8 9 38 59 37 2 2 12 11 31 201 224 53 448 0 553 830 3 0 1 0 12 56 58 22 0 6 4 0
4 113 3 3 129 34 4131 1 1 386 267 0 18 3 0 862 222 79 447 591 82 16 106073 0 78 0 0 26 10 0 0 29569 10750 0 9 21 8 10 1 2800 1459 250 0 1005 0 1 0 0 0 0 0 2 0 0 46 1 71 0 0 129 34 0 0 0 0 6 0 0 1 0 0 0 0
11 158 40 15 461 526 3728 85 19 333 870 30 73 45 5 2985 3219 1570 1404 2545 1502 1569 85176 106 204 147 338 103 127 374 186 22874 29909 72 135 110 102 236 117 2130 5197 2998 26 2692 2 11 15 17 61 1 1 12 18 26 217 86 52 377 0 465 531 3 0 2 2 17 60 30 19 0 3 5 0
12 180 51 15 537 783 3803 130 42 315 921 34 96 52 4 3156 4109 2746 1437 3798 2710 2734 83868 199 234 191 433 100 172 314 241 21196 31043 118 205 167 226 604 276 1868 6740 3619 8 2673 5 12 12 23 11 12 15 35 12 53 356 130 48 288 0 539 785 0 1 2 0 22 57 34 42 0 3 1 0
10 164 33 12 504 513 3880 63 20 337 769 21 77 33 3 2970 3113 1794 1585 3348 1780 1374 89012 66 286 133 280 107 148 271 156 23234 26776 57 177 159 117 280 102 2052 5518 2404 0 2313 3 16 7 13 0 4 5 18 12 21 279 63 49 222 0 508 513 0 0 1 0 23 43 21 20 0 2 0 0
9 154 26 10 461 381 3895 45 17 343 683 10 67 27 2 2836 2423 1236 1468 2821 1174 905 91404 45 214 87 122 119 90 171 65 24340 24523 20 155 132 123 214 85 2188 4803 1948 5 2142 0 11 23 13 12 5 0 16 6 13 218 45 56 150 0 464 384 0 0 2 0 16 27 10 17 0 3 1 0
11 175 42 13 538 679 3859 97 27 323 835 22 91 43 3 3173 3761 2499 1538 3786 2390 2177 86599 135 252 129 282 102 160 215 165 22052 28749 66 225 141 164 406 183 1931 6371 2995 7 2458 2 12 21 28 19 4 2 23 9 23 333 97 48 218 0 543 681 0 1 2 0 22 42 22 27 0 4 1 0
10 161 35 10 505 520 3860 77 20 335 743 7 73 35 1 2961 3276 1697 1610 3390 1762 1594 88573 105 201 46 88 118 111 80 46 23521 26878 21 193 155 129 276 124 2088 5286 2575 0 2351 0 14 9 7 0 6 2 15 3 10 263 77 59 74 0 506 520 0 0 0 0 16 14 7 20 0 1 0 0
13 166 61 17 535 756 3596 174 32 326 1008 42 82 65 5 3230 4667 2099 1672 2989 2170 3010 79324 309 258 127 430 124 191 354 247 21555 34381 150 206 136 185 346 252 1992 5753 4477 30 3104 3 12 14 16 38 6 7 32 9 39 245 174 48 372 0 539 759 3 1 1 6 22 56 42 32 0 2 4 0
7 144 15 6 367 224 4040 20 18 355 500 0 52 15 0 2311 1464 751 1216 2600 724 385 97618 15 160 0 0 95 43 0 0 26065 18914 0 70 116 108 249 63 2350 3947 1138 0 1679 0 5 0 0 0 6 3 15 0 0 197 20 65 0 0 367 224 0 1 0 0 12 0 0 18 0 0 0 0
9 155 25 11 419 377 3915 39 19 350 693 16 66 26 3 2650 2196 1287 1246 2719 1273 816 91667 32 272 100 182 85 128 248 115 24235 24466 31 104 125 112 244 85 2209 4857 1857 5 2166 2 12 4 5 15 5 2 33 7 22 235 39 48 231 0 421 378 0 1 0 1 25 38 16 19 0 1 1 0
10 149 35 10 450 423 3771 77 20 344 756 7 61 35 1 2857 2931 1128 1507 2540 1198 1265 87469 105 170 44 96 123 87 90 34 24230 27698 21 120 119 150 219 122 2237 4444 2672 0 2520 0 7 7 7 0 4 3 10 6 9 186 77 62 73 0 453 423 0 0 0 0 13 15 7 20 0 1 0 0
8 141 19 9 370 255 3931 25 8 352 612 10 52 19 2 2269 1737 748 1238 2468 855 472 93907 16 128 63 118 93 52 168 63 25635 22416 18 72 112 63 115 31 2346 3773 1466 0 2019 1 10 16 9 0 0 0 2 5 7 179 25 63 155 0 371 255 0 0 1 0 10 25 10 8 0 2 0 0
10 152 36 9 457 460 3799 84 22 343 738 0 63 36 0 2856 3005 1280 1538 2727 1438 1462 87708 126 163 0 0 109 95 0 0 24127 27436 0 150 132 167 248 148 2209 4635 2722 0 2490 0 11 0 0 0 5 2 17 0 0 212 84 63 0 0 457 460 0 0 0 0 14 0 0 22 0 0 0 0
5 132 6 4 259 108 4183 4 3 370 338 0 38 6 0 1672 650 411 805 2127 454 102 104137 1 124 0 0 48 30 0 0 27888 12966 0 45 108 17 57 6 2525 2911 453 0 1166 0 7 0 0 0 1 0 3 0 0 171 4 66 0 0 259 108 0 0 0 0 11 0 0 3 0 0 0 0
7 141 15 6 326 229 4051 20 8 358 503 0 49 15 0 2050 1395 735 1006 2573 931 426 97528 15 150 0 0 68 47 0 0 26269 19142 0 73 113 38 120 32 2394 3687 1143 0 1738 0 5 0 0 0 2 0 13 0 0 211 20 65 0 0 326 229 0 0 0 0 12 0 0 8 0 0 0 0
9 155 27 9 444 403 3927 50 17 352 671 6 66 27 1 2634 2448 1284 1391 3131 1418 1032 91562 55 306 59 86 95 149 102 37 24444 24440 15 153 138 108 247 86 2188 4805 2010 0 2149 0 17 7 6 0 4 2 16 1 10 249 50 50 73 0 448 403 0 2 0 0 25 16 6 17 0 1 0 0
6 128 9 6 258 122 4032 7 4 372 440 3 35 9 1 1727 824 352 816 1507 377 135 99919 2 164 14 28 75 40 67 23 27505 16792 3 39 66 27 53 10 2569 2710 711 0 1533 0 7 0 0 0 0 0 5 2 2 114 7 64 83 0 258 122 0 0 0 0 12 10 3 4 0 0 0 0
8 140 20 8 347 253 3908 30 11 357 605 5 50 20 1 2253 1676 699 1099 2046 722 520 93695 25 159 63 78 99 63 119 23 25726 22443 10 64 86 67 134 42 2400 3739 1556 0 2052 0 7 4 5 0 2 2 10 3 7 157 30 62 73 0 348 253 0 0 0 0 13 17 5 11 0 1 0 0
10 150 31 14 414 366 3766 52 23 343 808 29 65 34 5 2643 2347 983 1317 2223 934 814 87812 44 214 214 352 98 86 412 142 23850 27763 61 78 93 140 221 90 2224 4616 2390 14 2516 5 7 20 20 38 4 9 31 21 35 176 52 51 373 0 418 371 2 1 3 3 17 68 29 23 0 4 3 0
9 157 24 12 415 357 3917 36 20 346 721 16 69 28 4 2630 2040 1232 1229 2691 1088 728 91863 29 271 266 244 76 130 390 89 23997 24447 25 90 122 112 251 78 2180 5060 1812 13 2150 0 8 7 6 62 11 2 18 17 29 234 37 47 290 0 420 362 2 1 1 5 24 68 16 20 0 2 4 0
6 128 10 5 267 136 4034 10 2 366 430 0 35 10 0 1756 937 396 957 1632 442 198 99864 5 64 0 0 73 19 0 0 27550 16759 0 48 83 17 26 6 2563 2709 792 0 1533 0 6 0 0 0 0 0 1 0 0 117 10 72 0 0 267 136 0 0 0 0 5 0 0 2 0 0 0 0
4 112 3 3 119 32 4126 1 1 385 268 0 17 3 0 876 217 74 366 547 73 15 105996 0 56 0 0 31 7 0 0 29612 10823 0 3 26 7 11 1 2811 1387 252 0 1020 0 2 0 0 0 0 0 1 0 0 42 1 73 0 0 119 32 0 0 0 0 4 0 0 1 0 0 0 0
8 139 18 10 313 231 3889 22 6 356 630 11 50 20 3 2191 1434 691 927 1659 615 401 93727 13 170 127 139 68 59 232 61 25551 22537 15 47 54 38 62 20 2434 3733 1415 6 2086 0 5 10 7 25 1 0 5 7 10 137 22 59 230 0 316 234 1 0 0 0 13 41 11 6 0 2 2 0
13 181 62 16 609 897 3691 181 43 314 989 38 100 63 4 3527 5091 2921 1813 3806 2811 3582 80517 329 269 148 451 132 214 310 260 20767 33431 152 308 162 277 556 346 1820 6822 4399 9 2855 5 10 28 45 10 7 12 32 16 41 329 181 44 287 0 617 899 0 1 3 1 24 52 38 43 0 5 1 0
11 159 41 14 481 548 3737 91 18 333 860 26 73 44 4 3032 3400 1658 1478 2843 1652 1711 85213 120 219 159 310 109 125 320 165 22894 29840 70 149 111 113 188 117 2109 5232 3059 17 2671 1 13 11 13 36 4 1 18 22 23 225 91 54 299 0 482 551 2 0 0 1 17 51 26 18 0 2 3 0
13 184 64 14 613 949 3724 200 47 315 963 20 101 64 2 3473 5395 3182 1735 4137 3150 4039 80716 406 276 95 266 124 224 160 133 20749 33181 88 285 177 257 630 402 1796 6985 4508 0 2833 1 17 20 26 0 12 12 45 7 24 359 200 46 140 0 618 949 0 4 4 0 26 29 20 47 0 3 0 0
4 119 2 4 192 26 4179 0 2 377 273 1 27 2 1 1270 208 72 712 1258 76 0 106727 0 54 31 10 46 4 81 4 29164 10340 0 8 61 9 26 0 2675 1915 162 0 924 0 2 28 3 0 0 0 0 1 2 90 0 69 80 0 195 26 0 0 0 0 4 12 1 2 0 3 0 0
10 162 36 9 473 524 3876 84 30 352 728 0 73 36 0 2906 3083 1653 1431 3227 1794 1642 88686 126 379 0 0 85 217 0 0 23606 26767 0 148 139 183 418 192 2133 5327 2650 0 2365 0 12 0 0 0 10 6 39 0 0 279 84 44 0 0 473 524 0 4 0 0 33 0 0 30 0 0 0 0
11 147 41 14 433 446 3664 90 19 342 866 28 60 43 4 2732 3069 1023 1425 2210 1123 1360 84155 115 181 119 282 113 97 299 137 23639 30612 79 113 113 127 210 116 2234 4355 3156 12 2845 3 10 8 6 21 6 3 15 8 25 164 90 58 306 0 435 448 1 0 0 2 14 45 28 19 0 1 2 0
7 144 12 9 349 181 4035 11 13 355 549 6 54 15 3 2295 1078 632 1036 2319 574 218 97798 5 175 187 89 63 43 308 41 25873 19085 3 52 112 87 164 30 2332 3997 933 6 1689 0 10 12 3 38 5 2 17 19 9 190 12 57 225 0 351 185 0 0 1 5 15 49 6 13 0 2 3 0
13 169 62 16 526 816 3635 184 28 323 990 32 83 66 4 3158 4744 2384 1537 3336 2654 3434 79644 350 238 99 300 123 197 256 221 21419 34125 113 196 148 171 332 240 1979 5923 4508 29 3085 0 10 0 0 39 11 3 26 13 31 282 185 52 303 0 526 816 2 0 0 0 21 41 32 28 0 0 4 0
11 158 42 13 488 551 3716 98 15 334 859 20 70 44 3 3027 3466 1613 1542 2633 1508 1815 84970 140 199 187 309 123 124 318 110 23005 29908 57 177 116 106 172 99 2128 5158 3146 12 2684 0 14 0 0 33 1 1 12 15 18 206 98 58 215 0 488 551 1 0 0 0 16 49 20 15 0 0 2 0
9 147 28 8 408 377 3853 56 11 354 663 0 57 28 0 2565 2471 1127 1324 2375 1161 1068 90696 70 230 0 0 91 109 0 0 24879 24907 0 112 98 72 127 63 2318 4261 2132 0 2262 0 12 0 0 0 0 1 17 0 0 184 56 59 0 0 408 377 0 0 0 0 18 0 0 11 0 0 0 0
6 134 10 5 301 144 4071 10 10 361 424 0 41 10 0 1987 973 457 1023 2002 453 192 100392 5 93 0 0 79 21 0 0 27172 16304 0 57 97 57 135 24 2484 3163 776 0 1468 0 2 0 0 0 2 2 3 0 0 148 10 71 0 0 301 144 0 0 0 0 6 0 0 10 0 0 0 0
