99 0 4450 401 0 0 0 121087 0 0 0 32702 0 2985 75 0 0 0 0 0 0 0 0 2243802 0 0 0 0 0 0 0 0 0 1210582 0 0 0 0 0 0 0 0 221152 0 54453 0 0 0 0 0 0 0 0 0 0 6828 0 0 5552 0 0 19979 0 0 0 0 0 1498 0 455 0 75 0
8 141 19 9 357 243 3911 26 15 358 614 8 50 20 2 2203 1591 682 1221 2041 690 439 93788 19 211 84 99 77 72 199 49 25646 22393 12 61 88 102 177 59 2365 3795 1477 4 2025 0 12 0 0 13 3 2 14 6 9 158 26 57 155 0 357 243 0 3 0 1 16 27 8 15 0 0 1 0
10 156 35 10 434 480 3842 77 19 343 750 7 68 35 1 2708 2869 1436 1276 2886 1644 1462 88261 105 213 45 102 84 120 89 38 23864 27218 21 122 117 112 267 118 2180 4939 2616 0 2471 0 4 8 6 0 5 1 23 3 10 250 77 54 72 0 435 480 0 0 1 0 19 16 7 19 0 1 0 0
11 160 44 11 543 593 3726 112 21 337 821 8 72 44 1 3046 4033 1777 1867 2939 1658 2113 84930 182 259 40 97 127 147 90 52 23124 29665 28 207 160 163 246 155 2088 5251 3258 0 2622 0 16 0 0 0 4 2 20 2 7 216 112 55 75 0 543 593 0 0 0 0 19 13 8 21 0 0 0 0
12 151 44 22 441 506 3596 84 14 327 995 63 66 62 11 2833 3253 1308 1469 2126 1312 1410 81715 82 144 200 569 90 92 632 374 22415 33044 133 114 110 104 139 86 2136 4715 3371 71 3027 11 11 16 13 179 2 0 11 22 36 171 91 50 853 0 443 510 26 0 1 2 12 102 63 14 0 2 18 0
10 168 32 13 478 481 3930 58 36 326 789 24 85 34 4 2706 2628 1643 1339 3584 1703 1120 89549 58 187 243 356 73 95 373 154 22935 26612 52 155 154 199 482 165 1975 5887 2349 12 2304 4 8 26 30 21 16 9 21 20 46 327 58 48 283 0 480 487 0 0 6 2 17 67 24 36 0 6 2 0
2 107 0 1 67 0 4306 0 0 395 87 0 10 0 0 432 0 0 223 496 0 0 113481 0 61 0 0 15 0 0 0 31138 3423 0 0 17 0 0 0 2871 803 0 0 318 0 6 0 0 0 0 0 0 0 0 40 0 70 0 0 67 0 0 0 0 0 5 0 0 0 0 0 0 0
12 182 47 19 550 741 3824 103 36 310 991 52 99 57 8 3034 3905 2662 1439 3930 2605 2216 84297 126 246 474 776 94 186 663 377 20940 31252 134 212 153 196 556 215 1762 6893 3382 48 2606 8 9 18 25 146 9 9 15 29 71 370 107 40 563 0 557 751 10 0 1 9 23 129 52 36 0 4 10 0
10 153 34 11 425 458 3781 70 13 346 761 14 66 34 2 2668 2812 1397 1330 2260 1295 1338 87855 85 246 69 156 99 132 134 88 23854 27389 40 121 99 75 154 79 2239 4803 2555 0 2495 1 18 17 14 0 2 0 18 3 12 192 70 51 152 0 429 458 0 0 0 0 20 24 14 13 0 2 0 0
7 131 12 9 279 146 3945 10 6 359 548 8 40 14 3 1836 986 417 979 1425 390 159 96624 3 79 84 88 76 21 249 52 26612 19948 7 25 60 35 62 20 2501 3042 964 4 1838 0 5 6 3 23 2 0 4 12 4 112 10 65 240 0 279 147 1 0 0 0 6 35 8 6 0 1 2 0
9 132 24 12 307 237 3756 35 5 354 713 18 48 27 4 2110 1639 521 1019 1283 518 490 89662 27 92 63 150 68 34 237 82 25453 26018 27 55 55 35 50 20 2474 3258 1929 12 2470 3 9 39 25 20 0 0 2 4 8 102 36 58 319 0 312 247 0 0 1 0 7 35 18 5 0 6 3 0
8 159 20 8 402 350 4081 30 22 345 581 5 69 20 1 2420 1907 1406 1099 3413 1452 704 95676 25 218 27 52 87 100 75 46 24642 21060 10 96 143 106 334 90 2165 5067 1448 0 1855 0 10 4 5 0 16 4 17 0 8 311 30 53 78 0 403 350 0 0 0 0 20 12 5 22 0 1 0 0
9 148 27 9 395 355 3870 50 15 350 681 6 59 27 1 2433 2256 1025 1233 2418 1098 899 90897 55 201 77 105 84 95 111 28 24777 24916 15 88 120 91 191 75 2283 4353 2060 0 2264 0 12 6 6 0 2 2 11 7 9 199 50 57 70 0 398 355 0 0 0 0 16 19 6 15 0 1 0 0
12 164 49 17 503 620 3675 118 31 321 962 40 80 56 6 2973 3649 1775 1521 2846 1773 2013 82454 171 171 239 495 118 93 498 246 22020 32178 109 188 126 194 323 205 1998 5653 3670 38 2878 5 7 23 20 68 8 8 26 23 43 241 122 52 437 0 504 626 3 1 1 5 14 82 40 31 0 3 7 0
7 147 14 7 378 229 4075 16 14 354 515 4 55 14 1 2320 1429 835 1176 2817 843 349 98027 9 201 68 65 82 52 127 30 25889 18791 6 82 128 73 205 43 2289 4141 1045 0 1644 0 5 0 0 0 7 2 16 4 7 228 16 59 74 0 378 229 0 2 0 0 15 18 4 14 0 0 0 0
8 153 19 9 420 303 4012 25 17 350 608 10 63 19 2 2502 1827 1072 1263 3055 1086 537 94993 16 244 108 149 88 86 192 73 24986 21602 18 114 121 103 256 60 2203 4642 1409 0 1883 1 10 8 5 0 2 3 20 15 16 247 25 52 148 0 421 303 0 0 0 0 20 33 10 17 0 1 0 0
5 127 6 4 225 85 4121 4 7 373 343 0 33 6 0 1443 521 279 700 1430 253 71 103503 1 121 0 0 56 17 0 0 28141 13316 0 20 67 52 85 14 2606 2598 472 0 1222 0 5 0 0 0 2 0 10 0 0 114 4 66 0 0 225 85 0 0 0 0 9 0 0 7 0 0 0 0
12 160 53 13 519 644 3633 147 28 335 912 18 74 53 2 3113 4215 1747 1691 2648 1679 2456 81737 259 260 95 228 121 164 180 91 22560 32253 70 188 127 188 283 217 2083 5320 3939 0 2935 1 13 6 8 0 7 3 24 3 24 207 147 52 145 0 520 644 0 1 1 0 20 28 18 28 0 1 0 0
7 125 14 7 276 146 3899 16 4 366 530 4 33 14 1 1768 1151 340 1048 1116 303 238 95890 9 76 27 41 86 22 89 19 27155 20333 6 34 55 34 41 13 2574 2569 1138 0 1886 0 5 0 0 0 0 0 2 1 3 74 16 69 81 0 276 146 0 0 0 0 5 11 4 4 0 0 0 0
9 139 27 9 362 328 3806 50 2 349 680 6 50 27 1 2254 2237 892 1276 1902 952 901 90079 55 85 8 54 113 39 61 38 25230 25478 15 92 92 20 22 12 2394 3708 2100 0 2379 0 8 6 6 0 0 0 0 0 0 144 50 67 80 0 362 328 0 0 0 0 6 9 6 2 0 1 0 0
6 126 9 6 237 110 4009 7 4 373 446 3 33 9 1 1529 742 311 790 1175 281 121 99698 2 165 37 38 58 37 91 15 27615 16943 3 22 61 31 42 8 2600 2591 723 0 1566 0 3 0 0 0 1 0 3 3 4 93 7 63 79 0 237 110 0 0 0 0 11 14 3 4 0 0 0 0
6 137 10 5 314 158 4088 10 9 366 421 0 44 10 0 1966 1030 567 1051 2119 522 210 100644 5 168 0 0 72 42 0 0 27029 16086 0 54 102 53 122 27 2456 3382 763 0 1432 0 10 0 0 0 2 0 12 0 0 162 10 61 0 0 314 158 0 1 0 0 14 0 0 9 0 0 0 0
7 135 15 6 303 195 3969 20 10 358 509 0 43 15 0 2075 1257 566 943 1678 559 353 96761 15 86 0 0 85 24 0 0 26550 19541 0 64 86 62 110 37 2479 3328 1175 0 1803 0 3 0 0 0 3 1 6 0 0 135 20 69 0 0 303 195 0 0 0 0 6 0 0 10 0 0 0 0
10 145 34 11 375 376 3769 70 26 350 765 14 56 34 2 2467 2366 837 1170 2147 1118 1027 87332 85 207 30 123 74 88 136 75 24414 27958 40 82 110 148 300 144 2297 4147 2624 0 2619 1 6 0 0 0 12 7 34 2 17 187 70 57 158 0 375 376 0 1 0 0 16 20 14 26 0 0 0 0
9 149 27 9 383 380 3862 50 11 347 670 6 60 27 1 2522 2235 1203 1145 2263 1164 1004 90963 55 170 17 50 83 85 62 44 24588 24741 15 109 96 71 141 59 2313 4468 2039 0 2268 0 9 3 6 0 1 1 11 3 4 190 50 59 80 0 384 380 0 0 0 0 14 9 6 11 0 1 0 0
12 177 53 13 586 792 3801 148 35 326 901 16 92 54 2 3203 4591 2603 1683 4112 2904 3034 83470 266 317 119 252 127 230 186 108 21777 31259 56 262 183 238 495 264 1847 6415 3794 8 2679 0 5 12 16 10 11 10 32 13 20 358 148 43 138 0 587 794 0 1 0 1 28 34 16 35 0 2 1 0
9 160 28 8 448 438 3960 56 26 340 650 0 70 28 0 2718 2547 1539 1265 3231 1551 1176 91994 70 196 0 0 101 96 0 0 24076 23986 0 137 156 146 377 138 2149 5192 2056 0 2119 0 18 0 0 0 9 6 23 0 0 278 56 58 0 0 448 438 0 0 0 0 17 0 0 26 0 0 0 0
11 168 40 15 495 584 3810 83 23 327 882 34 84 43 5 2917 3328 1948 1417 3245 1941 1652 86096 97 243 307 525 91 145 447 221 22384 29379 87 165 166 111 291 133 1983 5899 2935 19 2562 6 4 30 26 46 4 4 21 21 33 291 83 45 354 0 500 588 1 0 2 2 21 82 34 23 0 4 3 0
10 150 31 14 417 397 3774 54 10 337 799 25 67 36 5 2654 2553 1169 1283 2336 1127 989 87860 51 147 147 270 83 65 349 144 23824 27738 50 100 107 58 115 47 2222 4610 2379 19 2513 1 4 36 31 60 1 1 7 15 17 187 55 53 380 0 426 407 4 0 1 1 11 59 25 10 0 6 5 0
7 136 14 7 301 193 3976 16 8 357 519 4 44 14 1 1979 1232 599 958 1752 574 307 96933 9 96 25 43 78 29 76 32 26398 19493 6 59 81 34 90 25 2473 3409 1087 0 1793 0 8 0 0 0 5 2 5 3 1 140 16 67 81 0 301 193 0 0 0 0 7 11 4 8 0 0 0 0
9 135 25 11 336 259 3760 39 12 354 705 16 46 26 3 2202 1815 615 1154 1365 531 560 89794 32 134 77 147 78 47 219 76 25334 25794 31 55 51 84 99 49 2438 3456 1982 5 2419 2 8 9 5 9 0 2 11 5 17 100 39 62 239 0 337 260 0 0 0 0 9 30 16 12 0 1 1 0
8 145 18 10 381 251 3949 22 8 349 640 11 54 20 3 2344 1666 763 1249 2430 791 423 94293 13 149 243 196 95 50 329 58 25343 22278 15 69 117 53 115 27 2282 4073 1400 6 1983 0 3 0 0 32 2 0 5 21 11 191 22 60 216 0 381 251 1 0 0 2 12 57 11 8 0 0 2 0
10 165 35 10 492 526 3908 77 35 334 735 7 77 35 1 2878 3056 1727 1449 3513 1891 1527 89084 105 234 22 64 101 118 67 57 23324 26578 21 159 163 222 507 216 2042 5554 2554 0 2325 0 12 7 6 0 14 7 33 2 6 307 77 54 78 0 492 526 0 0 1 0 19 10 7 35 0 1 0 0
10 142 36 9 391 382 3707 84 21 348 748 0 53 36 0 2552 2609 914 1308 1691 857 1211 86735 126 109 0 0 100 59 0 0 24625 28068 0 108 94 146 167 126 2356 3995 2801 0 2651 0 7 0 0 0 8 7 11 0 0 130 84 66 0 0 391 382 0 1 0 0 9 0 0 21 0 0 0 0
8 132 21 7 318 230 3846 35 8 364 596 0 41 21 0 2065 1676 570 1127 1474 560 538 92848 35 144 0 0 85 60 0 0 26286 22948 0 57 81 56 64 37 2496 3142 1673 0 2142 0 8 0 0 0 0 1 6 0 0 104 35 64 0 0 318 230 0 0 0 0 11 0 0 8 0 0 0 0
11 172 43 12 508 645 3855 105 36 335 829 14 87 44 2 2876 3548 2135 1464 3667 2283 2101 86336 161 303 119 209 97 214 184 90 22427 28948 42 195 142 181 496 247 1976 6119 3112 7 2518 0 6 12 19 12 17 5 48 7 22 335 105 40 140 0 510 648 0 0 2 0 30 33 14 36 0 3 1 0
6 142 10 5 336 174 4143 10 11 363 416 0 49 10 0 1981 1035 684 1112 2597 670 231 101212 5 181 0 0 76 49 0 0 26796 15727 0 60 135 87 172 30 2379 3716 745 0 1383 0 8 0 0 0 3 1 15 0 0 212 10 59 0 0 336 174 0 0 0 0 16 0 0 11 0 0 0 0
13 166 64 14 546 773 3597 201 39 323 979 18 81 65 2 3252 4847 2078 1647 3070 2173 3312 79119 414 162 66 226 131 142 168 92 21774 34297 72 212 150 263 439 322 1989 5739 4695 9 3131 0 9 6 8 18 9 16 25 2 17 249 201 56 144 0 546 774 0 0 1 1 16 27 18 39 0 1 1 0
7 149 15 6 368 255 4087 20 15 352 495 0 57 15 0 2275 1481 1003 1119 2837 963 456 98156 15 164 0 0 90 59 0 0 25758 18536 0 82 102 93 214 54 2302 4313 1110 0 1646 0 10 0 0 0 9 2 9 0 0 239 20 61 0 0 368 255 0 1 0 0 14 0 0 15 0 0 0 0
9 153 25 11 386 341 3900 39 24 335 701 16 67 26 3 2483 1958 1067 1128 2502 1028 686 91509 32 97 135 211 90 41 266 97 24213 24590 31 98 92 107 295 99 2222 4815 1893 5 2229 2 3 20 17 9 11 5 5 10 24 225 39 60 222 0 389 345 0 0 3 0 8 44 16 24 0 4 1 0
10 159 33 12 449 472 3856 66 23 338 765 15 74 36 3 2698 2781 1462 1371 2978 1602 1293 88633 80 207 102 154 81 118 193 109 23493 27048 30 136 144 137 332 125 2126 5180 2455 15 2413 0 14 20 19 34 9 6 17 5 16 262 67 49 229 0 454 480 0 1 1 0 19 34 15 23 0 4 3 0
11 158 42 13 430 530 3755 96 25 341 858 24 71 42 3 2665 3055 1481 1210 2745 1687 1633 85175 129 252 150 355 82 163 268 131 23115 29920 78 117 96 123 305 156 2146 5138 3141 0 2744 3 8 3 8 0 5 5 26 17 29 245 96 48 215 0 431 530 0 0 0 0 23 48 24 25 0 1 0 0
13 165 61 17 502 747 3575 172 29 324 1015 46 80 63 5 3075 4404 2074 1474 2584 1979 2932 79208 296 233 175 526 108 169 353 258 21505 34414 173 179 113 159 312 239 2037 5737 4481 18 3154 8 13 11 8 30 4 3 22 22 39 225 172 50 367 0 503 748 0 1 1 1 19 62 46 29 0 1 2 0
7 134 14 7 276 181 3990 16 8 361 523 4 42 14 1 1828 1116 512 796 1915 633 288 96891 9 120 28 47 68 39 82 24 26608 19676 6 41 85 47 99 24 2479 3216 1099 0 1831 0 4 0 0 0 2 1 2 2 5 156 16 65 79 0 276 181 0 0 0 0 9 13 4 8 0 0 0 0
16 173 95 25 581 1060 3361 337 47 305 1259 106 91 107 10 3365 6329 2656 1739 2849 2706 5229 71019 744 245 255 1015 120 219 611 572 19493 40465 480 252 132 305 447 466 1821 6285 6836 104 3707 19 9 7 11 116 12 15 27 18 92 244 341 45 725 0 584 1061 14 0 1 6 19 104 106 47 0 1 12 0
11 164 41 14 463 568 3796 94 25 332 862 20 80 47 4 2725 3166 1763 1273 3050 1935 1780 85768 136 239 182 267 75 151 316 135 22688 29531 40 146 137 150 314 158 2048 5604 3063 30 2637 0 8 18 18 60 9 4 22 16 23 279 98 46 290 0 466 580 0 1 2 3 21 58 20 25 0 4 6 0
10 156 33 12 462 467 3817 64 16 331 771 19 67 34 3 2827 2911 1495 1467 2765 1480 1281 88259 71 100 98 222 124 62 255 135 23589 27253 47 150 140 102 202 94 2149 4970 2458 6 2431 2 12 0 0 13 1 1 6 10 14 223 64 63 230 0 462 467 0 0 0 1 9 37 19 16 0 0 1 0
11 168 45 10 530 662 3799 120 29 340 800 0 80 45 0 3046 3958 2166 1593 3377 2138 2434 85688 210 346 0 0 100 219 0 0 22741 29080 0 212 155 175 390 214 2038 5808 3269 0 2551 0 21 0 0 0 5 6 38 0 0 282 120 46 0 0 530 662 0 2 0 0 29 0 0 29 0 0 0 0
7 141 15 6 360 237 4023 20 4 362 503 0 49 15 0 2171 1551 818 1226 2465 855 458 97339 15 198 0 0 96 73 0 0 26311 19156 0 88 111 33 60 16 2387 3701 1139 0 1700 0 17 0 0 0 0 0 7 0 0 183 20 59 0 0 360 237 0 0 0 0 16 0 0 4 0 0 0 0
15 184 87 18 636 1122 3519 317 58 306 1134 46 102 88 4 3491 6564 3295 1922 3584 3192 5522 74487 753 259 180 610 153 236 336 272 19746 37737 232 289 168 340 656 580 1741 7011 6139 11 3316 5 16 12 21 11 19 20 44 18 52 316 317 46 276 0 642 1123 0 0 2 0 23 58 46 58 0 2 1 0
11 171 45 10 536 675 3847 120 36 334 797 0 83 45 0 3093 3974 2233 1585 3717 2409 2436 86105 210 285 0 0 124 188 0 0 22625 28894 0 201 159 201 516 264 1978 5979 3249 0 2518 0 14 0 0 0 9 8 46 0 0 327 120 49 0 0 536 675 0 0 0 0 26 0 0 36 0 0 0 0
16 179 97 23 612 1139 3396 360 49 297 1254 86 97 106 8 3464 6625 3030 1722 3098 3010 5800 71359 857 190 310 1063 148 159 625 473 19277 40166 403 281 154 327 515 501 1749 6689 6920 82 3620 12 9 5 10 91 5 16 30 31 82 275 364 51 558 0 612 1142 7 2 0 6 15 105 86 49 0 1 9 0
5 123 5 5 234 68 4088 2 2 375 362 2 29 5 1 1459 483 202 890 1194 185 37 103155 0 119 47 29 62 19 92 13 28369 13698 1 31 75 23 22 3 2621 2279 400 0 1230 0 7 0 0 0 0 0 1 9 1 84 2 66 79 0 234 68 0 0 0 0 8 15 2 2 0 0 0 0
7 139 13 8 314 191 4012 13 4 365 539 6 48 14 2 1979 1175 617 956 2052 645 274 97336 6 254 114 95 56 72 189 39 26304 19426 6 53 91 26 65 9 2417 3592 1012 3 1756 0 3 5 3 11 0 0 5 15 7 172 13 53 149 0 317 192 0 1 0 0 19 34 6 4 0 1 1 0
8 139 20 8 340 252 3890 30 10 357 605 5 48 20 1 2188 1672 703 1138 1812 666 527 93532 25 164 58 72 87 60 98 24 25763 22486 10 69 75 56 114 39 2415 3676 1558 0 2067 0 9 0 0 0 4 1 8 6 8 140 30 62 75 0 340 252 0 0 0 0 12 16 5 10 0 0 0 0
7 139 15 6 355 221 3996 20 7 361 505 0 47 15 0 2158 1489 721 1220 2189 694 414 97086 15 196 0 0 95 59 0 0 26400 19290 0 80 107 60 90 28 2414 3580 1152 0 1720 0 10 0 0 0 3 0 6 0 0 158 20 62 0 0 355 221 0 0 0 0 13 0 0 7 0 0 0 0
8 136 21 7 329 256 3869 35 7 361 592 0 45 21 0 2166 1733 691 1094 1658 663 605 93188 35 165 0 0 77 63 0 0 26007 22648 0 73 74 43 75 35 2464 3451 1648 0 2102 0 5 0 0 0 0 0 9 0 0 123 35 63 0 0 329 256 0 0 0 0 12 0 0 7 0 0 0 0
16 183 95 25 620 1170 3430 333 56 294 1259 114 102 103 10 3550 6592 3275 1753 3328 3328 5681 71869 713 214 284 1180 106 192 664 658 18935 39945 529 305 149 343 583 548 1695 6962 6699 85 3518 33 13 15 22 90 13 17 37 30 120 303 334 45 714 0 621 1172 4 3 2 5 18 114 114 56 0 2 8 0
7 142 13 8 312 182 4037 13 16 350 530 6 54 14 2 2007 1076 580 901 2229 589 236 97656 6 81 71 72 79 18 168 37 26002 19127 6 52 85 69 205 34 2372 3889 1006 3 1744 0 3 24 9 8 9 4 9 7 12 197 13 62 152 0 315 186 0 0 3 0 7 28 6 16 0 4 1 0
7 150 15 6 377 252 4101 20 19 358 494 0 58 15 0 2180 1472 931 1146 3001 941 437 98285 15 253 0 0 74 82 0 0 25794 18487 0 88 127 108 295 67 2278 4355 1109 0 1624 0 18 0 0 0 12 3 21 0 0 252 20 54 0 0 377 252 0 1 0 0 21 0 0 19 0 0 0 0
7 138 13 8 290 178 4000 13 6 359 542 6 48 14 2 1949 1061 549 798 1909 558 243 97254 6 133 149 101 55 45 222 27 26252 19471 6 33 82 23 68 17 2439 3579 1021 3 1782 0 8 10 6 16 1 0 6 11 7 161 13 59 146 0 297 180 0 0 0 0 12 36 6 6 0 2 1 0
7 150 13 8 387 227 4106 12 11 351 525 8 63 13 2 2324 1363 884 1142 3112 889 291 98431 4 193 95 115 69 55 190 61 25678 18614 10 88 134 60 180 25 2235 4423 958 0 1616 1 5 26 15 0 6 0 12 9 9 259 12 52 148 0 391 227 0 0 5 0 16 31 8 11 0 5 0 0
10 158 34 11 447 486 3852 70 21 341 752 14 71 34 2 2716 2891 1508 1319 3068 1697 1388 88471 85 209 49 130 91 130 125 104 23638 27066 40 141 140 114 292 125 2151 5091 2519 0 2426 1 7 10 14 0 3 4 22 2 10 258 70 51 156 0 451 486 0 0 0 0 20 20 14 21 0 2 0 0
9 158 27 9 462 420 3947 50 20 340 668 6 68 27 1 2786 2569 1497 1459 3254 1514 1059 91844 55 200 42 91 116 88 110 47 24195 24225 15 131 139 130 255 106 2132 5026 1990 0 2117 0 13 0 0 0 12 3 21 6 5 266 50 58 74 0 462 420 0 0 0 0 16 16 6 20 0 0 0 0
5 132 5 5 259 89 4175 2 5 372 353 2 38 5 1 1567 536 339 836 1959 355 47 104136 0 158 50 27 67 35 86 20 27873 13014 1 38 112 31 82 7 2514 2923 376 0 1161 0 4 0 0 0 1 0 5 6 3 162 2 60 79 0 259 89 0 0 0 0 14 15 2 5 0 0 0 0
10 168 34 11 501 548 3915 70 23 331 760 14 79 34 2 2895 3136 1980 1462 3545 1950 1560 89330 85 245 161 241 126 134 192 95 23032 26504 40 186 151 131 354 130 2015 5791 2455 0 2288 1 11 0 0 0 8 2 16 15 25 310 70 53 140 0 501 548 0 0 0 0 20 38 14 23 0 0 0 0
15 183 86 19 630 1109 3511 309 55 297 1133 50 105 91 5 3545 6472 3291 1788 3628 3159 5424 74487 726 148 138 506 154 138 313 301 19628 37735 225 292 157 346 601 559 1751 7005 6082 45 3323 0 12 39 56 56 15 13 32 7 54 312 309 50 358 0 635 1121 5 1 4 0 14 56 50 55 0 6 5 0
12 154 50 16 432 563 3646 123 17 333 951 39 73 53 5 2710 3382 1321 1300 2542 1741 1920 81667 180 166 181 452 85 119 355 191 22711 32770 121 124 117 114 201 121 2139 4928 3785 22 3065 6 7 33 44 41 4 2 10 12 16 229 123 49 368 0 439 569 1 0 4 2 15 61 39 17 0 6 3 0
7 132 11 10 291 137 3941 10 6 359 553 4 45 17 4 1918 917 395 979 1435 346 171 96737 5 103 100 36 56 22 272 23 26477 19864 0 39 62 51 52 15 2488 3160 890 6 1815 0 6 30 5 64 4 1 4 8 5 108 14 58 322 0 297 152 0 0 0 1 8 41 4 6 0 5 6 0
10 160 33 12 469 470 3858 64 23 339 770 19 77 34 3 2722 2815 1485 1403 3151 1566 1241 88659 71 257 131 226 95 123 245 113 23474 27043 47 136 137 146 301 122 2104 5268 2449 6 2381 2 8 36 35 18 6 3 25 11 21 266 64 45 221 0 478 473 0 1 4 1 21 40 19 23 0 6 1 0
14 172 72 19 575 899 3535 228 29 310 1097 50 91 80 6 3299 5433 2535 1720 3031 2497 3996 76743 462 191 222 623 138 144 485 273 20656 36364 186 242 153 184 333 259 1879 6231 5235 56 3257 1 11 34 31 102 5 5 20 19 35 260 232 50 427 0 579 910 6 0 2 6 15 79 50 29 0 4 8 0
8 154 20 8 394 325 4047 30 14 349 597 5 64 20 1 2423 1863 1151 1058 3269 1326 658 95215 25 207 123 107 71 90 124 30 24972 21513 10 85 157 80 214 62 2202 4696 1481 0 1904 0 9 6 5 0 8 0 16 9 8 282 30 54 67 0 395 325 0 0 0 0 19 23 5 14 0 1 0 0
11 152 43 12 442 497 3691 104 27 336 841 16 64 43 2 2742 3178 1264 1436 2297 1327 1636 84430 155 154 71 177 117 77 164 80 23426 30191 54 141 126 162 274 172 2199 4728 3260 0 2799 1 10 0 0 0 7 7 18 6 23 188 104 62 151 0 442 497 0 1 0 0 11 25 16 27 0 0 0 0
8 144 19 9 373 256 3931 26 13 353 618 8 54 20 2 2310 1669 772 1227 2213 737 471 94084 19 180 113 124 92 60 189 46 25449 22232 12 85 103 80 158 46 2328 4032 1471 4 1998 0 5 5 4 9 4 2 9 14 12 175 26 58 147 0 376 257 0 0 0 1 14 34 8 13 0 1 1 0
10 150 35 10 430 421 3759 77 24 348 757 7 62 35 1 2636 2727 1165 1389 2234 1093 1234 87494 105 230 64 114 88 111 104 37 24135 27607 21 121 91 159 199 136 2256 4570 2670 0 2526 0 15 6 7 0 8 9 22 6 5 173 77 55 71 0 433 421 0 2 0 0 18 17 7 24 0 1 0 0
9 154 25 11 400 369 3900 41 17 343 693 12 68 28 3 2526 2124 1252 1157 2532 1185 828 91553 39 178 111 134 94 84 200 85 24194 24483 18 95 112 111 224 81 2228 4858 1877 12 2202 0 6 15 16 38 3 2 16 5 14 222 42 51 229 0 408 377 0 0 0 1 17 37 12 17 0 4 3 0
13 161 62 16 524 732 3571 182 24 330 992 36 80 64 4 3132 4737 1883 1670 2715 2086 3047 78869 337 203 72 295 113 196 245 212 21976 34617 136 182 144 170 285 187 2051 5400 4582 18 3180 4 4 24 45 18 4 11 13 5 20 228 182 46 304 0 531 737 0 0 0 0 20 35 36 24 0 5 2 0
9 156 28 8 442 420 3934 56 21 344 654 0 66 28 0 2671 2557 1400 1354 3076 1479 1146 91609 70 210 0 0 122 102 0 0 24388 24282 0 121 136 139 297 114 2185 4886 2079 0 2157 0 9 0 0 0 8 4 17 0 0 256 56 58 0 0 442 420 0 0 0 0 17 0 0 21 0 0 0 0
4 114 3 3 145 36 4134 1 1 382 266 0 19 3 0 1013 254 97 467 665 88 17 106144 0 44 0 0 42 4 0 0 29504 10671 0 12 35 5 8 1 2770 1539 248 0 989 0 1 0 0 0 0 0 2 0 0 48 1 72 0 0 145 36 0 0 0 0 3 0 0 1 0 0 0 0
6 135 10 5 303 154 4067 10 7 368 423 0 42 10 0 1886 1026 550 1005 1851 480 213 100408 5 202 0 0 77 48 0 0 27151 16230 0 47 93 42 88 18 2489 3247 769 0 1453 0 10 0 0 0 2 1 8 0 0 143 10 61 0 0 303 154 0 0 0 0 14 0 0 7 0 0 0 0
7 143 14 7 343 199 4039 16 18 357 519 4 52 14 1 2095 1235 632 1076 2409 650 296 97618 9 160 62 61 64 40 112 19 26115 19057 6 63 109 97 221 44 2351 3894 1071 0 1709 0 7 3 3 0 10 5 20 10 11 196 16 59 73 0 345 199 0 0 1 0 14 18 4 18 0 1 0 0
9 147 25 11 412 315 3856 41 16 350 713 12 58 28 3 2465 2119 858 1365 2353 886 702 90884 39 228 174 177 86 83 318 57 24754 25114 18 94 126 104 191 66 2245 4275 1950 12 2258 0 8 3 3 32 7 1 9 18 23 184 42 54 219 0 412 317 0 2 1 2 17 50 12 16 0 1 3 0
6 134 10 5 279 150 4072 10 7 369 424 0 41 10 0 1791 932 503 882 1852 494 204 100401 5 162 0 0 73 48 0 0 27216 16299 0 37 72 51 100 21 2504 3167 773 0 1482 0 11 0 0 0 1 0 8 0 0 149 10 61 0 0 279 150 0 0 0 0 14 0 0 7 0 0 0 0
5 125 6 4 227 77 4108 4 8 374 345 0 31 6 0 1502 489 223 724 1391 217 67 103310 1 93 0 0 62 16 0 0 28298 13483 0 23 58 69 86 10 2611 2434 479 0 1229 0 9 0 0 0 3 2 8 0 0 103 4 67 0 0 227 77 0 0 0 0 8 0 0 8 0 0 0 0
8 141 21 7 380 282 3897 35 9 360 587 0 50 21 0 2368 1927 845 1323 1967 780 660 93596 35 211 0 0 95 83 0 0 25756 22315 0 100 103 70 90 45 2391 3796 1620 0 2012 0 11 0 0 0 3 0 13 0 0 146 35 59 0 0 380 282 0 0 0 0 16 0 0 9 0 0 0 0
11 172 43 12 546 670 3828 104 27 324 824 16 86 43 2 3095 3864 2371 1650 3615 2244 2244 86202 155 247 86 209 135 136 163 119 22271 28894 54 225 168 179 375 191 1965 6139 3087 0 2493 1 12 20 14 0 9 2 24 6 15 305 104 52 146 0 549 670 0 0 2 0 19 28 16 27 0 2 0 0
5 125 6 4 243 91 4118 4 1 369 345 0 31 6 0 1600 646 296 828 1573 322 89 103365 1 42 0 0 72 8 0 0 28294 13499 0 34 80 7 17 2 2592 2408 472 0 1218 0 1 0 0 0 0 0 1 0 0 113 4 72 0 0 243 91 0 0 0 0 3 0 0 1 0 0 0 0
5 121 4 6 177 53 4073 1 0 377 377 2 27 5 2 1255 334 166 553 828 133 19 103088 0 123 94 28 34 18 173 14 28337 13843 0 10 36 0 0 0 2686 2176 331 1 1295 0 12 0 0 12 0 0 0 2 0 70 1 64 160 0 177 53 0 0 0 0 9 28 2 0 0 0 1 0
12 170 54 12 548 737 3700 156 39 331 889 9 83 54 1 3162 4372 2297 1647 3145 2161 2900 82555 294 332 50 121 134 194 84 54 22024 31557 36 225 134 255 424 295 2001 6010 3922 0 2795 0 16 0 0 0 9 14 52 6 14 265 156 49 72 0 548 737 0 1 0 0 25 15 9 39 0 0 0 0
10 153 35 10 451 460 3782 77 18 342 751 7 65 35 1 2757 2958 1377 1482 2467 1282 1397 87778 105 186 40 91 109 98 83 41 23924 27384 21 129 120 132 201 116 2215 4779 2637 0 2482 0 6 9 7 0 3 1 17 5 7 193 77 58 74 0 451 460 0 0 0 0 15 14 7 18 0 1 0 0
9 157 24 12 434 353 3931 34 22 339 723 20 68 26 4 2554 2093 1160 1304 2949 1139 668 91901 24 192 272 304 85 72 403 119 24052 24480 32 115 130 120 298 78 2131 5017 1805 10 2150 4 3 6 4 29 9 2 19 20 46 248 34 53 289 0 435 354 0 1 1 0 17 70 20 22 0 1 2 0
10 157 32 13 455 448 3823 57 16 336 791 26 71 33 4 2760 2787 1415 1449 2710 1358 1109 88409 53 177 176 351 98 95 342 170 23525 27284 62 122 123 93 215 79 2132 5082 2393 6 2423 5 12 15 17 8 4 2 16 16 24 230 57 52 295 0 458 451 0 0 1 1 16 58 26 16 0 3 1 0
8 150 18 10 379 276 4002 21 12 350 624 13 63 19 3 2290 1610 922 1108 2719 1018 436 94873 11 207 149 187 62 78 278 88 25083 21847 18 82 127 69 184 41 2240 4475 1355 4 1939 2 4 20 15 15 3 0 13 13 15 242 21 50 223 0 384 279 0 0 2 0 18 46 13 12 0 4 1 0
11 162 41 14 487 532 3774 90 34 328 868 28 76 43 4 2845 3149 1497 1481 3053 1645 1536 85495 115 152 228 390 119 91 361 156 22808 29710 79 167 155 234 413 194 2033 5436 3059 12 2649 3 5 12 12 34 9 13 22 12 34 259 90 54 288 0 488 534 1 0 2 1 15 62 28 34 0 2 2 0
11 162 42 13 480 574 3761 96 24 329 844 24 77 42 3 2940 3399 1789 1429 2957 1767 1815 85414 129 185 95 281 112 103 222 154 22795 29570 78 147 130 162 292 152 2085 5473 3098 0 2654 3 7 16 23 0 6 5 22 13 23 248 96 54 223 0 481 574 0 0 1 0 15 38 24 24 0 3 0 0
9 156 27 9 438 408 3935 50 18 346 670 6 67 27 1 2590 2484 1363 1300 3027 1433 1042 91681 55 206 44 87 88 110 87 38 24354 24357 15 122 135 106 263 91 2179 4899 2004 0 2157 0 15 4 5 0 8 2 22 4 9 256 50 53 73 0 439 408 0 0 1 0 20 16 6 18 0 1 0 0
8 142 19 9 365 265 3911 25 6 357 609 10 54 19 2 2294 1734 822 1210 2034 777 504 93880 16 191 55 108 87 76 144 66 25537 22297 18 87 102 42 80 20 2377 3905 1458 0 2012 1 8 15 15 0 1 1 6 5 7 158 25 54 156 0 373 265 0 0 0 0 16 23 10 6 0 3 0 0
5 136 6 4 288 116 4213 4 5 370 334 0 42 6 0 1785 683 498 911 2500 498 106 104494 1 178 0 0 64 40 0 0 27715 12673 0 48 94 40 87 10 2459 3194 443 0 1117 0 9 0 0 0 3 0 5 0 0 197 4 60 0 0 288 116 0 0 0 0 15 0 0 5 0 0 0 0
8 146 18 10 366 280 3972 22 9 347 612 11 56 20 3 2318 1716 951 1079 2589 1058 494 94516 13 124 58 102 73 53 187 99 25224 22035 15 79 122 53 134 35 2298 4147 1356 6 1979 0 12 5 4 23 2 0 9 5 10 213 22 60 242 0 366 281 1 0 0 0 11 30 11 9 0 1 2 0
11 156 39 16 464 480 3714 78 21 332 892 36 73 45 6 2791 3055 1331 1432 2585 1295 1301 85038 87 168 237 443 81 94 491 184 22974 30128 84 121 99 134 238 120 2116 5067 2963 29 2706 4 4 23 29 81 2 2 15 24 38 204 79 49 443 0 475 490 5 0 1 2 15 80 36 21 0 5 6 0
