99 0 4450 401 0 0 0 121008 0 0 0 32860 0 2906 75 0 0 0 0 0 0 0 0 2237835 0 0 0 0 0 0 0 0 0 1221078 0 0 0 0 0 0 0 0 217020 0 55414 0 0 0 0 0 0 0 0 0 0 6252 0 0 5588 0 0 19220 0 0 0 0 0 1504 0 412 0 52 1
10 145 32 13 404 365 3732 57 18 345 790 26 57 33 4 2527 2437 927 1264 1936 879 902 87216 53 184 117 264 93 84 309 138 24372 28009 62 90 93 129 186 84 2207 4214 2472 6 2579 5 2 7 4 9 2 4 10 12 25 148 57 58 310 0 404 366 0 1 2 1 13 45 26 18 0 1 1 0
8 143 19 9 345 253 3929 25 14 352 612 10 54 19 2 2165 1574 757 1039 2116 757 439 93954 16 136 87 125 88 57 173 62 25605 22226 18 52 92 83 171 55 2280 3989 1462 0 2029 1 8 12 9 0 6 1 8 10 10 174 25 59 153 0 346 253 0 0 1 0 12 27 10 14 0 2 0 0
10 152 35 10 445 454 3770 77 16 349 756 7 63 35 1 2682 2975 1342 1392 2337 1224 1388 87570 105 266 71 118 110 138 98 37 24181 27482 21 121 102 101 163 101 2157 4693 2645 0 2493 0 12 0 0 0 2 1 23 10 8 182 77 53 71 0 445 454 0 0 0 0 21 18 7 16 0 0 0 0
10 154 35 10 450 469 3809 77 21 347 745 7 65 35 1 2629 2942 1363 1374 2770 1467 1436 87855 105 259 13 56 117 136 56 49 24110 27319 21 147 123 140 255 125 2118 4790 2625 0 2467 0 7 0 0 0 6 5 26 1 7 219 77 54 80 0 450 469 0 1 0 0 21 9 7 21 0 0 0 0
9 151 26 10 400 367 3871 45 18 348 683 10 61 27 2 2455 2202 1172 1164 2345 1083 873 91083 45 221 61 110 88 92 144 74 24612 24661 20 99 109 106 225 88 2184 4601 1960 5 2230 0 8 0 0 12 3 3 26 9 10 196 45 56 156 0 400 367 0 0 0 1 18 24 10 18 0 0 1 0
9 140 25 11 348 298 3791 40 5 349 712 14 50 27 3 2261 1945 814 1038 1603 714 686 90165 35 119 135 188 99 49 262 74 25146 25481 26 71 68 30 49 23 2312 3832 1962 8 2372 0 3 0 0 27 0 0 5 11 7 126 40 63 228 0 348 298 1 0 0 0 9 42 14 5 0 0 2 0
9 142 25 11 356 307 3814 38 8 352 703 18 55 25 3 2233 1942 842 1117 1810 816 657 90372 28 169 88 199 70 80 227 104 25090 25324 39 80 76 53 84 37 2287 3986 1935 0 2343 3 9 17 18 0 3 0 7 7 11 148 38 55 232 0 358 307 0 0 0 0 14 35 18 8 0 3 0 0
7 133 14 7 291 184 3954 16 5 363 522 4 41 14 1 1928 1220 547 906 1578 524 304 96569 9 123 26 40 66 41 75 26 26781 19723 6 46 78 30 53 16 2426 3178 1099 0 1820 0 7 0 0 0 2 0 4 2 4 121 16 64 81 0 291 184 0 1 0 0 10 11 4 5 0 0 0 0
7 145 14 7 366 224 4043 16 12 359 516 4 53 14 1 2156 1400 829 1132 2535 765 352 97651 9 203 60 60 86 69 97 28 26154 18909 6 79 110 75 153 34 2255 4025 1052 0 1670 0 9 0 0 0 5 2 13 6 8 198 16 57 75 0 366 224 0 0 0 0 18 17 4 12 0 0 0 0
8 142 18 10 318 229 3929 22 16 355 631 11 51 20 3 1955 1358 637 879 1952 678 373 93959 13 179 147 145 72 63 256 60 25629 22372 15 52 86 78 201 46 2288 3894 1409 6 2062 0 5 0 0 23 5 4 12 11 19 174 22 58 228 0 318 229 1 0 0 3 15 45 11 16 0 0 2 0
9 145 24 12 354 294 3844 33 18 348 716 22 57 25 4 2206 1789 809 1012 1936 818 544 90757 20 163 135 247 73 66 305 116 24856 25175 40 57 93 100 207 63 2234 4192 1853 5 2316 5 4 15 12 12 6 3 17 11 35 174 33 56 307 0 355 294 0 1 0 1 14 51 22 18 0 2 1 0
7 141 14 7 311 215 4023 16 9 365 515 4 49 14 1 1944 1261 706 900 2061 737 341 97362 9 220 35 47 61 80 86 36 26375 19146 6 60 82 36 135 29 2337 3744 1064 0 1743 0 9 0 0 0 6 2 14 1 1 182 16 55 80 0 311 215 0 1 0 0 20 12 4 9 0 0 0 0
13 166 60 18 517 751 3617 163 28 321 1023 54 81 63 6 2957 4493 2107 1480 3094 2356 2870 79430 263 196 177 588 110 160 446 317 21674 34442 195 166 137 177 330 220 1891 5730 4397 25 3115 11 8 4 9 41 8 4 24 15 48 265 163 50 444 0 517 752 1 0 0 0 18 71 54 28 0 1 3 0
7 142 14 7 324 214 4021 16 10 359 518 4 50 14 1 2127 1287 764 904 2157 707 336 97418 9 171 54 57 76 58 76 27 26249 19089 6 52 78 65 130 33 2318 3838 1064 0 1731 0 10 0 0 0 2 0 11 6 7 179 16 60 76 0 324 214 0 0 0 0 15 16 4 10 0 0 0 0
9 155 26 10 424 395 3931 45 14 347 687 10 65 27 2 2489 2309 1330 1238 3004 1454 960 91561 45 238 117 151 85 115 200 75 24500 24482 20 125 126 87 191 63 2102 4815 1940 5 2176 0 10 0 0 14 1 4 17 9 9 252 45 53 148 0 424 395 0 1 0 0 21 32 10 14 0 0 1 0
9 148 27 9 385 345 3860 50 22 350 675 6 60 27 1 2360 2144 987 1099 2293 994 847 90778 55 187 32 70 84 77 72 31 24892 24852 15 79 97 128 236 108 2220 4392 2063 0 2273 0 10 13 10 0 13 4 30 4 8 190 50 57 75 0 386 345 0 1 2 0 16 13 6 22 0 2 0 0
10 150 35 10 428 434 3760 77 20 345 752 7 62 35 1 2549 2808 1231 1325 2241 1134 1314 87421 105 193 31 73 115 94 88 36 24261 27570 21 107 114 134 211 120 2181 4573 2661 0 2529 0 6 10 7 0 2 3 23 1 11 174 77 58 76 0 429 434 0 0 0 0 15 12 7 20 0 1 0 0
12 170 54 12 527 750 3712 156 33 335 886 9 84 54 1 2998 4390 2343 1496 3208 2303 2979 82532 294 334 29 101 124 244 56 61 22218 31538 36 203 122 174 408 273 1935 6009 3915 0 2812 0 7 8 8 0 10 5 40 6 7 277 156 45 74 0 529 750 0 1 1 0 29 12 9 33 0 1 0 0
9 144 28 8 377 354 3836 56 12 348 666 0 54 28 0 2312 2287 987 1162 2186 1044 990 90358 70 114 0 0 110 53 0 0 25157 25087 0 97 94 74 142 72 2268 4071 2154 0 2326 0 8 0 0 0 2 0 10 0 0 170 56 66 0 0 377 354 0 0 0 0 9 0 0 12 0 0 0 0
14 172 72 19 558 896 3529 222 35 327 1092 62 89 74 6 3129 5291 2516 1610 2971 2426 3847 76601 417 377 209 720 80 315 422 364 20898 36359 267 225 117 210 375 302 1847 6193 5197 18 3269 12 8 18 17 22 8 9 42 17 51 254 222 35 434 0 559 899 1 1 2 1 32 74 62 35 0 2 2 0
7 138 14 7 320 203 3991 16 8 362 517 4 46 14 1 2046 1295 649 968 1973 631 324 97022 9 180 24 42 75 56 68 33 26519 19367 6 62 79 47 108 27 2358 3532 1077 0 1757 0 7 0 0 0 1 1 11 4 2 153 16 60 81 0 320 203 0 0 0 0 14 11 4 8 0 0 0 0
12 161 51 15 474 628 3643 130 30 328 931 34 76 52 4 2901 3737 1764 1322 2538 1666 2202 81956 199 200 137 370 116 125 279 189 22417 32197 118 149 99 180 315 207 2019 5451 3783 8 2949 5 7 10 16 13 8 7 28 9 40 214 130 53 298 0 474 629 0 0 1 0 16 48 34 30 0 2 1 0
9 147 28 8 379 375 3831 56 12 354 663 0 57 28 0 2340 2289 1163 1156 1991 1004 1053 90538 70 249 0 0 85 116 0 0 24941 24856 0 101 87 76 126 72 2279 4334 2133 0 2291 0 5 0 0 0 2 0 10 0 0 162 56 57 0 0 379 375 0 0 0 0 18 0 0 12 0 0 0 0
9 136 27 9 335 292 3761 50 10 357 684 6 46 27 1 2226 2018 732 1085 1366 612 756 89649 55 141 22 57 76 63 66 33 25542 25656 15 59 60 62 81 57 2380 3533 2128 0 2423 0 7 0 0 0 1 0 13 3 3 102 50 63 80 0 335 292 0 0 0 0 11 10 6 10 0 0 0 0
7 139 14 7 337 203 3992 16 8 367 519 4 48 14 1 2062 1341 671 1076 2019 609 317 97063 9 253 37 53 66 76 88 28 26520 19332 6 59 90 48 96 29 2344 3607 1077 0 1731 0 5 9 4 0 1 0 17 3 3 153 16 53 77 0 338 203 0 0 0 0 20 14 4 8 0 1 0 0
13 177 62 16 587 873 3677 181 33 314 997 38 94 63 4 3185 5132 2794 1665 3751 2837 3556 80160 329 232 171 492 136 180 344 241 21155 33713 152 245 164 197 409 265 1765 6517 4430 9 2930 5 11 17 28 16 7 7 28 16 41 317 181 49 285 0 590 874 0 0 1 1 20 56 38 33 0 3 1 0
9 143 26 10 365 309 3829 45 18 351 693 10 53 27 2 2226 2006 797 1140 2026 857 721 90417 45 168 77 114 95 73 152 52 25140 25237 20 81 83 106 202 83 2260 4002 2020 5 2333 0 9 0 0 12 5 3 9 7 16 162 45 60 154 0 365 309 0 1 0 0 13 26 10 18 0 0 1 0
6 132 9 6 263 126 4048 7 7 368 440 3 40 9 1 1667 770 405 822 1567 359 134 100159 2 147 44 37 62 34 96 18 27387 16477 3 32 62 44 87 13 2453 3063 704 0 1509 0 5 11 3 0 1 1 10 1 5 126 7 61 78 0 263 126 0 0 0 0 12 14 3 7 0 1 0 0
6 132 10 5 249 150 4048 10 3 369 426 0 39 10 0 1659 865 515 711 1460 475 216 100117 5 146 0 0 52 45 0 0 27408 16417 0 48 59 16 33 9 2483 3061 777 0 1524 0 5 0 0 0 0 0 3 0 0 127 10 63 0 0 249 150 0 0 0 0 12 0 0 3 0 0 0 0
10 159 36 9 464 518 3847 84 21 340 731 0 70 36 0 2670 3120 1663 1368 3078 1740 1675 88290 126 219 0 0 109 124 0 0 23846 26939 0 156 120 130 276 138 2070 5154 2665 0 2416 0 9 0 0 0 4 3 20 0 0 253 84 57 0 0 464 518 0 0 0 0 18 0 0 21 0 0 0 0
6 142 10 5 324 168 4136 10 14 365 416 0 49 10 0 1929 987 649 947 2485 615 219 101089 5 192 0 0 83 49 0 0 26929 15712 0 62 120 84 193 33 2315 3738 748 0 1393 0 8 0 0 0 6 3 17 0 0 205 10 57 0 0 324 168 0 3 0 0 18 0 0 14 0 0 0 0
8 153 19 9 399 312 4004 26 13 346 607 8 63 20 2 2325 1798 1168 1112 2814 1112 588 94893 19 184 113 119 105 73 194 62 25039 21555 12 98 129 74 190 54 2148 4685 1411 4 1900 0 6 7 3 17 4 0 15 13 9 239 26 56 149 0 402 313 0 0 1 0 16 32 8 13 0 1 1 0
8 136 20 8 321 244 3867 30 6 359 606 5 45 20 1 2117 1618 670 1015 1553 611 522 93189 25 148 45 66 80 58 107 27 26072 22680 10 61 69 35 71 26 2383 3467 1570 0 2109 0 4 0 0 0 0 0 3 3 4 120 30 64 77 0 321 244 0 0 0 0 11 14 5 6 0 0 0 0
14 175 74 17 564 964 3540 243 31 316 1067 42 91 75 4 3236 5533 2879 1602 3057 2667 4468 76726 510 268 157 510 121 221 298 255 20717 36039 190 243 100 189 338 290 1837 6432 5301 10 3246 5 9 8 9 12 8 4 29 13 37 264 243 48 287 0 566 965 0 1 1 0 22 52 42 31 0 1 1 0
9 150 24 12 383 328 3862 36 14 343 724 16 60 28 4 2326 1958 1042 1105 2178 931 685 91131 29 186 229 231 91 61 345 91 24506 24871 25 83 97 76 157 53 2175 4557 1852 13 2258 0 5 0 0 54 4 1 14 23 25 186 37 58 296 0 383 328 2 0 0 3 14 64 16 14 0 0 4 0
14 171 70 21 521 838 3520 205 43 311 1121 75 89 75 9 2996 4696 2335 1391 2784 2175 3324 76686 362 191 289 879 90 149 585 397 20679 36445 278 188 111 233 419 350 1839 6215 5091 45 3302 19 2 18 25 69 9 11 35 28 76 244 206 46 596 9 523 840 0 0 5 4 17 103 76 43 0 3 5 1
9 149 26 10 399 344 3865 45 17 343 692 10 61 27 2 2400 2100 1034 1151 2384 1025 811 90926 45 137 115 145 109 58 208 52 24740 24849 20 104 107 112 176 75 2182 4474 1985 5 2250 0 10 15 8 15 6 4 13 5 10 192 45 60 147 0 399 346 0 0 2 1 12 31 10 17 0 2 1 0
11 155 42 13 440 504 3697 99 29 336 848 18 70 45 3 2626 3093 1384 1336 2287 1290 1610 84641 146 179 104 195 93 96 224 95 23316 29991 45 119 117 162 291 171 2108 5000 3175 18 2761 0 3 21 14 36 6 12 31 4 15 193 100 54 226 0 440 510 0 1 4 2 15 35 18 29 0 3 3 0
14 169 70 21 510 861 3526 203 28 312 1106 78 87 75 8 3105 4877 2371 1393 2759 2443 3547 76637 345 176 215 791 114 154 495 470 20783 36501 303 186 113 149 339 240 1874 6043 5078 43 3336 21 7 16 28 55 4 5 21 11 51 252 204 48 592 0 513 865 2 0 1 0 16 85 78 28 0 3 5 0
7 140 15 6 329 216 3999 20 12 361 504 0 48 15 0 2052 1318 711 1013 2022 653 390 97107 15 196 0 0 80 53 0 0 26442 19183 0 67 89 88 143 42 2348 3691 1152 0 1739 0 4 0 0 0 2 2 17 0 0 160 20 61 0 0 329 216 0 0 0 0 14 0 0 12 0 0 0 0
9 149 27 9 402 367 3862 50 17 344 673 6 59 27 1 2490 2318 1136 1233 2429 1094 937 90864 55 122 34 63 113 59 77 38 24773 24765 15 99 101 104 202 90 2201 4447 2046 0 2256 0 5 0 0 0 4 1 11 1 9 190 50 63 78 0 402 367 0 1 0 0 11 12 6 17 0 0 0 0
11 167 40 15 492 580 3791 84 25 328 880 33 80 42 6 2804 3312 1916 1345 3072 1824 1686 85874 101 222 295 471 95 143 446 213 22554 29403 86 158 138 134 318 143 1930 5813 2933 12 2577 4 10 5 7 31 6 5 25 25 40 270 84 47 384 6 493 580 0 0 0 2 21 80 34 25 0 1 2 1
10 151 31 14 393 384 3791 55 25 338 797 23 64 37 5 2456 2297 1050 1148 2308 1112 918 87914 57 149 147 235 92 71 331 124 23927 27639 37 91 98 131 283 125 2139 4655 2374 24 2530 4 5 15 7 75 14 5 22 10 24 201 59 56 385 0 393 390 0 0 1 9 13 58 23 25 0 2 6 0
5 120 5 5 197 62 4076 2 1 376 364 2 26 5 1 1264 441 163 659 1031 173 36 102855 0 79 42 27 53 14 94 11 28682 13908 1 17 57 4 14 1 2594 2059 407 0 1281 0 5 0 0 0 0 0 0 7 1 75 2 68 80 0 197 62 0 0 0 0 6 14 2 1 0 0 0 0
8 147 18 10 370 268 3961 21 13 352 621 13 57 19 3 2288 1602 913 1094 2408 888 438 94409 11 201 102 156 85 77 241 88 25356 22010 18 75 105 90 176 44 2210 4245 1360 4 1968 2 9 6 4 18 3 1 13 10 17 201 21 54 232 0 372 269 0 0 0 1 17 40 13 13 0 1 1 0
12 175 53 13 545 781 3743 147 34 321 894 18 91 53 2 3107 4423 2648 1493 3452 2458 2992 83036 259 247 66 208 122 168 151 124 21764 31236 70 208 144 190 453 263 1866 6410 3796 0 2738 1 4 13 23 0 5 6 30 10 17 303 147 50 146 0 549 781 0 2 4 0 21 25 18 34 0 3 0 0
5 125 5 5 213 68 4113 2 5 373 358 2 32 5 1 1392 452 212 646 1299 198 35 103346 0 98 31 24 55 20 71 13 28370 13517 1 11 68 35 67 6 2533 2452 397 0 1241 0 5 6 1 0 2 0 1 5 2 107 2 65 80 0 214 68 0 0 1 0 8 13 2 5 0 1 0 0
11 158 43 12 466 565 3718 105 20 337 833 14 71 44 2 2828 3492 1692 1343 2562 1571 1928 84854 161 224 59 154 103 137 131 93 23207 29764 42 137 108 131 239 144 2080 5182 3203 7 2712 0 9 6 7 14 3 3 17 3 7 209 105 54 152 0 466 566 0 1 0 0 18 23 14 20 0 1 1 0
8 138 20 8 321 259 3879 30 6 359 601 5 47 20 1 2091 1660 778 954 1621 694 564 93378 25 180 29 50 80 73 68 31 25930 22514 10 58 78 38 62 25 2378 3623 1555 0 2089 0 7 0 0 0 0 0 4 1 5 130 30 62 80 0 321 259 0 0 0 0 13 11 5 6 0 0 0 0
12 166 53 13 537 710 3687 148 27 327 900 16 81 54 2 3084 4360 2122 1613 3135 2127 2775 82252 266 223 50 159 142 156 149 97 22349 31841 56 212 139 186 332 213 1937 5733 3877 8 2847 0 9 16 14 14 7 3 21 6 17 255 148 53 150 0 537 712 0 0 2 0 18 22 16 27 0 2 1 0
11 162 43 12 468 575 3746 104 32 334 825 16 78 43 2 2821 3333 1762 1316 2709 1645 1915 85203 155 234 43 139 98 129 123 103 22978 29463 54 148 113 186 362 179 2043 5500 3177 0 2667 1 4 26 27 0 9 18 29 2 13 236 104 50 153 0 471 575 0 3 5 0 19 19 16 32 0 4 0 0
11 170 41 14 490 615 3828 89 30 329 859 30 83 42 4 2796 3417 2137 1333 3342 2091 1820 86158 110 271 189 425 104 162 339 207 22470 29159 88 153 137 144 410 188 1906 5998 2966 7 2556 5 7 1 6 16 6 4 30 14 36 305 89 47 290 0 490 616 0 2 1 2 24 61 30 30 0 1 1 0
8 140 20 8 336 260 3905 30 10 354 602 5 49 20 1 2122 1637 758 1018 1983 744 544 93598 25 124 35 66 93 52 86 31 25840 22403 10 67 74 73 130 40 2327 3746 1550 0 2067 0 4 0 0 0 2 2 3 5 4 154 30 64 77 0 336 260 0 0 0 0 10 14 5 10 0 0 0 0
14 183 72 19 559 993 3620 224 45 302 1092 58 102 76 6 3096 5245 3172 1460 3569 3102 4250 77668 433 177 264 747 121 164 461 356 20139 35688 237 227 131 222 537 381 1715 7021 5108 33 3131 9 9 15 36 50 21 10 33 20 75 335 225 47 421 0 560 998 2 1 3 3 18 85 58 45 0 4 4 0
9 147 25 11 418 352 3860 39 5 342 698 16 58 26 3 2458 2343 1100 1357 2470 1143 811 90866 32 118 83 182 121 57 255 114 24823 25016 31 111 109 30 73 26 2178 4272 1897 5 2241 2 7 9 5 14 0 0 1 13 3 188 39 62 234 0 419 353 0 0 0 1 9 35 16 5 0 1 1 0
5 118 6 4 190 66 4057 4 3 381 352 0 24 6 0 1237 498 154 645 858 143 63 102565 1 114 0 0 52 22 0 0 28897 14025 0 16 42 19 34 3 2627 1908 495 0 1294 0 5 0 0 0 0 1 2 0 0 59 4 67 0 0 190 66 0 0 0 0 8 0 0 3 0 0 0 0
8 150 17 11 369 267 3991 18 12 342 637 14 61 20 4 2240 1535 988 1022 2666 962 402 94821 8 120 180 188 103 45 331 101 25044 21856 16 69 107 69 167 31 2161 4496 1286 8 1950 1 2 18 6 45 1 2 8 14 19 227 18 58 303 0 369 270 2 0 1 2 11 59 14 12 0 2 3 0
5 130 5 5 251 83 4145 2 3 375 359 2 36 5 1 1582 528 312 783 1736 286 45 103781 0 190 81 36 59 31 116 15 28110 13183 1 31 75 15 44 4 2470 2799 384 0 1185 0 5 0 0 0 0 0 3 7 2 134 2 59 75 0 251 83 0 0 0 0 15 19 2 3 0 0 0 0
9 159 24 12 444 375 3953 35 23 341 713 18 69 27 4 2593 2154 1294 1269 3161 1321 737 92042 26 234 228 251 100 106 392 137 24141 24303 30 123 108 131 317 89 2022 5119 1784 11 2106 1 12 0 0 44 14 6 26 14 29 268 35 51 298 0 444 375 2 2 0 2 21 62 18 23 0 0 3 0
8 145 18 10 358 259 3940 22 7 352 632 11 55 20 3 2253 1610 865 1070 2230 816 443 94179 13 170 176 168 84 64 289 70 25449 22185 15 53 89 45 87 26 2243 4124 1390 6 2005 0 5 5 4 31 2 0 7 18 9 182 22 56 223 0 358 260 1 0 0 0 15 49 11 7 0 1 2 0
12 171 50 16 509 691 3712 125 36 322 948 36 85 53 6 2931 3843 2213 1360 3016 2021 2361 82877 190 220 262 486 110 164 428 218 21800 31681 111 180 140 194 420 234 1888 6144 3644 18 2796 1 9 8 7 38 11 10 29 13 55 272 125 47 382 7 509 691 2 1 1 3 21 76 37 36 0 1 3 1
11 153 41 14 423 485 3688 90 24 337 863 28 67 43 4 2636 2964 1330 1207 2164 1235 1476 84579 116 196 123 299 111 110 282 137 23358 30167 76 102 97 149 246 132 2128 4862 3107 14 2790 4 6 12 12 28 2 6 17 9 37 183 90 55 302 0 423 487 0 0 2 1 15 48 28 24 0 2 2 0
14 169 72 19 533 829 3506 225 50 317 1088 56 90 77 6 3084 4975 2172 1531 2709 2042 3515 76355 441 241 168 552 97 179 395 280 20975 36452 222 184 116 265 499 375 1868 6081 5266 41 3329 7 3 31 51 54 14 28 40 12 66 238 226 45 437 0 535 834 3 0 10 5 19 67 56 50 0 6 5 0
5 127 6 4 247 91 4123 4 4 375 343 0 33 6 0 1546 612 307 830 1616 297 83 103415 1 162 0 0 62 28 0 0 28364 13344 0 34 59 28 45 8 2505 2568 469 0 1198 0 4 0 0 0 3 0 5 0 0 116 4 64 0 0 247 91 0 0 0 0 11 0 0 4 0 0 0 0
8 141 19 9 329 242 3924 25 15 350 611 10 52 19 2 2113 1510 680 939 2059 738 421 93835 16 82 60 109 84 35 137 59 25707 22352 18 49 83 91 176 57 2300 3838 1472 0 2059 1 9 14 8 0 10 1 6 6 11 172 25 63 156 0 330 242 0 2 2 0 8 24 10 15 0 2 0 0
9 141 23 13 344 279 3806 30 4 345 735 22 53 27 5 2144 1748 767 1048 1746 721 517 90425 18 98 203 279 69 38 417 126 24967 25486 32 77 65 19 39 16 2277 3926 1816 13 2359 4 3 13 9 48 0 0 2 11 8 138 31 60 382 0 345 282 2 0 0 0 8 66 22 4 0 2 4 0
11 154 41 14 418 487 3717 91 20 336 879 26 67 44 4 2509 2850 1271 1164 2388 1408 1469 84734 120 161 245 398 97 100 382 119 23378 30230 70 117 96 124 219 118 2088 4885 3123 17 2796 1 5 4 6 41 4 3 15 12 31 210 91 55 286 0 419 489 2 0 0 2 15 65 26 20 0 1 3 0
12 168 52 14 519 695 3704 139 36 328 915 25 83 53 3 2933 4176 2121 1525 3217 2104 2514 82514 232 269 109 301 112 176 228 165 22178 31761 88 161 146 190 438 265 1917 5887 3801 8 2833 2 8 17 16 9 8 11 31 8 24 269 139 49 220 0 522 696 0 1 1 0 22 39 25 36 0 2 1 0
8 142 20 8 368 279 3910 30 5 358 601 5 52 20 1 2218 1853 878 1174 2063 821 598 93719 25 200 49 74 89 83 98 33 25785 22289 10 89 96 31 58 24 2293 3888 1536 0 2014 0 8 3 5 0 0 0 6 1 1 157 30 57 75 0 371 279 0 0 0 0 16 15 5 5 0 1 0 0
9 148 26 10 397 336 3860 44 20 352 686 12 61 26 2 2471 2100 992 1217 2337 985 763 90823 41 215 58 127 80 101 138 67 24887 24905 28 81 93 149 224 90 2202 4376 1984 0 2257 1 7 23 16 0 4 3 21 6 17 191 44 52 153 0 399 336 0 0 2 0 19 24 12 20 0 3 0 0
8 140 20 8 338 256 3916 30 8 359 610 5 49 20 1 2086 1643 685 1008 2059 784 535 93626 25 194 111 103 82 71 126 20 25927 22480 10 67 87 48 100 30 2314 3712 1556 0 2065 0 7 0 0 0 3 1 9 10 7 165 30 59 69 0 338 256 0 0 0 0 15 22 5 8 0 0 0 0
9 144 27 9 397 333 3825 50 14 350 683 6 54 27 1 2443 2254 917 1262 2121 891 849 90364 55 157 67 94 115 65 118 29 25145 25171 15 92 92 101 147 70 2242 4069 2083 0 2299 0 10 0 0 0 3 2 15 3 8 158 50 62 73 0 397 333 0 0 0 0 12 17 6 14 0 0 0 0
7 136 14 7 303 181 3972 16 12 366 523 4 44 14 1 1852 1165 522 963 1724 484 277 96808 9 201 46 55 57 58 93 24 26652 19533 6 47 83 69 136 31 2392 3397 1095 0 1786 0 6 0 0 0 5 4 17 4 5 136 16 58 77 0 303 181 0 0 0 0 16 15 4 12 0 0 0 0
6 136 10 5 301 162 4092 10 5 366 422 0 43 10 0 1914 1032 584 901 2165 589 231 100535 5 179 0 0 76 48 0 0 27270 16163 0 51 90 33 79 12 2384 3295 763 0 1451 0 6 0 0 0 0 1 4 0 0 167 10 63 0 0 301 162 0 0 0 0 13 0 0 5 0 0 0 0
7 141 15 6 331 223 4013 20 11 366 503 0 49 15 0 1973 1425 756 1007 2167 716 405 97227 15 247 0 0 67 82 0 0 26440 19125 0 49 96 58 141 41 2341 3742 1146 0 1725 0 9 0 0 0 4 1 16 0 0 173 20 55 0 0 331 223 0 1 0 0 20 0 0 11 0 0 0 0
13 150 62 16 458 616 3482 181 25 337 1002 38 66 63 4 2824 4123 1356 1425 1908 1318 2519 77795 329 211 59 297 120 146 220 178 22647 35263 152 124 92 184 224 201 2122 4671 4694 9 3385 5 5 18 16 7 6 5 22 10 27 148 181 53 308 0 459 617 0 0 3 1 16 34 38 25 0 2 1 0
12 173 50 16 487 708 3749 125 38 318 945 35 87 55 5 2829 3722 2318 1255 3211 2300 2391 83181 191 189 239 467 97 141 416 230 21679 31550 102 152 117 167 475 268 1866 6272 3642 31 2796 2 10 3 5 69 14 8 32 27 45 307 126 50 360 0 489 711 3 1 1 3 19 74 35 38 0 1 5 0
11 156 38 17 434 478 3735 73 23 331 900 38 68 47 7 2629 2857 1346 1255 2618 1456 1266 85135 78 163 225 451 106 95 509 219 23071 30153 79 118 106 124 259 128 2030 5006 2885 36 2729 6 7 0 0 111 15 3 22 17 36 223 78 53 528 0 434 478 6 0 0 11 15 88 38 23 0 0 9 0
9 142 26 10 362 310 3825 44 10 349 700 12 53 26 2 2280 2034 808 1106 2029 870 722 90337 41 129 114 182 104 55 199 59 25178 25352 28 74 75 58 117 48 2266 3941 2020 0 2348 1 5 4 5 0 1 0 6 11 10 159 44 62 147 0 363 310 0 0 1 0 10 32 12 10 0 1 0 0
6 134 10 5 277 140 4066 10 12 369 424 0 41 10 0 1727 842 422 836 1747 421 180 100285 5 161 0 0 58 34 0 0 27370 16291 0 56 87 67 141 30 2430 3181 778 0 1484 0 5 0 0 0 5 2 20 0 0 143 10 62 0 0 277 140 0 1 0 0 14 0 0 12 0 0 0 0
9 148 27 9 385 370 3846 50 12 348 672 6 59 27 1 2343 2271 1165 1161 2150 1060 967 90736 55 191 25 56 87 80 57 42 24809 24813 15 98 93 69 137 65 2244 4406 2048 0 2274 0 5 8 6 0 1 1 14 0 4 175 50 60 79 0 388 370 0 0 0 0 14 10 6 12 0 1 0 0
9 158 25 11 456 393 3934 39 16 341 701 16 69 26 3 2588 2384 1414 1365 3083 1356 858 91823 32 230 183 241 103 107 307 113 24229 24327 31 131 135 89 210 66 2047 5069 1848 5 2114 2 13 5 4 11 4 1 13 19 23 251 39 52 220 0 456 394 0 0 1 2 19 49 16 16 0 1 1 0
8 141 21 7 334 276 3911 35 12 357 587 0 50 21 0 2060 1732 806 972 1963 806 633 93617 35 160 0 0 85 64 0 0 25866 22277 0 66 79 63 152 57 2334 3820 1623 0 2061 0 7 0 0 0 1 1 14 0 0 160 35 63 0 0 334 276 0 0 0 0 13 0 0 12 0 0 0 0
9 152 26 10 413 381 3885 44 13 345 683 12 63 26 2 2467 2299 1275 1217 2542 1228 909 91202 41 202 67 139 105 92 154 86 24573 24607 28 116 121 82 156 67 2164 4667 1946 0 2209 1 8 6 6 0 2 0 14 8 11 209 44 57 154 0 413 381 0 0 0 0 16 25 12 13 0 1 0 0
4 116 3 3 165 42 4149 1 0 380 264 0 21 3 0 1071 292 127 572 889 122 21 106249 0 52 0 0 44 6 0 0 29549 10522 0 19 32 0 0 0 2656 1681 243 0 963 0 2 0 0 0 0 0 0 0 0 61 1 72 0 0 165 42 0 0 0 0 3 0 0 0 0 0 0 0
6 129 10 5 275 138 4029 10 3 371 429 0 36 10 0 1702 980 420 962 1530 411 198 99803 5 138 0 0 88 38 0 0 27678 16686 0 46 80 11 33 9 2480 2793 789 0 1514 0 2 0 0 0 0 0 6 0 0 111 10 64 0 0 275 138 0 0 0 0 11 0 0 3 0 0 0 0
7 133 15 6 273 177 3952 20 14 365 511 0 41 15 0 1807 1096 466 802 1449 446 310 96498 15 137 0 0 74 42 0 0 26833 19676 0 42 70 86 138 44 2449 3196 1189 0 1840 0 7 0 0 0 8 4 13 0 0 120 20 64 0 0 273 177 0 0 0 0 11 0 0 14 0 0 0 0
6 124 10 5 223 118 3990 10 3 370 434 0 31 10 0 1498 797 321 707 1013 278 168 99351 5 63 0 0 56 19 0 0 27901 17023 0 28 46 19 28 9 2564 2465 809 0 1597 0 4 0 0 0 1 0 1 0 0 77 10 70 0 0 223 118 0 0 0 0 5 0 0 3 0 0 0 0
7 133 15 6 294 199 3960 20 3 364 511 0 41 15 0 1860 1321 582 908 1689 599 386 96532 15 143 0 0 78 47 0 0 26874 19703 0 53 66 20 41 12 2428 3161 1178 0 1820 0 2 0 0 0 0 0 3 0 0 128 20 65 0 0 294 199 0 0 0 0 10 0 0 3 0 0 0 0
11 160 43 12 437 564 3744 104 24 334 838 16 75 43 2 2670 3204 1689 1182 2611 1666 1863 85101 155 223 95 226 97 120 168 92 23066 29650 54 128 97 115 274 159 2072 5368 3196 0 2724 1 4 15 22 0 7 5 21 11 14 234 104 54 143 0 439 564 0 1 2 0 17 30 16 24 0 3 0 0
12 171 50 16 516 694 3719 122 37 321 941 41 86 52 5 2999 3890 2212 1394 3183 2110 2298 82910 173 213 218 507 102 145 387 263 21822 31644 135 182 124 217 439 254 1875 6140 3630 14 2791 7 11 15 16 20 9 5 35 10 57 279 122 48 365 0 516 694 1 1 2 3 21 68 41 37 0 2 2 0
9 141 25 11 351 302 3810 40 7 347 706 14 53 27 3 2204 1934 819 1099 1875 802 681 90298 35 97 100 170 78 45 244 82 25116 25401 26 85 72 37 79 35 2290 3906 1952 8 2363 0 5 13 8 22 1 1 1 4 4 145 40 62 231 0 351 306 1 0 0 0 8 37 14 7 0 2 2 0
10 157 34 11 436 486 3834 70 12 342 763 14 70 34 2 2578 2894 1558 1262 2880 1617 1425 88243 85 257 97 197 92 137 174 89 23822 27181 40 130 106 58 172 68 2093 5052 2528 0 2451 1 9 10 14 0 1 1 12 5 13 241 70 52 146 0 438 486 0 0 0 0 20 30 14 12 0 2 0 0
6 138 10 5 284 162 4107 10 9 366 420 0 45 10 0 1812 931 613 804 2035 597 222 100740 5 169 0 0 61 45 0 0 27114 15989 0 35 105 61 121 21 2387 3466 759 0 1456 0 9 0 0 0 1 2 13 0 0 180 10 60 0 0 284 162 0 1 0 0 15 0 0 9 0 0 0 0
13 173 61 17 591 828 3633 174 26 315 1016 43 90 63 6 3236 5103 2540 1773 3417 2448 3306 79784 309 220 220 580 142 168 417 271 21320 34020 157 254 142 177 305 221 1798 6257 4404 16 2968 4 12 23 24 23 8 0 16 28 31 275 174 48 378 8 592 830 0 0 3 2 18 72 44 26 0 3 2 1
9 149 26 10 403 361 3861 44 9 346 693 12 60 26 2 2459 2263 1143 1229 2360 1089 863 90909 41 171 118 182 116 80 192 74 24752 24863 28 104 106 58 102 44 2192 4456 1970 0 2249 1 5 7 6 0 1 0 7 10 10 188 44 58 147 0 404 361 0 0 0 0 14 32 12 9 0 1 0 0
7 130 14 7 292 152 3947 16 9 362 530 4 40 14 1 1784 1110 343 991 1638 403 228 96326 9 75 56 57 75 22 99 10 27044 19997 6 30 74 68 86 27 2421 2950 1127 0 1841 0 3 18 7 0 5 0 3 7 7 118 16 66 74 0 294 152 0 0 1 0 6 16 4 9 0 2 0 0
9 150 25 11 381 341 3878 41 15 346 707 12 61 28 3 2326 2042 1070 1098 2412 1062 771 91118 39 190 156 172 84 87 250 70 24633 24838 18 72 99 80 166 66 2178 4536 1919 12 2251 0 10 5 3 36 8 1 12 23 16 203 42 55 222 0 384 343 0 1 1 3 16 47 12 15 0 1 3 0
10 159 34 11 446 492 3842 70 18 340 759 14 72 34 2 2640 2871 1616 1279 2951 1615 1406 88400 85 249 88 186 96 138 169 97 23688 27022 40 132 121 103 230 108 2073 5203 2516 0 2418 1 8 12 13 0 7 2 15 8 10 247 70 51 148 0 449 492 0 0 1 0 20 28 14 18 0 2 0 0
