99 0 4450 401 0 0 0 121005 0 0 0 32876 0 2883 85 0 0 0 0 0 0 0 0 2237431 0 0 0 0 0 0 0 0 0 1222664 0 0 0 0 0 0 0 0 215289 0 55436 0 0 0 0 0 0 0 0 0 0 6139 0 0 6287 0 0 18949 0 0 0 0 0 1687 0 403 0 89 2
10 155 34 11 452 464 3820 70 18 346 763 14 66 34 2 2617 2899 1401 1376 2834 1503 1334 88052 85 248 89 180 139 153 175 88 24049 27332 40 131 113 125 221 104 2080 4856 2544 0 2449 1 10 0 0 0 6 2 16 7 16 228 70 62 150 0 452 464 0 0 0 0 22 28 14 18 0 0 0 0
11 160 43 12 449 567 3751 104 21 336 845 16 73 43 2 2639 3288 1701 1236 2765 1736 1884 85120 155 230 154 278 123 145 218 87 23162 29725 54 128 119 120 254 141 2032 5313 3196 0 2715 1 14 6 8 0 1 3 12 7 18 240 104 63 138 0 450 567 0 0 0 0 19 37 16 21 0 1 0 0
14 188 69 22 572 1006 3662 200 51 314 1120 73 108 82 9 3000 5096 3342 1424 3789 3318 4005 78308 354 377 339 874 99 355 589 506 19880 35541 245 266 133 229 633 408 1624 7324 4875 89 3008 10 14 30 39 168 26 15 64 30 95 369 205 35 642 0 577 1019 11 1 3 7 38 118 73 51 1 5 13 0
11 169 40 15 516 585 3806 83 34 332 863 34 87 43 5 2842 3438 1983 1470 3314 1855 1629 86025 97 310 185 393 118 180 383 240 22530 29210 87 132 126 189 420 193 1881 5977 2917 19 2521 6 19 44 40 31 14 10 40 23 46 285 83 48 370 0 523 591 1 1 0 2 27 64 34 35 0 6 3 0
11 158 39 16 452 515 3730 78 17 335 885 36 73 45 6 2694 3048 1560 1293 2567 1519 1455 85172 88 219 213 425 107 140 461 219 23025 29955 81 120 118 109 183 97 2024 5199 2928 31 2699 5 8 23 17 79 5 1 14 18 34 217 79 57 450 0 457 521 4 0 1 0 20 75 36 17 0 3 6 0
14 174 72 19 528 926 3551 222 29 315 1096 62 91 74 6 3082 5085 2695 1373 2950 2685 4011 76890 418 247 251 779 109 214 441 379 20656 36199 264 221 130 139 345 258 1816 6380 5180 20 3277 13 9 14 20 26 3 6 27 15 43 274 222 55 428 0 533 928 0 0 0 0 22 80 62 29 0 2 2 0
9 147 27 9 372 349 3844 50 16 352 681 6 57 27 1 2354 2102 1025 1096 2122 969 874 90654 55 200 72 103 112 97 110 34 24931 24937 15 92 79 91 173 85 2232 4319 2065 0 2297 0 8 0 0 0 3 2 16 5 5 174 50 67 72 0 372 349 0 0 0 0 17 18 6 16 0 0 0 0
7 131 15 6 275 181 3935 20 7 367 513 0 39 15 0 1769 1183 485 868 1348 451 337 96284 15 147 0 0 76 45 0 0 26981 19833 0 49 59 42 74 25 2450 3042 1192 0 1850 0 5 0 0 0 0 1 10 0 0 105 20 74 0 0 275 181 0 0 0 0 11 0 0 7 0 0 0 0
9 140 28 8 350 330 3799 56 10 351 670 0 50 28 0 2189 2147 887 1090 1734 862 930 89971 70 118 0 0 110 49 0 0 25384 25349 0 79 92 69 97 60 2313 3810 2180 0 2386 0 7 0 0 0 0 0 7 0 0 137 56 77 0 0 350 330 0 0 0 0 8 0 0 10 0 0 0 0
7 133 13 8 277 166 3946 12 4 370 540 8 42 13 2 1743 1045 485 841 1392 430 215 96593 4 234 95 110 61 63 179 45 26752 19778 10 33 61 25 38 10 2423 3206 1026 0 1831 1 10 7 4 0 0 0 9 9 6 112 12 66 154 0 281 166 0 0 0 0 18 29 8 4 0 1 0 0
7 137 15 6 325 211 3981 20 7 360 507 0 45 15 0 1958 1393 660 1062 1878 630 394 96843 15 139 0 0 115 44 0 0 26639 19411 0 67 96 46 95 28 2348 3460 1162 0 1765 0 5 0 0 0 0 0 6 0 0 145 20 75 0 0 325 211 0 0 0 0 10 0 0 7 0 0 0 0
8 146 21 7 366 294 3943 35 18 357 582 0 55 21 0 2226 1835 944 1100 2280 901 654 94068 35 230 0 0 101 87 0 0 25598 21931 0 76 88 94 215 81 2241 4174 1599 0 1989 0 12 0 0 0 3 3 21 0 0 187 35 68 0 0 366 294 0 0 0 0 18 0 0 18 0 0 0 0
6 126 10 5 220 126 4017 10 3 368 432 0 33 10 0 1395 809 359 651 1268 370 180 99599 5 60 0 0 59 19 0 0 27798 16871 0 20 55 15 36 9 2517 2602 801 0 1590 0 6 0 0 0 1 0 1 0 0 102 10 80 0 0 220 126 0 0 0 0 5 0 0 3 0 0 0 0
6 123 10 5 187 114 3990 10 3 368 435 0 30 10 0 1326 698 306 506 901 278 162 99316 5 19 0 0 40 8 0 0 27917 17069 0 12 28 13 34 9 2575 2413 813 0 1641 0 2 0 0 0 0 0 0 0 0 78 10 83 0 0 187 114 0 0 0 0 2 0 0 3 0 0 0 0
7 139 15 6 298 213 4003 20 11 364 505 0 47 15 0 1869 1255 684 825 1947 684 382 97102 15 198 0 0 79 69 0 0 26503 19246 0 53 74 60 139 44 2360 3617 1156 0 1774 0 12 0 0 0 1 0 9 0 0 165 20 70 0 0 298 213 0 1 0 0 16 0 0 11 0 0 0 0
5 118 6 4 178 68 4060 4 2 378 352 0 24 6 0 1136 466 165 578 841 165 64 102589 1 69 0 0 50 15 0 0 28880 14010 0 21 35 13 21 4 2613 1920 494 0 1309 0 6 0 0 0 0 0 0 0 0 62 4 80 0 0 178 68 0 0 0 0 5 0 0 2 0 0 0 0
8 142 20 8 341 267 3918 30 12 359 601 5 51 20 1 2070 1653 801 1009 2041 779 542 93775 25 225 40 71 83 86 98 32 25774 22275 10 70 79 69 153 56 2291 3885 1541 0 2043 0 12 0 0 0 2 0 9 4 4 165 30 68 76 0 341 267 0 0 0 0 17 15 5 12 0 0 0 0
12 166 52 14 485 702 3688 139 26 340 914 25 79 53 3 2890 3981 2128 1300 2870 2134 2635 82390 232 363 97 280 99 264 223 169 22315 31848 88 155 111 142 333 200 1972 5735 3802 8 2889 2 21 0 0 9 4 4 34 9 21 255 139 51 225 0 485 702 0 2 0 1 32 36 25 26 0 0 1 0
10 154 33 12 434 431 3794 64 23 341 771 19 69 34 3 2610 2661 1283 1278 2426 1211 1130 87934 71 222 94 202 116 100 231 117 23918 27363 47 103 109 138 260 123 2096 4892 2489 6 2471 2 13 30 22 11 6 5 24 4 18 204 64 61 228 0 440 433 0 0 2 0 17 35 19 24 0 4 1 0
10 155 29 16 438 404 3807 41 12 331 831 37 68 35 7 2507 2441 1288 1313 2569 1228 803 88349 25 160 296 487 122 68 600 249 23582 27513 60 111 108 75 148 54 2029 4952 2201 25 2440 11 5 12 10 77 1 0 8 29 28 210 42 64 525 0 439 408 4 0 0 2 12 96 37 12 0 2 6 0
7 138 12 9 335 172 3993 9 6 357 548 10 48 13 3 2011 1145 559 1071 2049 534 179 97151 2 143 127 133 104 38 281 67 26432 19494 8 55 92 40 72 14 2292 3544 931 3 1738 2 6 13 6 12 3 0 6 12 9 154 9 69 232 0 338 174 0 0 0 1 11 42 10 6 0 2 1 0
6 124 9 6 246 113 4005 7 2 371 441 3 31 9 1 1523 828 298 852 1286 332 131 99452 2 99 9 20 93 27 57 23 27937 17080 3 35 68 13 21 5 2500 2410 722 0 1567 0 4 0 0 0 0 0 1 1 1 91 7 77 86 0 246 113 0 0 0 0 7 7 3 2 0 0 0 0
11 154 40 15 459 496 3698 85 19 336 870 30 68 45 5 2696 3168 1401 1407 2394 1361 1499 84703 105 202 138 311 147 109 398 185 23315 30146 75 126 115 123 197 93 2056 4894 3031 24 2739 1 5 13 11 52 1 11 19 10 24 190 86 62 382 0 461 501 4 0 0 2 16 56 30 19 0 2 5 0
10 141 35 10 366 383 3698 77 9 352 760 7 54 35 1 2318 2521 957 1154 1563 849 1196 86646 105 182 28 73 106 89 74 33 24761 28151 21 85 64 61 77 59 2293 3961 2723 0 2676 0 9 13 14 0 0 0 8 2 4 122 77 69 76 0 369 383 0 0 0 0 13 11 7 9 0 2 0 0
8 141 18 10 338 235 3910 20 10 358 632 15 50 18 3 2043 1491 711 1027 1945 670 355 93810 8 223 144 209 98 79 283 89 25719 22452 24 46 69 63 118 31 2275 3816 1393 0 2049 3 13 0 0 0 1 1 6 15 16 156 20 66 228 0 338 235 0 0 0 0 17 45 15 10 0 0 0 0
8 137 20 8 337 248 3874 30 7 356 605 5 46 20 1 2098 1663 697 1067 1664 647 526 93280 25 126 42 66 110 46 98 28 26028 22615 10 74 76 49 69 31 2337 3533 1565 0 2088 0 6 0 0 0 1 0 3 6 4 126 30 75 77 0 337 248 0 0 0 0 9 14 5 7 0 0 0 0
11 154 44 11 427 533 3698 112 26 342 823 8 66 44 1 2623 3225 1455 1219 2340 1447 1871 84454 182 202 18 64 133 134 61 49 23540 29970 28 121 97 143 264 176 2134 4891 3313 0 2796 0 11 0 0 0 10 8 25 2 8 194 112 66 79 0 427 533 0 1 0 0 18 9 8 26 0 0 0 0
9 158 25 11 451 392 3932 39 18 347 696 16 70 26 3 2571 2368 1387 1320 3000 1318 849 91809 32 316 145 214 105 130 261 115 24271 24297 31 122 112 100 259 77 2042 5076 1845 5 2117 2 19 16 9 17 3 3 25 12 19 250 39 55 224 0 454 394 0 0 1 1 25 44 16 18 0 2 1 0
11 165 38 17 478 533 3779 70 25 326 897 45 85 42 8 2709 3025 1724 1317 2952 1619 1327 85853 65 227 279 559 108 120 554 285 22541 29561 105 138 137 146 308 138 1918 5762 2805 20 2591 10 11 46 47 56 7 2 23 15 48 263 70 50 530 6 488 540 3 0 3 1 19 99 46 26 0 8 4 1
9 146 27 9 379 342 3836 50 17 353 678 6 57 27 1 2364 2145 974 1141 2064 913 863 90554 55 200 47 74 108 96 97 29 25005 24985 15 80 82 112 197 87 2239 4251 2071 0 2298 0 12 4 5 0 4 1 17 1 10 167 50 66 75 0 379 342 0 0 1 0 17 14 6 17 0 1 0 0
9 156 25 11 426 379 3914 41 13 347 703 12 70 28 3 2493 2236 1320 1255 2758 1231 866 91613 39 274 179 185 108 123 298 80 24347 24460 18 112 111 67 163 56 2083 4986 1884 12 2155 0 11 17 14 40 1 2 15 16 11 235 42 56 217 0 435 385 0 0 2 0 24 49 12 14 0 4 3 0
9 152 28 8 400 396 3894 56 19 354 658 0 62 28 0 2379 2352 1249 1090 2574 1284 1083 91115 70 280 0 0 112 139 0 0 24791 24540 0 102 109 111 248 105 2174 4632 2105 0 2225 0 18 0 0 0 4 3 22 0 0 220 56 63 0 0 400 396 0 0 0 0 23 0 0 19 0 0 0 0
11 154 42 13 405 522 3707 97 17 341 852 22 66 43 3 2532 3010 1486 1080 2279 1485 1690 84648 135 233 103 261 106 144 248 137 23378 30084 66 89 73 87 186 119 2123 4897 3167 7 2802 2 8 0 0 9 8 1 21 7 14 201 97 64 226 0 405 522 0 0 0 0 19 38 22 17 0 0 1 0
14 174 75 16 566 961 3543 254 34 318 1055 31 89 76 3 3192 5642 2776 1579 3070 2705 4545 76602 562 256 114 382 187 220 224 195 20897 36080 141 243 127 189 390 338 1816 6328 5387 10 3266 2 14 0 0 9 9 4 38 12 24 269 254 60 216 0 566 961 0 0 0 0 22 39 31 34 0 0 1 0
12 164 51 15 491 660 3670 131 23 331 932 32 83 53 4 2886 3888 1946 1400 2803 1902 2350 82229 205 238 158 382 122 168 301 184 22326 32053 107 156 125 137 250 169 1965 5675 3768 14 2903 3 12 37 47 28 2 3 25 14 25 243 131 53 290 0 499 665 1 0 2 0 23 52 32 23 0 6 2 0
8 143 20 8 352 278 3934 30 11 355 597 5 52 20 1 2083 1731 865 1051 2231 907 583 93906 25 179 27 55 97 73 75 35 25729 22191 10 74 89 69 138 47 2260 3940 1531 0 2022 0 10 0 0 0 1 1 10 5 5 180 30 70 79 0 352 278 0 0 0 0 14 12 5 11 0 0 0 0
7 132 15 6 271 188 3952 20 6 368 512 0 40 15 0 1773 1210 530 818 1469 538 352 96427 15 172 0 0 73 56 0 0 26961 19764 0 34 54 34 67 24 2433 3101 1186 0 1846 0 9 0 0 0 0 0 9 0 0 121 20 73 0 0 271 188 0 0 0 0 13 0 0 6 0 0 0 0
9 160 26 10 445 408 3957 44 21 353 686 12 72 26 2 2489 2343 1441 1249 3251 1421 934 91978 41 345 130 193 101 163 210 76 24292 24172 28 114 128 121 303 95 2042 5204 1911 0 2106 1 19 10 11 0 5 2 37 14 23 273 44 50 142 0 452 408 0 1 1 0 32 36 12 21 0 2 0 0
9 145 25 11 363 303 3829 40 20 349 705 14 56 27 3 2351 1900 847 1028 1933 777 636 90611 35 173 124 165 113 74 245 74 24912 25123 26 68 86 109 199 87 2224 4197 1940 8 2311 0 8 5 5 27 9 4 13 8 21 159 40 67 229 0 366 304 1 0 0 0 14 40 14 20 0 1 2 0
8 143 18 10 361 237 3916 21 15 350 624 13 55 19 3 2229 1542 728 1065 2033 650 375 93952 11 135 115 147 107 42 242 73 25553 22259 18 60 93 89 166 39 2239 4011 1391 4 2007 2 12 23 13 15 3 5 13 10 21 160 21 68 231 0 366 239 0 0 0 0 11 39 13 15 0 3 1 0
12 171 48 18 513 673 3718 109 36 333 958 49 89 55 7 2889 3779 2126 1440 3092 2057 2093 83023 141 378 250 535 87 250 487 335 21830 31700 133 178 119 180 407 226 1867 6142 3505 41 2764 8 14 27 31 80 20 9 61 15 62 276 110 40 519 0 516 683 6 1 4 1 35 85 49 36 0 5 7 0
8 130 20 8 287 208 3830 30 9 363 606 5 39 20 1 1852 1416 473 918 1198 442 428 92669 25 139 15 38 98 45 56 29 26453 23082 10 56 54 65 77 43 2436 3027 1603 0 2183 0 8 0 0 0 2 0 6 1 2 89 30 75 83 0 287 208 0 1 0 0 9 8 5 9 0 0 0 0
8 142 21 7 352 282 3907 35 12 356 586 0 51 21 0 2180 1802 871 1061 1979 789 648 93644 35 169 0 0 110 66 0 0 25803 22207 0 71 87 78 137 57 2296 3902 1617 0 2036 0 9 0 0 0 2 1 12 0 0 155 35 72 0 0 352 282 0 0 0 0 13 0 0 12 0 0 0 0
11 153 42 13 455 511 3672 97 18 340 849 22 67 43 3 2789 3271 1411 1393 2109 1231 1648 84405 135 224 81 235 122 119 201 127 23455 30125 66 147 104 124 172 123 2109 4852 3171 7 2767 2 16 14 14 12 3 1 21 14 16 167 97 64 228 0 459 512 0 0 1 0 17 34 22 18 0 2 1 0
8 138 20 8 317 253 3905 30 12 363 595 5 47 20 1 2010 1585 672 958 1890 783 522 93458 25 222 6 23 89 85 40 40 26059 22524 10 52 69 78 143 58 2335 3567 1555 0 2088 0 10 0 0 0 3 0 17 0 2 156 30 67 86 0 317 253 0 0 0 0 17 5 5 12 0 0 0 0
12 166 50 16 493 636 3685 125 36 323 948 35 85 55 5 2844 3651 1865 1356 2850 1814 2136 82465 190 196 243 440 148 122 410 175 22138 31984 105 146 119 220 368 231 1904 5843 3707 29 2873 1 9 37 35 64 10 10 27 17 53 253 126 57 359 0 495 649 4 1 4 1 17 70 35 37 0 6 5 0
12 164 47 19 462 603 3674 106 21 322 989 47 85 58 9 2696 3369 1776 1239 2620 1718 1880 82513 142 190 341 584 113 118 627 265 22030 32228 111 130 120 107 232 136 1921 5746 3544 51 2898 6 8 39 46 130 4 1 17 23 40 241 113 51 596 5 471 622 5 1 2 5 18 112 50 22 0 8 11 1
5 120 5 5 200 66 4080 2 2 377 358 2 26 5 1 1278 476 181 674 1079 200 38 102861 0 106 14 15 59 18 63 17 28726 13892 1 14 52 14 24 3 2566 2046 402 0 1273 0 3 0 0 0 0 0 3 1 1 79 2 78 86 0 200 66 0 0 0 0 7 8 2 2 0 0 0 0
8 143 20 8 350 266 3917 30 15 353 601 5 52 20 1 2115 1651 802 1060 2041 740 531 93826 25 156 54 73 109 52 96 29 25666 22189 10 70 81 90 176 65 2273 3980 1539 0 2028 0 4 0 0 0 4 1 15 9 7 163 30 72 75 0 350 266 0 1 0 0 12 16 5 15 0 0 0 0
8 145 21 7 349 302 3928 35 11 355 583 0 54 21 0 2238 1806 1004 999 2069 905 700 93944 35 179 0 0 92 78 0 0 25581 21977 0 83 88 55 127 55 2281 4135 1598 0 2016 0 8 0 0 0 3 0 12 0 0 173 35 70 0 0 349 302 0 0 0 0 15 0 0 11 0 0 0 0
7 138 13 8 311 177 3996 12 12 361 533 8 47 13 2 1908 1105 528 961 1875 538 224 97122 4 180 82 92 79 50 174 46 26474 19423 10 49 81 69 149 27 2330 3542 1007 0 1759 1 13 5 3 0 5 1 13 6 16 157 12 69 156 0 316 177 0 0 1 0 14 27 8 12 0 1 0 0
6 132 9 6 276 136 4056 7 3 368 440 3 39 9 1 1714 870 467 855 1704 463 153 100191 2 147 46 40 73 41 100 23 27442 16495 3 38 76 24 34 7 2416 3020 698 0 1495 0 14 0 0 0 0 0 4 3 2 134 7 73 79 0 276 136 0 0 0 0 12 14 3 3 0 0 0 0
8 147 18 10 401 259 3965 21 16 348 620 13 59 19 3 2288 1691 833 1289 2682 859 417 94405 11 175 111 147 136 59 249 80 25414 22023 18 78 113 114 219 46 2154 4232 1366 4 1938 2 8 26 11 15 3 3 8 9 22 208 21 66 231 0 405 262 0 0 1 1 13 39 13 16 0 3 1 0
12 160 45 21 466 538 3647 87 29 330 1006 67 79 55 11 2682 3156 1423 1316 2542 1406 1432 82272 80 279 341 722 102 158 691 362 22219 32544 163 123 107 202 316 128 1941 5405 3412 48 2911 19 15 37 40 103 7 10 37 20 85 216 89 46 762 5 478 546 10 0 6 6 23 122 70 29 0 6 10 1
13 170 58 20 543 751 3615 150 32 315 1041 60 92 68 8 3085 4421 2213 1516 2990 2119 2678 79775 231 215 228 643 126 150 546 365 21286 34230 179 201 136 198 371 239 1808 6134 4252 66 3019 9 16 62 58 120 5 7 24 27 50 258 152 51 587 0 549 768 7 0 3 3 19 93 60 33 1 8 10 0
7 139 15 6 331 215 3996 20 10 366 505 0 47 15 0 1993 1397 698 1005 2080 660 393 97013 15 219 0 0 106 80 0 0 26586 19276 0 57 97 68 124 37 2339 3594 1155 0 1739 0 12 0 0 0 3 1 8 0 0 158 20 67 0 0 331 215 0 1 0 0 18 0 0 10 0 0 0 0
8 153 20 8 426 321 4023 30 16 354 590 5 64 20 1 2355 1960 1120 1260 3235 1210 652 94896 25 258 41 68 132 113 96 36 25300 21555 10 119 146 103 252 67 2105 4616 1483 0 1873 0 14 15 10 0 4 2 16 3 7 260 30 60 74 0 430 321 0 0 0 0 23 15 5 16 0 2 0 0
8 140 21 7 353 266 3883 35 14 362 588 0 49 21 0 2212 1750 774 1123 1733 649 601 93406 35 226 0 0 108 86 0 0 25954 22360 0 73 84 103 145 64 2319 3757 1631 0 2045 0 16 0 0 0 2 2 16 0 0 133 35 70 0 0 353 266 0 0 0 0 17 0 0 14 0 0 0 0
9 149 27 9 387 369 3861 50 16 351 673 6 59 27 1 2448 2210 1135 1131 2302 1098 948 90846 55 202 29 65 105 103 79 40 24826 24765 15 101 87 94 189 83 2206 4450 2045 0 2262 0 11 0 0 0 4 2 18 6 7 189 50 66 78 0 387 369 0 1 0 0 18 12 6 16 0 0 0 0
6 130 9 6 248 118 4060 7 4 369 442 3 41 9 1 1540 753 315 716 1777 402 125 100092 2 116 41 40 66 28 86 12 27597 16649 3 19 70 20 54 8 2439 2905 715 0 1534 0 9 28 11 0 0 0 6 4 2 145 7 69 75 0 253 118 0 0 1 0 12 14 3 4 0 4 0 0
7 139 13 8 317 184 4001 12 10 362 534 8 48 13 2 1998 1159 605 937 1971 581 223 97186 4 193 90 108 72 54 190 54 26433 19368 10 48 76 53 104 30 2315 3617 1002 0 1751 1 9 5 3 0 7 0 15 3 8 161 12 67 154 0 320 184 0 0 1 0 16 29 8 10 0 1 0 0
5 133 5 5 266 90 4176 2 4 372 354 2 40 5 1 1585 556 370 814 2034 346 47 104119 0 181 66 32 71 33 110 18 27948 12951 1 33 80 17 57 6 2405 3024 376 0 1149 0 12 7 2 0 1 0 10 4 2 162 2 69 76 0 266 90 0 0 0 0 15 17 2 4 0 1 0 0
10 160 34 11 443 487 3862 70 20 341 771 14 71 34 2 2571 2804 1561 1213 3066 1667 1365 88553 85 240 191 266 113 142 230 80 23696 27062 40 124 137 108 256 116 2025 5231 2519 0 2418 1 17 0 0 0 6 1 22 12 21 265 70 61 137 0 443 487 0 0 0 0 22 41 14 20 0 0 0 0
7 125 15 6 221 155 3904 20 5 367 519 0 33 15 0 1456 971 354 656 986 354 290 95800 15 67 0 0 62 23 0 0 27309 20252 0 36 47 30 46 20 2530 2612 1220 0 1946 0 0 0 0 0 0 0 2 0 0 80 20 80 0 0 221 155 0 0 0 0 5 0 0 5 0 0 0 0
10 154 30 15 435 393 3812 50 18 346 821 26 68 38 6 2500 2385 1138 1313 2601 1220 894 88215 45 299 260 339 90 140 527 141 23865 27602 46 102 112 112 205 89 2042 4839 2308 24 2455 1 14 21 10 106 3 1 29 32 27 218 54 52 446 0 440 404 6 0 0 7 25 85 26 18 0 3 8 0
10 152 34 11 397 453 3786 70 11 341 765 14 64 34 2 2448 2638 1365 1115 2252 1331 1330 87777 85 168 86 179 103 100 180 87 24001 27465 40 107 94 61 142 67 2164 4742 2562 0 2536 1 13 2 7 0 0 0 8 5 10 197 70 69 150 0 397 453 0 0 0 0 14 27 14 11 0 1 0 0
11 168 38 17 509 561 3797 70 22 333 905 44 85 44 7 2831 3221 1879 1443 3143 1746 1426 86055 66 322 339 609 116 188 608 296 22493 29462 97 165 129 130 297 115 1865 5907 2803 31 2535 11 14 23 32 84 5 2 28 39 51 274 71 45 506 0 519 567 4 1 0 3 29 105 44 23 0 5 6 0
10 155 34 11 425 444 3790 70 26 350 765 14 67 34 2 2581 2638 1337 1186 2364 1186 1218 87913 85 309 96 189 112 161 170 78 23938 27290 40 105 88 154 270 147 2122 4948 2556 0 2472 1 17 5 6 0 10 4 35 13 21 198 70 58 147 0 428 444 0 1 1 0 26 30 14 26 0 1 0 0
7 131 15 6 275 189 3943 20 3 361 513 0 39 15 0 1740 1251 537 865 1455 527 366 96327 15 80 0 0 80 23 0 0 26954 19829 0 43 81 18 38 12 2439 3038 1188 0 1856 0 4 0 0 0 0 0 2 0 0 113 20 80 0 0 275 189 0 0 0 0 5 0 0 3 0 0 0 0
16 185 93 27 606 1195 3438 321 47 305 1274 113 106 113 13 3206 6529 3429 1610 3305 3390 5788 72027 692 337 331 1156 120 359 736 736 18962 39887 460 297 147 232 538 470 1604 7117 6571 154 3461 15 13 23 36 224 12 15 71 19 85 307 331 36 876 7 612 1205 21 3 3 4 33 132 118 48 1 4 20 1
9 156 25 11 412 372 3927 40 18 348 700 14 70 27 3 2404 2127 1258 1169 2908 1259 812 91697 35 271 152 197 96 126 289 87 24363 24440 26 102 116 92 248 77 2089 4969 1873 8 2170 0 9 18 15 28 2 2 17 10 20 248 40 54 220 0 419 377 1 1 2 0 25 46 14 19 0 4 2 0
7 143 15 6 327 231 4039 20 12 365 501 0 51 15 0 2024 1342 781 921 2353 810 414 97497 15 239 0 0 64 86 0 0 26354 18977 0 70 87 68 161 48 2297 3878 1137 0 1716 0 13 0 0 0 7 0 17 0 0 197 20 65 0 0 327 231 0 1 0 0 21 0 0 12 0 0 0 0
14 166 71 20 506 815 3501 218 29 319 1105 60 90 78 8 3028 4775 2085 1359 2608 2131 3483 76261 421 218 207 650 116 177 472 302 21100 36688 221 174 120 161 303 232 1882 5899 5223 52 3389 5 18 45 75 62 9 7 29 15 52 237 220 49 522 8 512 832 4 0 4 5 20 82 62 30 0 9 7 1
6 130 8 7 267 100 4042 5 8 367 454 4 40 9 2 1675 660 279 859 1565 289 81 100065 1 135 71 47 81 19 163 20 27510 16677 2 25 60 65 85 12 2418 2911 641 2 1516 0 11 18 5 9 1 1 8 9 5 123 5 70 157 0 270 103 0 0 1 2 11 26 4 8 0 3 1 0
7 141 14 7 330 210 4016 16 10 363 518 4 49 14 1 2008 1295 719 951 2123 681 327 97300 9 222 43 56 96 72 100 30 26392 19182 6 59 96 63 134 33 2303 3743 1068 0 1729 0 14 0 0 0 3 1 9 1 4 175 16 66 77 0 330 210 0 1 0 0 18 15 4 10 0 0 0 0
10 156 30 15 429 387 3818 49 24 337 825 28 72 37 6 2493 2313 1120 1196 2630 1104 829 88365 42 205 312 378 104 96 536 144 23664 27467 50 96 107 128 275 97 2024 5056 2311 24 2445 2 11 26 22 91 9 7 18 28 45 221 51 57 438 0 438 398 6 0 0 4 18 91 28 25 0 5 7 0
6 126 10 5 228 118 4007 10 7 374 432 0 33 10 0 1482 758 307 708 1159 291 156 99538 5 151 0 0 57 36 0 0 27833 16881 0 26 42 48 75 21 2522 2602 805 0 1576 0 10 0 0 0 1 0 6 0 0 92 10 75 0 0 228 118 0 1 0 0 11 0 0 7 0 0 0 0
6 133 10 5 276 146 4062 10 7 371 425 0 40 10 0 1713 929 464 846 1800 457 198 100205 5 186 0 0 77 53 0 0 27459 16376 0 44 62 40 97 21 2421 3094 777 0 1489 0 10 0 0 0 3 0 7 0 0 140 10 71 0 0 276 146 0 0 0 0 15 0 0 7 0 0 0 0
10 156 34 11 424 441 3807 71 28 346 769 12 69 35 2 2507 2625 1302 1202 2495 1218 1222 88037 90 260 144 187 110 139 217 51 23904 27248 30 88 109 153 317 147 2095 5030 2566 6 2475 0 18 11 10 17 11 7 25 9 23 214 71 59 141 0 427 441 0 1 2 0 23 35 12 29 0 2 1 0
7 127 15 6 235 159 3909 20 8 366 517 0 35 15 0 1586 986 385 670 1017 340 289 95948 15 78 0 0 79 23 0 0 27175 20101 0 31 56 60 73 29 2508 2772 1213 0 1919 0 2 0 0 0 1 1 7 0 0 83 20 79 0 0 235 159 0 0 0 0 6 0 0 8 0 0 0 0
12 168 52 14 508 689 3687 138 38 331 919 27 82 52 3 2939 4000 2093 1409 2867 1922 2480 82453 225 299 145 346 138 205 256 156 22156 31763 102 177 124 204 440 263 1926 5914 3797 0 2842 3 17 4 8 0 7 12 33 9 41 252 138 56 217 0 511 689 0 0 1 0 25 43 27 38 0 1 0 0
10 158 35 10 456 492 3840 77 24 346 742 7 70 35 1 2669 2948 1530 1339 3002 1617 1496 88246 105 288 20 62 128 156 62 48 23906 27046 21 137 110 158 303 137 2062 5084 2599 0 2420 0 12 6 6 0 9 7 32 1 8 246 77 60 78 0 458 492 0 0 1 0 24 10 7 24 0 1 0 0
8 150 20 8 396 312 3989 30 13 356 594 5 59 20 1 2328 1881 1072 1181 2752 1121 649 94571 25 249 51 73 107 98 91 36 25409 21742 10 105 125 80 184 55 2162 4414 1495 0 1928 0 14 0 0 0 3 1 26 4 7 228 30 62 75 0 396 312 0 0 0 0 22 16 5 13 0 0 0 0
7 126 15 6 262 162 3903 20 4 364 518 0 34 15 0 1711 1181 403 866 1081 354 308 95838 15 40 0 0 102 14 0 0 27275 20202 0 36 63 28 34 16 2490 2670 1214 0 1901 0 1 0 0 0 1 0 1 0 0 78 20 82 0 0 262 162 0 0 0 0 3 0 0 4 0 0 0 0
7 141 13 8 331 194 4015 13 7 361 536 6 51 14 2 2024 1200 663 967 2134 615 268 97388 6 226 110 92 67 62 202 40 26314 19257 6 55 95 38 90 19 2284 3774 1005 3 1726 0 16 16 5 11 3 0 7 12 7 174 13 65 149 0 335 196 0 1 1 0 17 33 6 7 0 2 1 0
12 160 50 16 455 608 3638 125 24 330 952 36 76 53 6 2769 3576 1698 1326 2399 1607 2115 81938 190 185 200 459 125 123 375 189 22429 32330 111 122 100 123 253 147 2007 5404 3735 18 2979 1 11 15 19 34 2 10 29 23 34 210 125 58 382 7 459 613 2 2 1 3 18 70 37 24 0 3 3 1
8 149 21 7 359 296 3965 35 26 358 579 0 58 21 0 2182 1681 954 1000 2326 907 637 94339 35 267 0 0 85 93 0 0 25415 21702 0 77 84 142 305 103 2233 4405 1589 0 1971 0 18 0 0 0 12 9 35 0 0 206 35 64 0 0 359 296 0 2 0 0 22 0 0 26 0 0 0 0
11 154 38 17 443 458 3701 75 14 331 908 35 73 47 8 2591 2834 1274 1339 2377 1212 1229 84852 85 163 272 452 109 86 621 185 23186 30293 72 106 105 86 141 90 2035 4972 2930 39 2743 0 9 44 33 104 1 0 7 24 17 195 77 57 533 4 448 475 4 0 1 2 13 97 38 15 1 7 9 1
16 185 97 23 629 1217 3425 358 52 299 1236 90 109 104 8 3386 6870 3492 1645 3358 3290 6211 71721 838 278 243 963 172 242 544 519 19121 39745 438 305 141 304 553 538 1612 7163 6814 67 3510 14 14 36 72 77 9 11 51 22 90 303 359 48 564 0 636 1228 7 0 6 2 23 93 90 53 0 7 7 0
11 158 41 14 449 533 3721 90 19 336 865 28 72 43 4 2636 3144 1580 1305 2479 1488 1630 84981 115 249 183 355 110 136 340 164 23109 29878 79 133 99 114 215 118 2044 5201 3070 12 2720 3 6 13 14 30 3 3 13 11 25 211 90 60 295 0 451 535 1 1 0 0 19 55 28 19 0 2 2 0
14 167 71 20 527 829 3496 212 28 319 1114 71 86 74 7 3084 4974 2198 1489 2655 2095 3441 76276 376 232 272 851 149 188 546 370 21045 36686 295 172 126 165 283 235 1864 5920 5202 26 3362 16 10 24 38 40 6 4 24 26 57 226 212 54 500 0 533 832 2 0 1 1 20 91 71 29 0 4 3 0
9 150 24 12 391 329 3888 34 11 342 721 21 64 24 5 2341 2004 1014 1131 2497 1068 635 91243 23 157 195 300 109 64 351 125 24617 24911 39 87 113 59 142 46 2129 4549 1820 0 2241 3 15 21 21 0 4 0 5 18 20 213 34 63 315 5 398 329 0 1 0 0 13 64 21 11 0 4 0 1
8 141 20 8 339 266 3910 30 9 358 601 5 51 20 1 2146 1684 794 1053 1936 786 556 93691 25 172 47 67 107 72 104 30 25819 22328 10 63 83 49 107 40 2305 3829 1545 0 2053 0 10 5 4 0 2 0 10 1 3 158 30 69 76 0 339 266 0 1 1 0 15 14 5 9 0 1 0 0
8 143 21 7 354 288 3918 35 12 361 585 0 52 21 0 2180 1821 879 1064 2044 833 666 93743 35 242 0 0 98 97 0 0 25786 22148 0 77 92 66 149 54 2296 3958 1611 0 2021 0 14 0 0 0 4 2 17 0 0 165 35 66 0 0 354 288 0 0 0 0 19 0 0 12 0 0 0 0
8 145 21 7 349 302 3941 35 11 355 583 0 54 21 0 2109 1802 983 985 2205 972 703 93990 35 188 0 0 106 82 0 0 25620 21990 0 84 95 58 140 52 2268 4109 1598 0 2016 0 11 0 0 0 2 1 8 0 0 186 35 71 0 0 349 302 0 0 0 0 15 0 0 11 0 0 0 0
8 146 20 8 379 292 3968 30 13 363 592 5 56 20 1 2251 1819 916 1155 2653 1059 616 94226 25 283 14 45 101 118 62 36 25696 22013 10 93 105 83 164 50 2222 4106 1515 0 1967 0 9 6 3 0 6 2 22 2 5 211 30 60 80 0 382 292 0 1 2 0 25 10 5 13 0 1 0 0
7 126 14 7 263 155 3906 16 3 366 527 4 34 14 1 1707 1113 381 897 1118 361 259 95917 9 95 19 34 91 27 62 23 27234 20232 6 45 53 23 24 10 2480 2659 1130 0 1892 0 5 0 0 0 0 0 2 1 2 80 16 78 83 0 263 155 0 0 0 0 6 9 4 3 0 0 0 0
11 155 41 14 451 517 3696 91 17 334 859 26 70 44 4 2765 3230 1508 1337 2275 1375 1611 84708 120 190 112 282 146 102 295 160 23247 30027 70 131 113 100 167 110 2077 5005 3089 17 2743 1 9 15 19 33 4 3 12 14 16 189 91 64 303 0 453 522 2 1 0 1 14 46 26 17 0 3 3 0
7 136 13 8 298 181 3986 12 4 362 537 8 45 13 2 1885 1135 540 908 1822 587 233 96957 4 162 115 113 77 55 169 54 26603 19589 10 57 85 22 39 13 2350 3401 1011 0 1791 1 8 8 4 0 1 0 1 5 3 149 12 69 154 0 299 181 0 0 0 0 13 29 8 4 0 1 0 0
