99 0 4450 401 0 0 0 121099 0 0 0 32696 0 2961 93 0 0 0 0 0 0 0 0 2244517 0 0 0 0 0 0 0 0 0 1210896 0 0 0 0 0 0 0 0 219002 0 54218 0 0 0 0 0 0 0 0 0 0 6642 0 0 6884 0 0 19803 0 0 0 0 0 1890 0 448 0 75 1
8 154 20 8 436 335 3997 30 12 356 591 5 64 20 1 2616 2050 1285 1394 2905 1157 697 94894 25 371 68 81 129 128 97 40 24967 21466 10 130 119 83 153 53 2194 4733 1473 0 1853 0 12 9 5 0 3 1 19 2 4 232 30 66 73 0 438 335 0 1 0 0 26 17 5 12 0 1 0 0
4 121 3 3 197 46 4193 1 3 382 259 0 26 3 0 1252 313 146 676 1387 162 20 106835 0 141 0 0 55 13 0 0 29156 10152 0 21 73 17 38 3 2636 2027 236 0 909 0 12 0 0 0 0 0 5 0 0 100 1 83 0 0 197 46 0 1 0 0 10 0 0 3 0 0 0 0
10 148 31 14 412 379 3783 53 13 344 803 27 62 35 5 2559 2482 1023 1284 2473 1150 895 87782 50 204 143 318 129 97 386 155 24061 27944 48 81 110 86 157 66 2194 4400 2385 21 2539 6 9 23 17 45 3 1 14 16 20 195 54 69 381 0 414 383 0 0 0 2 16 61 27 13 0 3 4 0
11 156 40 15 459 501 3752 83 25 337 869 35 70 41 6 2738 3100 1382 1387 2831 1675 1430 85178 97 247 126 374 117 133 357 215 23151 30108 93 130 137 169 292 141 2080 4953 2995 7 2720 6 11 14 11 13 4 9 19 14 25 242 83 66 400 7 460 503 0 0 3 1 19 57 35 25 0 2 1 1
9 145 23 13 374 296 3825 30 11 353 728 22 57 27 5 2393 1842 861 1170 1881 773 540 90826 18 265 177 260 109 97 388 133 24632 25208 32 87 84 72 113 43 2290 4194 1785 14 2295 3 14 8 7 47 2 0 17 18 19 154 30 66 385 0 375 300 3 0 1 2 20 63 22 11 0 2 4 0
7 138 14 7 315 201 3989 16 9 364 517 4 46 14 1 2067 1229 650 993 1835 629 321 97104 9 219 27 38 109 73 78 29 26360 19364 6 71 72 57 94 30 2423 3537 1078 0 1758 0 10 0 0 0 4 0 6 3 6 151 16 76 81 0 315 201 0 0 0 0 16 11 4 9 0 0 0 0
12 160 51 15 500 635 3636 130 25 336 923 34 76 52 4 3107 4024 1757 1577 2644 1703 2274 81942 199 268 93 307 153 183 253 207 22396 32254 118 169 125 149 272 181 2074 5343 3780 8 2932 5 9 18 23 8 4 4 32 8 28 208 130 64 306 0 503 637 0 0 2 0 23 39 34 25 0 3 1 0
9 163 27 9 471 438 3971 50 27 346 664 6 74 27 1 2701 2531 1601 1446 3435 1506 1079 92234 55 314 67 89 126 149 87 41 23932 23862 15 154 143 160 388 137 2078 5418 1965 0 2059 0 8 6 6 0 12 4 32 3 13 285 50 65 72 0 472 438 0 1 0 0 27 17 6 27 0 1 0 0
9 151 27 9 445 370 3871 50 20 351 676 6 61 27 1 2704 2417 1117 1479 2555 1075 923 91044 55 274 64 91 140 107 106 33 24637 24702 15 131 123 146 235 103 2200 4550 2040 0 2190 0 11 0 0 0 6 2 22 8 11 197 50 73 73 0 445 370 0 2 0 0 20 17 6 20 0 0 0 0
11 151 42 13 444 497 3671 99 21 336 843 18 64 45 3 2766 3229 1321 1420 2164 1235 1636 84390 146 139 52 146 170 85 171 117 23379 30225 45 130 113 150 220 138 2194 4686 3188 18 2799 0 7 10 4 28 4 5 8 4 10 168 100 78 237 0 444 499 0 1 2 1 11 26 18 21 0 1 3 0
7 128 14 7 262 152 3924 16 8 366 524 4 38 14 1 1867 1032 361 863 1245 374 240 96206 9 102 15 28 75 34 56 18 26935 20077 6 41 52 54 76 24 2541 2821 1128 0 1880 0 6 14 6 0 1 0 3 0 4 97 16 82 82 0 263 152 0 0 2 0 8 8 4 8 0 2 0 0
8 146 20 8 385 279 3958 30 20 353 593 5 55 20 1 2311 1784 860 1252 2565 932 561 94286 25 192 25 45 131 64 72 34 25414 21990 10 88 120 125 237 75 2277 4133 1521 0 1968 0 8 0 0 0 6 5 22 3 10 201 30 77 80 0 385 279 0 1 0 0 15 11 5 20 0 0 0 0
11 150 43 12 429 490 3694 104 18 349 848 16 63 43 2 2681 3128 1205 1314 2326 1422 1629 84348 155 269 97 228 139 157 188 80 23688 30398 54 117 109 129 179 123 2195 4553 3276 0 2831 1 14 4 8 0 1 3 23 10 12 193 104 68 145 0 431 490 0 2 0 0 22 30 16 18 0 1 0 0
17 183 111 25 613 1304 3328 442 53 307 1312 110 103 119 9 3552 7340 3482 1706 3151 3398 7231 68832 1125 366 242 1140 161 390 593 602 18621 41749 579 273 135 296 547 605 1707 6958 7782 87 3783 21 12 6 23 94 16 11 59 25 97 282 443 51 635 0 616 1307 7 0 2 3 32 101 110 53 0 2 8 0
15 191 82 23 652 1142 3560 266 51 298 1206 88 112 92 9 3447 6313 3653 1848 3870 3351 5072 75350 533 312 476 1224 170 264 771 543 19070 37619 352 322 165 280 604 456 1587 7552 5771 88 3146 18 13 26 44 129 11 9 51 41 110 346 268 52 614 0 655 1153 8 1 5 9 27 137 88 51 0 5 10 0
8 145 19 9 375 258 3940 25 15 355 615 10 56 19 2 2236 1665 784 1203 2333 783 450 94201 16 235 122 147 111 73 199 58 25400 22144 18 74 115 85 170 48 2293 4113 1456 0 1983 1 7 12 9 0 2 4 16 12 13 183 25 72 148 0 379 258 0 0 1 0 17 32 10 15 0 2 0 0
8 150 20 8 380 310 3970 30 14 358 590 5 61 20 1 2403 1828 1097 1125 2463 1006 635 94571 25 307 30 55 120 121 69 38 25131 21684 10 96 106 76 191 62 2284 4485 1496 0 1938 0 8 8 10 0 2 1 16 2 5 210 30 66 77 0 383 310 0 0 0 0 24 12 5 14 0 2 0 0
9 140 21 15 358 243 3800 21 10 350 753 28 52 28 7 2339 1633 651 1105 1685 591 335 90549 7 173 210 309 120 64 548 155 24814 25626 28 63 92 65 97 28 2305 3822 1678 20 2339 8 3 15 7 72 1 1 10 14 23 131 22 71 545 0 359 247 6 0 1 4 14 83 28 10 0 2 7 0
5 134 6 4 265 106 4181 4 7 372 336 0 40 6 0 1689 657 433 821 2030 383 92 104213 1 192 0 0 84 39 0 0 27767 12798 0 34 80 32 112 14 2484 3091 451 0 1148 0 13 0 0 0 3 0 6 0 0 167 4 78 0 0 265 106 0 0 0 0 15 0 0 7 0 0 0 0
14 194 73 18 640 1126 3714 234 53 313 1066 49 112 76 5 3359 5948 3906 1673 4348 3982 4970 78691 476 406 225 629 147 360 423 358 19718 35042 204 328 198 265 753 469 1615 7643 5042 27 2906 7 18 11 29 46 13 17 81 9 57 418 235 47 352 0 642 1128 0 1 2 2 39 70 49 53 0 3 3 0
5 126 6 4 233 92 4120 4 2 373 344 0 32 6 0 1502 620 306 760 1514 309 88 103446 1 120 0 0 72 23 0 0 28229 13411 0 32 70 7 31 4 2578 2499 470 0 1219 0 8 0 0 0 1 0 1 0 0 114 4 85 0 0 233 92 0 0 0 0 8 0 0 2 0 0 0 0
9 142 27 9 366 332 3830 50 13 355 674 6 52 27 1 2342 2137 852 1176 2087 978 867 90362 55 198 5 34 109 83 45 44 25112 25263 15 87 104 94 161 67 2339 3902 2085 0 2339 0 10 0 0 0 3 3 18 0 2 165 50 77 84 0 366 332 0 2 0 0 15 6 6 13 0 0 0 0
11 166 40 15 527 584 3793 84 15 333 886 32 80 44 5 3018 3542 1885 1581 3334 1905 1715 85886 101 306 315 512 151 178 529 215 22591 29570 81 196 144 94 206 94 1948 5697 2958 21 2555 4 14 10 15 60 2 0 20 26 22 274 85 62 354 0 527 584 2 0 1 2 25 84 32 15 0 2 4 0
7 129 13 8 271 140 3920 12 9 367 540 8 38 13 2 1811 946 350 921 1221 301 176 96324 4 162 70 87 80 40 179 33 26817 20056 10 31 51 64 69 18 2520 2906 1047 0 1861 1 8 9 3 0 4 1 7 7 13 90 12 79 158 0 272 140 0 0 1 0 11 25 8 9 0 1 0 0
12 165 49 17 484 639 3683 113 27 329 958 50 82 51 6 2881 3675 1872 1350 2821 1868 2025 82581 143 254 257 609 124 168 438 301 21968 32111 158 159 115 137 297 176 2007 5723 3609 16 2884 13 14 30 31 23 8 4 34 20 50 249 113 60 439 0 485 642 0 1 2 1 23 79 50 27 0 4 2 0
8 141 19 9 384 239 3910 26 15 357 616 8 51 20 2 2279 1671 657 1310 2253 661 437 93785 19 207 94 104 133 62 211 40 25686 22433 12 65 104 114 171 52 2314 3783 1481 4 2005 0 10 10 4 12 4 3 18 13 12 157 26 75 152 0 384 240 0 0 0 2 15 29 8 15 0 1 1 0
7 136 11 10 336 146 3981 6 6 361 564 12 47 13 4 2032 1012 415 1141 1978 424 104 97114 1 188 183 156 100 43 394 75 26374 19705 4 46 114 48 74 9 2368 3399 875 6 1749 4 9 28 8 21 0 0 7 10 12 142 6 72 309 0 339 149 0 0 1 1 14 56 12 6 0 3 2 0
10 161 34 11 469 491 3879 70 29 351 756 14 72 34 2 2734 2936 1518 1380 3291 1713 1370 88752 85 365 67 168 125 203 156 96 23640 26966 40 136 151 161 411 158 2074 5239 2506 0 2369 1 6 0 0 0 10 8 48 9 21 281 70 58 151 0 469 491 0 2 0 0 33 27 14 29 0 0 0 0
6 133 9 6 270 138 4061 7 4 368 439 3 40 9 1 1809 844 481 832 1690 461 152 100380 2 139 46 40 75 42 97 24 27183 16407 3 38 68 27 53 10 2489 3108 695 0 1497 0 5 0 0 0 0 0 5 2 2 138 7 80 79 0 270 138 0 0 0 0 13 14 3 4 0 0 0 0
12 170 52 14 533 703 3749 140 31 326 931 23 87 54 3 3037 4126 2018 1479 3708 2383 2568 82910 238 259 242 412 150 169 325 108 22032 31790 77 210 142 166 413 224 1901 6009 3805 14 2805 0 8 22 26 32 9 5 31 24 26 313 140 64 200 0 537 708 1 0 5 4 22 57 23 31 0 4 2 0
9 154 24 12 436 354 3906 34 17 341 712 21 66 24 5 2612 2175 1170 1409 2762 1148 690 91625 23 205 175 265 120 81 340 146 24212 24611 39 121 138 113 226 67 2143 4801 1789 0 2162 3 15 15 12 0 4 2 14 11 29 227 34 70 323 5 439 354 0 0 0 0 16 56 21 17 0 2 0 1
13 176 60 18 583 813 3667 162 40 323 1023 56 98 62 6 3194 4783 2438 1727 3706 2494 2961 80248 256 362 256 687 126 240 492 335 21025 33888 208 225 155 245 486 304 1813 6496 4317 18 2925 13 19 47 70 30 12 6 57 20 68 308 162 50 427 0 590 818 0 2 5 0 30 81 56 40 0 8 2 0
9 148 27 9 385 361 3865 50 18 355 671 6 58 27 1 2439 2226 1066 1185 2284 1124 928 90922 55 275 18 47 125 128 65 42 24779 24842 15 97 114 94 211 86 2279 4347 2051 0 2267 0 9 0 0 0 4 5 18 2 7 194 50 72 81 0 385 361 0 0 0 0 21 9 6 18 0 0 0 0
5 118 6 4 175 68 4050 4 2 382 352 0 24 6 0 1207 468 177 548 701 139 64 102655 1 119 0 0 56 24 0 0 28683 14005 0 16 34 11 17 4 2707 1935 494 0 1308 0 4 0 0 0 0 0 3 0 0 52 4 84 0 0 175 68 0 0 0 0 9 0 0 2 0 0 0 0
14 159 72 19 523 767 3450 223 24 321 1100 61 76 73 7 3142 5008 1793 1651 2432 1828 3335 75660 426 156 181 660 174 124 478 297 21384 37087 258 204 123 158 228 209 2013 5319 5334 10 3484 11 14 14 19 14 5 4 14 12 41 189 223 71 455 10 523 769 0 1 1 0 13 69 61 24 0 2 1 1
3 112 1 2 105 16 4230 0 0 387 176 0 16 1 0 702 93 57 326 608 53 0 109937 0 58 0 0 28 4 0 0 30185 7000 0 6 34 0 0 0 2788 1301 80 0 657 0 1 0 0 0 0 0 0 0 0 53 0 89 0 0 105 16 0 0 0 0 4 0 0 0 0 0 0 0
6 138 9 6 314 143 4105 7 8 364 437 3 47 9 1 1948 894 513 940 2287 492 152 100871 2 184 63 44 84 37 109 17 26938 16081 3 45 100 57 114 14 2398 3478 686 0 1430 0 7 16 6 0 2 1 11 3 7 178 7 76 74 0 314 143 0 0 0 0 14 17 3 8 0 2 0 0
9 150 23 13 367 326 3892 29 15 346 722 24 61 26 5 2259 1912 1027 1119 2386 1124 589 91481 16 207 177 267 108 103 332 165 24373 24852 34 70 106 64 207 52 2226 4519 1746 13 2249 6 8 12 4 36 2 2 11 11 31 215 29 69 387 0 367 328 1 1 0 1 18 62 24 15 0 1 3 0
7 131 11 10 267 129 3942 8 6 364 567 8 39 15 4 1757 818 332 784 1365 326 130 96691 2 165 157 102 90 34 341 34 26560 19999 5 35 62 34 69 13 2479 3042 900 5 1853 0 4 0 0 53 0 0 6 16 7 108 9 77 314 0 267 129 2 0 0 4 12 54 8 6 0 0 4 0
9 144 24 12 378 303 3835 36 13 352 715 16 54 28 4 2363 1921 849 1151 2113 872 628 90721 29 211 130 186 115 92 321 103 24829 25266 25 87 90 100 144 56 2282 4064 1866 13 2298 0 9 0 0 42 2 1 14 8 16 165 37 72 311 0 378 303 2 0 0 3 17 49 16 13 0 0 4 0
9 150 27 9 399 380 3870 50 13 355 672 6 61 27 1 2447 2338 1213 1219 2432 1183 989 91019 55 299 30 66 117 131 72 40 24643 24714 15 93 103 74 154 69 2262 4511 2037 0 2237 0 14 6 6 0 2 1 25 5 6 197 50 68 77 0 401 380 0 0 0 0 23 12 6 13 0 1 0 0
9 153 26 10 392 378 3891 45 17 347 684 10 64 27 2 2614 2153 1288 1082 2371 1200 916 91395 45 205 85 122 114 104 167 67 24329 24529 20 80 106 105 204 73 2230 4759 1951 5 2224 0 9 9 3 14 4 4 18 9 13 214 45 72 152 0 392 379 0 0 2 0 19 27 10 17 0 1 1 0
5 127 5 5 251 73 4121 2 5 372 359 2 33 5 1 1619 491 241 891 1532 227 36 103564 0 152 59 29 75 13 109 14 28122 13396 1 26 73 42 55 7 2542 2574 392 0 1197 0 10 0 0 0 3 0 7 5 3 113 2 83 78 0 251 73 0 1 0 0 9 16 2 5 0 0 0 0
9 143 27 9 366 316 3836 50 18 351 686 6 53 27 1 2305 2014 767 1194 2041 895 779 90440 55 139 81 102 124 65 104 22 25048 25251 15 92 98 116 197 90 2310 3987 2096 0 2337 0 7 0 0 0 9 2 14 7 12 170 50 81 71 0 366 316 0 1 0 0 12 19 6 18 0 0 0 0
6 123 9 6 222 102 3984 7 3 374 445 3 31 9 1 1536 690 264 733 970 233 110 99424 2 124 19 29 76 27 76 17 27767 17137 3 30 36 19 19 8 2618 2387 732 0 1597 0 6 7 3 0 1 0 5 2 1 71 7 82 82 0 223 102 0 0 0 0 9 10 3 3 0 1 0 0
4 123 3 3 161 52 4207 1 2 381 257 0 28 3 0 1101 284 213 426 1198 197 24 107078 0 129 0 0 37 18 0 0 28934 9948 0 9 45 8 27 2 2659 2225 231 0 938 0 3 0 0 0 0 0 4 0 0 112 1 83 0 0 161 52 0 0 0 0 11 0 0 2 0 0 0 0
5 122 6 4 179 78 4123 4 3 381 348 0 28 6 0 1132 486 177 513 1408 311 72 103258 1 134 0 0 55 33 0 0 28566 13728 0 10 64 14 50 6 2633 2159 483 0 1285 0 2 0 0 0 1 0 3 0 0 121 4 81 0 0 179 78 0 0 0 0 12 0 0 3 0 0 0 0
11 170 44 11 502 639 3827 112 41 336 815 8 82 44 1 2883 3543 2076 1384 3439 2119 2160 86032 182 333 60 123 146 212 74 52 22557 28998 28 189 144 239 549 276 1987 5962 3192 0 2553 0 6 0 0 0 14 13 33 6 13 307 112 64 71 0 502 639 0 2 0 0 28 17 8 41 0 0 0 0
9 156 26 10 426 384 3919 44 20 349 688 12 68 26 2 2580 2262 1267 1305 2850 1230 868 91664 41 304 127 185 92 129 193 75 24262 24405 28 114 131 113 270 95 2162 4955 1936 0 2162 1 13 15 12 0 6 2 24 8 19 240 44 66 144 0 429 384 0 0 0 0 24 34 12 20 0 2 0 0
11 156 41 14 474 543 3742 90 14 345 853 28 68 43 4 2782 3479 1545 1466 2814 1823 1731 85036 115 347 100 269 129 202 276 192 23242 30023 79 148 142 89 180 95 2103 4924 3061 12 2705 3 16 0 0 22 2 0 15 11 17 233 90 63 311 0 474 543 1 1 0 0 26 41 28 14 0 0 2 0
8 133 19 9 274 213 3865 25 4 359 622 10 44 19 2 1904 1314 525 788 1384 570 394 93187 16 115 80 129 77 45 163 47 26014 22932 18 43 61 19 42 14 2476 3267 1512 0 2173 1 5 10 10 0 1 0 2 10 6 121 25 81 153 0 275 213 0 0 0 0 9 27 10 4 0 2 0 0
10 160 32 13 460 466 3845 58 20 346 788 24 73 34 4 2727 2677 1527 1313 2960 1506 1161 88673 58 332 197 323 125 171 369 166 23429 27104 52 146 140 128 235 104 2089 5260 2376 12 2387 4 15 9 11 28 4 3 34 15 25 246 58 58 296 0 464 468 0 0 1 0 29 58 24 20 0 2 2 0
13 183 62 16 589 898 3711 183 46 317 1008 34 99 65 4 3238 4900 2931 1622 3804 2829 3580 80720 343 352 296 564 157 247 385 198 20710 33444 126 273 162 263 601 363 1759 6944 4416 23 2860 1 12 15 14 47 13 11 41 24 56 344 183 59 269 0 592 901 2 3 3 2 29 73 34 46 0 2 3 0
8 151 18 10 391 286 4003 21 11 352 623 13 63 19 3 2258 1681 1000 1137 2910 1052 458 94919 11 263 165 194 93 92 292 97 25037 21791 18 94 133 56 164 38 2207 4526 1344 4 1922 2 10 19 12 14 4 1 16 9 10 240 21 66 224 0 392 288 0 0 1 2 21 46 13 11 0 3 1 0
7 143 15 6 358 231 4034 20 12 370 501 0 51 15 0 2177 1472 777 1130 2409 792 414 97519 15 318 0 0 102 106 0 0 26268 19013 0 76 100 71 162 48 2352 3847 1137 0 1680 0 11 0 0 0 3 0 24 0 0 192 20 68 0 0 358 231 0 0 0 0 26 0 0 12 0 0 0 0
8 145 19 9 366 272 3956 25 13 358 607 10 55 19 2 2273 1710 860 1111 2414 948 496 94321 16 228 58 109 120 96 151 71 25449 22104 18 69 101 73 168 48 2298 4066 1444 0 1987 1 10 9 5 0 4 2 16 8 11 199 25 70 157 0 367 272 0 0 0 0 20 24 10 13 0 1 0 0
11 168 40 15 501 571 3828 82 30 332 877 36 86 42 5 2899 3272 1785 1370 3539 1944 1570 86174 91 322 264 500 110 165 460 222 22478 29393 99 145 160 169 423 165 1935 5892 2935 12 2559 7 14 35 37 26 6 5 36 19 48 308 82 56 357 0 506 577 1 1 5 2 26 77 36 30 0 6 2 0
8 148 21 7 375 316 3967 35 13 359 580 0 57 21 0 2357 1894 1058 1127 2472 1073 731 94385 35 291 0 0 94 114 0 0 25363 21804 0 95 112 75 173 59 2301 4293 1582 0 1962 0 6 0 0 0 4 2 16 0 0 209 35 72 0 0 375 316 0 1 0 0 22 0 0 13 0 0 0 0
6 133 8 7 287 117 4070 5 9 367 448 4 41 9 2 1817 758 388 954 1867 387 98 100467 1 161 44 41 94 33 150 30 27168 16472 2 40 88 59 108 17 2451 3083 620 2 1477 0 4 12 1 12 4 0 11 3 5 146 5 78 162 0 288 118 0 0 1 3 13 23 4 9 0 1 1 0
9 152 27 9 451 377 3896 50 20 349 673 6 63 27 1 2640 2493 1143 1475 2965 1222 947 91226 55 258 49 82 139 104 88 36 24615 24636 15 126 153 132 254 98 2173 4602 2033 0 2175 0 8 12 5 0 6 4 22 7 8 221 50 72 74 0 451 377 0 1 1 0 19 15 6 20 0 1 0 0
12 164 51 15 547 666 3657 132 25 339 930 30 79 54 4 3155 4272 1924 1735 2871 1819 2423 82202 212 397 142 332 156 237 315 170 22270 32090 93 216 155 174 276 182 2001 5578 3764 21 2844 3 14 14 16 48 6 2 38 18 32 226 133 57 296 0 548 666 0 1 2 1 30 50 30 25 0 2 3 0
11 158 42 13 487 542 3746 99 20 339 852 18 73 45 3 2891 3431 1532 1561 2816 1702 1771 85094 146 283 126 234 150 160 287 95 23155 29901 45 143 134 136 245 136 2072 5130 3152 18 2680 0 9 26 17 40 4 1 18 17 18 237 100 67 219 0 490 548 0 0 1 1 21 42 18 20 0 3 3 0
13 182 60 18 606 872 3715 167 45 317 1024 46 99 67 6 3269 4920 2820 1671 3923 2860 3287 80819 288 341 276 614 166 239 509 311 20730 33559 152 280 167 263 600 350 1725 6845 4292 45 2834 2 15 17 23 98 10 10 60 27 62 348 169 55 425 0 609 876 6 1 3 2 30 88 46 45 0 3 7 0
7 142 11 10 321 166 4047 7 11 360 562 10 51 14 4 1974 981 544 937 2365 592 144 97829 1 219 186 132 82 58 348 72 26009 19316 6 52 107 60 154 18 2313 3804 856 5 1729 1 4 6 3 38 6 1 13 13 19 202 7 70 307 0 322 167 2 0 0 4 19 60 10 11 0 1 3 0
6 132 10 5 240 136 4063 10 10 371 426 0 39 10 0 1561 771 398 758 1560 430 174 100268 5 161 0 0 71 47 0 0 27303 16427 0 30 64 61 124 30 2524 3036 784 0 1531 0 4 0 0 0 7 0 7 0 0 142 10 80 0 0 240 136 0 1 0 0 14 0 0 10 0 0 0 0
9 133 26 10 311 258 3758 45 9 360 702 10 43 27 2 1995 1743 595 1025 1325 588 629 89591 45 146 68 114 101 63 164 35 25549 25923 20 42 55 82 57 40 2450 3290 2078 5 2474 0 7 0 0 15 2 1 8 7 11 101 45 79 155 0 311 258 0 0 0 0 12 25 10 9 0 0 1 0
10 162 33 12 453 489 3855 64 18 344 783 19 75 34 3 2738 2782 1660 1295 2894 1546 1300 88788 71 296 216 325 129 177 294 122 23338 26960 47 133 112 104 239 96 2087 5438 2441 6 2386 2 16 7 12 12 1 2 21 18 24 255 64 60 210 0 456 491 0 0 0 0 28 55 19 18 0 2 1 0
4 125 3 3 199 54 4223 1 3 380 255 0 30 3 0 1229 315 222 623 1489 203 24 107250 0 166 0 0 53 21 0 0 28867 9820 0 20 74 20 47 3 2605 2345 228 0 893 0 7 0 0 0 1 0 3 0 0 126 1 81 0 0 199 54 0 0 0 0 12 0 0 3 0 0 0 0
9 145 25 11 369 330 3832 38 9 349 696 18 58 25 3 2355 2030 980 1200 1993 926 717 90722 28 193 65 178 113 85 200 119 24708 25090 39 95 73 53 109 44 2318 4203 1911 0 2303 3 4 17 17 0 1 0 6 8 8 163 38 73 236 0 370 330 0 0 1 0 14 31 18 9 0 3 0 0
8 142 20 8 373 277 3946 30 11 354 593 5 51 20 1 2204 1848 787 1194 2540 977 580 93974 25 169 6 33 121 57 47 42 25692 22286 10 85 131 79 156 53 2312 3807 1532 0 2009 0 5 0 0 0 5 0 15 0 2 193 30 80 84 0 373 277 0 0 0 0 12 7 5 11 0 0 0 0
8 152 21 7 424 326 4002 35 20 352 576 0 61 21 0 2509 2040 1106 1303 3011 1132 721 94757 35 240 0 0 147 94 0 0 25175 21546 0 117 136 126 288 94 2206 4548 1565 0 1888 0 5 0 0 0 10 2 18 0 0 240 35 74 0 0 424 326 0 1 0 0 19 0 0 20 0 0 0 0
8 147 20 8 422 297 3969 30 10 353 596 5 58 20 1 2398 1965 933 1429 2966 1038 620 94346 25 220 52 71 132 77 113 32 25425 21979 10 118 150 80 141 44 2237 4193 1513 0 1924 0 11 19 9 0 4 0 15 2 4 212 30 74 74 0 423 297 0 0 1 0 16 15 5 10 0 2 0 0
9 137 28 8 323 313 3768 56 8 361 673 0 47 28 0 2193 2036 791 1067 1362 688 897 89757 70 182 0 0 107 98 0 0 25383 25551 0 76 69 33 69 42 2453 3612 2199 0 2430 0 9 0 0 0 3 2 7 0 0 109 56 78 0 0 323 313 0 0 0 0 15 0 0 8 0 0 0 0
14 164 74 17 498 822 3479 243 39 322 1070 42 81 75 4 3193 4823 2060 1459 2420 2070 3705 75943 510 211 118 421 163 166 275 213 21154 36658 190 194 110 210 369 350 2022 5692 5435 10 3460 5 11 7 17 12 5 11 27 14 38 214 243 70 294 0 499 823 0 0 4 0 17 44 42 39 0 2 1 0
12 171 51 15 557 702 3718 130 40 334 929 34 85 52 4 3194 4177 2149 1649 3361 2107 2418 82895 199 406 183 425 153 242 328 211 21889 31678 118 217 153 264 474 279 1917 6053 3702 8 2754 5 12 6 7 17 14 10 54 18 46 279 130 56 291 0 558 702 0 1 2 1 32 56 34 40 0 1 1 0
15 186 82 23 611 1096 3533 263 51 304 1194 94 106 89 9 3354 5955 3338 1705 3568 3181 4835 75022 506 335 384 1149 143 278 685 589 19287 37811 403 280 163 304 591 452 1675 7201 5789 62 3260 23 14 21 37 78 16 15 44 21 94 323 264 52 632 0 618 1101 6 0 6 9 28 120 94 51 0 4 7 0
10 161 31 14 454 447 3866 51 22 331 802 31 78 33 5 2678 2564 1467 1301 3066 1502 991 88946 41 186 230 409 137 86 422 204 23224 27069 65 139 132 112 274 94 2048 5407 2306 12 2385 8 6 45 37 22 4 5 19 16 42 267 51 66 366 0 457 451 0 0 1 1 16 73 31 22 0 6 2 0
13 176 62 16 562 837 3669 181 39 321 1007 38 95 63 4 3213 4771 2504 1503 3551 2583 3312 80144 329 279 245 554 151 211 363 207 21096 33824 152 218 152 229 490 305 1842 6493 4466 9 2973 5 14 31 46 17 9 8 49 20 57 310 181 59 274 0 565 839 0 1 2 0 26 65 38 39 0 5 1 0
8 150 19 9 412 302 3965 26 12 357 604 8 60 20 2 2529 1897 1102 1278 2632 985 588 94588 19 302 75 94 113 104 167 62 25110 21755 12 99 117 85 150 42 2243 4455 1419 4 1907 0 14 4 4 13 2 2 27 2 10 203 26 66 155 0 413 303 0 0 0 2 24 26 8 12 0 1 1 0
8 142 19 9 381 246 3931 25 15 355 614 10 52 19 2 2233 1671 651 1262 2382 754 432 93951 16 199 87 129 117 56 175 59 25649 22363 18 77 106 112 193 51 2298 3843 1468 0 2000 1 6 8 3 0 5 3 16 14 11 177 25 76 153 0 383 246 0 1 2 0 14 28 10 15 0 1 0 0
9 147 27 9 384 340 3833 50 23 356 674 6 58 27 1 2383 2120 977 1199 2045 850 831 90677 55 270 22 58 121 109 70 35 24783 24903 15 89 84 138 243 116 2303 4330 2067 0 2279 0 11 4 5 0 6 4 30 2 8 163 50 70 78 0 386 340 0 1 1 0 21 11 6 23 0 1 0 0
11 167 40 15 515 570 3796 82 31 329 874 36 82 42 5 3098 3374 1835 1488 3307 1792 1576 85972 92 251 254 470 167 146 429 229 22461 29409 96 165 135 197 394 176 1956 5799 2933 14 2555 8 10 19 22 29 7 5 28 21 54 276 82 63 364 0 515 571 0 1 1 1 22 73 36 31 0 3 2 0
4 109 2 4 116 17 4110 0 0 383 282 1 14 2 1 813 140 32 454 412 31 0 105801 0 0 28 11 38 0 86 3 29763 11099 0 1 23 0 0 0 2790 1144 173 0 1033 0 0 0 0 0 0 0 0 2 0 28 0 92 84 0 116 17 0 0 0 0 0 11 1 0 0 0 0 0
11 166 40 15 508 554 3816 82 27 331 888 36 82 42 5 2932 3299 1641 1466 3472 1863 1524 85988 92 263 318 566 138 144 473 209 22633 29601 96 165 147 165 379 138 1935 5703 2959 14 2576 8 8 24 23 23 9 5 29 29 51 298 82 61 350 0 513 558 0 1 5 2 23 86 36 27 0 4 2 0
8 141 17 11 367 226 3914 19 10 350 641 12 50 21 4 2277 1555 672 1252 2124 679 338 93978 10 157 172 158 119 38 350 82 25482 22488 13 61 106 67 114 36 2303 3795 1335 9 2020 0 12 0 0 51 2 1 5 18 9 159 20 79 310 0 367 226 2 0 0 2 10 54 12 10 0 0 4 0
7 134 14 7 317 178 3966 16 9 363 524 4 42 14 1 2044 1257 490 1093 1777 499 276 96734 9 161 42 50 105 44 93 22 26634 19695 6 48 79 63 113 30 2437 3219 1101 0 1788 0 11 0 0 0 3 0 7 3 6 132 16 81 78 0 317 178 0 0 0 0 11 14 4 9 0 0 0 0
11 157 39 16 483 501 3722 77 13 337 905 38 69 44 6 2882 3242 1464 1501 2656 1419 1375 85115 85 294 312 563 130 142 570 229 22994 30183 84 132 113 88 136 75 2058 5058 2967 30 2690 9 15 0 0 60 2 0 13 41 27 210 78 66 434 0 483 501 1 0 0 2 21 94 38 13 0 0 5 0
16 191 97 23 654 1284 3457 357 54 302 1253 92 110 103 8 3529 7044 3839 1730 3521 3510 6506 72252 832 402 394 1233 165 363 626 553 18662 39527 445 372 164 302 635 555 1617 7519 6756 65 3401 20 18 14 23 82 8 13 42 33 102 324 358 51 546 0 656 1285 2 2 2 2 32 116 92 54 0 2 6 0
9 161 24 12 470 380 3967 36 20 344 718 16 75 28 4 2659 2229 1370 1381 3395 1371 770 92310 29 331 273 241 123 136 394 111 23943 24244 25 141 150 130 254 78 2038 5295 1799 13 2067 0 11 29 17 54 5 3 24 20 27 281 37 59 287 0 473 386 2 0 1 4 26 69 16 20 0 4 4 0
13 155 60 18 497 644 3500 164 23 335 1024 52 73 64 6 3048 4293 1516 1586 2050 1385 2447 78370 269 284 152 510 154 180 408 266 22096 35047 185 185 105 147 203 181 2096 5041 4504 29 3271 9 7 22 33 33 3 3 27 14 37 159 165 63 451 0 500 650 2 0 1 1 21 61 52 23 0 4 4 0
5 123 6 4 203 83 4087 4 2 378 347 0 29 6 0 1385 531 260 679 1070 229 79 103119 1 129 0 0 59 26 0 0 28381 13622 0 23 41 14 23 4 2641 2306 479 0 1259 0 8 0 0 0 0 0 4 0 0 84 4 83 0 0 203 83 0 0 0 0 10 0 0 2 0 0 0 0
7 149 14 7 391 244 4095 16 10 359 516 4 57 14 1 2286 1480 943 1218 3023 967 383 98241 9 259 86 79 133 83 115 31 25852 18691 6 99 139 61 160 32 2240 4260 1034 0 1618 0 9 0 0 0 0 1 16 12 5 246 16 70 71 0 391 244 0 1 0 0 22 21 4 10 0 0 0 0
10 158 35 10 466 504 3827 77 18 345 740 7 71 35 1 2819 3120 1641 1451 2741 1607 1555 88286 105 296 15 53 119 155 57 53 23680 27030 21 141 136 109 219 115 2143 5109 2593 0 2411 0 16 12 13 0 5 2 26 0 3 234 77 67 79 0 467 504 0 0 1 0 23 8 7 18 0 2 0 0
8 148 16 12 365 247 3966 13 11 351 647 20 60 17 6 2331 1413 861 1066 2340 827 285 94721 3 226 196 247 85 80 403 149 24998 22016 18 80 110 74 157 29 2245 4352 1200 4 1958 6 14 12 11 16 1 1 9 15 21 204 13 65 407 4 368 250 0 2 1 0 19 67 20 11 0 3 1 1
11 154 41 14 449 495 3710 90 23 339 861 28 69 43 4 2737 3144 1322 1406 2474 1413 1482 84789 115 239 138 306 135 125 264 158 23254 30146 79 121 123 156 245 143 2142 4874 3100 12 2757 3 6 19 19 28 7 5 20 10 20 204 90 68 302 0 450 497 1 1 3 0 18 47 28 23 0 3 2 0
11 142 42 13 364 413 3650 98 16 350 865 20 55 44 3 2380 2636 852 1153 1863 1127 1317 83735 140 188 121 250 106 108 241 79 24027 30907 57 72 92 99 148 105 2299 4000 3277 12 2975 0 9 6 6 25 3 3 21 12 13 156 98 73 224 0 364 415 1 0 0 1 16 39 20 16 0 1 2 0
11 171 39 16 547 594 3831 77 34 334 882 38 83 44 6 3009 3533 2028 1648 3710 2001 1601 86386 85 396 264 482 132 210 499 275 22297 29221 84 182 154 211 454 193 1885 6000 2834 30 2464 9 20 0 0 74 12 6 55 25 58 305 78 55 443 0 547 594 1 0 0 3 32 85 38 34 0 0 5 0
10 150 31 14 398 394 3769 53 18 349 794 27 63 35 5 2562 2387 1139 1188 2172 1059 952 87838 50 284 105 273 108 133 327 156 23853 27709 48 98 99 104 208 85 2229 4581 2355 21 2534 6 10 11 9 57 3 4 27 7 21 179 54 63 389 0 401 397 0 0 2 4 23 54 27 18 0 2 4 0
6 142 10 5 320 176 4145 10 10 367 416 0 49 10 0 1927 1058 714 985 2597 702 237 101258 5 217 0 0 102 66 0 0 26806 15721 0 50 112 54 146 27 2371 3720 744 0 1395 0 5 0 0 0 4 1 14 0 0 214 10 73 0 0 320 176 0 0 0 0 20 0 0 10 0 0 0 0
