99 0 4450 401 0 0 0 121008 0 0 0 32875 0 2876 90 0 0 0 0 0 0 0 0 2237921 0 0 0 0 0 0 0 0 0 1221978 0 0 0 0 0 0 0 0 215054 0 55571 0 0 0 0 0 0 0 0 0 0 6074 0 0 6771 0 0 18806 0 0 0 0 0 1727 0 405 0 67 2
8 140 17 11 319 225 3898 17 8 355 641 16 49 19 4 2061 1354 680 913 1731 625 317 93796 6 175 154 198 77 56 313 100 25636 22505 19 55 66 47 89 25 2289 3775 1326 6 2069 3 5 0 0 28 2 0 13 15 15 144 17 72 311 0 319 225 1 0 0 0 14 53 16 8 0 0 2 0
12 164 52 14 473 675 3657 139 29 336 913 25 79 53 3 2803 3892 2019 1304 2614 1847 2494 82121 232 297 82 253 115 209 178 157 22331 31937 88 150 120 142 303 226 1999 5666 3824 8 2922 2 9 12 16 14 11 4 40 6 21 226 139 60 226 0 473 676 0 0 1 0 26 33 25 29 0 2 1 0
9 141 22 14 329 254 3809 24 14 349 738 29 54 24 7 2086 1519 700 1003 1659 653 371 90509 9 161 171 297 80 57 430 150 24932 25486 38 55 70 83 113 47 2255 3924 1722 8 2366 9 3 17 14 25 6 0 11 16 35 142 24 67 485 5 330 257 1 0 1 0 14 69 29 14 0 3 2 1
7 142 15 6 321 236 4029 20 7 363 502 0 50 15 0 1978 1423 845 886 2186 838 447 97431 15 220 0 0 85 80 0 0 26352 19041 0 55 80 31 102 25 2304 3817 1137 0 1731 0 5 0 0 0 0 1 10 0 0 188 20 72 0 0 321 236 0 0 0 0 18 0 0 7 0 0 0 0
10 151 34 11 396 425 3773 70 21 349 766 14 63 34 2 2406 2540 1177 1201 2198 1152 1197 87614 85 204 80 169 108 127 154 74 24138 27528 40 108 79 100 232 116 2166 4661 2580 0 2546 1 8 6 6 0 7 3 27 9 20 185 70 66 150 0 397 425 0 1 1 0 21 27 14 21 0 1 0 0
11 153 40 15 412 482 3687 83 20 342 872 34 68 43 5 2562 2857 1305 1196 2098 1237 1392 84621 97 255 146 357 90 145 332 185 23327 30177 87 107 84 111 213 119 2108 4869 3030 19 2792 6 6 14 17 35 6 1 24 14 33 181 83 61 380 0 415 487 1 1 2 1 21 57 34 20 0 3 3 0
10 156 33 12 437 449 3809 64 15 349 789 19 68 34 3 2612 2752 1399 1233 2530 1309 1193 88129 71 294 229 327 117 168 300 111 23885 27380 47 93 125 93 175 83 2069 4985 2486 6 2458 2 11 4 6 14 1 1 19 21 16 215 64 60 211 0 440 449 0 1 1 1 27 55 19 15 0 1 1 0
10 163 34 11 476 512 3880 70 23 340 757 14 76 34 2 2700 3040 1726 1313 3277 1778 1441 88812 85 264 103 197 121 155 178 99 23575 26783 40 133 144 125 325 135 1973 5456 2491 0 2351 1 10 13 12 0 8 3 28 9 13 281 70 63 146 0 478 512 0 0 2 0 24 30 14 23 0 2 0 0
5 131 6 4 248 103 4164 4 4 375 339 0 37 6 0 1563 613 385 726 1843 395 95 103911 1 190 0 0 75 42 0 0 28132 13034 0 42 71 22 58 8 2437 2857 457 0 1177 0 8 0 0 0 3 0 3 0 0 153 4 75 0 0 248 103 0 0 0 0 15 0 0 4 0 0 0 0
9 150 25 11 401 354 3854 39 12 353 696 16 63 26 3 2448 2138 1144 1179 2205 989 769 91010 32 294 106 184 105 136 220 116 24630 24781 31 109 94 83 139 59 2180 4555 1889 5 2224 2 12 18 15 9 3 1 12 8 10 181 39 61 231 0 402 357 0 1 0 0 24 36 16 12 0 3 1 0
8 138 19 9 333 241 3876 26 8 359 611 8 49 20 2 2054 1576 700 1047 1637 610 469 93414 19 167 48 77 103 69 142 49 25919 22549 12 60 80 55 83 29 2324 3636 1485 4 2071 0 4 12 8 11 1 1 10 7 7 126 26 73 159 0 335 241 0 0 0 0 14 21 8 9 0 2 1 0
10 147 32 13 391 379 3739 57 18 348 784 26 62 33 4 2384 2384 1016 1209 1866 906 936 87373 53 202 88 242 99 113 264 142 24242 27836 62 90 86 104 182 86 2193 4409 2455 6 2570 5 11 23 23 10 5 3 22 12 26 154 57 64 311 0 391 380 0 0 2 0 18 41 26 19 0 4 1 0
6 133 10 5 271 134 4057 10 13 366 425 0 40 10 0 1579 866 422 838 1688 391 168 100186 5 121 0 0 100 28 0 0 27407 16356 0 39 78 65 135 33 2408 3119 783 0 1499 0 4 0 0 0 7 2 10 0 0 135 10 80 0 0 271 134 0 1 0 0 10 0 0 13 0 0 0 0
9 142 25 11 361 307 3809 39 10 349 703 16 53 26 3 2239 1974 878 1113 1806 810 683 90353 32 123 90 171 111 58 220 90 25069 25316 31 76 84 71 86 42 2254 3972 1938 5 2342 2 6 8 6 14 2 1 7 8 15 142 39 75 234 0 361 307 0 1 0 0 11 35 16 10 0 1 1 0
10 158 31 14 422 449 3845 55 24 344 787 23 69 37 5 2474 2549 1442 1091 2779 1551 1108 88612 55 279 145 218 101 158 310 189 23631 27144 42 108 130 126 300 117 2038 5104 2319 25 2429 0 12 0 0 63 6 5 35 7 34 247 56 59 390 0 422 449 2 0 0 2 26 55 23 24 1 0 6 0
8 149 20 8 374 307 3963 30 13 351 594 5 58 20 1 2269 1807 1089 1060 2417 997 637 94408 25 198 50 69 90 77 80 37 25308 21752 10 85 101 81 172 56 2197 4408 1500 0 1961 0 9 0 0 0 3 1 13 6 6 203 30 74 76 0 374 307 0 0 0 0 16 15 5 13 0 0 0 0
5 126 5 5 219 68 4115 2 5 371 360 2 33 5 1 1390 443 212 640 1346 194 35 103409 0 71 59 29 67 13 104 11 28305 13446 1 19 68 24 60 4 2495 2542 397 0 1234 0 2 6 2 0 1 1 3 4 3 108 2 81 77 0 220 68 0 0 0 0 7 16 2 5 0 1 0 0
10 147 35 10 373 407 3739 77 21 350 756 7 59 35 1 2415 2538 1075 1062 1832 971 1233 87189 105 215 37 82 111 111 72 34 24386 27741 21 79 77 88 222 105 2229 4397 2687 0 2610 0 8 7 7 0 4 11 19 3 9 156 77 71 75 0 374 407 0 1 0 0 17 13 7 21 0 1 0 0
6 129 10 5 257 124 4029 10 10 370 429 0 36 10 0 1607 811 358 823 1437 350 162 99808 5 115 0 0 74 27 0 0 27674 16666 0 34 56 68 80 24 2455 2813 796 0 1533 0 6 0 0 0 7 2 13 0 0 111 10 81 0 0 257 124 0 0 0 0 10 0 0 10 0 0 0 0
7 149 12 9 365 217 4103 9 6 352 543 10 61 13 3 2115 1217 890 1010 2949 922 230 98398 2 221 154 149 88 60 279 92 25820 18747 8 79 120 35 100 14 2141 4339 891 3 1642 2 8 23 13 9 0 0 7 22 9 255 9 66 224 0 369 220 0 0 0 1 17 48 10 6 0 4 1 0
8 138 19 9 324 232 3886 26 11 361 618 8 47 20 2 2011 1521 621 967 1747 611 438 93457 19 202 90 101 95 72 154 41 25955 22584 12 55 81 66 127 38 2318 3602 1493 4 2088 0 6 0 0 14 3 2 11 8 11 136 26 72 154 0 324 232 0 0 0 0 16 28 8 11 0 0 1 0
10 153 34 11 417 447 3797 70 20 345 760 14 65 34 2 2515 2678 1299 1176 2474 1346 1288 87828 85 223 75 144 119 118 142 84 24054 27405 40 117 116 116 221 107 2116 4779 2559 0 2504 1 9 6 5 0 4 4 27 5 17 207 70 68 154 0 418 447 0 0 2 0 19 23 14 20 0 1 0 0
8 151 21 7 381 332 3979 35 14 355 577 0 60 21 0 2273 1917 1192 1087 2555 1104 763 94529 35 241 0 0 103 107 0 0 25278 21568 0 102 96 73 198 67 2193 4541 1565 0 1936 0 14 0 0 0 3 1 19 0 0 218 35 70 0 0 381 332 0 0 0 0 21 0 0 14 0 0 0 0
10 151 34 11 443 433 3757 70 18 350 764 14 63 34 2 2673 2802 1236 1393 2231 1089 1239 87521 85 312 76 159 103 134 168 81 24192 27560 40 136 88 124 181 101 2137 4639 2575 0 2495 1 11 7 7 0 3 3 31 4 16 169 70 65 152 0 444 433 0 1 0 0 22 25 14 18 0 1 0 0
9 159 24 12 450 370 3944 35 20 338 716 18 73 27 4 2523 2200 1322 1228 3117 1252 718 92000 26 213 242 269 121 82 371 123 24125 24326 30 109 138 120 246 82 1991 5188 1791 11 2109 1 7 21 16 39 8 2 23 26 27 262 35 64 291 0 454 377 2 0 1 3 18 65 18 20 0 4 3 0
9 153 28 8 443 401 3878 56 20 349 657 0 63 28 0 2621 2550 1302 1339 2642 1177 1089 91055 70 234 0 0 140 104 0 0 24687 24477 0 136 114 127 238 114 2127 4720 2099 0 2178 0 6 0 0 0 3 2 25 0 0 203 56 71 0 0 443 401 0 2 0 0 19 0 0 20 0 0 0 0
11 166 43 12 492 607 3785 105 34 338 827 14 79 44 2 2844 3470 1915 1328 3149 1874 1987 85570 161 313 59 164 130 185 134 108 22853 29270 42 176 135 203 440 235 1946 5716 3151 7 2599 0 14 2 6 8 7 8 46 7 11 268 105 61 150 0 494 608 0 1 1 0 27 25 14 34 0 1 1 0
8 139 20 8 308 258 3890 30 8 360 603 5 48 20 1 1960 1575 761 931 1585 704 547 93490 25 165 43 66 93 84 82 30 25888 22448 10 57 67 32 94 33 2346 3702 1554 0 2095 0 5 0 0 0 1 1 3 5 4 140 30 75 77 0 308 258 0 0 0 0 15 14 5 8 0 0 0 0
12 165 52 14 499 703 3688 139 20 333 910 25 81 53 3 2885 4101 2119 1410 2963 2215 2674 82301 232 289 69 246 133 202 190 170 22340 31912 88 197 144 120 246 160 1949 5677 3805 8 2883 2 12 14 24 11 2 1 25 4 13 257 139 61 227 0 503 704 0 1 2 0 24 31 25 20 0 3 1 0
11 161 42 13 422 555 3762 96 28 341 849 24 75 42 3 2584 3024 1666 1106 2658 1738 1718 85321 129 271 134 311 94 189 225 146 23052 29635 78 115 108 122 324 174 2037 5409 3113 0 2718 3 6 14 14 0 8 7 28 9 25 249 96 60 220 0 423 555 0 0 2 0 26 42 24 28 0 2 0 0
12 166 51 15 518 673 3675 132 30 329 931 30 81 54 4 2907 4073 2018 1501 2941 1888 2418 82343 212 257 166 351 147 165 343 171 22220 31928 93 168 119 165 342 211 1909 5777 3754 21 2850 3 10 13 12 40 4 5 40 15 38 241 133 62 293 0 520 677 0 0 2 2 22 53 30 30 0 2 3 0
9 151 25 11 370 358 3901 39 12 346 700 16 63 26 3 2265 1983 1126 954 2487 1247 783 91326 32 190 138 211 96 95 232 108 24573 24744 31 96 90 65 159 53 2145 4604 1883 5 2254 2 6 12 10 14 2 1 14 7 14 225 39 69 227 0 371 359 0 0 1 0 17 41 16 12 0 2 1 0
10 163 34 11 436 515 3848 70 25 349 752 14 75 34 2 2612 2820 1819 1184 2665 1587 1462 88658 85 386 72 158 77 216 137 103 23456 26696 40 120 101 120 313 144 2050 5526 2486 0 2384 1 13 1 6 0 7 4 39 5 17 248 70 55 152 0 436 515 0 0 1 0 33 25 14 25 0 1 0 0
12 176 51 15 554 761 3753 130 30 326 931 34 92 52 4 2999 4274 2600 1526 3575 2447 2690 83227 199 329 225 492 137 239 360 223 21705 31351 118 222 141 175 382 213 1788 6469 3653 8 2703 5 13 17 22 17 8 3 30 23 42 309 130 55 282 0 556 763 0 0 3 0 29 63 34 30 0 3 1 0
8 140 18 10 340 237 3899 23 6 350 631 9 50 21 3 2172 1568 721 1069 1833 669 430 93715 16 85 143 124 103 33 249 54 25704 22489 9 56 83 37 67 22 2274 3774 1417 9 2058 0 3 6 2 38 1 0 2 11 5 146 24 78 229 0 341 239 0 0 1 1 8 43 9 6 0 1 3 0
12 161 50 16 492 616 3635 122 30 330 943 41 76 52 5 2901 3774 1761 1490 2495 1599 2072 81952 173 223 159 445 135 134 357 227 22410 32251 135 159 114 182 270 199 1970 5441 3713 14 2921 7 10 13 14 22 7 5 36 20 51 205 122 64 373 0 497 618 1 2 2 1 19 60 41 30 0 2 2 0
8 139 15 13 322 200 3891 13 6 355 661 15 50 21 7 2043 1268 609 952 1654 550 248 93844 4 179 192 170 75 64 426 103 25587 22628 13 52 82 33 66 14 2279 3719 1190 8 2061 1 5 13 6 69 1 0 8 17 15 136 15 67 491 2 322 204 3 0 0 1 15 72 17 6 0 2 6 1
6 137 10 5 310 164 4091 10 6 366 421 0 44 10 0 1896 1041 615 925 2141 577 228 100576 5 197 0 0 93 45 0 0 27213 16085 0 52 83 42 83 18 2346 3380 760 0 1436 0 7 0 0 0 0 0 11 0 0 165 10 76 0 0 310 164 0 0 0 0 14 0 0 6 0 0 0 0
8 150 19 9 388 291 3980 26 12 348 615 8 60 20 2 2368 1758 1018 1107 2612 975 543 94616 19 184 149 139 114 63 196 54 25225 21817 12 91 95 70 149 46 2147 4475 1437 4 1935 0 6 5 3 14 4 1 20 11 9 218 26 73 144 0 388 292 0 0 1 0 15 37 8 12 0 1 1 0
11 153 40 15 444 488 3680 83 18 334 872 34 67 43 5 2664 3084 1387 1347 2181 1216 1424 84589 97 146 146 367 143 96 378 197 23307 30190 87 103 86 133 182 105 2078 4858 3026 18 2762 7 7 8 12 32 4 3 12 17 27 173 84 71 381 0 444 490 0 0 0 2 13 57 34 19 0 2 3 0
11 164 42 13 484 591 3777 97 25 334 843 22 78 43 3 2764 3473 1892 1368 2979 1933 1898 85553 135 252 112 259 148 149 209 144 22871 29432 66 164 130 125 292 158 1957 5583 3086 7 2627 2 5 17 15 12 4 5 28 15 26 261 97 63 223 0 488 592 0 2 0 1 22 39 22 25 0 2 1 0
5 125 6 4 227 89 4109 4 2 375 345 0 31 6 0 1420 597 299 713 1377 288 85 103257 1 126 0 0 68 23 0 0 28457 13486 0 23 70 18 24 4 2510 2430 473 0 1228 0 6 0 0 0 0 0 2 0 0 104 4 81 0 0 227 89 0 1 0 0 9 0 0 2 0 0 0 0
7 131 13 8 285 158 3945 12 7 365 536 8 39 13 2 1802 1092 426 880 1508 420 207 96458 4 163 52 82 87 40 157 45 26884 19924 10 33 60 44 80 18 2402 3016 1031 0 1835 1 4 0 0 0 2 0 8 7 10 113 12 77 161 0 285 158 0 0 0 0 11 23 8 7 0 0 0 0
7 133 14 7 269 179 3957 16 6 366 525 4 41 14 1 1732 1121 515 767 1552 507 287 96580 9 165 47 52 75 57 81 23 26806 19726 6 36 66 32 71 20 2415 3188 1103 0 1839 0 7 0 0 0 1 0 5 1 4 124 16 76 78 0 269 179 0 0 0 0 13 14 4 6 0 0 0 0
9 146 27 9 398 357 3843 50 9 351 681 6 56 27 1 2335 2313 1046 1267 2265 1051 935 90550 55 185 62 98 133 86 107 35 25046 25029 15 106 110 63 106 50 2200 4208 2064 0 2282 0 8 0 0 0 1 0 12 8 4 174 50 75 73 0 398 357 0 0 0 0 15 17 6 9 0 0 0 0
12 161 50 16 483 625 3660 123 23 325 946 40 77 51 6 2816 3789 1753 1362 2726 1788 2130 82107 180 173 173 473 145 111 354 242 22407 32311 128 161 102 141 273 160 1954 5422 3713 8 2932 6 9 16 24 8 2 5 19 15 31 231 123 67 382 8 485 626 0 0 0 1 14 65 40 23 0 3 1 1
9 146 26 10 331 302 3861 44 28 355 694 12 58 26 2 2129 1768 790 910 2074 867 641 90782 41 212 79 157 81 103 174 54 24991 25051 28 45 78 118 313 110 2226 4257 2010 0 2343 1 8 8 11 0 9 11 19 5 23 191 44 67 148 0 335 302 0 0 1 0 20 30 12 28 0 2 0 0
17 187 110 26 642 1335 3343 431 59 295 1323 118 108 121 10 3380 7562 3701 1711 3241 3414 7240 69066 1073 273 316 1273 172 304 661 676 18474 41593 598 321 150 314 620 643 1551 7255 7677 111 3673 24 10 20 31 115 11 19 48 24 114 292 435 53 701 0 643 1343 10 1 3 6 25 116 118 59 0 3 11 0
5 125 5 5 207 67 4102 2 6 376 357 2 32 5 1 1369 431 209 596 1182 177 37 103294 0 141 33 21 47 20 76 13 28366 13490 1 14 51 32 69 4 2523 2474 397 0 1249 0 4 6 1 0 3 1 6 2 3 96 2 77 81 0 207 67 0 0 1 0 11 12 2 6 0 1 0 0
4 122 3 3 179 52 4226 1 1 378 258 0 27 3 0 1136 325 177 516 1641 243 25 107028 0 84 0 0 53 13 0 0 29252 10069 0 12 49 4 21 1 2537 2081 232 0 927 0 3 0 0 0 0 0 1 0 0 132 1 83 0 0 179 52 0 0 0 0 7 0 0 1 0 0 0 0
10 160 33 12 452 473 3828 65 24 343 771 17 74 35 3 2631 2714 1548 1261 2729 1384 1269 88475 75 287 132 205 120 158 248 109 23543 26974 40 139 115 145 294 131 2041 5322 2453 10 2401 0 11 20 17 26 8 3 23 10 25 231 65 60 223 0 455 476 1 0 1 1 25 41 17 24 0 3 2 0
11 160 39 16 462 508 3757 80 24 332 892 32 76 47 6 2724 3072 1491 1292 2829 1519 1439 85387 95 235 247 389 111 129 494 182 22961 29912 72 113 123 129 303 125 1953 5336 2964 32 2667 1 8 25 18 88 8 3 22 17 48 242 84 61 440 0 464 519 6 0 3 4 19 84 32 24 0 4 8 0
8 147 21 7 375 310 3934 35 13 362 581 0 56 21 0 2328 1910 1067 1116 2214 909 716 94055 35 305 0 0 95 122 0 0 25547 21859 0 84 89 75 147 59 2243 4263 1588 0 1967 0 9 0 0 0 3 2 22 0 0 177 35 67 0 0 375 310 0 0 0 0 24 0 0 13 0 0 0 0
10 152 33 12 399 412 3776 65 26 343 774 17 65 35 3 2470 2490 1191 1127 2189 1102 1115 87780 75 193 97 171 105 99 212 91 23979 27470 40 94 84 113 267 112 2137 4759 2511 10 2527 0 13 13 11 22 7 12 26 11 31 186 65 68 229 0 401 414 1 0 1 1 17 36 17 26 0 2 2 0
9 144 27 9 348 332 3821 50 17 355 678 6 54 27 1 2203 2009 952 1006 1839 871 833 90379 55 197 31 68 105 97 66 38 25089 25097 15 64 80 106 168 89 2266 4116 2081 0 2342 0 9 0 0 0 4 3 19 1 4 154 50 73 78 0 348 332 0 0 0 0 17 12 6 17 0 0 0 0
10 149 32 13 412 391 3756 58 16 341 792 24 63 34 4 2497 2492 1073 1273 2030 995 977 87570 58 155 150 279 114 73 320 132 24111 27753 52 110 102 102 175 79 2138 4541 2455 12 2542 4 9 15 17 18 1 1 16 7 27 169 58 71 302 0 412 394 0 0 1 1 13 51 24 16 0 3 2 0
11 165 41 14 479 594 3787 90 24 337 852 29 78 41 5 2745 3391 1913 1300 3067 1918 1817 85707 115 308 138 335 113 194 294 214 22784 29423 85 152 121 129 330 157 1955 5647 2990 0 2615 3 11 7 7 0 7 2 28 11 27 269 90 57 317 7 479 594 0 0 1 0 27 49 29 24 0 1 0 1
12 156 50 16 472 579 3611 122 21 334 953 41 71 52 5 2782 3689 1486 1438 2344 1433 1957 81567 174 209 193 493 132 137 400 212 22723 32608 132 139 96 128 223 143 2013 5079 3764 16 3004 8 14 14 17 21 3 2 23 22 38 186 122 66 368 0 474 580 0 0 0 2 18 65 41 21 0 2 2 0
8 141 21 7 302 264 3921 35 18 361 587 0 50 21 0 2009 1505 760 792 1858 838 588 93738 35 197 0 0 80 77 0 0 25863 22263 0 53 67 88 178 72 2322 3824 1629 0 2089 0 4 0 0 0 2 6 25 0 0 170 35 74 0 0 302 264 0 0 0 0 17 0 0 18 0 0 0 0
8 150 19 9 382 313 3993 25 7 348 603 10 60 19 2 2312 1870 1170 1085 2719 1208 608 94735 16 191 75 117 103 81 147 83 25213 21728 18 88 104 34 105 24 2160 4446 1409 0 1942 1 11 9 5 0 1 1 1 6 8 231 25 72 156 0 382 313 0 0 0 0 15 25 10 7 0 1 0 0
9 142 23 13 350 270 3813 29 13 348 736 24 52 26 5 2091 1739 729 1083 1786 680 448 90493 16 150 206 303 109 55 411 131 24961 25432 34 51 75 70 132 51 2224 3966 1809 13 2347 6 3 0 0 35 3 1 8 25 22 144 29 74 382 0 350 270 1 0 0 2 12 68 24 13 0 0 3 0
5 125 6 4 179 81 4102 4 6 381 345 0 31 6 0 1251 458 248 438 1041 213 72 103244 1 153 0 0 37 38 0 0 28408 13443 0 14 33 22 74 9 2564 2480 477 0 1270 0 3 0 0 0 2 1 7 0 0 97 4 77 0 0 179 81 0 0 0 0 15 0 0 6 0 0 0 0
10 156 32 13 415 424 3794 58 29 344 780 24 71 34 4 2555 2461 1333 1129 2314 1128 1033 88147 57 280 115 236 88 127 257 142 23691 27223 55 89 77 161 296 136 2096 5077 2404 10 2462 3 5 16 22 24 11 6 38 13 40 200 58 59 306 0 421 426 1 1 4 1 23 46 24 29 0 4 2 0
8 149 20 8 370 309 3996 30 12 356 590 5 60 20 1 2196 1819 1049 1026 2757 1173 649 94571 25 242 23 48 95 112 58 36 25461 21776 10 83 104 67 182 50 2183 4357 1499 0 1957 0 7 15 10 0 5 1 10 1 7 237 30 67 78 0 371 309 0 0 0 0 21 11 5 12 0 2 0 0
13 187 61 17 578 921 3737 173 52 318 1011 44 104 64 5 3028 4813 3236 1440 3906 2989 3506 81072 302 353 288 629 120 284 433 292 20581 33168 163 225 147 259 681 407 1654 7248 4296 23 2806 5 14 15 26 41 13 10 73 18 76 366 173 47 347 0 583 923 2 0 2 3 35 80 44 52 0 3 3 0
11 159 42 13 471 564 3721 97 17 338 850 22 71 43 3 2783 3466 1722 1391 2570 1580 1846 84970 135 236 132 282 135 155 232 140 23127 29764 66 153 120 99 202 113 2029 5244 3122 7 2693 2 14 0 0 15 0 2 19 9 17 210 97 67 223 0 471 564 0 0 0 0 21 41 22 17 0 0 1 0
6 132 10 5 273 124 4044 10 16 370 426 0 39 10 0 1679 830 376 879 1588 318 153 100050 5 166 0 0 86 30 0 0 27495 16439 0 17 71 104 156 33 2423 3043 790 0 1499 0 8 0 0 0 9 5 20 0 0 123 10 77 0 0 273 124 0 1 0 0 13 0 0 16 0 0 0 0
5 124 6 4 213 86 4091 4 2 382 346 0 30 6 0 1413 570 286 668 1124 244 82 103097 1 179 0 0 57 40 0 0 28536 13556 0 23 51 10 17 4 2546 2373 476 0 1240 0 8 0 0 0 0 0 3 0 0 87 4 75 0 0 213 86 0 1 0 0 15 0 0 2 0 0 0 0
16 172 101 19 577 1130 3335 405 31 320 1210 48 89 103 4 3345 6842 2851 1622 2646 2697 6410 70374 1080 303 175 620 171 322 313 244 20090 40358 259 260 118 175 293 353 1807 6217 7234 22 3812 3 14 0 0 22 5 5 35 9 34 225 405 61 278 0 577 1130 1 0 0 1 27 54 48 31 0 0 2 0
8 142 17 11 323 230 3937 17 8 353 640 16 54 19 4 2034 1340 682 918 2089 768 323 94119 7 162 149 202 77 61 313 93 25589 22394 16 50 90 53 109 23 2244 3918 1318 8 2048 4 7 15 11 31 1 0 7 19 14 184 17 69 307 0 327 233 0 0 1 1 14 54 16 8 0 3 2 0
5 114 6 4 157 60 4040 4 0 380 356 0 20 6 0 1000 447 129 538 627 138 60 102245 1 45 0 0 51 9 0 0 29141 14325 0 12 29 0 0 0 2647 1605 504 0 1348 0 0 0 0 0 0 0 0 0 0 46 4 87 0 0 157 60 0 0 0 0 3 0 0 0 0 0 0 0
10 150 31 14 415 390 3769 54 17 344 796 25 65 36 5 2481 2477 1085 1262 2254 1063 939 87746 51 235 146 263 116 108 337 153 24041 27695 50 103 100 106 201 84 2119 4598 2373 19 2515 1 10 23 18 47 3 2 19 10 23 179 55 63 385 0 418 399 4 0 1 4 18 56 25 17 0 4 5 0
13 180 59 19 574 859 3684 155 33 316 1043 60 96 64 7 3043 4752 2858 1533 3530 2694 3146 80580 236 311 371 835 144 241 600 402 20805 33702 208 238 148 181 418 242 1706 6752 4216 34 2877 12 9 13 18 65 4 4 40 28 72 317 156 54 495 0 576 861 4 1 0 4 28 105 60 33 0 2 5 0
13 173 64 14 559 848 3643 201 34 323 978 18 91 65 2 3084 4994 2487 1525 3374 2541 3653 79662 414 255 111 278 167 207 190 97 21538 33887 72 246 130 191 422 301 1815 6272 4631 9 3025 0 13 15 34 9 6 5 34 11 19 291 201 62 135 0 564 852 0 0 2 1 23 33 18 34 0 4 1 0
11 149 39 16 409 436 3665 74 20 336 890 44 62 41 6 2523 2749 1115 1161 1976 1062 1138 84364 69 157 201 477 124 79 453 226 23478 30504 114 85 94 131 193 101 2118 4563 2988 14 2835 13 4 6 8 22 3 5 11 12 43 161 74 71 456 0 409 436 0 1 0 1 12 71 44 20 0 1 2 0
10 150 35 10 382 443 3760 77 15 349 755 7 61 35 1 2440 2589 1303 1081 2001 1186 1365 87460 105 194 52 99 107 130 96 40 24202 27544 21 84 86 89 148 93 2205 4600 2657 0 2574 0 10 0 0 0 7 2 17 4 6 174 77 71 74 0 382 443 0 0 0 0 19 15 7 15 0 0 0 0
4 119 3 3 167 48 4169 1 0 381 261 0 24 3 0 1102 302 175 478 997 156 24 106535 0 85 0 0 53 14 0 0 29365 10276 0 16 44 0 0 0 2607 1919 237 0 948 0 4 0 0 0 0 0 0 0 0 78 1 83 0 0 167 48 0 0 0 0 7 0 0 0 0 0 0 0
9 142 24 12 371 286 3814 34 13 349 714 20 55 26 4 2282 1904 763 1132 1904 738 558 90421 24 146 116 212 115 64 296 108 25057 25364 32 70 90 91 144 50 2225 3968 1870 10 2322 4 7 17 13 25 2 2 6 15 18 147 34 71 311 0 376 289 0 0 2 0 12 46 20 13 0 3 2 0
7 132 14 7 254 170 3952 16 7 366 528 4 40 14 1 1691 1015 453 687 1430 470 269 96505 9 129 55 59 63 45 87 19 26848 19800 6 37 65 35 76 20 2429 3122 1111 0 1865 0 8 0 0 0 2 1 8 8 5 120 16 77 76 0 254 170 0 0 0 0 12 16 4 7 0 0 0 0
5 122 5 5 210 65 4087 2 4 377 359 2 28 5 1 1380 459 188 659 1193 179 35 103024 0 123 24 19 60 19 77 14 28598 13745 1 11 45 30 44 5 2536 2208 401 0 1255 0 5 0 0 0 2 0 4 4 3 84 2 80 83 0 210 65 0 1 0 0 9 11 2 4 0 0 0 0
11 143 41 14 372 425 3622 89 13 342 865 30 57 42 4 2354 2710 1018 1156 1533 922 1294 83718 110 138 85 285 113 72 252 147 23916 30775 88 83 68 82 109 87 2231 4158 3173 7 2948 5 6 14 15 14 2 1 8 10 14 126 89 74 310 0 372 426 0 0 0 0 10 40 30 13 0 2 1 0
10 160 33 12 478 458 3855 64 29 342 780 19 72 34 3 2672 2779 1412 1402 3121 1475 1178 88548 71 265 182 287 129 138 305 107 23730 27102 47 136 134 197 363 143 1972 5225 2455 6 2378 2 10 8 5 21 8 9 33 12 31 257 64 62 216 0 479 459 0 1 1 0 24 50 19 29 0 1 1 0
9 148 25 11 379 329 3882 39 18 350 701 16 59 26 3 2292 2003 943 1107 2460 1084 691 91044 32 231 102 191 101 91 224 98 24826 24968 31 75 103 112 228 79 2154 4344 1907 5 2270 2 11 8 6 15 7 3 23 6 20 209 39 68 230 0 380 329 0 0 0 0 18 39 16 18 0 1 1 0
13 156 59 19 467 646 3521 156 26 329 1032 58 71 65 7 2779 4000 1599 1424 2184 1562 2397 78530 245 180 149 534 130 139 423 304 22079 34996 189 153 111 168 228 198 2004 5098 4428 45 3274 12 6 6 9 64 6 5 31 13 45 178 157 67 531 0 470 647 3 0 0 2 17 70 58 26 0 1 6 0
9 143 27 9 359 333 3816 50 11 354 681 6 54 27 1 2229 2106 947 1120 1844 902 855 90294 55 181 46 82 105 89 80 35 25165 25187 15 83 95 63 89 61 2266 4042 2086 0 2343 0 7 9 6 0 4 1 11 3 2 150 50 73 75 0 359 333 0 0 0 0 15 14 6 11 0 1 0 0
10 150 34 11 398 432 3755 70 15 350 766 14 61 34 2 2484 2632 1273 1125 1978 1118 1247 87493 85 235 76 170 98 140 167 84 24177 27590 40 91 98 85 153 90 2183 4592 2579 0 2549 1 9 0 0 0 3 1 21 6 12 168 70 67 152 0 398 432 0 0 0 0 21 26 14 15 0 0 0 0
9 140 23 13 349 266 3799 30 9 347 730 22 53 27 5 2151 1718 691 1082 1659 660 486 90321 18 104 157 248 110 40 389 115 25068 25532 32 72 77 49 88 30 2251 3844 1817 14 2357 3 7 18 12 41 1 1 8 23 16 133 30 73 387 0 353 271 3 0 1 3 9 60 22 9 0 3 4 0
9 150 24 12 383 332 3872 34 16 345 710 21 63 24 5 2372 1937 1031 1116 2312 1001 648 91189 23 212 144 236 87 84 287 135 24539 24817 39 102 85 93 197 66 2151 4561 1812 0 2244 3 13 13 15 0 3 0 15 12 28 197 34 67 323 5 385 332 0 0 1 0 16 52 21 16 0 3 0 1
10 141 35 10 372 373 3704 77 15 356 760 7 53 35 1 2344 2459 869 1186 1635 842 1136 86646 105 199 26 72 119 106 64 33 24816 28174 21 92 75 109 132 92 2275 3924 2727 0 2665 0 12 10 6 0 5 2 24 2 5 127 77 71 77 0 375 373 0 0 1 0 17 11 7 15 0 1 0 0
4 117 3 3 171 40 4151 1 2 384 263 0 22 3 0 1059 274 122 582 885 106 18 106313 0 103 0 0 52 12 0 0 29528 10448 0 15 45 17 16 2 2618 1757 243 0 949 0 4 0 0 0 1 0 4 0 0 62 1 82 0 0 171 40 0 0 0 0 8 0 0 2 0 0 0 0
8 154 20 8 383 331 4011 30 16 355 587 5 64 20 1 2284 1827 1250 1058 2745 1190 675 94967 25 272 38 60 98 121 83 43 25061 21399 10 98 97 76 231 72 2149 4757 1473 0 1905 0 12 6 5 0 4 1 23 2 5 246 30 64 77 0 384 331 0 1 0 0 25 13 5 16 0 1 0 0
7 154 15 6 370 284 4156 20 13 360 490 0 62 15 0 2124 1529 1204 965 3359 1292 519 98747 15 288 0 0 92 108 0 0 25800 18203 0 94 133 55 211 49 2134 4612 1083 0 1601 0 3 0 0 0 6 1 23 0 0 303 20 63 0 0 370 284 0 2 0 0 27 0 0 13 0 0 0 0
7 131 12 9 295 145 3940 10 6 367 551 9 39 12 4 1778 1022 400 1000 1511 396 168 96502 3 174 108 106 83 45 276 52 26858 19969 9 35 62 38 49 13 2383 3012 953 0 1823 0 9 0 0 0 0 1 9 11 8 107 10 73 257 3 295 145 0 1 0 0 14 38 9 6 0 0 0 1
12 149 49 17 429 527 3566 119 18 336 950 39 63 55 7 2643 3428 1308 1297 1857 1191 1812 81061 175 192 103 348 125 111 371 207 23000 32997 109 109 75 107 152 127 2113 4586 3730 32 3113 1 4 9 6 63 3 3 14 13 25 147 121 69 481 6 430 530 3 0 0 1 14 55 41 18 0 1 6 1
10 163 32 13 479 489 3869 58 16 335 794 24 76 34 4 2734 2874 1697 1319 3111 1636 1247 88881 57 224 255 368 139 127 388 159 23387 26953 55 159 156 89 205 78 1950 5485 2361 10 2343 3 9 6 12 34 4 1 18 19 28 267 58 64 287 0 485 490 1 0 1 1 21 67 24 16 0 2 2 0
9 137 25 11 338 274 3783 39 8 352 706 16 50 26 3 2230 1847 668 1032 1565 654 596 89926 32 110 84 169 117 54 236 79 25394 25664 31 58 71 55 86 37 2305 3614 1972 5 2403 2 4 19 15 10 1 0 3 8 10 122 39 75 234 0 338 275 0 0 0 0 9 33 16 9 0 3 1 0
11 155 37 18 421 450 3696 64 27 334 904 48 71 45 8 2586 2628 1275 1179 2184 1132 1059 84989 53 206 240 493 98 117 534 272 23007 30145 99 101 89 153 263 126 2046 5042 2816 37 2737 12 7 24 20 82 5 5 23 22 63 184 65 60 609 0 425 458 8 1 4 4 18 91 48 27 0 4 8 0
9 137 26 10 338 278 3778 44 12 350 700 12 47 26 2 2039 1890 681 1028 1544 630 644 89839 41 81 84 147 140 32 180 52 25437 25648 28 57 73 83 105 57 2309 3599 2050 0 2412 1 3 0 0 0 4 0 6 5 15 117 44 82 153 0 338 278 0 0 0 0 6 27 12 12 0 0 0 0
11 160 39 16 465 536 3756 75 16 333 886 43 73 40 7 2666 3190 1649 1311 2812 1721 1467 85431 74 247 251 536 132 143 464 287 22910 29871 111 134 116 97 193 91 1975 5289 2884 7 2669 11 8 7 7 14 2 1 11 22 33 241 75 62 464 7 465 537 0 1 0 1 20 78 43 16 0 1 1 1
