99 0 4450 401 0 0 0 121069 0 0 0 32753 0 2937 90 0 0 0 0 0 0 0 0 2242482 0 0 0 0 0 0 0 0 0 1213958 0 0 0 0 0 0 0 0 218268 0 54827 0 0 0 0 0 0 0 0 0 0 6512 0 0 6673 0 0 19362 0 0 0 0 0 1785 0 419 0 89 1
10 159 33 12 401 472 3838 63 22 338 773 21 71 33 3 2547 2533 1582 1077 2555 1500 1233 88554 66 198 124 268 102 116 227 140 23418 27025 57 93 106 110 275 125 2139 5252 2443 0 2459 3 3 0 7 0 4 1 23 9 26 241 63 67 224 0 402 472 0 2 0 0 19 42 21 22 0 1 0 0
9 135 23 13 304 243 3779 30 9 351 725 22 47 27 5 2020 1536 572 924 1440 581 444 89999 18 109 97 198 93 41 321 115 25233 25851 32 51 56 50 93 34 2385 3471 1841 13 2440 4 5 19 10 33 1 0 5 12 19 117 31 75 398 0 306 245 2 0 0 1 8 50 22 9 0 2 4 0
5 126 6 4 208 90 4120 4 3 370 344 0 32 6 0 1398 545 315 619 1346 306 84 103446 1 67 0 0 60 12 0 0 28209 13380 0 20 54 18 34 6 2574 2530 471 0 1247 0 2 0 0 0 1 0 3 0 0 114 4 85 0 0 208 90 0 0 0 0 5 0 0 3 0 0 0 0
11 165 40 15 489 545 3792 85 30 332 883 30 81 45 5 2764 3173 1640 1395 3059 1696 1546 85825 105 275 293 431 128 151 441 170 22656 29616 75 164 134 172 379 171 1949 5661 2987 24 2595 1 15 23 20 63 9 6 31 16 42 275 86 58 356 0 495 555 4 0 2 5 24 80 30 30 0 4 5 0
6 132 9 6 292 128 4054 7 7 371 436 3 41 9 1 1790 827 409 1005 1694 418 139 100242 2 211 21 27 84 43 65 20 27354 16494 3 46 86 61 70 14 2459 3018 702 0 1476 0 10 21 4 0 2 0 10 3 3 133 7 73 81 0 296 128 0 0 2 0 15 10 3 7 0 2 0 0
11 155 42 13 440 511 3704 96 23 338 857 24 68 42 3 2706 3131 1396 1259 2345 1363 1588 84739 129 198 141 323 121 114 254 126 23232 30045 78 119 108 133 251 146 2130 4977 3162 0 2767 3 5 8 8 0 5 3 25 15 29 197 96 69 219 0 440 511 0 0 0 0 17 44 24 23 0 1 0 0
7 137 13 8 312 174 3987 13 7 359 540 6 47 14 2 1904 1107 514 978 1912 516 237 97077 6 126 127 92 88 38 200 29 26410 19540 6 53 72 49 78 18 2383 3486 1023 3 1775 0 9 6 6 15 1 1 6 15 7 150 13 75 149 0 313 176 0 0 0 0 11 33 6 7 0 2 1 0
8 150 19 9 374 299 4007 25 14 353 605 10 59 19 2 2284 1767 1011 1067 2762 1146 546 94872 16 223 79 123 94 97 169 79 25200 21763 18 73 98 66 234 55 2214 4406 1416 0 1942 1 14 0 0 0 5 1 16 7 12 245 25 69 155 0 374 299 0 1 0 0 20 27 10 14 0 0 0 0
11 153 41 14 422 509 3693 90 12 342 863 28 67 43 4 2603 3106 1438 1298 2270 1411 1593 84659 115 235 129 328 101 148 287 169 23270 30173 79 114 92 59 124 77 2170 4848 3096 12 2797 3 10 11 14 23 0 1 13 12 14 187 90 64 302 0 422 510 1 0 1 0 20 48 28 12 0 2 2 0
8 144 20 8 325 275 3925 30 12 361 603 5 53 20 1 2114 1556 856 890 1874 795 562 94011 25 255 82 87 78 102 96 26 25483 22125 10 61 69 73 146 52 2352 4063 1533 0 2042 0 9 0 0 0 3 0 14 8 8 170 30 68 72 0 325 275 0 1 0 0 21 19 5 12 0 0 0 0
9 149 25 11 358 338 3877 40 18 352 698 14 60 27 3 2321 1846 987 950 2184 1085 739 91146 35 231 114 155 100 101 224 92 24598 24835 26 90 86 101 228 82 2249 4454 1905 8 2287 0 12 10 3 20 4 1 24 4 19 203 40 65 232 0 360 340 1 1 1 2 21 37 14 18 0 1 2 0
6 125 10 5 219 120 4004 10 4 371 433 0 32 10 0 1471 786 331 682 1104 319 168 99547 5 99 0 0 67 26 0 0 27741 16949 0 21 33 23 41 12 2584 2531 806 0 1594 0 7 0 0 0 0 0 2 0 0 90 10 83 0 0 219 120 0 0 0 0 7 0 0 4 0 0 0 0
11 180 42 13 557 688 3911 97 41 324 838 22 96 43 3 3065 3740 2577 1476 4134 2534 2114 87125 135 304 175 344 134 191 252 170 21944 28492 66 219 170 223 596 253 1789 6696 2975 7 2389 2 16 23 24 13 16 12 39 23 25 380 97 56 210 0 563 688 0 1 6 1 28 50 22 42 0 4 1 0
16 173 92 28 553 1028 3373 306 33 303 1303 130 99 110 14 3153 5835 2644 1486 2803 2724 4752 71292 617 217 348 1406 121 214 856 678 19387 40681 520 227 119 202 304 317 1755 6368 6665 160 3699 35 5 48 87 188 4 6 27 29 80 255 310 47 939 8 565 1050 16 0 5 4 20 151 134 33 1 9 18 1
8 139 20 8 337 254 3892 30 9 358 601 5 50 20 1 2052 1659 725 1105 1811 693 528 93545 25 170 29 55 110 64 76 27 25807 22466 10 66 74 63 104 40 2373 3695 1557 0 2068 0 8 6 10 0 0 0 9 3 5 143 30 74 77 0 339 254 0 0 0 0 13 12 5 9 0 2 0 0
7 130 13 8 265 152 3923 13 5 369 540 6 39 14 2 1714 984 407 888 1217 340 213 96380 6 173 79 72 84 55 158 28 26793 19975 6 37 33 41 46 14 2504 2993 1045 3 1861 0 10 7 3 13 0 0 2 5 6 92 13 73 157 0 266 153 0 1 0 0 14 26 6 5 0 1 1 0
11 163 42 13 497 592 3766 96 18 341 844 24 79 42 3 2901 3562 1860 1535 2926 1855 1908 85424 129 307 114 296 138 211 234 159 22893 29539 78 162 120 117 245 116 2034 5507 3086 0 2615 3 12 31 29 0 4 2 24 13 16 253 96 55 221 0 504 592 0 0 3 0 28 39 24 18 0 4 0 0
12 149 54 12 429 572 3588 156 18 337 907 9 62 54 1 2566 3738 1349 1316 2160 1532 2329 80873 294 124 32 99 145 88 72 41 23250 32874 36 116 105 116 179 150 2193 4535 4108 0 3160 0 8 0 0 0 0 1 10 3 9 174 156 79 75 0 429 572 0 0 0 0 10 12 9 18 0 0 0 0
9 153 24 12 381 350 3901 34 9 350 722 20 67 26 4 2343 1970 1152 1035 2412 1137 689 91541 23 260 240 306 78 121 353 129 24328 24712 35 85 106 43 123 36 2190 4782 1818 8 2232 3 15 18 20 26 3 0 12 18 16 224 34 59 291 0 385 354 1 1 0 2 24 65 20 9 0 4 2 0
5 130 6 4 238 96 4145 4 6 371 340 0 36 6 0 1518 581 358 693 1654 317 84 103787 1 124 0 0 67 25 0 0 28001 13085 0 28 61 36 86 12 2520 2820 462 0 1196 0 4 0 0 0 1 0 5 0 0 135 4 80 0 0 238 96 0 0 0 0 10 0 0 6 0 0 0 0
6 131 10 5 263 142 4070 10 5 372 427 0 38 10 0 1640 886 394 866 1775 520 198 100177 5 150 0 0 83 46 0 0 27532 16545 0 50 83 28 78 15 2489 2905 783 0 1513 0 10 0 0 0 1 0 10 0 0 150 10 77 0 0 263 142 0 0 0 0 14 0 0 5 0 0 0 0
6 134 10 5 264 150 4103 10 7 371 424 0 41 10 0 1661 892 454 742 2043 604 204 100606 5 183 0 0 76 54 0 0 27350 16319 0 37 83 40 114 21 2449 3116 773 0 1495 0 13 0 0 0 1 0 10 0 0 180 10 75 0 0 264 150 0 0 0 0 16 0 0 7 0 0 0 0
7 136 15 6 314 204 3978 20 8 367 508 0 44 15 0 1993 1357 632 1001 1809 620 376 96824 15 185 0 0 93 73 0 0 26642 19495 0 45 88 58 93 32 2423 3372 1168 0 1776 0 10 0 0 0 1 0 7 0 0 143 20 74 0 0 314 204 0 0 0 0 16 0 0 8 0 0 0 0
7 139 14 7 347 197 3990 16 11 360 521 4 47 14 1 2142 1342 634 1164 2024 574 300 97119 9 166 56 59 108 44 103 26 26361 19330 6 62 96 68 130 36 2359 3602 1080 0 1729 0 9 0 0 0 1 1 14 8 5 151 16 76 76 0 347 197 0 0 0 0 13 16 4 11 0 0 0 0
9 148 26 10 404 346 3846 44 13 349 694 12 59 26 2 2547 2229 1053 1274 2188 954 805 90828 41 228 116 179 111 90 207 69 24716 24927 28 95 104 77 143 62 2235 4392 1981 0 2254 1 12 6 6 0 2 1 11 12 13 174 44 71 147 0 405 346 0 0 0 0 16 32 12 13 0 1 0 0
10 168 28 17 441 449 3921 39 17 325 855 35 87 37 9 2635 2321 1696 1162 3180 1586 858 89787 24 190 491 531 97 115 698 254 22660 26847 55 107 127 73 246 68 1933 5972 2102 26 2310 5 8 37 32 127 6 0 12 28 44 313 41 53 593 3 448 466 8 0 1 4 20 137 38 18 0 8 9 1
11 161 40 15 479 531 3743 83 23 333 877 34 78 43 5 2838 3193 1581 1413 2771 1497 1509 85364 97 254 232 437 139 136 437 197 22790 29750 87 141 123 138 273 131 2033 5440 2986 19 2644 6 8 31 31 35 6 2 22 16 36 229 83 60 365 0 486 535 1 1 3 4 20 70 34 24 0 5 3 0
15 169 84 21 581 937 3401 285 41 314 1163 74 92 89 7 3395 5835 2359 1765 2566 2130 4369 73340 608 237 170 705 179 194 456 380 20377 38601 326 258 135 276 378 393 1866 6067 6096 50 3543 15 14 58 67 48 6 9 33 19 62 213 286 58 509 0 588 948 1 0 4 1 19 72 74 42 0 7 5 0
12 170 50 16 544 675 3710 122 38 316 945 41 87 52 5 3096 4024 2081 1525 3264 1975 2220 82840 174 161 234 520 178 98 428 239 21799 31746 132 188 143 247 448 245 1882 6079 3650 16 2778 8 12 23 30 23 10 9 26 22 62 271 122 67 360 0 546 677 0 0 2 3 14 71 41 39 0 4 2 0
8 153 21 7 409 350 4005 35 11 351 575 0 62 21 0 2404 2084 1331 1201 2947 1293 823 94815 35 209 0 0 126 100 0 0 25094 21450 0 115 139 64 157 52 2201 4649 1550 0 1896 0 14 0 0 0 1 1 12 0 0 242 35 71 0 0 409 350 0 1 0 0 19 0 0 11 0 0 0 0
10 160 32 13 441 474 3833 59 14 342 788 22 75 35 4 2648 2677 1604 1291 2647 1463 1224 88616 61 284 190 302 93 151 324 152 23380 27043 48 140 115 79 165 78 2099 5344 2379 14 2407 1 17 19 22 39 5 0 22 11 19 236 59 58 294 0 448 480 2 0 0 1 25 58 22 14 0 4 3 0
8 135 20 8 320 242 3866 30 4 361 603 5 46 20 1 2032 1642 655 1043 1592 631 524 93182 25 156 18 48 106 65 64 28 26063 22749 10 60 66 23 45 18 2423 3393 1574 0 2112 0 9 18 10 0 1 0 3 3 2 121 30 75 79 0 323 242 0 0 0 0 12 10 5 4 0 2 0 0
10 166 32 13 482 506 3884 57 22 336 782 26 81 33 4 2828 2882 1834 1358 3167 1686 1240 89185 53 296 189 346 115 144 355 193 23059 26652 62 149 139 114 306 116 2001 5742 2326 6 2311 5 7 17 26 13 5 1 29 13 32 280 57 57 294 0 486 507 0 2 1 1 25 58 26 22 0 4 1 0
9 147 27 9 419 356 3860 50 16 353 674 6 57 27 1 2506 2367 1024 1383 2370 1113 913 90754 55 216 28 59 140 101 81 39 24958 24953 15 101 126 129 196 83 2224 4238 2058 0 2247 0 15 0 0 0 0 2 21 2 7 190 50 71 79 0 419 356 0 0 0 0 18 11 6 16 0 0 0 0
5 120 6 4 205 74 4076 4 2 381 350 0 26 6 0 1325 530 183 676 1076 202 70 102810 1 140 0 0 75 27 0 0 28702 13883 0 25 51 16 26 4 2627 2041 488 0 1269 0 6 0 0 0 0 0 3 0 0 76 4 80 0 0 205 74 0 0 0 0 10 0 0 2 0 0 0 0
11 161 44 11 504 569 3742 112 37 339 819 8 74 44 1 2931 3612 1641 1551 2958 1597 1923 85069 182 278 32 87 149 149 76 49 23114 29566 28 161 117 238 412 249 2048 5351 3266 0 2647 0 12 2 7 0 16 12 38 3 9 231 112 66 75 0 506 569 0 3 1 0 22 12 8 37 0 1 0 0
13 164 60 18 488 723 3584 164 32 329 1021 52 80 64 6 2874 4295 1941 1416 2579 1992 2732 79229 269 281 183 549 121 215 387 301 21652 34521 185 149 112 165 379 247 1991 5644 4419 29 3169 9 14 7 14 38 2 5 24 9 52 234 165 59 447 0 490 726 2 1 3 0 24 67 52 32 0 2 4 0
10 166 36 9 466 554 3889 84 31 333 724 0 77 36 0 2841 3103 1964 1260 3181 1858 1752 88970 126 209 0 0 162 121 0 0 23230 26423 0 156 132 145 416 187 2047 5698 2619 0 2351 0 13 0 0 0 15 10 23 0 0 288 84 72 0 0 466 554 0 0 0 0 18 0 0 31 0 0 0 0
6 127 9 6 230 116 4016 7 2 368 445 3 35 9 1 1544 737 351 664 1217 326 128 99786 2 105 45 41 57 22 98 17 27547 16838 3 20 54 13 18 5 2551 2700 719 0 1573 0 2 6 3 0 0 0 1 3 1 99 7 81 78 0 230 116 0 0 0 0 7 14 3 2 0 1 0 0
11 167 40 15 484 602 3811 83 20 329 868 34 80 43 5 2805 3351 2059 1353 3154 2157 1780 86129 97 253 209 423 144 157 423 253 22469 29330 87 167 130 97 258 121 1968 5777 2918 19 2583 6 17 3 7 38 4 2 21 13 32 290 83 63 372 0 485 603 1 0 0 1 22 67 34 20 0 1 3 0
6 142 10 5 298 174 4155 10 11 366 416 0 49 10 0 1919 984 677 841 2488 710 228 101341 5 219 0 0 71 60 0 0 26818 15707 0 43 91 53 176 33 2369 3724 745 0 1418 0 9 0 0 0 5 0 16 0 0 224 10 72 0 0 298 174 0 0 0 0 19 0 0 11 0 0 0 0
9 145 25 11 399 309 3822 39 17 352 705 16 56 26 3 2386 2111 872 1341 1993 762 662 90610 32 225 120 190 105 85 260 84 24848 25161 31 77 106 103 168 63 2257 4171 1930 5 2272 2 14 6 4 12 5 4 25 12 25 152 39 69 229 0 400 310 0 0 1 0 17 40 16 17 0 1 1 0
10 167 33 12 491 518 3884 64 26 340 777 19 78 34 3 2801 2936 1869 1361 3180 1673 1354 89142 71 339 216 312 143 177 280 134 23105 26613 47 165 134 149 333 146 1992 5757 2403 6 2294 2 14 0 0 16 11 2 36 24 30 279 64 58 213 0 491 518 0 2 0 0 29 54 19 26 0 0 1 0
7 133 14 7 283 177 3970 16 6 366 525 4 42 14 1 1834 1120 470 826 1681 558 282 96699 9 165 42 53 75 50 95 22 26743 19752 6 52 84 34 72 18 2448 3162 1105 0 1829 0 7 7 4 0 1 1 8 3 3 137 16 75 77 0 283 177 0 0 0 0 13 14 4 6 0 1 0 0
6 126 10 5 245 128 4008 10 2 369 432 0 33 10 0 1618 886 372 800 1235 349 186 99601 5 81 0 0 81 22 0 0 27707 16889 0 30 57 16 23 6 2554 2593 800 0 1564 0 6 0 0 0 0 0 2 0 0 93 10 84 0 0 245 128 0 0 0 0 6 0 0 2 0 0 0 0
9 146 27 9 392 342 3829 50 18 354 678 6 56 27 1 2499 2232 1000 1242 2076 889 858 90576 55 212 40 75 119 98 80 33 24893 24994 15 86 94 116 187 93 2282 4236 2070 0 2286 0 7 0 0 0 3 2 18 5 9 160 50 71 76 0 392 342 0 1 0 0 18 14 6 18 0 0 0 0
9 137 28 8 378 297 3774 56 16 359 673 0 47 28 0 2264 2198 696 1349 1634 666 810 89692 70 196 0 0 113 67 0 0 25559 25608 0 78 89 135 137 81 2362 3549 2207 0 2377 0 10 0 0 0 1 5 22 0 0 115 56 78 0 0 378 297 0 1 0 0 13 0 0 16 0 0 0 0
8 147 17 11 371 254 3953 19 8 352 637 12 61 21 4 2296 1561 867 1142 2306 808 402 94496 10 222 175 153 98 76 332 79 25178 22052 13 69 107 47 101 24 2244 4316 1310 9 1964 0 12 32 16 54 2 0 10 11 14 195 20 63 303 0 376 261 2 0 0 1 19 56 12 9 0 5 4 0
5 126 4 6 210 61 4131 1 5 371 365 2 34 5 2 1355 382 200 587 1477 229 19 103640 0 103 46 16 51 13 135 19 28143 13452 0 9 76 31 68 4 2543 2525 313 1 1238 0 2 10 2 11 1 0 6 3 5 124 1 78 165 0 211 63 0 0 0 1 8 21 2 5 0 2 1 0
4 116 1 5 159 11 4158 0 0 377 289 0 24 2 2 1074 82 25 540 921 25 0 106502 0 25 62 0 56 0 181 0 29318 10600 0 5 38 0 0 0 2662 1711 91 0 967 0 1 16 0 8 0 0 0 6 0 69 0 83 162 0 160 14 0 0 0 0 2 25 0 0 0 3 1 0
10 148 34 11 418 407 3752 70 20 348 765 14 60 34 2 2538 2632 1101 1372 2109 1071 1150 87397 85 195 61 143 126 111 181 74 24242 27744 40 104 93 138 197 114 2222 4418 2599 0 2548 1 13 7 6 0 2 2 20 6 18 167 70 70 154 0 419 407 0 0 1 0 17 23 14 20 0 1 0 0
4 117 3 3 159 40 4162 1 2 387 263 0 22 3 0 1048 268 98 536 970 118 18 106414 0 129 0 0 47 18 0 0 29440 10453 0 15 43 8 26 2 2687 1741 243 0 958 0 7 0 0 0 1 0 4 0 0 73 1 79 0 0 159 40 0 0 0 0 11 0 0 2 0 0 0 0
11 165 41 14 488 576 3770 91 32 340 854 26 78 44 4 2859 3358 1848 1393 2907 1726 1749 85650 120 373 151 286 108 213 292 170 22669 29416 70 146 128 182 373 195 2014 5661 3019 17 2593 1 15 8 6 38 10 5 44 13 43 252 91 56 300 0 488 577 2 1 1 1 30 51 26 32 0 1 3 0
9 157 24 12 407 357 3953 36 23 349 713 16 70 28 4 2488 1997 1181 1076 2944 1302 714 92051 29 312 195 213 100 133 331 99 24188 24455 25 95 116 117 302 92 2102 5005 1802 13 2159 0 15 17 11 59 10 4 31 13 31 270 37 56 297 0 413 364 2 0 0 3 28 60 16 23 0 3 4 0
8 141 19 9 351 250 3913 26 11 362 613 8 51 20 2 2148 1656 732 1113 2034 726 470 93775 19 246 64 95 102 91 157 55 25705 22416 12 70 107 56 129 40 2331 3796 1477 4 2031 0 10 4 4 7 2 2 19 6 9 160 26 67 155 0 353 251 0 0 0 0 20 26 8 11 0 1 1 0
9 146 24 12 408 319 3841 33 8 350 717 22 58 25 4 2469 2107 947 1396 2201 914 625 90818 20 221 147 272 123 91 367 139 24762 25153 40 101 98 63 93 31 2227 4228 1842 5 2255 5 10 3 12 11 0 0 10 18 17 170 33 67 305 0 410 319 0 0 0 0 17 53 22 8 0 2 1 0
4 115 3 3 153 40 4142 1 0 382 265 0 20 3 0 1014 278 117 539 772 110 20 106223 0 60 0 0 52 8 0 0 29500 10597 0 14 29 0 0 0 2707 1609 245 0 977 0 5 0 0 0 0 0 0 0 0 55 1 86 0 0 153 40 0 0 0 0 4 0 0 0 0 0 0 0
11 156 40 15 455 497 3747 83 24 335 873 34 71 43 5 2777 3068 1344 1308 2776 1623 1419 85157 96 216 160 386 138 123 374 193 23163 30095 90 132 131 151 274 129 2061 4992 3011 17 2719 5 14 17 18 33 5 7 15 17 35 238 83 66 376 0 459 501 2 0 2 3 17 61 34 24 0 3 3 0
18 184 127 26 640 1426 3238 559 53 300 1374 108 111 139 10 3516 8213 3701 1785 3007 3504 8722 65956 1630 315 233 1129 145 374 576 551 18226 43442 587 332 142 301 460 656 1649 7080 8859 129 3977 6 17 47 90 122 8 14 46 19 80 272 562 44 636 10 647 1447 11 0 6 5 28 103 112 53 0 8 12 1
14 160 71 20 523 783 3466 215 27 328 1091 65 76 77 7 3064 5040 1862 1611 2554 1974 3373 75779 399 278 116 542 140 215 427 370 21380 37039 253 187 112 179 298 237 1983 5337 5244 47 3447 10 18 11 10 48 3 5 30 11 43 202 216 61 533 0 526 783 5 1 1 0 22 61 65 27 0 1 6 0
12 161 50 16 476 624 3637 122 25 331 947 41 75 52 5 2949 3738 1806 1403 2419 1625 2114 82041 174 246 193 488 121 152 389 240 22257 32260 132 126 114 152 250 171 2049 5446 3713 16 2938 8 7 8 8 23 6 5 32 14 38 207 122 64 370 0 477 625 0 1 0 1 20 64 41 25 0 1 2 0
7 151 12 9 379 220 4140 11 12 353 536 6 63 15 3 2205 1272 871 1085 3323 1022 278 98769 5 219 125 76 92 66 260 50 25679 18599 3 87 142 49 210 30 2157 4427 883 6 1608 0 9 26 8 56 2 2 14 11 10 289 12 64 229 0 382 226 0 4 0 1 20 43 6 13 0 4 3 0
8 143 20 8 320 275 3927 30 11 350 600 5 52 20 1 2165 1583 874 942 1942 843 569 93984 25 95 44 71 97 47 95 33 25472 22161 10 62 69 51 139 48 2348 3996 1534 0 2061 0 6 0 0 0 2 1 4 6 4 173 30 80 76 0 320 275 0 0 0 0 9 15 5 11 0 0 0 0
5 127 6 4 229 93 4136 4 3 376 343 0 33 6 0 1483 562 288 702 1552 338 87 103556 1 149 0 0 66 33 0 0 28272 13341 0 44 84 17 47 6 2547 2558 468 0 1215 0 11 0 0 0 1 0 3 0 0 129 4 78 0 0 229 93 0 0 0 0 12 0 0 3 0 0 0 0
8 154 19 9 388 307 4017 26 16 354 605 8 67 20 2 2326 1747 1113 1103 2768 1076 571 95070 19 297 99 111 87 107 163 49 24954 21491 12 86 103 77 254 59 2185 4782 1409 4 1901 0 16 24 16 17 5 2 23 7 13 253 26 59 147 0 395 311 0 0 0 2 26 31 8 16 0 4 1 0
8 134 20 8 333 228 3864 30 11 360 600 5 44 20 1 2022 1642 581 1115 1668 595 476 93082 25 131 4 27 93 49 38 31 26159 22826 10 56 88 90 104 44 2406 3283 1581 0 2108 0 5 7 4 0 1 2 8 1 3 119 30 78 84 0 335 228 0 0 1 0 10 6 5 11 0 1 0 0
13 163 63 15 556 754 3552 190 28 329 986 30 80 63 3 3216 4989 2041 1818 2611 1905 3184 78791 363 280 75 287 155 175 208 168 21895 34475 129 215 142 195 263 236 1990 5557 4636 0 3138 3 10 26 27 0 5 5 30 4 23 207 190 65 224 0 565 754 0 0 3 0 20 31 30 28 0 3 0 0
10 152 32 13 432 419 3798 58 13 342 797 24 63 34 4 2490 2665 1215 1347 2594 1299 1068 87970 58 210 199 331 127 106 360 147 23915 27640 52 109 128 86 157 64 2139 4664 2434 12 2491 4 12 0 0 21 4 1 15 13 23 207 58 69 297 0 432 419 0 0 0 1 17 59 24 13 0 0 2 0
11 164 42 13 487 586 3765 98 25 337 850 20 77 44 3 2889 3463 1866 1397 2849 1775 1882 85492 140 299 163 282 123 182 264 121 22774 29477 57 155 137 143 302 166 2019 5590 3099 12 2621 0 10 4 6 30 4 2 25 13 25 249 98 61 217 0 488 587 1 2 1 1 25 46 20 25 0 1 2 0
9 155 25 11 400 377 3948 39 11 347 703 16 69 26 3 2364 2124 1272 1103 2977 1458 818 91863 32 246 149 245 98 119 274 101 24330 24553 31 87 129 63 173 52 2132 4860 1865 5 2191 2 11 28 20 21 0 0 14 13 11 270 39 61 218 0 406 380 0 0 1 1 23 48 16 11 0 4 1 0
7 145 15 6 353 229 4059 20 18 356 499 0 53 15 0 2212 1405 772 987 2573 794 401 97748 15 170 0 0 97 54 0 0 26097 18837 0 62 115 110 259 57 2287 4012 1133 0 1685 0 8 0 0 0 11 5 16 0 0 215 20 76 0 0 353 229 0 0 0 0 14 0 0 18 0 0 0 0
9 153 27 9 405 391 3888 50 17 359 671 6 64 27 1 2511 2280 1270 1218 2526 1213 991 91236 55 338 45 78 94 171 93 41 24555 24513 15 106 93 98 213 93 2223 4731 2022 0 2204 0 11 7 6 0 5 1 31 4 6 212 50 58 75 0 406 391 0 0 0 0 30 14 6 17 0 1 0 0
9 149 24 12 393 334 3857 34 12 346 714 20 60 26 4 2426 2054 1074 1180 2218 979 668 91099 23 208 158 253 112 84 314 133 24489 24904 35 90 92 70 137 49 2218 4470 1823 8 2248 3 8 6 3 23 1 0 10 20 20 182 34 69 306 0 394 336 1 0 1 1 16 53 20 12 0 1 2 0
11 156 45 10 445 582 3698 120 15 346 812 0 68 45 0 2755 3491 1707 1348 2282 1575 2208 84574 210 272 0 0 135 187 0 0 23342 29818 0 158 102 89 162 120 2183 5039 3363 0 2762 0 15 0 0 0 0 0 20 0 0 193 120 67 0 0 445 582 0 0 0 0 23 0 0 15 0 0 0 0
13 170 59 19 563 747 3594 155 39 326 1043 60 86 64 7 3083 4542 2117 1705 2934 1894 2660 79622 238 326 309 737 129 224 594 343 21296 34266 201 230 136 242 416 283 1866 6070 4323 41 3012 14 22 8 15 61 4 9 53 20 68 237 155 53 505 0 567 749 0 0 3 6 28 95 60 39 1 2 5 0
8 138 20 8 309 242 3883 30 12 355 606 5 47 20 1 2006 1492 666 913 1587 621 494 93470 25 113 58 73 92 39 89 24 25794 22529 10 56 66 69 124 47 2400 3635 1566 0 2106 0 6 0 0 0 2 2 13 5 7 134 30 80 75 0 309 242 0 0 0 0 9 16 5 12 0 0 0 0
8 151 20 8 405 314 3989 30 17 351 589 5 60 20 1 2368 1923 1118 1273 2737 1093 640 94675 25 187 31 51 139 89 83 39 25165 21632 10 98 129 101 233 76 2207 4505 1489 0 1909 0 8 0 0 0 3 0 18 4 9 227 30 71 79 0 405 314 0 0 0 0 18 12 5 17 0 0 0 0
9 157 27 9 416 403 3941 50 25 349 667 6 68 27 1 2538 2335 1327 1168 2891 1403 997 91818 55 278 45 73 108 124 88 40 24326 24240 15 100 103 120 352 124 2144 4991 2002 0 2165 0 12 3 6 0 10 5 37 3 11 261 50 65 75 0 416 403 0 1 0 0 24 14 6 25 0 1 0 0
8 154 20 8 389 318 4025 30 24 361 586 5 63 20 1 2352 1773 1111 1082 2817 1164 619 95032 25 348 30 52 85 143 79 43 25105 21426 10 84 109 134 354 103 2198 4699 1478 0 1891 0 17 0 0 0 6 3 36 5 8 260 30 59 79 0 389 318 0 3 0 0 31 12 5 24 0 0 0 0
11 168 42 13 517 611 3796 96 29 333 847 24 82 42 3 2925 3536 2029 1516 3180 1921 1908 85875 129 293 153 342 135 176 266 155 22558 29247 78 194 154 184 350 177 1961 5870 3056 0 2550 3 20 13 16 0 10 7 34 16 34 276 96 60 215 0 520 611 0 0 0 0 25 47 24 29 0 2 0 0
8 141 17 11 352 215 3897 17 15 357 638 16 52 19 4 2218 1395 636 1150 1841 540 285 93873 6 213 149 183 94 68 319 89 25521 22443 19 53 79 107 153 41 2320 3851 1326 6 2027 3 12 19 5 23 4 1 16 11 26 142 17 67 311 0 354 218 1 0 2 1 17 51 16 15 0 2 2 0
12 158 51 15 494 597 3624 130 27 332 941 34 73 52 4 2916 3847 1595 1554 2456 1520 2053 81703 199 198 171 440 170 134 350 180 22583 32461 118 136 111 200 269 197 2047 5208 3819 8 2969 5 11 12 15 12 5 4 20 13 30 198 130 67 291 0 495 598 0 0 2 0 17 55 34 27 0 2 1 0
10 139 35 10 382 365 3686 77 10 354 764 7 51 35 1 2395 2597 842 1311 1517 762 1135 86514 105 171 40 87 121 77 96 30 24815 28326 21 89 79 74 80 61 2342 3782 2740 0 2678 0 18 5 6 0 1 1 22 2 4 111 77 75 75 0 383 365 0 0 1 0 13 13 7 10 0 1 0 0
10 145 36 9 410 418 3739 84 15 359 745 0 56 36 0 2413 2792 1047 1381 2088 1117 1364 86981 126 300 0 0 106 154 0 0 24623 27907 0 111 115 119 153 99 2280 4154 2771 0 2591 0 12 0 0 0 1 2 28 0 0 159 84 68 0 0 410 418 0 1 0 0 23 0 0 15 0 0 0 0
11 159 37 18 489 485 3744 68 20 330 921 40 72 49 8 2811 3026 1455 1490 2815 1428 1231 85416 67 216 310 521 144 118 690 236 22815 30105 80 147 118 145 238 104 1972 5209 2830 44 2642 2 13 7 5 162 2 2 13 36 43 228 72 63 591 0 491 487 12 0 1 5 18 112 40 20 1 1 12 0
7 130 14 7 272 170 3945 16 3 363 526 4 39 14 1 1785 1123 451 805 1529 495 280 96392 9 91 27 46 93 31 77 22 26869 19952 6 38 56 25 40 10 2486 2953 1115 0 1859 0 3 8 4 0 0 0 1 8 2 115 16 81 79 0 273 170 0 0 0 0 7 12 4 3 0 1 0 0
6 138 10 5 292 166 4109 10 7 372 420 0 45 10 0 1849 977 613 865 2146 626 228 100798 5 222 0 0 78 71 0 0 27096 16011 0 52 90 38 100 21 2421 3442 757 0 1442 0 12 0 0 0 1 0 11 0 0 182 10 70 0 0 292 166 0 1 0 0 21 0 0 7 0 0 0 0
9 153 25 11 410 379 3943 41 12 347 691 12 65 28 3 2437 2265 1228 1182 3105 1535 879 91702 39 242 74 121 116 116 205 114 24492 24634 18 114 126 60 194 57 2140 4645 1882 12 2194 0 10 15 8 18 3 0 13 4 15 265 42 66 234 0 411 383 0 1 0 0 20 34 12 12 0 2 3 0
5 139 6 4 289 125 4248 4 5 369 331 0 45 6 0 1747 724 589 833 2675 587 115 104881 1 201 0 0 78 46 0 0 27597 12443 0 45 104 24 98 10 2376 3404 434 0 1102 0 14 0 0 0 1 0 5 0 0 229 4 74 0 0 289 125 0 0 0 0 17 0 0 5 0 0 0 0
14 170 74 17 533 876 3506 244 45 322 1074 40 85 76 4 3163 5121 2352 1510 2722 2192 3926 76356 519 265 171 493 154 214 320 209 20910 36341 172 204 121 241 462 399 1918 6091 5381 20 3346 4 15 0 0 28 11 16 47 9 47 235 244 63 286 0 533 876 0 0 0 1 23 54 40 45 0 0 2 0
11 168 41 14 526 589 3808 91 35 328 853 26 84 44 4 2953 3526 1913 1539 3444 1885 1755 85977 121 253 146 310 145 145 321 163 22531 29262 67 172 150 233 460 217 1922 5869 2995 18 2536 3 10 16 22 50 13 8 22 10 32 289 92 61 295 0 529 595 0 3 2 2 21 53 26 36 0 4 3 0
9 158 27 9 442 412 3927 50 23 352 670 6 68 27 1 2598 2391 1442 1275 2863 1345 1024 91700 55 335 67 102 108 156 102 44 24284 24212 15 131 122 149 285 114 2130 5062 1995 0 2131 0 17 0 0 0 10 6 31 5 6 246 50 61 72 0 442 412 0 0 0 0 28 18 6 23 0 0 0 0
11 157 38 17 459 507 3724 68 10 340 895 48 74 42 7 2689 3097 1523 1384 2513 1507 1318 85200 57 314 218 551 115 179 523 308 22960 30066 112 135 107 60 117 54 2082 5124 2847 24 2691 15 11 25 35 47 1 0 16 25 23 212 68 54 527 0 464 512 2 0 0 3 25 84 48 10 0 5 4 0
10 149 30 15 408 360 3759 48 17 347 819 30 64 36 6 2410 2293 960 1231 2064 900 790 87750 39 267 238 349 99 113 468 158 23952 27866 54 92 83 108 182 68 2185 4541 2336 23 2539 4 14 28 15 73 2 4 18 13 28 169 49 60 452 0 411 368 5 0 5 1 21 78 30 17 0 4 6 0
14 186 72 19 587 1034 3634 225 46 308 1076 56 108 77 6 3348 5471 3404 1559 3585 3251 4474 77928 441 286 196 618 125 269 376 385 19921 35452 222 272 136 239 595 401 1723 7224 5065 41 3057 7 10 49 59 52 13 9 33 20 59 347 226 50 431 0 591 1041 3 0 7 3 27 72 56 48 0 7 5 0
12 162 49 17 484 624 3674 117 23 333 954 42 79 55 6 2770 3703 1772 1356 2904 1899 2083 82311 165 296 181 466 126 184 428 252 22261 32278 120 160 109 140 266 157 2003 5481 3649 34 2910 5 16 25 26 70 3 4 24 13 36 242 119 56 446 0 493 632 4 1 0 1 25 72 42 24 0 4 6 0
11 161 36 19 450 476 3782 62 20 328 936 45 79 48 10 2633 2762 1422 1252 2869 1546 1115 85849 56 219 376 582 118 116 709 266 22615 30062 81 115 110 96 254 98 1967 5420 2763 45 2653 6 9 32 30 149 5 2 15 35 48 264 65 55 678 4 458 487 12 0 1 5 19 133 48 21 0 6 12 1
6 129 9 6 256 121 4028 7 5 368 440 3 37 9 1 1607 783 367 794 1413 349 128 99955 2 130 24 31 84 26 74 21 27450 16688 3 37 55 31 54 13 2515 2829 711 0 1533 0 5 6 3 0 1 0 5 6 2 109 7 79 81 0 258 121 0 0 0 0 9 11 3 5 0 1 0 0
6 144 9 6 280 152 4177 7 12 361 438 3 53 9 1 1813 767 561 648 2504 608 147 101634 2 161 139 66 70 38 129 15 26612 15660 3 36 83 57 185 26 2338 3934 673 0 1431 0 12 5 4 0 6 0 14 4 6 243 7 70 67 0 286 152 0 0 2 0 18 24 3 12 0 2 0 0
