14 52 34 57 283 305 37 4 5 86 255 157 53 82 121 863 1601 478 221 370 243 48 2 0 323 300 768 531 599 1401 850 63 94 6 12 21 13 26 6 69 104 89 31 324 141 268 224 192 566 0 0 21 16 34 7 1 102 496 226 126 100 67 1 3 2 23 209 277 12 0 36 90 162
11 39 10 45 241 86 24 1 1 42 200 25 51 37 102 969 546 161 201 286 58 12 0 0 256 208 78 536 113 1235 138 23 65 0 4 14 3 5 1 26 92 33 7 180 0 157 267 38 221 0 0 1 6 2 10 1 21 469 32 68 95 10 0 0 2 29 198 70 4 0 40 63 147
12 39 20 46 215 141 23 0 1 45 188 81 49 38 101 945 673 229 152 261 69 0 0 0 297 153 330 445 172 1131 295 32 82 0 9 8 3 3 0 26 75 15 0 200 34 121 231 117 202 0 0 1 7 4 12 0 26 420 144 60 50 41 0 0 2 31 210 79 4 0 35 51 146
15 81 54 51 281 610 72 30 9 160 264 262 121 88 75 854 2108 1598 151 586 541 463 0 0 535 361 1358 411 1290 1057 1623 158 106 99 17 12 7 48 36 107 237 91 147 425 280 246 224 742 618 0 0 31 16 28 38 15 193 315 337 210 198 169 1 12 1 141 208 183 28 5 119 70 60
14 39 34 57 202 238 11 23 3 53 187 110 38 119 112 801 1203 341 162 110 70 245 0 3 307 111 335 416 359 995 466 10 28 55 9 7 11 11 15 17 28 67 96 208 38 148 147 133 671 0 0 14 8 12 3 35 43 361 102 64 120 84 1 1 2 21 123 282 5 7 23 174 125
7 29 9 12 122 88 4 1 0 68 54 15 16 12 7 473 341 182 86 27 10 14 0 0 264 30 59 165 233 244 88 2 8 0 5 3 0 0 0 12 6 6 4 82 3 120 40 35 83 0 0 0 2 0 0 0 116 34 5 53 24 8 0 0 0 20 12 9 0 0 3 5 1
13 73 39 39 287 452 74 25 11 142 212 139 95 76 46 921 1773 1193 173 649 444 379 5 0 478 215 664 492 887 863 848 177 87 63 21 10 23 71 41 91 236 56 106 303 100 323 254 453 610 0 0 39 6 44 25 18 138 187 105 161 212 92 8 2 6 149 152 153 26 3 58 49 26
7 31 11 10 134 102 17 2 1 51 54 21 14 7 5 459 389 210 63 116 62 31 0 0 126 56 113 239 166 245 99 30 15 1 16 3 4 2 0 10 23 6 6 68 7 154 36 30 51 0 0 5 3 4 0 0 55 24 9 47 22 6 0 0 0 10 10 3 1 0 2 2 1
12 42 20 46 214 169 23 8 2 52 179 53 55 70 89 782 874 284 144 217 94 103 2 0 322 157 177 431 255 935 279 20 49 14 16 3 6 9 6 26 87 52 30 166 3 142 192 83 420 0 0 9 11 4 7 14 38 313 56 86 147 46 0 0 4 28 152 117 6 3 52 110 102
11 35 8 47 195 67 19 0 0 43 213 15 35 42 108 904 315 133 132 211 47 0 0 0 278 176 70 427 86 1197 63 30 79 0 2 6 0 0 0 26 48 40 0 230 1 120 180 31 304 0 0 0 9 0 8 0 24 525 11 56 41 8 0 0 0 29 186 67 0 3 19 87 153
14 38 34 57 185 221 9 13 0 47 197 130 38 109 112 829 971 307 144 90 62 144 0 0 248 138 444 375 302 1014 485 5 23 25 13 7 0 0 0 12 28 105 78 203 72 114 146 135 572 0 0 0 13 0 2 15 37 377 155 76 108 113 0 0 0 15 138 245 0 7 25 166 125
6 25 9 6 94 76 14 2 0 35 37 13 6 4 1 324 281 149 58 96 42 21 1 0 114 50 81 134 109 140 61 17 9 1 7 5 0 0 0 14 19 12 4 49 4 96 7 15 24 0 0 0 3 0 0 0 27 6 2 15 5 3 0 0 0 1 1 1 0 0 1 0 0
12 36 17 49 196 126 19 4 1 46 198 51 35 56 109 911 573 222 136 209 64 43 0 0 297 112 205 428 168 1151 204 30 79 6 1 6 0 2 4 26 48 34 22 218 4 118 176 68 360 0 0 4 8 5 8 2 27 474 73 58 52 28 0 0 0 29 171 112 1 3 19 92 153
13 66 33 45 292 343 52 8 4 100 265 127 88 85 66 794 1508 845 184 449 253 112 2 0 437 404 676 578 540 1149 677 71 92 11 20 15 18 22 9 58 209 145 53 317 81 266 276 315 636 0 0 20 10 20 24 5 78 344 131 179 215 132 1 0 4 71 191 161 11 8 75 82 51
12 89 33 33 321 478 81 19 14 222 261 107 106 59 35 861 1553 1716 170 665 380 389 2 0 674 593 675 383 1214 961 772 167 88 43 28 7 38 105 32 146 236 100 79 509 62 354 261 418 566 0 0 69 14 56 41 6 300 269 72 266 261 73 3 12 2 189 155 109 26 2 54 31 18
11 42 27 28 131 187 31 0 6 67 81 111 70 21 33 687 549 150 80 197 138 0 3 0 284 45 273 163 302 292 343 42 16 0 21 6 6 13 0 61 103 2 0 57 102 79 140 280 88 0 0 12 4 30 20 0 50 77 123 115 46 36 0 9 0 92 67 39 6 0 72 9 21
12 40 20 46 185 144 25 5 7 38 162 58 60 69 88 949 609 225 99 246 78 55 0 0 150 126 173 332 175 747 224 32 37 6 9 9 30 39 3 15 89 52 23 124 31 98 246 98 396 0 0 12 11 18 16 10 22 272 43 75 93 20 0 12 0 16 146 171 25 0 67 93 98
9 46 17 19 238 160 28 6 0 108 124 39 42 23 16 979 739 292 230 278 97 90 0 0 443 208 214 405 405 667 145 35 37 7 8 17 0 0 0 74 78 45 22 209 14 267 161 98 163 0 0 0 9 0 6 0 150 100 19 142 77 15 0 0 0 54 62 33 0 0 19 10 6
14 42 35 56 255 248 15 18 1 49 190 126 53 114 106 826 1554 367 196 169 107 191 0 0 287 166 361 577 330 1143 534 12 23 46 4 14 7 3 4 23 56 102 81 173 60 201 255 194 601 0 0 5 7 5 3 25 31 320 134 67 163 112 0 0 1 31 152 266 2 10 41 151 116
16 63 55 65 272 518 37 41 4 119 265 254 77 139 126 785 2214 980 198 303 310 617 0 0 465 217 1018 386 1072 1177 1347 55 95 152 12 16 9 20 19 88 114 72 188 372 239 247 208 492 1084 0 0 18 16 23 8 41 140 425 303 181 177 134 1 1 4 70 203 489 8 4 63 117 153
8 25 14 14 61 96 24 2 0 21 45 32 17 14 8 137 223 128 24 93 93 20 3 0 51 17 106 61 84 105 122 29 25 1 6 3 0 0 0 12 26 5 8 26 14 18 34 54 63 0 0 0 0 0 12 0 5 23 15 19 15 15 0 0 0 9 15 11 0 0 6 5 1
13 49 29 49 217 229 33 16 3 59 241 89 56 93 88 912 922 410 151 274 152 177 2 1 323 255 400 455 272 1122 310 35 96 33 8 9 9 18 9 39 116 85 62 246 40 138 189 177 629 0 0 9 14 14 7 28 37 461 76 111 130 55 0 0 2 35 191 202 8 3 34 129 86
10 47 27 18 191 215 31 19 6 78 56 74 70 11 16 980 860 341 97 245 111 193 0 1 353 48 213 312 335 273 228 54 3 48 10 8 12 27 16 38 106 5 33 35 39 142 229 266 49 0 0 15 0 17 16 0 64 37 58 69 35 10 3 1 0 121 25 6 13 0 69 6 9
13 67 38 40 273 406 56 24 10 118 196 136 91 74 52 1018 1638 1007 194 477 319 333 2 2 463 178 587 488 725 882 772 112 69 57 23 7 24 53 38 45 175 49 99 253 99 277 231 419 547 0 0 44 6 37 28 19 113 203 115 144 171 77 6 3 6 119 149 153 23 1 71 60 33
12 44 28 38 243 182 34 14 3 56 164 87 66 64 55 972 935 210 208 311 130 126 2 0 248 136 331 508 221 951 207 36 59 28 6 14 11 17 6 38 130 65 61 154 35 203 302 179 313 0 0 9 9 12 19 9 29 220 73 122 128 60 0 1 0 55 143 126 10 2 63 54 47
10 25 24 21 83 128 13 12 1 16 57 64 19 28 16 266 434 148 23 53 62 92 2 0 39 24 178 182 87 184 191 9 15 24 5 0 0 4 4 3 24 15 32 24 33 36 47 72 97 0 0 2 1 2 6 4 2 37 37 21 29 30 0 0 0 5 23 33 2 0 8 13 4
8 17 18 10 58 74 2 10 2 11 23 35 9 8 3 197 248 74 41 12 8 57 0 0 42 14 70 73 46 100 71 1 1 17 1 0 2 4 6 0 1 5 16 13 15 21 19 34 24 0 0 2 0 4 0 0 4 7 10 12 10 8 0 1 0 2 3 3 0 0 2 1 0
8 52 14 14 226 164 44 7 4 132 92 26 50 11 12 943 575 423 200 384 106 104 1 0 548 144 129 344 435 443 121 86 36 12 16 16 11 24 9 88 112 15 11 147 3 241 164 108 103 0 0 25 5 9 15 0 203 59 17 147 59 3 1 1 0 84 52 15 4 0 24 4 5
7 20 11 10 50 48 20 2 1 17 32 21 19 7 5 147 118 9 13 102 44 10 4 0 42 20 60 38 41 88 26 26 14 1 0 0 3 4 1 4 38 6 6 19 7 19 32 36 16 0 0 2 0 2 10 0 6 12 9 22 16 6 0 0 0 9 15 3 2 0 8 2 1
5 25 3 7 155 24 23 0 0 48 40 2 18 5 3 735 131 22 146 290 20 0 1 0 247 36 13 318 46 251 5 43 14 0 3 10 0 0 0 34 46 8 0 54 0 159 91 3 19 0 0 0 0 0 6 0 46 15 0 50 24 1 0 0 0 21 9 2 0 0 6 2 0
3 18 2 1 103 21 21 0 2 31 9 1 1 0 0 403 119 50 66 217 16 0 1 0 137 14 7 211 33 49 5 43 7 0 1 8 10 12 0 20 7 0 0 15 0 119 2 1 0 0 0 10 0 2 0 0 28 0 0 2 0 0 1 0 0 0 0 0 0 0 0 0 0
6 32 9 6 131 65 33 4 3 80 39 10 25 4 2 698 253 32 84 264 55 33 2 0 378 41 60 186 148 169 5 70 23 4 5 5 9 12 3 87 51 11 4 63 0 125 54 39 17 0 0 16 1 3 12 0 102 6 3 79 20 2 0 1 0 47 11 1 4 0 7 1 0
5 16 3 7 66 20 5 0 0 14 30 2 7 5 3 154 81 33 57 26 6 0 0 0 54 35 9 72 19 124 7 3 6 0 1 2 0 0 0 1 8 4 0 20 0 33 23 2 22 0 0 0 0 0 0 0 6 15 0 11 11 1 0 0 0 3 5 2 0 0 1 2 0
9 29 15 21 114 103 4 0 0 59 59 39 35 27 18 516 363 69 77 30 14 0 0 0 199 28 73 175 226 256 144 1 6 0 6 4 0 0 0 10 10 13 0 53 21 131 106 91 114 0 0 0 0 0 1 0 81 41 23 69 64 18 0 0 0 62 27 45 0 6 21 6 7
11 50 27 28 251 238 48 15 2 93 138 77 60 44 29 1045 1113 393 207 392 242 203 3 0 418 137 319 425 459 706 287 102 63 33 20 19 10 15 4 56 106 38 48 184 39 274 241 212 301 0 0 12 10 8 27 6 88 115 47 117 102 37 0 1 0 79 103 83 4 0 38 23 14
16 86 63 57 279 683 50 54 16 168 341 297 117 126 83 675 2126 1780 137 364 363 812 5 4 448 557 1704 360 1367 1121 1670 54 79 193 32 6 36 75 74 75 209 171 277 535 281 249 218 698 934 0 0 71 9 91 12 23 203 459 343 277 325 249 4 7 3 131 227 270 42 8 99 111 61
5 9 3 7 20 14 5 0 1 6 16 2 2 5 3 74 30 11 2 21 6 0 0 0 17 1 3 16 11 37 5 4 7 0 0 0 2 4 0 4 3 0 0 10 0 5 3 2 21 0 0 1 0 2 0 0 2 7 0 2 2 1 0 0 1 0 2 2 0 0 0 2 0
8 39 12 16 176 93 30 3 0 73 94 24 43 15 14 874 372 127 139 257 60 34 2 0 391 127 118 275 153 451 53 48 36 3 3 11 0 0 0 51 90 40 9 139 3 161 154 70 83 0 0 0 5 0 12 0 70 47 16 85 43 12 0 0 0 67 73 12 0 0 24 9 6
10 80 20 25 293 321 89 5 5 204 195 58 97 29 28 1026 1023 1281 178 749 321 110 5 0 637 493 336 390 857 838 472 211 124 6 15 21 14 44 5 171 208 21 23 373 31 329 240 295 281 0 0 24 14 20 52 0 261 232 43 186 167 20 1 3 0 197 125 55 9 0 56 15 17
13 40 25 53 209 194 20 10 4 57 206 84 36 77 115 957 885 304 142 195 96 112 0 0 306 111 306 436 285 1114 388 22 72 19 13 6 15 16 10 29 46 46 51 240 21 159 178 96 502 0 0 18 4 23 5 11 43 472 116 71 91 52 0 1 3 35 151 164 6 3 15 121 157
6 14 4 11 72 16 0 0 0 21 42 6 6 4 10 271 66 12 44 0 0 0 0 0 73 22 28 143 21 218 6 0 0 0 0 0 0 0 0 0 0 2 0 60 0 88 23 4 14 0 0 0 6 0 0 0 24 45 4 18 2 0 0 0 0 3 15 6 0 0 1 0 5
4 25 2 4 132 17 22 0 2 54 18 1 18 2 1 716 74 25 118 194 10 0 1 0 282 11 3 224 24 92 2 40 6 0 5 4 8 7 0 43 23 2 0 26 0 148 77 4 5 0 0 11 1 2 10 0 64 1 0 37 12 0 1 0 0 31 4 1 2 0 4 0 0
7 17 8 13 82 40 5 2 3 28 44 12 6 10 11 316 163 25 35 36 17 15 0 0 59 9 42 166 52 227 26 10 7 1 6 0 5 3 3 0 3 0 6 68 0 125 25 6 46 0 0 15 0 6 0 0 31 45 6 15 6 2 3 0 3 6 12 12 3 0 0 3 5
9 41 20 16 151 154 15 12 6 69 40 46 61 12 14 684 496 250 92 109 48 123 0 0 264 36 73 196 224 169 137 9 6 30 18 9 0 13 6 36 33 0 12 29 12 146 200 182 51 0 0 30 0 12 10 0 56 24 36 77 46 12 0 9 0 96 25 12 6 0 51 6 6
12 37 19 47 147 142 19 4 4 50 173 54 42 70 92 731 508 244 98 186 66 40 0 0 246 81 184 261 205 748 213 28 58 3 0 7 9 11 8 18 54 31 23 204 15 88 134 98 441 0 0 9 0 14 10 7 38 326 48 66 63 46 2 0 9 31 148 138 9 0 31 109 106
3 8 1 2 34 4 0 0 0 12 8 0 2 1 0 83 16 0 36 0 0 0 0 0 48 3 0 30 6 30 0 0 0 0 0 0 0 0 0 0 0 2 0 8 0 27 6 0 2 0 0 0 1 0 0 0 8 0 0 8 2 0 0 0 0 1 0 0 0 0 0 0 0
4 12 4 2 65 24 4 0 0 17 4 4 4 0 0 304 130 20 66 38 8 0 0 0 91 3 8 139 34 17 12 3 0 0 0 1 0 0 0 8 4 0 0 3 1 68 20 8 0 0 0 0 0 0 0 0 13 0 0 8 0 0 0 0 0 3 0 0 0 0 0 0 0
10 39 7 38 185 65 31 1 2 43 168 11 57 31 77 754 285 127 99 295 52 12 3 0 233 165 40 334 87 827 50 42 67 0 9 7 8 11 2 18 111 14 4 159 0 105 211 33 225 0 0 5 6 2 19 3 31 305 7 80 59 3 1 0 5 27 185 42 7 0 55 57 94
15 66 49 56 230 474 61 34 8 118 260 207 87 121 93 877 1507 911 108 442 434 483 0 1 370 231 861 347 953 982 1127 140 121 99 12 12 16 49 26 80 186 104 192 290 145 160 227 469 814 0 0 40 9 45 32 14 140 408 226 163 232 181 0 5 4 103 198 282 19 3 63 140 82
6 15 5 10 80 19 1 0 0 21 42 10 7 0 10 304 102 11 47 7 1 0 0 0 73 29 42 161 21 214 10 0 1 0 3 0 0 0 0 0 3 0 0 60 0 88 24 7 0 0 0 0 6 0 0 0 24 45 10 18 0 0 0 0 0 3 18 0 0 0 1 0 5
7 38 5 16 225 42 31 1 0 77 102 5 42 12 17 862 231 47 219 377 35 12 1 0 394 139 38 430 84 625 5 58 38 0 4 14 0 0 0 57 103 21 2 138 0 240 174 16 61 0 0 0 10 0 5 2 80 94 2 118 45 0 0 0 0 61 68 10 0 0 27 10 9
3 12 3 0 39 22 14 1 1 16 0 0 0 0 0 147 78 33 14 99 26 10 0 0 40 0 0 69 32 0 0 30 0 0 0 6 0 2 1 12 0 0 0 0 0 61 0 0 0 0 0 0 0 0 0 0 14 0 0 0 0 0 0 0 0 0 0 0 0 0 0 0 0
6 20 6 9 45 30 18 0 1 15 34 9 17 6 5 106 54 27 9 89 22 0 2 0 37 24 30 44 18 77 13 18 18 0 0 0 4 4 0 8 32 8 0 19 1 20 35 15 16 0 0 2 0 2 7 0 3 10 4 14 16 4 0 0 0 11 18 3 2 0 5 2 1
11 36 14 41 143 103 14 1 2 42 149 36 52 51 77 847 314 191 88 109 37 9 0 0 158 100 105 235 127 586 126 12 41 0 0 5 1 2 2 17 44 31 6 133 9 69 215 82 302 0 0 4 7 10 8 2 22 243 29 80 72 28 1 0 4 37 148 97 2 0 54 73 86
13 72 37 41 255 398 65 14 7 136 212 144 120 77 51 973 1308 930 142 520 323 198 4 0 475 307 567 334 758 846 768 130 87 24 12 17 13 47 15 85 257 94 87 272 108 204 314 503 512 0 0 38 7 33 33 5 125 206 131 176 298 127 1 4 3 193 158 139 18 2 107 64 28
14 67 36 55 238 399 54 15 2 115 306 135 81 117 97 823 1326 950 114 439 359 239 0 0 399 406 687 411 793 1088 884 107 120 28 27 5 9 8 8 71 171 146 88 362 79 162 201 321 921 0 0 8 13 10 22 21 135 516 137 172 266 137 1 0 3 79 229 252 3 11 50 157 91
5 9 3 7 20 14 5 0 1 6 16 2 2 5 3 74 30 11 2 21 6 0 0 0 17 1 3 16 11 37 5 4 7 0 0 0 2 4 0 4 3 0 0 10 0 5 3 2 21 0 0 1 0 2 0 0 2 7 0 2 2 1 0 0 1 0 2 2 0 0 0 2 0
7 35 9 12 127 102 10 0 1 88 56 17 25 11 7 587 349 236 88 66 28 0 0 0 361 41 58 153 277 232 109 11 10 0 4 3 2 4 0 30 14 3 0 84 5 125 54 57 85 0 0 5 1 4 2 0 140 31 7 54 31 9 0 0 0 54 17 9 1 0 6 4 1
3 3 3 0 10 4 1 1 1 0 0 0 0 0 0 39 18 0 12 9 1 1 0 0 0 0 0 16 0 0 0 0 0 0 0 0 1 1 1 0 0 0 0 0 0 0 0 0 0 0 0 0 0 0 0 0 0 0 0 0 0 0 0 0 0 0 0 0 0 0 0 0 0
7 25 8 13 50 57 19 0 0 22 55 14 19 12 9 140 119 80 14 68 43 0 2 0 52 69 45 32 53 103 46 21 23 0 2 0 0 0 0 13 32 15 0 39 3 12 27 32 65 0 0 0 1 0 8 0 5 32 6 18 19 8 0 0 0 11 26 10 0 0 6 6 2
13 54 28 50 260 247 36 12 6 70 263 89 63 94 91 832 1138 491 155 335 178 153 0 0 355 350 388 558 348 1264 418 46 91 26 13 7 29 28 20 41 107 121 53 264 25 206 233 153 611 0 0 28 11 26 14 15 47 511 91 118 204 93 3 2 5 38 195 173 11 5 39 145 89
5 18 3 7 47 14 18 0 0 19 30 3 14 3 4 98 34 0 11 102 16 0 4 0 53 23 12 41 15 74 0 21 16 0 0 0 0 0 0 14 20 6 0 23 0 19 31 8 8 0 0 0 1 0 10 0 5 10 1 16 6 0 0 0 0 11 16 3 0 0 4 0 1
3 16 0 3 103 0 13 0 0 31 18 0 7 0 1 524 0 0 91 173 0 0 0 0 194 13 0 225 0 120 0 22 8 0 0 2 0 0 0 26 18 0 0 24 0 92 31 0 0 0 0 0 0 0 0 0 28 5 0 24 0 0 0 0 0 7 4 0 0 0 1 0 0
12 37 19 47 147 142 19 4 4 50 173 54 42 70 92 731 508 244 98 186 66 40 0 0 246 81 184 261 205 748 213 28 58 3 0 7 9 11 8 18 54 31 23 204 15 88 134 98 441 0 0 9 0 14 10 7 38 326 48 66 63 46 2 0 9 31 148 138 9 0 31 109 106
9 21 19 17 42 83 9 12 1 19 53 37 15 23 12 126 165 72 10 36 36 85 0 2 49 35 97 26 80 115 59 9 12 16 1 0 1 4 3 9 14 22 28 38 8 11 16 36 88 0 0 2 0 2 3 4 6 34 16 18 28 16 0 0 0 7 22 22 2 0 5 11 3
5 12 4 6 29 22 3 0 0 10 16 4 5 4 2 101 55 23 12 18 5 0 0 0 33 10 6 21 21 36 14 1 4 0 1 0 0 0 0 4 3 4 0 10 0 10 6 5 16 0 0 0 2 0 0 0 3 5 1 7 6 2 0 0 0 1 1 1 0 0 1 1 0
6 23 4 11 61 30 14 0 0 22 51 4 17 8 8 212 87 58 15 73 13 0 0 0 70 63 14 85 32 136 15 12 21 0 0 0 0 0 0 11 28 12 0 36 0 23 30 9 40 0 0 0 1 0 4 0 6 28 1 20 18 2 0 0 0 11 26 5 0 0 5 5 2
6 34 6 9 149 53 36 1 1 71 49 7 33 7 5 703 202 82 101 321 47 12 2 0 359 54 33 208 95 208 15 76 25 0 1 7 3 5 1 72 39 14 3 87 0 153 138 29 37 0 0 5 2 1 32 0 76 8 2 42 27 2 0 0 0 63 27 5 2 0 15 2 1
13 50 28 50 216 252 31 11 6 80 212 101 62 73 101 960 958 454 136 234 174 131 2 0 403 200 374 370 461 1029 544 39 56 25 16 3 11 27 16 56 103 78 49 272 42 151 198 174 519 0 0 21 7 23 6 11 88 395 131 120 126 59 0 4 3 43 169 183 16 2 59 78 135
3 2 1 2 10 2 0 0 0 1 2 0 0 1 0 65 10 0 4 0 0 0 0 0 4 0 0 17 1 10 0 0 0 0 0 0 0 0 0 0 0 0 0 1 0 3 0 0 2 0 0 0 0 0 0 0 0 0 0 0 0 0 0 0 0 0 0 0 0 0 0 0 0
11 41 23 32 199 160 13 4 3 52 92 78 76 39 44 1162 738 264 139 103 46 40 1 0 276 73 201 342 189 500 248 10 8 4 0 5 9 14 4 15 60 20 22 71 41 126 305 195 165 0 0 6 3 5 1 2 36 133 81 112 95 50 0 3 0 71 28 65 12 1 113 25 39
1 2 0 0 3 0 1 0 0 0 0 0 0 0 0 10 0 0 1 1 0 0 0 0 0 0 0 0 0 0 0 0 0 0 0 1 0 0 0 0 0 0 0 0 0 0 0 0 0 0 0 0 0 0 0 0 0 0 0 0 0 0 0 0 0 0 0 0 0 0 0 0 0
1 5 0 0 32 0 4 0 0 6 0 0 0 0 0 131 0 0 33 33 0 0 0 0 39 0 0 80 0 0 0 4 0 0 0 3 0 0 0 4 0 0 0 0 0 25 0 0 0 0 0 0 0 0 0 0 2 0 0 0 0 0 0 0 0 0 0 0 0 0 0 0 0
10 19 22 23 36 93 2 16 0 13 56 43 11 42 19 176 170 92 8 7 9 105 0 2 34 27 98 26 67 107 90 0 4 27 2 0 0 0 0 2 5 18 30 31 15 11 16 39 152 0 0 0 0 0 0 20 4 51 10 11 26 19 0 0 0 4 17 59 0 1 2 22 5
13 47 33 45 215 239 33 24 4 52 189 101 64 89 72 1062 949 380 179 269 159 244 3 1 269 143 403 444 255 905 305 29 67 58 13 8 15 21 11 37 127 47 84 159 50 132 256 212 537 0 0 10 12 13 11 36 24 301 74 124 132 51 0 2 1 38 148 202 15 1 60 94 64
8 47 10 18 200 90 43 3 0 89 119 21 60 9 23 980 351 152 133 415 73 40 3 0 308 252 127 343 160 542 33 66 57 3 4 10 0 0 0 70 131 11 9 164 0 167 188 78 65 0 0 0 11 0 20 0 78 114 24 101 46 0 0 0 0 99 113 9 0 0 41 9 16
5 10 6 4 27 24 3 2 2 5 4 5 4 2 1 100 64 17 12 20 8 10 0 0 25 1 2 31 12 10 14 2 0 1 1 0 6 4 2 2 0 0 2 0 0 5 7 5 4 0 0 4 0 2 0 0 0 0 1 2 2 0 0 1 0 1 1 1 0 0 1 0 0
6 20 7 8 61 49 12 1 0 18 27 9 12 7 3 134 129 81 46 58 28 10 1 0 35 16 28 54 50 86 34 12 9 0 0 3 0 0 0 7 23 2 3 12 1 34 37 16 29 0 0 0 0 0 0 0 7 10 2 16 19 4 0 0 0 6 4 3 0 0 3 2 0
16 63 55 65 272 518 37 41 4 119 265 254 77 139 126 785 2214 980 198 303 310 617 0 0 465 217 1018 386 1072 1177 1347 55 95 152 12 16 9 20 19 88 114 72 188 372 239 247 208 492 1084 0 0 18 16 23 8 41 140 425 303 181 177 134 1 1 4 70 203 489 8 4 63 117 153
10 19 22 23 36 93 2 16 0 13 56 43 11 42 19 176 170 92 8 7 9 105 0 2 34 27 98 26 67 107 90 0 4 27 2 0 0 0 0 2 5 18 30 31 15 11 16 39 152 0 0 0 0 0 0 20 4 51 10 11 26 19 0 0 0 4 17 59 0 1 2 22 5
7 24 8 13 95 60 19 0 0 21 46 14 19 12 9 264 229 100 33 89 51 0 4 0 61 31 40 188 59 204 57 21 19 0 2 1 0 0 0 13 20 5 0 28 5 44 56 31 59 0 0 0 1 0 12 0 5 30 4 19 25 4 0 0 0 10 18 16 0 0 7 4 2
3 2 1 2 10 2 0 0 0 1 2 0 0 1 0 65 10 0 4 0 0 0 0 0 4 0 0 17 1 10 0 0 0 0 0 0 0 0 0 0 0 0 0 1 0 3 0 0 2 0 0 0 0 0 0 0 0 0 0 0 0 0 0 0 0 0 0 0 0 0 0 0 0
3 6 2 1 12 6 2 0 0 4 2 1 2 0 0 43 12 0 3 8 2 0 0 0 2 1 2 6 4 6 0 1 0 0 0 2 0 0 0 0 2 0 0 0 0 5 2 2 0 0 0 0 0 0 0 0 1 0 0 2 0 0 0 0 0 1 0 0 0 0 0 0 0
1 2 0 0 6 0 0 0 0 1 0 0 0 0 0 12 0 0 2 0 0 0 0 0 2 0 0 4 0 0 0 0 0 0 0 0 0 0 0 0 0 0 0 0 0 2 0 0 0 0 0 0 0 0 0 0 0 0 0 0 0 0 0 0 0 0 0 0 0 0 0 0 0
12 48 25 41 252 187 46 12 4 62 201 73 66 68 67 853 924 246 180 409 173 120 2 1 281 217 313 541 251 1106 205 82 95 23 12 13 7 24 11 35 160 66 46 207 24 203 272 162 414 0 0 8 13 15 27 12 41 338 66 126 132 46 1 1 1 44 163 133 11 2 60 82 60
3 9 2 1 28 9 2 0 0 14 1 1 4 0 0 148 28 0 5 13 2 0 0 0 61 0 1 49 14 6 0 1 0 0 0 3 0 0 0 4 2 0 0 0 0 10 10 4 0 0 0 0 0 0 0 0 9 0 0 2 0 0 0 0 0 6 0 0 0 0 0 0 0
1 2 0 0 9 0 0 0 0 1 0 0 0 0 0 28 0 0 2 0 0 0 0 0 1 0 0 14 0 0 0 0 0 0 0 0 0 0 0 0 0 0 0 0 0 4 0 0 0 0 0 0 0 0 0 0 0 0 0 0 0 0 0 0 0 0 0 0 0 0 0 0 0
2 4 1 0 2 2 2 0 1 0 0 0 0 0 0 16 0 1 0 2 0 0 0 0 0 0 0 0 0 0 0 0 0 0 0 0 1 2 0 0 0 0 0 0 0 0 0 0 0 0 0 0 0 0 0 0 0 0 0 0 0 0 0 0 0 0 0 0 0 0 0 0 0
2 2 0 1 4 0 0 0 0 0 0 0 1 0 0 20 0 0 0 0 0 0 0 0 0 0 0 2 0 0 0 0 0 0 0 0 0 0 0 0 0 0 0 0 0 0 2 0 0 0 0 0 0 0 0 0 0 0 0 0 0 0 0 0 0 0 0 0 0 0 0 0 0
2 12 1 0 60 12 3 0 0 28 0 0 0 0 0 262 54 32 44 37 3 0 0 0 161 0 0 110 28 0 0 3 0 0 3 0 0 0 0 9 0 0 0 0 0 67 0 0 0 0 0 0 0 0 0 0 33 0 0 0 0 0 0 0 0 0 0 0 0 0 0 0 0
3 3 3 0 10 4 1 1 1 0 0 0 0 0 0 39 18 0 12 9 1 1 0 0 0 0 0 16 0 0 0 0 0 0 0 0 1 1 1 0 0 0 0 0 0 0 0 0 0 0 0 0 0 0 0 0 0 0 0 0 0 0 0 0 0 0 0 0 0 0 0 0 0
12 38 15 51 198 131 19 3 1 56 217 38 34 65 114 915 570 221 142 199 77 41 0 0 312 159 156 404 232 1164 217 22 71 3 6 6 5 3 1 38 48 53 15 246 3 140 164 47 453 0 0 7 8 5 5 6 45 521 38 71 84 28 0 0 2 30 160 124 2 3 15 118 157
2 10 0 1 35 0 8 0 0 16 4 0 3 0 0 76 0 0 25 49 0 0 2 0 57 0 0 34 0 13 0 10 2 0 0 1 0 0 0 14 6 0 0 4 0 23 8 0 0 0 0 0 0 0 0 0 10 0 0 6 0 0 0 0 0 3 0 0 0 0 0 0 0
5 21 7 3 74 53 18 3 2 27 21 5 3 2 0 293 167 102 41 105 40 28 0 0 57 21 32 113 63 98 17 27 9 2 1 4 0 8 4 14 15 6 2 34 0 81 9 5 13 0 0 4 2 2 0 0 19 0 0 3 4 1 1 0 0 1 0 0 0 0 0 0 0
1 2 0 0 3 0 1 0 0 0 0 0 0 0 0 10 0 0 1 1 0 0 0 0 0 0 0 0 0 0 0 0 0 0 0 1 0 0 0 0 0 0 0 0 0 0 0 0 0 0 0 0 0 0 0 0 0 0 0 0 0 0 0 0 0 0 0 0 0 0 0 0 0
13 60 37 41 269 341 57 22 8 95 203 132 80 77 55 933 1515 674 177 464 278 291 1 1 446 203 576 476 571 935 578 101 94 53 9 23 21 63 20 69 185 72 102 241 81 255 261 332 543 0 0 31 4 36 32 8 84 246 112 157 154 93 2 6 2 68 142 164 18 2 70 61 38
14 47 39 52 210 273 30 30 3 58 228 134 52 110 90 908 1100 416 148 258 164 301 2 2 321 182 583 455 320 1092 407 30 95 80 9 9 8 16 10 38 101 67 122 246 67 138 181 220 681 0 0 9 12 16 7 40 37 424 124 109 120 91 0 0 3 35 174 248 7 4 32 137 86
6 18 3 12 84 20 5 0 3 28 50 3 7 6 11 316 82 15 35 36 12 0 0 0 59 35 10 166 24 234 12 10 7 0 6 0 5 3 0 0 3 2 0 68 0 125 26 0 33 0 0 15 0 6 0 0 31 52 1 15 7 0 3 0 3 6 15 6 3 0 0 3 5
5 6 4 6 22 10 0 0 0 1 8 4 3 4 2 58 28 5 14 0 0 0 0 0 4 1 4 24 2 26 5 0 0 0 1 0 0 0 0 0 0 2 0 0 0 2 13 3 8 0 0 0 2 0 0 0 0 2 1 2 2 2 0 0 0 0 1 1 0 0 1 1 0
2 6 0 1 24 0 2 0 0 8 4 0 1 0 0 66 0 0 20 10 0 0 0 0 30 0 0 23 0 18 0 1 0 0 0 1 0 0 0 4 2 0 0 6 0 19 2 0 0 0 0 0 0 0 0 0 5 0 0 2 0 0 0 0 0 0 0 0 0 0 0 0 0
