5 29 7 3 157 83 6 2 0 76 11 7 11 1 0 538 446 215 131 50 16 33 0 0 306 13 23 308 224 49 46 3 1 1 5 0 0 0 0 6 7 1 2 7 2 312 54 30 5 0 0 0 0 0 0 0 143 0 0 15 3 0 0 0 0 29 0 0 0 0 0 0 0
6 28 9 6 115 81 20 2 0 43 37 13 11 4 1 389 335 162 138 149 58 29 1 0 119 52 78 311 119 135 52 29 9 1 9 2 0 0 0 24 33 3 4 49 4 46 31 20 23 0 0 0 1 0 0 0 37 7 2 23 21 3 0 0 0 12 3 1 0 0 0 0 0
10 60 8 37 232 80 51 0 0 128 160 28 150 8 84 740 303 166 139 380 58 0 8 0 441 162 108 256 142 610 84 92 100 0 2 13 0 0 0 106 207 0 0 201 0 246 445 142 72 0 0 0 1 0 47 0 126 294 56 279 8 0 0 0 0 265 252 28 0 0 266 0 126
19 64 86 85 186 594 19 95 3 83 272 514 140 149 211 389 1764 996 79 109 233 905 0 10 223 179 1584 148 745 766 1923 24 35 516 12 1 6 6 24 26 62 172 448 251 526 96 259 937 627 0 0 11 12 15 3 0 51 490 1066 229 294 294 0 1 0 129 390 406 10 0 246 268 342
6 14 8 7 60 42 4 2 0 10 18 10 5 6 2 208 183 53 22 37 13 16 0 0 28 4 24 136 29 76 29 1 2 1 1 0 0 0 0 3 5 2 4 12 2 21 17 12 26 0 0 0 0 0 0 0 2 3 1 5 4 2 0 0 0 2 4 5 0 0 0 0 0
7 22 12 9 66 79 7 4 0 35 39 19 7 10 2 264 245 109 15 41 26 43 0 0 77 28 79 111 120 111 62 7 8 3 3 0 0 0 0 16 8 14 10 56 5 32 7 20 57 0 0 0 0 0 0 0 33 5 2 20 9 9 0 0 0 7 6 6 0 0 0 0 0
9 27 19 17 56 118 10 10 0 21 42 42 28 19 13 181 250 181 19 47 50 96 0 0 51 33 88 33 88 96 134 6 11 17 3 1 0 0 0 6 15 8 26 24 15 14 40 80 75 0 0 0 0 0 2 0 4 17 19 16 43 9 0 0 0 20 19 31 0 0 18 4 5
16 36 28 92 126 150 23 9 2 30 268 94 59 177 280 407 487 165 47 152 90 67 0 0 81 109 302 153 137 988 256 34 125 14 0 3 4 10 5 10 108 88 52 202 35 72 169 93 763 0 0 2 1 8 6 37 16 860 96 65 185 104 0 1 7 22 292 454 6 3 81 505 520
11 60 10 45 212 93 58 0 0 109 195 37 156 16 112 714 323 169 114 389 79 0 5 0 373 195 147 218 148 701 117 102 121 0 2 13 0 0 0 94 228 6 0 242 0 170 412 156 102 0 0 0 1 0 76 0 87 408 84 266 42 8 0 0 0 217 318 28 0 0 296 28 182
11 65 20 35 194 176 52 4 3 135 146 78 161 12 71 701 463 284 126 306 123 44 3 0 510 183 301 217 309 436 194 77 47 4 1 3 9 13 6 104 221 7 24 138 34 149 354 334 55 0 0 13 8 7 58 0 143 197 142 284 65 0 0 1 0 303 239 6 12 0 262 30 90
11 59 22 33 198 265 58 6 1 160 203 66 60 48 45 384 830 617 119 325 274 106 2 0 329 222 361 262 772 668 413 189 140 8 6 12 0 3 3 98 147 45 32 410 27 373 137 199 469 0 0 2 3 4 8 0 337 274 56 188 109 45 0 0 0 114 123 82 2 0 35 49 31
7 10 11 10 20 37 1 2 0 6 13 20 5 9 4 95 74 25 6 5 4 11 0 0 9 0 28 10 24 27 41 0 1 1 0 0 0 0 0 1 1 0 6 5 7 6 7 15 19 0 0 0 0 0 0 0 1 4 6 5 4 7 0 0 0 1 3 6 0 0 1 2 0
9 28 13 23 173 76 25 3 0 29 84 27 32 28 26 699 442 61 141 252 73 23 5 0 147 57 92 543 79 502 58 42 37 3 0 3 0 0 0 11 68 18 9 69 9 118 194 58 123 0 0 0 0 0 11 3 17 97 12 52 39 8 0 0 0 16 52 50 0 1 25 15 16
14 51 23 68 166 149 27 4 6 52 218 81 142 102 177 632 404 223 85 132 76 36 1 0 216 197 163 224 120 714 223 20 49 4 1 2 20 24 2 22 96 97 28 158 39 88 425 209 439 0 0 10 3 19 53 8 22 413 100 132 227 44 0 15 3 128 371 283 18 2 282 204 289
6 25 9 6 112 67 15 4 1 42 22 10 17 4 2 551 304 89 112 139 39 42 0 0 254 14 36 241 104 130 28 18 1 4 3 2 2 3 1 27 26 1 4 22 0 87 37 30 17 0 0 5 0 1 3 0 42 6 3 37 12 2 0 0 0 21 4 1 2 0 6 1 0
7 21 12 9 61 80 9 6 0 23 28 15 9 12 2 134 226 119 11 46 36 63 0 0 42 11 40 93 92 86 54 10 7 7 0 0 0 0 0 7 11 4 6 18 3 49 20 27 61 0 0 0 0 0 0 4 15 6 1 14 11 6 0 0 0 7 4 7 0 1 1 0 0
5 12 5 5 44 20 5 1 1 8 18 4 4 4 1 123 74 12 12 41 5 5 0 0 27 18 12 73 15 68 5 4 5 0 0 0 1 3 1 0 3 6 2 9 0 17 13 4 14 0 0 2 0 1 2 0 2 3 0 4 3 1 0 0 0 1 3 2 1 0 0 0 0
5 40 4 6 120 72 73 0 1 129 68 4 9 4 2 391 206 251 37 439 134 0 12 0 383 163 52 142 248 199 35 315 71 0 2 1 1 12 0 173 75 5 0 205 1 173 10 10 66 0 0 4 2 2 0 0 262 25 0 41 6 0 0 0 0 9 9 4 1 0 0 0 0
6 13 10 5 48 42 7 4 0 7 11 13 6 2 1 130 151 36 13 59 21 24 0 0 16 4 24 64 23 45 25 7 5 4 0 0 0 0 0 0 5 1 4 4 4 20 19 19 7 0 0 0 1 0 2 0 1 1 2 4 1 0 0 0 0 2 4 1 0 0 0 0 0
10 28 18 27 162 98 16 6 0 32 100 44 27 38 32 701 492 84 135 128 53 46 4 0 162 83 168 521 112 581 98 21 41 8 1 1 0 0 0 12 46 27 21 93 15 113 168 60 163 0 0 0 2 0 2 5 17 122 27 43 45 23 0 0 0 20 63 63 0 1 16 27 20
8 45 15 13 139 176 64 5 2 123 93 30 21 15 6 430 530 448 45 392 254 114 7 0 365 96 194 177 520 290 169 260 67 6 10 1 2 25 4 138 88 32 13 242 11 180 31 52 143 0 0 11 0 6 7 0 254 41 9 56 35 12 1 0 0 15 17 17 2 1 6 0 1
4 9 2 4 21 13 2 0 0 8 10 1 2 2 1 54 30 20 9 8 4 0 0 0 18 0 1 14 12 25 4 1 2 0 0 0 0 0 0 2 0 0 0 8 0 10 3 2 13 0 0 0 0 0 0 0 2 1 0 2 0 0 0 0 0 1 2 1 0 0 0 0 0
6 22 9 6 68 68 10 3 1 36 18 11 11 5 1 109 218 114 14 72 33 31 0 0 53 6 25 81 111 56 50 13 2 2 0 0 1 3 1 0 4 0 5 31 2 78 30 25 14 0 0 1 0 2 4 0 41 7 1 3 17 3 0 0 0 17 0 2 1 0 0 0 0
8 15 5 23 51 26 7 0 0 9 63 6 8 18 32 181 89 29 24 43 16 0 0 0 24 25 15 47 16 211 19 5 18 0 1 1 0 0 0 3 15 7 0 36 1 16 24 6 76 0 0 0 0 0 0 0 1 105 1 7 15 2 0 0 0 2 24 19 0 0 1 24 23
6 8 6 9 14 18 0 0 0 4 14 8 4 8 4 44 30 12 2 0 0 0 0 0 2 4 10 6 9 26 14 0 0 0 0 0 0 0 0 0 0 2 0 7 1 6 7 6 16 0 0 0 0 0 0 0 0 6 2 0 6 5 0 0 0 2 4 4 0 0 0 3 0
4 9 2 4 21 13 2 0 0 8 10 1 2 2 1 54 30 20 9 8 4 0 0 0 18 0 1 14 12 25 4 1 2 0 0 0 0 0 0 2 0 0 0 8 0 10 3 2 13 0 0 0 0 0 0 0 2 1 0 2 0 0 0 0 0 1 2 1 0 0 0 0 0
14 45 15 76 157 98 35 2 2 44 269 37 107 100 225 535 305 131 71 225 78 18 0 0 149 166 143 170 108 976 98 61 127 1 1 6 2 11 2 22 193 75 11 216 11 72 294 60 478 0 0 7 6 7 23 9 25 739 25 147 192 27 0 0 1 47 389 210 14 0 205 294 413
13 83 31 47 189 396 82 0 0 176 246 138 177 65 83 401 838 1175 74 384 404 0 11 0 357 316 509 135 832 630 879 151 133 0 2 6 0 0 0 146 331 85 0 262 121 149 206 655 506 0 0 0 10 0 58 0 196 382 182 364 273 85 0 0 0 327 242 180 0 0 259 60 87
14 44 51 40 194 324 12 50 1 92 168 195 39 72 47 519 1390 457 115 75 86 481 0 9 268 132 769 468 670 734 593 10 26 165 0 1 5 1 7 46 41 101 172 358 139 257 140 221 405 0 0 2 1 4 1 12 203 189 185 104 106 121 0 0 0 31 76 118 1 2 21 49 29
15 42 20 85 145 128 21 6 1 41 296 53 81 136 260 388 464 174 82 147 52 54 0 0 141 238 146 144 148 1067 169 24 115 7 0 2 2 4 2 12 107 97 33 253 13 83 204 95 662 0 0 2 5 3 8 25 20 904 36 75 213 45 0 0 5 48 406 306 3 1 111 409 490
12 65 28 38 173 244 38 14 7 150 179 98 139 42 66 562 565 415 82 219 129 152 1 0 406 183 417 216 492 555 304 47 62 30 1 3 18 32 17 95 137 51 66 241 43 165 202 344 197 0 0 22 3 22 29 0 216 236 131 313 170 26 1 3 3 290 202 73 22 0 209 57 69
11 17 27 28 56 99 4 13 0 8 51 85 10 34 33 265 307 73 25 22 27 77 0 1 15 19 156 52 47 183 189 1 5 24 2 1 0 0 0 2 8 16 52 21 42 17 30 40 92 0 0 0 0 0 0 0 0 58 78 6 31 40 0 0 0 3 16 46 0 0 1 24 23
6 19 11 4 75 75 12 6 1 40 10 13 4 0 1 271 297 83 38 94 46 60 0 0 181 8 39 185 156 57 54 20 5 9 0 5 2 5 3 38 4 0 0 31 3 139 1 13 0 0 0 7 1 1 0 0 66 0 3 6 0 0 0 0 0 0 0 0 0 0 1 0 0
5 9 3 7 13 11 0 0 0 5 15 2 5 5 3 40 15 10 1 0 0 0 0 0 6 10 2 5 6 25 3 0 0 0 0 0 0 0 0 0 0 2 0 8 0 4 4 3 13 0 0 0 0 0 0 0 1 7 0 4 6 1 0 0 0 1 3 2 0 0 1 2 0
8 32 14 14 115 120 22 4 1 55 70 30 16 12 10 427 383 230 87 144 72 51 2 0 209 49 132 238 212 297 144 48 31 3 1 0 0 12 1 28 39 19 14 104 10 82 43 48 75 0 0 2 2 4 0 0 56 53 17 31 21 9 0 0 0 18 22 7 1 0 1 7 3
6 16 7 8 84 33 8 0 0 17 27 12 10 4 4 344 158 26 85 81 16 0 0 0 73 12 40 153 35 131 19 8 6 0 0 3 0 0 0 7 16 2 0 21 3 51 55 17 17 0 0 0 0 0 1 0 10 17 5 21 3 3 0 0 0 4 5 3 0 0 5 0 1
4 9 1 5 21 4 2 0 0 4 11 0 6 2 2 38 9 4 2 11 0 0 0 0 2 8 0 13 2 26 0 1 0 0 0 0 0 0 0 0 6 0 0 4 0 8 13 0 3 0 0 0 0 0 0 0 0 3 0 2 5 0 0 0 0 2 4 0 0 0 1 1 0
7 25 12 9 55 90 9 6 1 32 32 16 13 10 3 141 197 156 14 42 32 63 0 0 73 22 49 61 118 79 63 6 7 9 0 0 0 2 3 6 13 4 2 22 3 34 13 36 58 0 0 2 0 1 0 4 27 10 4 26 12 6 0 0 0 12 6 6 1 0 3 1 0
2 7 0 1 18 0 2 0 0 7 5 0 1 0 0 104 0 0 8 8 0 0 0 0 22 6 0 22 0 13 0 1 0 0 0 0 0 0 0 0 2 0 0 4 0 10 1 0 0 0 0 0 0 0 0 0 4 0 0 3 0 0 0 0 0 0 0 0 0 0 0 0 0
11 34 25 30 198 158 12 15 1 49 112 67 34 46 37 608 843 193 193 102 45 153 0 0 231 103 212 587 260 666 200 11 31 32 6 1 1 3 2 7 33 32 49 113 19 212 188 98 213 0 0 1 2 5 4 7 61 156 50 76 86 37 0 0 0 20 58 74 2 0 20 38 24
16 36 28 92 126 150 23 9 2 30 268 94 59 177 280 407 487 165 47 152 90 67 0 0 81 109 302 153 137 988 256 34 125 14 0 3 4 10 5 10 108 88 52 202 35 72 169 93 763 0 0 2 1 8 6 37 16 860 96 65 185 104 0 1 7 22 292 454 6 3 81 505 520
2 7 0 1 22 0 5 0 0 4 3 0 2 0 0 85 0 0 12 29 0 0 0 0 7 2 0 14 0 7 0 4 0 0 0 1 0 0 0 1 5 0 0 1 0 9 7 0 0 0 0 0 0 0 0 0 0 0 0 1 0 0 0 0 0 1 0 0 0 0 0 0 0
8 22 6 22 28 40 3 0 0 20 48 15 33 6 35 43 76 64 10 13 18 0 0 0 7 32 18 12 34 48 60 2 0 0 0 1 0 0 0 2 3 0 0 30 0 16 21 31 28 0 0 0 0 0 0 0 7 62 20 30 12 0 0 0 0 23 53 15 0 0 34 0 35
5 8 4 6 20 14 0 0 0 4 8 4 5 4 2 40 32 10 6 0 0 0 0 0 6 2 2 17 8 21 7 0 0 0 0 0 0 0 0 0 0 0 0 1 1 3 11 6 10 0 0 0 0 0 0 0 1 2 0 5 4 0 0 0 0 1 2 4 0 0 1 0 0
10 20 20 25 32 74 0 0 0 18 42 76 32 8 36 54 151 64 13 0 0 0 0 0 4 0 124 17 61 58 120 0 0 0 0 0 0 0 0 0 0 3 0 26 51 17 23 99 29 0 0 0 1 0 0 0 7 34 96 31 1 12 0 0 0 22 54 16 0 0 34 0 35
9 13 5 31 11 18 0 0 0 6 48 6 19 23 55 26 16 16 3 0 0 0 0 0 6 20 8 5 11 51 12 0 0 0 0 0 0 0 0 0 0 0 0 20 1 1 5 6 55 0 0 0 0 0 0 0 1 86 1 11 27 2 0 0 0 3 37 25 0 0 21 42 55
10 51 14 31 200 177 42 3 1 126 192 30 44 43 44 433 656 445 140 251 143 51 6 0 315 218 156 384 511 718 218 138 117 3 1 10 2 13 1 51 101 36 9 345 9 361 137 96 431 0 0 3 2 5 2 6 254 284 15 139 92 19 0 0 1 68 105 67 1 0 19 51 31
8 16 5 23 22 15 0 0 0 15 27 7 35 16 33 44 20 0 0 0 0 0 0 0 30 0 0 16 15 44 3 0 0 0 0 0 0 0 0 0 0 0 0 20 0 5 40 18 19 0 0 0 0 0 0 0 5 14 4 10 29 3 0 0 0 30 43 17 0 0 40 20 26
15 46 28 77 153 168 12 7 1 46 236 102 119 139 207 560 477 232 92 61 52 61 0 0 207 209 237 204 146 778 284 5 31 8 0 2 3 0 2 9 51 140 52 169 45 69 370 212 585 0 0 6 2 3 17 16 21 497 125 131 241 86 0 0 0 96 364 377 8 11 238 299 346
15 42 20 85 145 128 21 6 1 41 296 53 81 136 260 388 464 174 82 147 52 54 0 0 141 238 146 144 148 1067 169 24 115 7 0 2 2 4 2 12 107 97 33 253 13 83 204 95 662 0 0 2 5 3 8 25 20 904 36 75 213 45 0 0 5 48 406 306 3 1 111 409 490
6 24 5 10 89 43 27 0 0 35 51 7 13 6 7 386 126 70 49 187 52 0 4 0 168 37 38 170 64 226 28 64 33 0 0 2 0 0 0 27 38 2 0 68 0 58 30 13 41 0 0 0 1 0 6 0 37 42 4 31 11 3 0 0 0 6 13 3 0 0 5 3 2
5 14 7 3 74 45 8 3 1 38 9 5 0 2 0 250 223 32 53 57 25 29 0 0 147 0 17 164 111 60 23 10 2 2 0 2 3 5 2 12 0 0 2 34 0 164 0 0 9 0 0 7 0 1 0 0 72 0 0 0 0 1 0 0 0 0 0 0 0 0 0 0 0
4 3 1 5 16 3 2 0 0 1 6 0 0 2 2 75 16 0 12 18 2 0 0 0 10 0 0 40 1 32 0 1 4 0 0 1 0 0 0 0 0 0 0 2 0 1 0 0 6 0 0 0 0 0 0 0 0 3 0 0 0 0 0 0 0 0 0 0 0 0 0 1 0
9 51 17 19 185 158 41 9 1 166 110 37 69 18 20 533 530 181 110 296 122 104 2 0 409 54 186 266 492 426 85 98 55 20 1 2 0 1 5 150 124 11 9 236 6 326 144 184 136 0 0 0 11 1 13 5 340 88 30 212 27 10 0 0 1 194 110 30 0 1 54 0 15
7 16 2 19 53 11 4 0 0 12 59 1 13 8 26 200 37 15 26 22 2 0 0 0 46 42 3 46 10 198 3 2 13 0 0 1 0 0 0 4 9 5 0 37 0 12 30 1 33 0 0 0 0 0 0 0 3 96 0 23 11 0 0 0 0 1 23 4 0 0 10 12 19
17 33 37 99 118 188 16 18 2 31 256 140 40 221 301 314 668 186 72 112 73 135 0 0 89 87 393 126 193 944 413 18 104 41 0 3 4 8 5 8 67 87 113 217 52 83 115 115 925 0 0 2 1 10 2 57 16 864 160 34 156 170 0 1 7 25 220 624 6 3 32 605 555
10 8 9 36 8 21 0 0 0 3 37 17 7 38 65 26 24 12 3 0 0 0 0 0 6 4 18 5 9 42 22 0 0 0 0 0 0 0 0 0 0 0 0 16 5 1 2 10 73 0 0 0 0 0 0 0 1 75 7 2 13 9 0 0 0 0 21 60 0 0 4 64 65
3 3 1 2 23 1 1 0 0 0 3 0 1 1 0 135 9 0 10 12 0 0 0 0 0 0 0 72 0 19 0 0 1 0 0 1 0 0 0 0 1 1 0 0 0 0 9 0 0 0 0 0 0 0 0 0 0 0 0 0 1 0 0 0 0 0 0 0 0 0 0 0 0
11 59 20 35 188 261 55 4 1 164 215 57 56 54 50 379 795 644 111 298 245 69 2 0 342 209 309 238 798 661 432 182 144 6 1 12 2 12 1 102 133 44 14 424 25 370 117 188 544 0 0 3 2 6 8 6 337 312 44 177 110 45 0 0 1 119 126 94 1 0 26 61 35
4 3 1 5 16 3 2 0 0 1 6 0 0 2 2 75 16 0 12 18 2 0 0 0 10 0 0 40 1 32 0 1 4 0 0 1 0 0 0 0 0 0 0 2 0 1 0 0 6 0 0 0 0 0 0 0 0 3 0 0 0 0 0 0 0 0 0 0 0 0 0 1 0
6 19 6 9 83 29 8 0 1 30 34 9 15 6 5 544 112 22 50 70 12 0 0 0 133 9 33 127 41 158 13 9 11 0 0 0 3 3 0 15 12 9 0 40 1 68 56 13 18 0 0 4 0 2 1 0 25 10 4 23 11 4 0 0 0 21 17 3 2 0 5 2 1
15 74 40 65 170 378 59 20 10 95 250 176 194 108 151 351 947 892 91 246 234 237 3 0 276 300 431 120 510 675 835 72 87 70 3 4 8 44 31 55 299 96 84 180 106 69 248 636 612 0 0 29 3 28 81 16 42 437 280 205 365 108 3 18 0 200 374 324 35 0 353 150 227
3 8 2 1 38 8 3 0 0 9 4 1 2 0 0 179 38 0 22 28 3 0 0 0 34 3 4 71 9 16 0 3 1 0 0 0 0 0 0 0 2 0 0 1 0 26 7 2 0 0 0 0 1 0 0 0 5 0 0 6 0 0 0 0 0 1 0 0 0 0 0 0 0
1 2 0 0 8 0 0 0 0 1 0 0 0 0 0 38 0 0 3 0 0 0 0 0 4 0 0 9 0 0 0 0 0 0 0 0 0 0 0 0 0 0 0 0 0 2 0 0 0 0 0 0 0 0 0 0 0 0 0 0 0 0 0 0 0 0 0 0 0 0 0 0 0
4 19 0 6 38 0 0 0 0 40 13 0 22 0 4 56 0 0 0 0 0 0 0 0 22 0 0 38 0 21 0 0 0 0 0 0 0 0 0 0 0 0 0 11 0 51 23 0 0 0 0 0 0 0 0 0 50 8 0 47 0 0 0 0 0 31 5 0 0 0 13 0 1
6 9 7 8 16 24 2 0 0 5 11 11 5 6 3 39 45 14 5 5 6 0 0 0 8 0 14 12 14 23 21 1 0 0 0 0 0 0 0 2 4 0 0 5 3 2 4 11 15 0 0 0 0 0 0 0 1 3 3 4 3 4 0 0 0 1 3 4 0 0 1 1 0
5 13 4 6 44 24 4 0 0 10 18 4 5 4 2 114 82 36 22 29 8 0 0 0 32 8 8 70 20 57 12 2 2 0 0 0 0 0 0 4 6 2 0 11 1 13 16 8 22 0 0 0 0 0 0 0 2 4 0 5 2 0 0 0 0 2 5 4 0 0 0 0 0
5 11 4 6 24 18 1 0 0 7 14 4 6 4 2 95 40 20 6 5 2 0 0 0 13 10 6 14 12 34 9 0 1 0 0 0 0 0 0 1 1 2 0 6 1 8 8 6 12 0 0 0 0 0 0 0 1 4 0 6 6 0 0 0 0 2 3 4 0 0 1 0 0
7 28 7 14 112 62 22 2 0 45 74 7 16 15 11 498 208 96 77 180 56 27 2 0 195 73 25 268 106 320 40 41 35 1 4 1 0 0 0 36 37 20 3 86 0 61 46 11 89 0 0 0 3 0 2 3 38 68 1 38 40 3 0 0 0 20 20 11 0 0 3 10 3
9 12 8 28 24 16 0 0 0 6 20 15 30 26 43 48 32 0 0 0 0 0 0 0 12 0 0 18 8 40 8 0 0 0 0 0 0 0 0 0 0 0 0 10 1 6 60 22 16 0 0 0 0 0 0 0 0 12 11 0 36 11 0 0 0 15 32 31 0 0 40 36 36
5 7 7 3 33 18 0 2 0 9 4 7 3 1 0 163 86 0 33 0 0 8 0 0 48 0 8 50 24 23 7 0 0 1 0 0 0 0 0 0 0 0 2 3 2 19 10 6 1 0 0 0 0 0 0 0 5 0 0 3 3 0 0 0 0 3 0 0 0 0 0 0 0
4 21 3 3 115 25 13 0 1 45 24 2 6 2 0 369 121 40 78 109 12 0 0 0 199 43 18 319 44 135 5 16 12 0 0 6 2 5 0 25 10 5 0 46 0 192 28 1 10 0 0 4 2 1 0 0 67 0 0 21 9 1 0 0 0 10 0 0 1 0 0 0 0
2 4 0 1 15 0 2 0 0 1 2 0 1 0 0 83 0 0 8 17 0 0 0 0 9 0 0 38 0 14 0 1 1 0 0 1 0 0 0 0 1 0 0 0 0 0 0 0 0 0 0 0 0 0 0 0 0 0 0 1 0 0 0 0 0 0 0 0 0 0 0 0 0
11 4 16 39 8 16 0 0 0 3 22 47 1 50 68 26 32 0 3 0 0 0 0 0 6 0 40 5 12 42 24 0 0 0 0 0 0 0 0 0 0 0 0 16 15 1 2 4 48 0 0 0 0 0 0 0 1 50 49 2 0 43 0 0 0 0 5 83 0 0 0 74 66
10 25 24 21 114 127 5 9 1 24 52 75 22 15 21 369 629 159 143 56 24 73 0 0 117 19 179 264 128 207 212 2 6 20 3 2 7 1 5 7 14 13 23 36 46 37 69 85 62 0 0 4 0 2 0 0 10 38 65 28 23 19 0 0 0 10 24 22 1 0 14 0 15
18 53 61 92 127 406 30 45 2 43 247 316 122 209 246 287 1043 612 69 130 201 468 4 0 148 171 774 101 444 652 1238 23 75 176 2 5 4 8 6 12 174 124 294 127 208 55 191 532 867 0 0 0 2 12 26 29 29 486 568 66 355 307 0 1 0 47 362 650 12 10 226 400 418
18 35 52 101 104 248 15 31 0 27 237 245 55 249 291 298 725 246 59 79 107 241 6 3 89 105 626 118 212 819 676 19 71 84 0 4 0 0 0 6 75 123 230 179 131 72 91 196 926 0 0 0 2 0 1 55 16 687 385 38 190 307 0 0 0 15 215 754 0 12 93 585 514
4 20 5 1 126 42 21 2 2 31 2 2 6 0 0 455 266 72 111 198 35 22 2 0 148 1 4 385 67 12 5 38 0 1 3 11 1 11 2 15 7 0 0 0 0 169 43 11 0 0 0 1 0 0 5 0 25 0 0 5 0 0 0 1 0 10 0 0 0 0 0 0 0
3 12 0 3 38 0 2 0 0 23 20 0 2 0 1 86 0 0 13 21 0 0 0 0 38 27 0 43 0 60 0 1 1 0 0 0 0 0 0 0 3 0 0 38 0 37 3 0 0 0 0 0 1 0 0 0 35 8 0 8 0 0 0 0 0 0 2 0 0 0 0 0 0
4 20 0 6 81 0 14 0 0 33 28 0 16 0 4 502 0 0 51 112 0 0 0 0 152 27 0 108 0 114 0 19 10 0 0 0 0 0 0 21 24 0 0 32 0 68 52 0 0 0 0 0 1 0 4 0 25 11 0 23 0 0 0 0 0 22 17 0 0 0 5 0 1
9 16 11 25 51 53 7 0 0 11 61 26 7 25 33 173 161 51 23 42 25 0 0 0 33 19 72 46 41 200 85 3 20 0 1 2 0 0 0 5 11 11 0 34 5 13 17 11 89 0 0 0 0 0 0 0 2 96 23 11 18 19 0 0 0 1 17 29 0 0 1 27 23
10 8 9 36 8 21 0 0 0 3 37 17 7 38 65 26 24 12 3 0 0 0 0 0 6 4 18 5 9 42 22 0 0 0 0 0 0 0 0 0 0 0 0 16 5 1 2 10 73 0 0 0 0 0 0 0 1 75 7 2 13 9 0 0 0 0 21 60 0 0 4 64 65
2 3 0 1 7 0 1 0 0 2 3 0 0 0 0 33 0 0 0 4 0 0 0 0 4 0 0 9 0 7 0 0 1 0 0 0 0 0 0 1 0 0 0 2 0 3 0 0 0 0 0 0 0 0 0 0 0 0 0 0 0 0 0 0 0 0 0 0 0 0 0 0 0
4 16 4 2 115 21 13 1 3 24 7 2 7 1 0 434 167 8 98 128 8 6 2 0 129 5 6 373 33 57 0 24 4 0 0 9 6 13 2 6 4 0 1 6 0 151 48 6 2 0 0 5 0 1 5 0 23 0 0 8 5 0 0 1 0 10 0 0 1 0 0 0 0
3 3 0 3 9 0 0 0 0 0 0 0 3 0 1 48 0 0 6 0 0 0 0 0 0 0 0 3 0 0 0 0 0 0 0 0 0 0 0 0 0 0 0 0 0 0 9 0 0 0 0 0 0 0 0 0 0 0 0 0 0 0 0 0 0 0 0 0 0 0 1 0 0
2 6 1 0 30 2 3 0 2 3 0 0 0 0 0 236 7 1 12 28 0 0 0 0 8 0 0 54 0 0 0 1 0 0 0 1 11 3 0 1 0 0 0 0 0 11 0 0 0 0 0 1 0 0 0 0 0 0 0 0 0 0 1 0 0 0 0 0 0 0 0 0 0
5 21 4 6 47 38 15 0 0 33 30 4 8 4 2 140 82 69 12 75 30 0 1 0 63 33 14 34 64 68 19 23 9 0 1 0 0 0 0 21 21 4 0 38 1 23 10 12 34 0 0 0 0 0 0 0 32 7 0 16 4 0 0 0 0 7 8 4 0 0 0 0 0
16 37 28 92 134 158 17 12 2 36 275 89 59 178 281 358 581 183 81 128 60 96 0 0 111 140 257 140 168 1016 268 22 103 22 1 3 4 7 4 6 81 92 68 239 24 84 165 109 807 0 0 4 3 9 2 44 20 894 81 63 185 92 0 0 6 33 304 454 9 1 70 509 525
4 3 1 5 16 3 2 0 0 1 6 0 0 2 2 75 16 0 12 18 2 0 0 0 10 0 0 40 1 32 0 1 4 0 0 1 0 0 0 0 0 0 0 2 0 1 0 0 6 0 0 0 0 0 0 0 0 3 0 0 0 0 0 0 0 0 0 0 0 0 0 1 0
8 22 10 18 56 60 11 0 0 13 44 22 25 16 18 169 151 89 23 53 35 0 1 0 32 32 36 35 36 118 73 9 12 0 0 1 0 0 0 5 26 11 0 24 6 16 58 44 65 0 0 0 0 0 2 0 0 37 15 7 25 11 0 0 0 12 21 19 0 0 20 10 9
2 3 0 1 7 0 1 0 0 2 3 0 0 0 0 33 0 0 0 4 0 0 0 0 4 0 0 9 0 7 0 0 1 0 0 0 0 0 0 1 0 0 0 2 0 3 0 0 0 0 0 0 0 0 0 0 0 0 0 0 0 0 0 0 0 0 0 0 0 0 0 0 0
7 22 5 16 63 43 8 0 0 25 53 10 18 5 20 259 133 77 30 44 20 0 1 0 102 44 20 59 70 150 60 6 8 0 1 0 0 0 0 12 20 9 0 43 0 23 33 16 37 0 0 0 1 0 0 0 13 66 10 25 6 0 0 0 0 6 26 10 0 0 14 0 15
10 35 22 23 164 150 22 8 2 41 89 61 36 30 21 675 653 191 104 214 81 78 1 0 229 77 202 488 175 452 207 22 28 16 3 1 21 6 4 21 59 32 18 61 36 88 123 108 128 0 0 9 1 8 12 6 20 89 39 66 68 24 0 1 0 29 32 50 2 0 25 13 8
7 19 3 18 23 12 0 0 0 25 28 3 37 9 23 44 12 0 0 0 0 0 0 0 40 0 0 17 18 45 0 0 0 0 0 0 0 0 0 0 0 0 0 23 0 6 26 12 15 0 0 0 0 0 0 0 16 14 1 29 21 0 0 0 0 40 38 9 0 0 38 9 16
10 8 9 36 8 21 0 0 0 3 37 17 7 38 65 26 24 12 3 0 0 0 0 0 6 4 18 5 9 42 22 0 0 0 0 0 0 0 0 0 0 0 0 16 5 1 2 10 73 0 0 0 0 0 0 0 1 75 7 2 13 9 0 0 0 0 21 60 0 0 4 64 65
9 60 16 20 199 164 60 10 11 178 118 31 88 20 23 521 532 255 87 455 154 107 1 2 397 123 142 247 421 396 88 164 52 15 4 1 21 46 26 139 178 15 17 229 0 380 181 175 140 0 0 37 3 16 25 5 323 105 27 209 58 6 18 3 1 246 114 29 28 0 70 9 16
5 16 5 5 46 31 4 0 1 27 23 6 4 3 1 111 80 51 11 30 6 0 0 0 57 11 27 58 55 77 18 1 3 0 0 0 3 2 0 3 5 3 0 38 1 37 4 5 14 0 0 1 0 2 0 0 36 7 1 12 4 2 0 0 0 1 1 1 1 0 0 0 0
8 17 2 26 16 10 0 0 0 12 55 1 27 10 45 26 8 12 3 0 0 0 0 0 6 40 2 6 9 61 3 0 0 0 0 0 0 0 0 0 0 0 0 30 0 4 11 1 30 0 0 0 0 0 0 0 3 88 0 21 20 0 0 0 0 12 51 5 0 0 30 20 45
8 15 5 23 51 26 7 0 0 9 63 6 8 18 32 181 89 29 24 43 16 0 0 0 24 25 15 47 16 211 19 5 18 0 1 1 0 0 0 3 15 7 0 36 1 16 24 6 76 0 0 0 0 0 0 0 1 105 1 7 15 2 0 0 0 2 24 19 0 0 1 24 23
3 12 1 2 66 10 3 0 0 34 12 0 1 1 0 203 61 9 56 25 2 0 0 0 144 17 0 138 34 69 0 1 3 0 0 2 0 0 0 12 1 1 0 34 0 160 0 0 9 0 0 0 1 0 0 0 71 0 0 0 1 0 0 0 0 0 0 0 0 0 0 0 0
