13 36 24 54 144 188 25 10 3 43 200 69 19 96 111 537 698 325 108 160 133 127 4 0 154 88 270 219 256 839 340 26 104 17 1 14 8 21 10 26 38 63 45 199 10 87 59 52 659 0 0 7 2 14 2 21 28 460 70 44 67 73 0 1 4 5 68 170 3 5 5 173 131
9 52 18 18 211 188 54 4 5 98 108 46 55 22 12 728 772 419 146 502 170 65 12 0 326 164 232 349 334 552 203 116 46 3 7 15 14 36 5 42 162 36 17 144 22 205 102 142 156 0 0 10 2 17 9 1 106 59 26 104 81 26 6 0 0 90 40 18 13 2 32 8 3
12 35 19 47 154 137 24 9 1 37 190 52 28 59 100 591 532 253 129 192 94 113 3 1 172 110 220 250 168 874 158 27 103 11 3 8 1 8 3 27 53 35 42 175 1 69 105 47 453 0 0 3 8 1 3 13 20 432 78 51 54 22 0 0 3 5 116 80 3 1 19 121 125
14 51 49 42 189 355 27 44 8 46 118 198 87 60 62 803 1107 626 123 243 154 462 1 3 126 109 476 254 375 495 747 14 23 164 17 2 35 25 29 12 83 44 138 52 133 54 315 442 255 0 0 14 10 31 33 6 27 137 246 87 138 104 0 7 1 35 76 96 21 1 113 50 60
9 27 12 24 108 112 33 4 3 49 76 22 11 28 30 391 408 122 67 217 152 50 5 0 128 17 64 132 251 333 173 95 50 4 5 15 7 19 4 34 35 4 10 92 1 123 32 19 191 0 0 7 0 7 4 6 61 93 15 28 30 12 0 1 5 7 18 31 3 0 1 27 20
12 73 37 29 249 435 43 32 5 164 186 114 86 46 28 717 1412 1247 134 356 226 510 0 7 433 333 626 295 979 658 663 67 43 78 13 3 16 24 24 84 142 79 96 298 65 256 173 398 352 0 0 26 6 9 19 8 201 163 86 227 173 49 0 2 2 137 106 62 11 4 53 28 12
12 45 24 42 161 206 30 6 1 45 171 81 58 60 73 601 700 408 101 194 165 87 4 0 151 195 296 194 228 586 401 35 66 8 12 8 3 6 1 15 85 87 34 134 28 76 177 143 392 0 0 1 9 3 4 4 21 266 101 82 105 65 0 0 0 25 104 100 6 6 72 70 79
8 19 6 22 101 43 12 2 2 22 70 5 8 20 29 340 208 49 88 108 27 20 3 0 97 23 11 189 62 384 25 16 31 1 1 8 6 12 3 13 14 4 2 65 0 69 38 3 127 0 0 5 1 2 0 6 13 101 1 18 16 0 0 0 5 2 22 16 2 0 1 24 20
12 60 40 26 157 379 49 36 14 92 81 130 86 32 22 563 941 798 86 316 268 428 2 9 306 91 291 146 579 266 629 59 28 102 18 6 22 70 68 66 113 22 80 57 95 79 147 467 177 0 0 43 3 27 30 4 76 41 97 97 111 41 3 15 1 115 38 53 14 0 67 4 10
15 57 51 54 139 428 38 41 5 84 202 209 79 122 83 472 1070 799 50 224 290 543 6 0 140 139 702 184 657 561 923 54 82 143 9 6 7 37 22 35 93 43 165 236 165 142 80 458 768 0 0 17 0 19 15 41 84 270 203 106 183 160 0 4 5 80 159 303 11 2 67 121 62
12 45 24 42 234 205 30 8 2 48 162 78 62 60 74 711 1113 417 191 257 129 97 7 0 244 151 261 429 264 874 385 29 80 14 3 12 3 16 4 23 91 56 33 113 30 160 239 157 375 0 0 4 5 8 7 11 25 273 96 83 120 49 0 0 1 32 98 102 7 4 77 78 78
12 37 16 50 146 150 31 6 3 44 205 34 23 74 106 514 572 311 105 220 133 89 7 0 164 102 147 215 217 830 202 36 127 7 4 14 7 22 6 31 53 33 21 203 3 90 63 41 611 0 0 7 3 10 3 19 28 478 23 43 56 26 0 1 7 7 95 117 5 1 9 149 129
11 35 9 46 155 88 26 2 1 36 202 12 29 51 100 591 363 204 128 204 75 31 4 0 171 152 57 252 122 895 69 27 113 1 3 8 1 8 2 27 58 32 4 174 1 68 107 22 433 0 0 3 8 1 3 10 20 479 3 51 53 9 0 0 3 5 123 55 3 1 19 121 125
12 37 16 50 146 150 31 6 3 44 205 34 23 74 106 514 572 311 105 220 133 89 7 0 164 102 147 215 217 830 202 36 127 7 4 14 7 22 6 31 53 33 21 203 3 90 63 41 611 0 0 7 3 10 3 19 28 478 23 43 56 26 0 1 7 7 95 117 5 1 9 149 129
9 37 20 16 132 172 25 10 0 64 84 44 20 22 8 397 557 326 92 160 116 140 1 0 165 73 220 165 317 324 198 32 25 17 11 4 0 0 0 33 55 30 22 114 18 140 45 63 130 0 0 0 7 0 2 4 85 50 17 49 52 22 0 0 0 16 13 19 0 2 4 4 1
11 55 20 35 208 232 53 6 8 92 160 58 71 46 55 638 840 555 93 450 269 100 17 0 249 180 228 304 434 602 418 125 40 7 13 12 36 68 12 52 123 30 32 196 19 216 191 142 362 0 0 24 2 28 15 2 80 203 55 130 126 30 4 8 0 64 115 85 16 0 72 50 50
13 45 30 48 156 220 27 15 0 58 174 98 73 89 84 524 666 312 91 212 139 150 0 0 177 141 285 206 306 657 346 50 54 41 14 0 0 0 0 18 105 52 53 165 36 82 199 234 500 0 0 0 9 0 13 15 37 244 96 105 175 82 0 0 0 60 181 196 0 3 71 112 81
13 41 29 49 181 194 32 16 5 46 160 91 64 89 90 486 759 231 91 292 145 146 0 0 106 94 219 295 251 755 294 61 62 42 1 1 26 28 9 20 111 26 57 131 26 111 265 189 457 0 0 9 0 26 19 19 29 250 91 65 156 72 2 2 4 46 171 191 12 2 54 121 94
13 41 43 35 182 245 24 26 3 43 97 178 72 39 43 733 1080 254 136 210 126 202 1 0 202 65 420 242 259 446 435 22 23 85 2 8 15 16 9 21 75 42 85 43 163 79 268 376 162 0 0 6 4 12 24 5 17 80 196 74 57 66 0 3 3 67 83 68 3 0 89 11 36
9 41 10 26 189 81 23 4 2 64 103 17 70 24 39 657 293 131 128 218 34 47 0 0 268 103 40 276 142 533 47 29 10 6 10 9 4 7 2 29 97 22 4 94 0 146 256 62 129 0 0 13 1 6 18 8 52 107 14 131 76 0 1 0 0 65 106 40 6 0 78 18 36
12 39 19 47 205 159 29 2 1 38 182 59 43 66 93 607 824 294 166 265 138 29 6 0 198 158 216 369 208 950 316 32 90 1 4 13 2 10 1 23 61 63 9 131 18 120 200 81 413 0 0 1 4 7 10 7 24 369 75 60 100 54 0 0 1 9 109 106 1 5 46 112 108
6 25 9 6 132 81 12 2 0 40 24 14 10 2 2 496 380 162 133 112 39 26 0 0 162 19 52 270 140 162 73 8 4 1 0 15 0 0 0 24 11 2 4 22 5 93 46 30 10 0 0 0 2 0 3 0 32 10 4 22 4 0 0 0 0 8 3 0 0 0 1 1 0
8 23 11 17 69 67 13 4 5 25 40 18 22 18 16 367 246 92 30 63 18 40 0 0 74 4 38 128 90 181 59 20 1 4 0 0 0 25 4 2 35 0 10 65 1 91 28 29 93 0 0 0 0 1 6 2 22 34 9 0 6 5 0 6 0 10 17 21 13 0 16 11 7
8 36 16 12 143 136 32 6 6 71 66 32 19 14 4 536 529 187 108 276 108 60 10 0 158 80 150 223 254 285 138 87 21 6 7 10 10 33 15 16 54 25 18 116 12 169 38 56 85 0 0 15 6 13 4 0 85 22 8 50 30 16 6 1 0 25 12 8 6 0 1 2 0
13 40 34 44 158 227 25 14 2 69 139 126 55 80 66 560 796 154 110 207 141 129 0 0 182 83 330 241 444 599 476 41 38 33 6 6 4 7 7 40 84 57 62 123 80 116 168 217 351 0 0 10 4 8 15 12 75 190 127 127 150 105 0 0 0 62 98 159 7 0 42 87 50
9 54 22 14 156 249 61 15 11 97 83 45 39 19 5 461 675 642 62 365 252 215 15 2 181 116 233 165 438 241 259 144 26 24 13 5 27 72 33 23 124 18 31 98 17 187 67 134 130 0 0 33 2 25 7 3 113 26 12 81 73 22 9 4 0 54 16 12 11 0 8 3 0
11 39 26 29 152 196 15 5 2 60 74 95 58 29 36 638 764 308 116 120 75 33 0 0 231 17 175 212 300 341 362 12 17 10 0 8 2 2 10 32 40 0 15 79 90 146 167 290 198 0 0 0 2 0 8 5 53 63 85 73 1 0 1 0 3 73 80 95 5 0 47 6 24
9 36 21 15 123 164 25 10 4 39 52 51 32 15 8 438 540 308 88 177 100 107 1 0 124 55 155 209 178 208 199 23 25 18 6 11 16 22 9 23 27 8 23 48 28 58 79 122 77 0 0 9 0 8 13 1 15 30 23 25 34 14 0 3 1 26 6 15 4 0 17 3 1
6 23 0 15 122 0 15 0 0 30 55 0 30 0 20 584 0 0 93 134 0 0 0 0 126 26 0 232 0 286 0 14 21 0 0 2 0 0 0 14 38 0 0 52 0 105 137 0 0 0 0 0 0 0 8 0 23 65 0 50 0 0 0 0 0 24 45 0 0 0 25 0 15
10 29 14 31 143 95 23 6 0 48 110 27 28 40 47 440 415 83 99 219 79 58 0 0 194 32 84 271 162 581 89 43 62 9 0 9 0 0 0 39 38 11 14 147 3 157 114 56 224 0 0 0 3 0 14 10 39 172 17 57 46 8 0 0 0 33 80 64 0 0 14 46 39
4 24 2 4 90 25 34 0 0 51 21 1 13 2 1 421 75 44 61 242 34 0 7 0 126 13 1 81 60 86 10 95 12 0 6 8 0 0 0 31 46 0 0 34 0 124 38 2 7 0 0 0 0 0 5 0 72 8 0 21 18 0 0 0 0 19 0 1 0 0 2 0 0
5 21 5 5 65 37 16 1 0 24 31 5 8 2 2 221 99 62 36 118 23 12 1 0 50 48 31 74 41 97 10 24 13 0 0 3 0 0 0 10 26 2 2 33 0 44 24 8 13 0 0 0 2 0 1 0 10 13 2 12 7 0 0 0 0 5 6 0 0 0 1 1 0
8 14 6 22 64 27 0 0 0 20 57 6 7 24 26 294 120 21 26 0 0 0 0 0 52 23 12 122 40 264 14 0 0 0 0 0 0 0 0 0 0 18 0 80 1 86 32 12 95 0 0 0 0 0 0 0 20 71 1 0 3 2 0 0 0 10 27 19 0 5 0 29 13
7 14 9 12 52 36 5 0 0 10 32 18 8 9 8 189 144 24 30 41 11 0 0 0 53 15 40 61 27 112 40 2 7 0 0 1 0 0 0 4 12 13 0 17 6 14 21 11 23 0 0 0 1 0 0 0 2 20 9 12 15 6 0 0 0 2 8 9 0 0 2 3 2
5 12 1 9 33 6 8 0 0 10 30 0 6 3 7 122 19 0 15 43 8 0 1 0 40 18 0 24 7 88 0 12 11 0 0 2 0 0 0 5 13 2 0 22 0 11 9 0 14 0 0 0 0 0 0 0 2 23 0 7 4 0 0 0 0 2 11 0 0 0 1 3 2
6 22 9 6 73 62 16 3 0 41 10 11 19 5 1 396 200 41 57 108 44 26 0 0 155 0 8 136 112 39 34 22 4 3 0 0 0 0 0 32 4 0 2 11 2 71 59 45 18 0 0 0 0 0 14 1 36 0 2 8 12 4 0 0 0 37 1 1 0 0 6 0 0
14 52 37 54 175 295 19 10 1 73 231 152 74 110 92 460 987 550 64 129 115 149 0 0 140 308 575 256 471 796 633 12 44 20 13 6 0 3 2 24 59 157 60 280 101 143 171 262 659 0 0 5 2 6 13 10 79 329 175 115 208 173 0 0 0 39 176 237 4 9 78 132 84
8 60 10 18 222 150 64 1 1 135 146 19 61 19 17 630 474 558 113 570 132 23 7 0 334 357 119 323 371 566 146 131 76 0 6 8 5 8 0 74 178 34 5 236 3 270 153 81 174 0 0 4 10 3 27 0 171 125 10 162 104 12 0 0 0 86 79 19 3 0 32 14 7
9 26 12 24 104 93 18 0 0 46 87 28 14 28 28 430 322 87 67 110 81 0 1 0 113 77 94 133 200 378 151 46 34 0 2 13 0 0 0 28 29 45 0 120 7 116 43 25 175 0 0 0 4 0 0 0 60 79 21 34 30 19 0 0 0 7 31 39 0 5 4 16 19
7 20 5 16 66 26 12 0 5 21 40 6 22 13 16 305 116 21 25 68 0 0 0 0 56 11 12 117 40 188 14 20 0 0 0 0 4 25 0 0 35 2 0 60 1 86 39 12 65 0 0 1 0 0 6 0 20 42 1 5 1 2 0 6 0 10 17 13 13 0 16 11 7
8 20 9 19 73 53 1 2 1 26 57 15 14 18 21 367 193 80 30 7 6 22 0 0 74 44 43 128 73 246 54 0 1 1 0 0 1 0 0 2 0 13 6 85 0 91 33 16 79 0 0 0 0 1 0 2 22 59 13 4 11 5 0 0 2 10 30 12 3 2 7 18 11
11 37 13 42 173 113 14 2 0 52 169 29 44 53 81 547 427 239 150 108 42 26 0 0 185 87 95 286 171 797 130 11 46 1 7 5 0 0 0 16 38 24 8 189 11 139 194 79 387 0 0 0 11 0 7 6 38 301 16 82 65 11 0 0 0 39 162 100 0 0 30 88 89
7 11 8 13 33 28 6 1 0 7 30 12 4 13 9 127 79 18 15 30 15 7 0 0 30 5 27 31 14 97 18 4 12 0 0 3 0 0 0 4 9 6 3 22 3 9 9 6 43 0 0 0 0 0 0 1 2 24 3 4 8 4 0 0 0 1 6 13 0 0 0 6 2
11 37 13 42 173 113 14 2 0 52 169 29 44 53 81 547 427 239 150 108 42 26 0 0 185 87 95 286 171 797 130 11 46 1 7 5 0 0 0 16 38 24 8 189 11 139 194 79 387 0 0 0 11 0 7 6 38 301 16 82 65 11 0 0 0 39 162 100 0 0 30 88 89
10 23 19 26 128 108 10 4 1 26 75 54 11 32 30 362 567 100 118 100 48 38 0 0 127 37 155 247 127 428 188 9 24 4 4 1 3 4 2 12 12 31 14 70 23 88 47 33 155 0 0 2 9 2 1 6 14 78 50 29 30 34 0 0 3 3 17 32 1 3 2 24 20
8 14 6 22 64 27 0 0 0 20 57 6 7 24 26 294 120 21 26 0 0 0 0 0 52 23 12 122 40 264 14 0 0 0 0 0 0 0 0 0 0 18 0 80 1 86 32 12 95 0 0 0 0 0 0 0 20 71 1 0 3 2 0 0 0 10 27 19 0 5 0 29 13
10 25 28 17 78 142 11 20 2 19 45 72 17 20 8 287 450 152 42 64 59 143 0 1 79 39 194 119 113 161 197 8 9 42 1 3 6 7 7 9 18 11 52 31 41 43 29 76 60 0 0 4 1 5 3 0 7 18 29 13 31 25 0 1 0 5 6 15 2 0 6 4 1
14 59 42 49 149 382 35 31 5 92 207 151 84 109 73 488 967 808 56 224 228 435 6 0 156 206 534 190 631 595 704 50 78 91 9 6 7 38 18 39 89 54 120 242 103 142 99 386 728 0 0 17 0 18 11 39 88 278 117 128 218 107 0 4 5 89 156 262 11 2 74 108 52
5 13 6 4 30 28 3 2 0 11 12 5 6 2 1 96 54 28 19 15 7 14 0 0 33 9 12 38 21 28 6 0 1 1 0 0 0 0 0 4 2 2 2 7 0 5 15 10 10 0 0 0 1 0 1 0 4 1 1 6 2 0 0 0 0 5 3 1 0 0 1 0 0
7 30 10 11 96 88 14 2 1 46 68 16 11 12 5 312 259 182 76 117 34 29 1 0 123 100 96 154 149 226 72 12 24 1 1 7 2 6 0 19 18 20 5 76 4 57 22 19 78 0 0 2 3 3 1 1 38 38 4 33 23 8 0 0 1 8 11 8 1 0 0 4 0
10 29 14 31 143 95 23 6 0 48 110 27 28 40 47 440 415 83 99 219 79 58 0 0 194 32 84 271 162 581 89 43 62 9 0 9 0 0 0 39 38 11 14 147 3 157 114 56 224 0 0 0 3 0 14 10 39 172 17 57 46 8 0 0 0 33 80 64 0 0 14 46 39
14 44 34 57 161 247 25 11 3 50 197 128 61 119 106 448 847 351 63 191 141 125 1 0 106 175 356 274 327 744 528 36 62 20 3 2 16 19 7 19 83 92 71 167 69 96 200 227 641 0 0 5 0 16 10 10 34 316 126 59 177 146 0 1 4 46 175 280 7 5 46 168 106
10 27 18 27 133 100 15 8 0 44 87 45 28 30 37 492 414 88 99 130 62 72 0 0 199 15 136 255 158 498 105 22 41 12 0 6 0 0 0 35 26 10 24 111 12 125 96 63 142 0 0 0 2 0 3 8 47 128 44 89 42 12 0 0 0 19 50 39 0 0 23 30 29
4 23 4 2 73 46 25 0 0 66 5 4 9 0 0 320 146 60 49 192 50 0 8 0 250 4 10 70 132 25 23 52 2 0 0 6 0 0 0 64 17 0 0 0 1 77 16 18 0 0 0 0 0 0 3 0 116 0 0 16 0 0 0 0 0 25 0 0 0 0 0 0 0
4 16 2 4 84 18 5 0 0 22 20 1 5 2 1 394 65 34 88 63 3 0 0 0 84 22 4 167 33 116 6 2 2 0 2 3 0 0 0 3 10 3 0 18 0 41 22 1 13 0 0 0 5 0 0 0 21 5 0 13 5 0 0 0 0 1 1 1 0 0 1 0 0
4 12 3 3 39 20 4 1 0 25 12 0 2 3 0 184 50 17 25 28 8 10 0 0 81 4 0 74 48 51 0 4 4 0 0 0 0 0 0 16 0 2 0 13 0 33 2 0 16 0 0 0 0 0 0 1 36 0 0 12 4 0 0 0 0 1 0 0 0 0 0 0 0
6 20 7 8 93 40 13 2 1 31 46 9 6 4 5 352 165 50 80 113 25 14 0 0 106 35 47 140 40 222 22 16 18 1 4 5 2 2 1 14 18 11 4 87 0 82 20 8 15 0 0 2 0 3 1 0 38 38 5 24 5 0 0 0 0 1 8 2 0 0 1 2 1
7 11 8 13 33 28 6 1 0 7 30 12 4 13 9 127 79 18 15 30 15 7 0 0 30 5 27 31 14 97 18 4 12 0 0 3 0 0 0 4 9 6 3 22 3 9 9 6 43 0 0 0 0 0 0 1 2 24 3 4 8 4 0 0 0 1 6 13 0 0 0 6 2
5 18 2 8 91 10 11 0 0 30 50 1 6 4 5 340 57 5 82 108 6 0 0 0 105 51 4 138 7 235 1 15 18 0 3 5 0 0 0 14 18 13 0 87 0 80 20 2 15 0 0 0 1 0 1 0 38 42 0 24 5 0 0 0 0 1 8 2 0 0 1 2 1
4 27 3 3 116 29 33 0 0 72 10 3 21 0 1 471 120 26 80 295 33 0 0 0 261 1 10 159 72 58 3 86 2 0 0 7 0 0 0 76 26 0 0 10 0 164 65 21 0 0 0 0 0 0 19 0 98 2 1 40 0 0 0 0 0 47 3 0 0 0 6 0 0
4 7 4 2 25 16 2 1 1 5 3 2 0 1 0 71 51 10 24 4 5 5 0 0 7 0 2 68 12 22 7 1 0 0 0 0 0 1 1 2 0 0 1 1 0 9 0 0 3 0 0 2 0 1 0 0 1 0 0 0 0 0 0 0 0 0 0 0 0 0 0 0 0
2 5 1 0 32 5 0 0 0 4 0 0 0 0 0 144 32 6 37 0 0 0 0 0 12 0 0 75 4 0 0 0 0 0 0 0 0 0 0 0 0 0 0 0 0 23 0 0 0 0 0 0 0 0 0 0 1 0 0 0 0 0 0 0 0 0 0 0 0 0 0 0 0
4 10 0 6 34 0 2 0 0 7 14 0 8 0 4 117 0 0 25 14 0 0 0 0 26 8 0 27 0 34 0 0 0 0 0 0 0 0 0 2 4 0 0 7 0 8 29 0 0 0 0 0 0 0 1 0 1 10 0 10 0 0 0 0 0 2 4 0 0 0 4 0 1
5 7 6 4 5 19 1 2 1 3 5 5 1 2 1 23 13 11 0 2 3 9 0 0 3 1 4 1 10 5 12 0 0 1 0 0 0 1 1 1 0 0 2 0 0 0 0 1 3 0 0 1 0 2 0 0 0 2 1 1 2 0 0 0 0 0 0 1 0 0 0 0 0
11 37 13 42 173 113 14 2 0 52 169 29 44 53 81 547 427 239 150 108 42 26 0 0 185 87 95 286 171 797 130 11 46 1 7 5 0 0 0 16 38 24 8 189 11 139 194 79 387 0 0 0 11 0 7 6 38 301 16 82 65 11 0 0 0 39 162 100 0 0 30 88 89
5 4 5 5 7 8 0 0 0 0 6 6 1 3 1 6 12 3 1 0 0 0 0 0 0 1 5 3 0 12 5 0 0 0 0 0 0 0 0 0 0 2 0 0 1 0 1 2 4 0 0 0 1 0 0 0 0 2 1 0 1 2 0 0 0 0 0 1 0 0 0 0 0
3 5 1 2 6 4 0 0 0 3 4 0 1 1 0 11 3 3 2 0 0 0 0 0 4 1 0 1 3 5 0 0 0 0 0 0 0 0 0 0 0 0 0 1 0 0 1 0 3 0 0 0 0 0 0 0 1 0 0 2 1 0 0 0 0 0 0 0 0 0 0 0 0
11 39 26 29 152 196 15 5 2 60 74 95 58 29 36 638 764 308 116 120 75 33 0 0 231 17 175 212 300 341 362 12 17 10 0 8 2 2 10 32 40 0 15 79 90 146 167 290 198 0 0 0 2 0 8 5 53 63 85 73 1 0 1 0 3 73 80 95 5 0 47 6 24
10 29 13 32 171 77 13 2 0 45 122 29 31 40 49 492 472 42 129 161 36 16 0 0 195 90 75 346 125 683 86 18 38 1 4 8 0 0 0 26 31 55 10 146 7 169 151 44 183 0 0 0 4 0 6 2 35 181 18 66 66 17 0 0 0 34 90 65 0 0 16 50 40
6 31 7 8 169 83 42 2 2 68 50 7 9 8 3 538 430 162 116 425 124 37 9 0 273 46 38 320 196 270 51 128 28 1 7 8 2 20 4 67 38 8 3 79 0 195 33 9 73 0 0 14 6 2 0 1 86 21 1 35 17 3 1 0 0 7 6 4 2 0 0 2 0
11 52 21 34 146 195 36 1 3 72 155 70 82 46 48 579 454 401 75 177 139 12 0 0 209 222 182 184 263 509 327 47 51 0 14 2 8 9 1 17 115 67 8 138 40 125 143 224 277 0 0 16 7 14 23 0 67 182 67 137 154 49 0 1 0 83 135 85 10 0 68 46 35
7 31 11 10 109 94 30 4 3 44 60 17 13 9 5 353 309 188 73 205 87 42 2 0 120 66 94 163 125 230 75 51 26 4 2 6 4 16 5 20 47 15 6 90 4 99 29 23 54 0 0 6 3 8 2 2 43 37 6 33 24 4 1 0 0 4 8 6 2 0 2 2 1
3 4 1 2 27 3 0 0 0 1 5 0 0 1 0 73 23 2 26 0 0 0 0 0 4 2 0 73 1 29 0 0 0 0 0 0 0 0 0 0 0 1 0 1 0 8 0 0 3 0 0 0 1 0 0 0 0 0 0 0 0 0 0 0 0 0 0 0 0 0 0 0 0
3 5 2 1 19 9 1 0 0 5 1 1 0 0 0 64 38 4 16 10 2 0 0 0 31 0 1 23 10 0 4 0 0 0 0 0 0 0 0 2 0 0 0 0 0 8 0 0 0 0 0 0 0 0 0 0 2 0 0 0 0 0 0 0 0 0 0 0 0 0 0 0 0
3 5 0 3 9 0 1 0 0 1 8 0 1 0 1 7 0 0 1 5 0 0 0 0 0 4 0 4 0 13 0 0 1 0 0 0 0 0 0 0 1 0 0 1 0 1 1 0 0 0 0 0 1 0 0 0 0 3 0 1 0 0 0 0 0 0 1 0 0 0 0 0 0
6 20 8 7 43 52 10 2 1 22 30 10 8 6 2 167 125 68 25 53 24 16 1 0 82 34 40 50 57 59 33 10 9 1 1 0 1 2 2 11 15 10 4 26 1 14 3 12 30 0 0 3 2 2 0 0 10 5 2 14 10 4 0 0 0 5 4 2 0 0 2 1 0
3 4 2 1 10 5 0 0 0 1 1 1 1 0 0 13 12 3 2 0 0 0 0 0 1 0 1 6 1 3 1 0 0 0 0 0 0 0 0 0 0 0 0 0 0 2 2 1 0 0 0 0 0 0 0 0 0 0 0 1 0 0 0 0 0 0 0 0 0 0 0 0 0
2 4 1 0 9 4 0 0 0 2 0 0 0 0 0 38 9 4 4 0 0 0 0 0 3 0 0 4 2 0 0 0 0 0 0 0 0 0 0 0 0 0 0 0 0 3 0 0 0 0 0 0 0 0 0 0 0 0 0 0 0 0 0 0 0 0 0 0 0 0 0 0 0
6 14 5 10 50 14 2 1 3 13 12 5 19 7 7 263 51 0 3 18 2 1 0 0 50 0 2 86 13 55 0 1 2 0 0 0 10 2 3 2 4 0 2 4 0 20 56 15 12 0 0 1 0 0 0 1 4 3 2 11 4 0 3 0 2 15 10 5 7 0 11 3 2
8 20 11 17 101 51 10 0 5 13 37 30 21 6 20 514 210 47 65 89 13 0 0 0 75 7 53 189 39 214 72 6 7 0 2 4 27 19 0 6 19 1 0 17 10 23 99 33 21 0 0 6 0 13 6 0 3 36 30 21 9 5 1 6 0 3 26 10 5 0 14 0 15
4 12 5 1 41 27 6 2 1 13 3 2 2 0 0 133 90 26 20 33 11 15 0 0 61 2 5 58 30 11 4 3 0 1 1 0 1 3 1 6 4 0 0 1 0 18 6 4 0 0 0 4 0 1 0 0 6 0 0 2 0 0 0 0 0 1 0 0 0 0 0 0 0
14 73 51 40 295 556 67 43 10 130 149 215 112 53 53 756 2143 1401 190 573 499 634 1 12 423 116 779 367 1062 633 1305 135 65 145 14 10 18 48 68 98 147 23 123 161 203 236 380 703 344 0 0 48 4 10 56 12 132 137 252 179 119 76 6 9 2 114 106 109 22 0 121 27 42
3 7 2 1 32 8 4 0 0 3 2 1 2 0 0 99 34 6 20 32 4 0 0 0 2 0 2 66 3 14 1 3 0 0 0 0 0 0 0 0 2 0 0 1 0 19 7 2 0 0 0 0 0 0 1 0 1 0 0 2 0 0 0 0 0 0 0 0 0 0 0 0 0
6 23 0 15 122 0 15 0 0 30 55 0 30 0 20 584 0 0 93 134 0 0 0 0 126 26 0 232 0 286 0 14 21 0 0 2 0 0 0 14 38 0 0 52 0 105 137 0 0 0 0 0 0 0 8 0 23 65 0 50 0 0 0 0 0 24 45 0 0 0 25 0 15
3 6 2 1 10 7 1 0 1 3 1 1 1 0 0 47 9 5 1 5 0 0 0 0 4 0 0 5 4 3 2 0 0 0 0 0 1 1 0 0 1 0 0 0 0 1 2 1 0 0 0 2 0 1 0 0 1 0 0 0 0 0 0 0 0 0 0 0 0 0 0 0 0
4 6 3 3 8 8 1 0 1 2 6 3 1 0 1 9 9 5 0 4 0 0 0 0 0 1 4 2 3 9 4 0 1 0 0 0 1 1 0 0 1 0 0 1 0 2 1 1 0 0 0 1 0 2 0 0 0 2 1 1 0 0 0 0 0 0 1 0 0 0 0 0 0
7 12 7 14 58 16 4 1 2 5 14 10 19 12 12 306 76 0 2 36 6 1 0 0 0 0 5 110 6 64 3 2 2 0 0 0 10 2 2 0 10 0 3 4 0 25 94 19 15 0 0 0 0 0 2 1 0 6 7 0 10 4 1 0 2 9 12 5 6 1 14 10 4
8 19 6 22 101 43 12 2 2 22 70 5 8 20 29 340 208 49 88 108 27 20 3 0 97 23 11 189 62 384 25 16 31 1 1 8 6 12 3 13 14 4 2 65 0 69 38 3 127 0 0 5 1 2 0 6 13 101 1 18 16 0 0 0 5 2 22 16 2 0 1 24 20
4 6 3 3 6 10 2 0 0 2 4 2 2 2 0 7 11 5 1 5 4 0 0 0 2 0 2 2 3 5 4 1 0 0 0 1 0 0 0 0 2 0 0 1 0 0 1 2 4 0 0 0 0 0 0 0 0 0 0 0 2 1 0 0 0 1 0 0 0 0 0 0 0
14 44 35 56 160 274 31 14 4 62 194 133 48 112 105 425 913 394 61 235 194 163 1 0 151 110 478 273 434 743 643 49 82 29 2 6 17 17 8 32 82 56 84 206 70 113 142 194 651 0 0 11 2 22 14 12 51 328 144 87 121 136 0 2 4 34 140 253 10 2 33 163 108
1 3 0 0 12 0 2 0 0 1 0 0 0 0 0 41 0 0 6 15 0 0 0 0 3 0 0 13 0 0 0 1 0 0 0 1 0 0 0 0 0 0 0 0 0 2 0 0 0 0 0 0 0 0 0 0 0 0 0 0 0 0 0 0 0 0 0 0 0 0 0 0 0
3 7 2 1 33 8 4 0 0 3 2 1 2 0 0 122 36 6 20 32 4 0 0 0 2 0 2 68 3 14 1 3 0 0 0 0 0 0 0 0 2 0 0 1 0 19 7 2 0 0 0 0 0 0 1 0 1 0 0 2 0 0 0 0 0 0 0 0 0 0 0 0 0
2 4 1 0 12 4 2 0 0 4 0 0 0 0 0 30 12 0 3 12 2 0 0 0 12 0 0 11 4 0 0 1 0 0 0 0 0 0 0 2 0 0 0 0 0 6 0 0 0 0 0 0 0 0 0 0 1 0 0 0 0 0 0 0 0 0 0 0 0 0 0 0 0
6 16 0 15 90 0 6 0 0 9 44 0 18 0 20 411 0 0 89 64 0 0 0 0 59 32 0 159 0 232 0 2 6 0 0 3 0 0 0 2 12 0 0 19 0 19 92 0 0 0 0 0 5 0 6 0 2 58 0 24 0 0 0 0 0 1 30 0 0 0 14 0 15
2 2 0 1 4 0 0 0 0 0 2 0 0 0 0 19 0 0 1 0 0 0 0 0 0 1 0 5 0 4 0 0 0 0 0 0 0 0 0 0 0 0 0 0 0 0 0 0 0 0 0 0 0 0 0 0 0 0 0 0 0 0 0 0 0 0 0 0 0 0 0 0 0
12 40 29 37 185 188 25 25 4 31 114 86 65 43 66 807 763 283 147 243 112 235 2 7 137 105 216 261 157 516 261 20 24 66 10 12 19 20 8 14 67 31 57 66 2 54 306 173 205 0 0 8 0 14 26 8 9 181 127 78 91 31 0 3 3 16 92 77 9 0 91 45 75
3 1 2 1 4 1 0 0 0 0 1 1 0 0 0 19 4 0 1 0 0 0 0 0 0 0 1 5 0 4 0 0 0 0 0 0 0 0 0 0 0 0 0 0 0 0 0 0 0 0 0 0 0 0 0 0 0 0 0 0 0 0 0 0 0 0 0 0 0 0 0 0 0
1 1 0 0 4 0 0 0 0 0 0 0 0 0 0 12 0 0 2 0 0 0 0 0 0 0 0 4 0 0 0 0 0 0 0 0 0 0 0 0 0 0 0 0 0 0 0 0 0 0 0 0 0 0 0 0 0 0 0 0 0 0 0 0 0 0 0 0 0 0 0 0 0
1 2 0 0 1 0 0 0 0 1 0 0 0 0 0 4 0 0 0 0 0 0 0 0 1 0 0 0 0 0 0 0 0 0 0 0 0 0 0 0 0 0 0 0 0 0 0 0 0 0 0 0 0 0 0 0 0 0 0 0 0 0 0 0 0 0 0 0 0 0 0 0 0
2 9 0 1 25 0 2 0 0 14 1 0 4 0 0 105 0 0 6 2 0 0 0 0 7 0 0 18 0 3 0 0 0 0 0 5 0 0 0 5 0 0 0 0 0 34 9 0 0 0 0 0 0 0 1 0 9 0 0 4 0 0 0 0 0 5 0 0 0 0 0 0 0
