12 47 38 28 193 281 35 29 8 47 136 128 42 37 26 620 1116 492 122 278 190 306 2 0 177 179 542 268 279 598 438 41 52 87 2 11 18 38 26 23 89 47 81 113 90 115 135 206 207 0 0 15 8 32 8 6 21 135 103 68 77 52 0 7 1 21 68 43 7 1 16 20 12
12 57 34 32 203 328 40 24 6 86 179 104 54 60 32 591 1109 740 101 298 204 322 6 3 285 234 530 232 520 653 521 53 71 53 16 11 9 37 22 48 112 78 89 183 54 136 126 221 413 0 0 25 12 21 8 9 68 185 66 120 144 69 1 3 0 48 78 100 11 4 24 35 13
11 51 25 30 200 237 45 13 8 60 171 66 43 54 32 629 868 541 80 363 198 163 0 0 199 222 320 302 285 683 321 72 83 25 7 2 24 42 24 26 107 74 44 148 25 127 122 135 400 0 0 29 13 24 10 10 29 195 36 88 103 48 2 5 4 23 73 86 10 3 17 39 14
10 40 19 26 190 158 33 5 4 49 124 46 35 45 24 616 731 274 139 307 118 59 2 0 246 124 186 266 201 613 195 47 57 4 4 11 13 22 4 30 86 47 22 108 17 106 125 92 275 0 0 12 3 16 7 5 26 108 20 64 87 42 1 1 5 27 54 58 5 4 12 31 7
8 30 13 15 109 113 24 5 2 44 71 21 11 21 9 407 382 202 67 187 90 69 0 0 197 47 95 117 171 264 105 37 35 5 3 3 8 10 2 36 29 17 11 80 3 65 27 24 145 0 0 7 2 6 2 4 30 49 6 30 32 13 0 0 2 10 6 17 2 2 0 7 2
11 45 29 26 206 235 30 16 8 54 113 86 43 41 22 669 1040 439 123 265 144 193 0 0 225 125 307 325 285 547 352 36 42 37 11 10 23 37 19 34 53 39 46 94 49 137 153 165 227 0 0 25 5 28 12 8 22 88 58 64 95 51 2 8 1 34 52 50 8 3 17 22 6
7 25 8 13 94 68 17 2 2 34 66 10 6 14 9 337 218 137 65 128 43 29 0 0 158 44 54 113 95 263 40 22 36 1 3 1 7 10 2 27 13 9 3 78 2 47 15 9 113 0 0 8 3 4 0 3 25 53 2 19 9 3 1 0 3 1 10 12 1 0 0 7 2
9 36 23 13 130 180 29 16 5 43 50 49 24 15 4 501 635 299 83 226 136 179 3 0 201 54 166 156 212 187 198 37 15 33 3 8 16 26 12 37 41 16 29 42 21 67 60 100 78 0 0 19 2 8 7 1 25 10 13 37 30 19 0 6 0 17 8 9 3 0 6 1 0
10 33 21 24 121 157 14 13 2 42 88 45 24 39 23 503 541 265 94 120 64 140 0 2 127 59 160 202 220 340 194 13 22 18 2 9 9 6 7 16 30 12 38 80 11 73 65 68 211 0 0 8 2 5 2 9 30 94 19 44 62 24 0 0 1 13 26 54 3 0 10 26 9
7 31 8 13 143 70 38 0 1 41 70 14 22 12 9 538 304 92 106 340 90 0 3 0 165 94 69 209 98 342 60 83 40 0 0 15 1 4 0 27 78 12 0 70 3 116 82 29 67 0 0 3 1 3 8 0 23 57 6 41 33 8 0 0 1 17 19 10 1 0 9 6 2
9 45 10 26 154 112 36 2 3 70 142 18 50 28 36 564 366 293 101 257 105 23 3 0 299 190 74 166 193 488 119 50 49 1 9 4 10 15 4 53 105 29 5 167 5 81 104 55 227 0 0 9 5 8 7 5 47 187 9 113 73 4 1 0 2 38 88 41 7 0 40 29 27
11 47 21 34 190 193 45 4 5 51 153 65 57 47 49 554 778 400 130 345 203 44 5 0 150 166 264 270 243 622 347 74 59 4 18 14 14 27 6 28 115 38 22 123 32 116 165 139 272 0 0 11 7 19 23 2 27 214 58 81 110 39 0 3 1 26 103 88 13 0 44 47 38
13 29 32 46 116 157 11 8 0 22 133 123 29 82 73 480 585 178 104 67 62 54 0 0 103 65 366 184 121 568 323 6 28 11 1 7 0 0 0 11 38 48 48 88 90 52 97 120 304 0 0 0 3 0 2 10 10 226 129 37 63 96 0 0 0 9 91 173 0 3 15 96 59
9 24 18 18 78 94 6 4 0 42 54 48 22 18 14 317 272 78 44 25 26 34 0 0 149 14 136 110 163 188 114 3 8 4 0 3 0 0 0 20 10 6 14 73 25 56 49 71 64 0 0 0 0 0 2 2 54 49 32 66 20 20 0 0 0 17 24 16 0 1 13 6 6
7 26 9 12 98 77 21 3 2 33 59 12 8 12 8 326 253 150 64 162 62 39 0 0 156 42 59 122 99 239 56 30 34 2 4 1 7 12 4 27 16 6 6 67 0 47 20 11 88 0 0 8 3 2 1 2 24 48 5 20 16 5 1 0 3 1 8 7 1 0 1 6 2
13 61 45 33 219 423 39 43 11 95 159 150 64 66 27 611 1450 960 135 295 238 582 5 6 364 166 652 249 685 607 723 41 40 124 16 6 22 53 48 56 121 54 143 170 96 120 159 346 406 0 0 34 4 43 8 15 81 118 94 135 154 104 3 3 3 55 72 92 21 6 29 28 7
6 30 7 8 123 80 30 2 2 56 34 9 16 4 5 403 322 175 67 262 88 30 4 0 241 26 32 159 180 146 76 57 10 1 7 2 3 17 2 55 27 5 4 29 0 102 41 20 19 0 0 11 0 4 4 0 54 21 5 34 9 0 0 1 0 13 10 2 0 0 8 2 1
7 28 4 17 78 34 15 0 0 49 82 4 26 12 19 355 88 44 34 61 23 0 1 0 157 78 8 82 67 225 11 21 19 0 0 3 0 0 0 30 34 9 0 110 0 59 53 18 79 0 0 0 1 0 7 0 50 86 1 47 25 2 0 0 0 35 54 9 0 0 11 13 10
14 49 44 47 175 337 26 23 4 68 192 181 50 97 63 495 1207 600 94 183 180 266 0 1 255 139 768 207 491 683 765 30 69 51 3 8 11 14 14 35 69 93 135 206 137 99 106 250 546 0 0 9 10 16 3 12 46 238 179 116 124 178 0 2 2 31 92 178 12 4 36 84 42
11 34 21 34 114 130 16 5 3 28 108 60 48 54 46 535 416 187 81 82 60 34 0 0 128 83 175 165 113 406 190 10 25 6 0 7 9 7 8 9 60 26 20 47 34 52 111 104 218 0 0 6 1 5 4 8 12 152 38 70 100 35 1 1 0 21 59 108 12 0 48 51 30
5 10 4 6 41 14 0 0 1 13 16 4 4 4 2 179 55 3 9 0 0 0 0 0 48 6 4 75 17 73 7 0 0 0 0 0 4 0 0 0 0 5 0 17 0 28 8 3 10 0 0 2 0 2 0 0 11 7 1 10 6 2 0 0 0 3 1 1 1 0 0 1 0
4 18 3 3 71 26 11 0 0 25 12 3 8 0 1 261 87 56 45 88 13 0 0 0 70 7 12 105 35 55 12 15 3 0 0 2 0 0 0 14 17 0 0 11 0 49 29 8 0 0 0 0 0 0 0 0 15 4 1 13 0 0 0 0 0 8 2 0 0 0 2 0 0
11 50 26 29 179 243 36 19 3 60 131 70 60 37 39 582 860 543 142 246 154 250 2 3 230 139 292 245 318 509 350 35 37 43 20 11 6 11 13 35 134 22 54 93 11 96 121 161 212 0 0 11 6 9 12 0 27 158 70 104 126 27 1 0 1 36 89 58 4 0 52 36 28
8 20 17 11 81 85 9 7 0 9 29 37 13 7 5 289 313 99 71 74 39 53 0 0 33 21 94 131 38 115 92 4 3 12 2 7 0 0 0 3 13 4 11 10 18 20 61 47 22 0 0 0 1 0 4 0 0 14 16 11 10 7 0 0 0 2 6 5 0 0 5 0 1
6 16 9 6 42 51 5 3 0 16 21 11 4 5 1 171 130 58 31 37 14 27 0 0 59 12 40 42 54 51 34 4 4 2 5 2 0 0 0 4 7 3 5 13 2 13 6 8 19 0 0 0 0 0 0 0 7 5 1 7 7 3 0 0 0 3 1 2 0 0 0 0 0
11 48 28 27 183 255 55 19 10 58 125 73 40 49 24 656 918 502 91 393 278 242 4 2 224 110 311 234 324 525 362 103 76 36 3 9 23 62 31 40 114 28 64 103 26 102 119 138 306 0 0 25 1 33 10 8 30 107 36 70 99 53 4 3 8 25 45 66 12 1 17 31 7
9 43 17 19 156 163 38 4 4 56 93 42 40 23 15 623 547 379 94 271 129 56 4 0 190 105 173 199 223 368 197 48 35 4 5 10 9 24 8 40 92 21 14 94 21 90 104 108 162 0 0 14 5 9 12 2 36 69 22 73 59 18 1 1 1 21 33 30 8 0 21 11 4
7 29 7 14 142 59 14 1 1 39 75 9 19 14 11 585 250 116 135 151 24 12 1 0 188 94 49 199 81 366 33 12 22 0 0 7 5 5 1 22 29 18 3 77 1 90 79 17 95 0 0 4 9 1 2 1 21 55 2 46 24 4 0 0 1 13 29 12 2 0 7 9 3
5 10 6 4 19 28 7 2 0 10 8 5 2 2 1 91 49 16 9 32 21 16 0 0 23 0 8 8 29 20 14 12 0 1 0 0 0 0 0 4 7 0 2 8 0 12 3 2 8 0 0 0 0 0 0 0 4 2 1 1 4 0 0 0 0 1 0 1 0 0 0 0 0
10 25 23 22 79 114 5 11 0 22 55 61 28 29 19 377 327 128 66 36 16 86 0 0 72 34 112 133 104 247 141 1 8 20 1 1 0 0 0 5 15 16 36 35 29 31 57 98 99 0 0 0 2 0 3 1 7 43 35 17 51 25 0 0 0 21 30 44 0 0 15 13 7
5 13 4 6 60 22 1 0 0 11 14 4 8 4 2 296 92 28 67 11 2 0 0 0 61 9 6 101 20 70 11 0 0 0 0 1 0 0 0 1 2 0 0 6 1 28 33 8 14 0 0 0 1 0 0 0 4 5 0 10 8 0 0 0 0 4 2 4 0 0 2 0 0
6 9 8 7 26 22 2 0 0 7 19 14 2 4 2 103 64 4 11 14 6 0 0 0 20 14 30 18 15 54 17 1 1 0 0 0 0 0 0 0 3 9 0 16 5 10 4 5 13 0 0 0 0 0 0 0 4 5 4 4 1 4 0 0 0 0 2 2 0 0 0 0 0
3 4 2 1 8 8 2 0 0 4 0 1 0 0 0 19 16 0 7 12 4 0 0 0 8 0 0 9 8 0 4 1 0 0 0 0 0 0 0 2 0 0 0 0 0 2 0 0 0 0 0 0 0 0 0 0 1 0 0 0 0 0 0 0 0 0 0 0 0 0 0 0 0
5 7 4 6 25 14 0 0 0 7 10 4 2 4 2 141 50 6 17 0 0 0 0 0 36 0 6 36 14 40 7 0 0 0 0 0 0 0 0 0 0 0 0 8 1 11 3 4 14 0 0 0 0 0 0 0 4 3 0 4 0 0 0 0 0 1 2 4 0 0 0 0 0
3 5 0 3 13 0 0 0 0 2 6 0 2 0 1 48 0 0 0 0 0 0 0 0 4 4 0 14 0 14 0 0 0 0 0 0 0 0 0 0 0 0 0 2 0 4 6 0 0 0 0 0 0 0 0 0 0 1 0 0 0 0 0 0 0 1 2 0 0 0 0 0 0
10 57 23 22 215 262 44 9 5 102 141 64 50 29 18 584 934 723 130 331 186 158 5 0 409 235 342 252 484 541 359 56 51 17 16 8 7 32 8 70 105 49 24 184 36 159 121 179 237 0 0 16 12 23 11 5 91 111 41 132 86 32 1 1 2 50 58 35 5 0 22 15 5
5 11 5 5 44 26 2 1 0 16 14 5 2 2 2 176 106 24 21 14 4 9 0 0 60 0 14 80 38 56 15 1 2 0 0 0 0 0 0 6 2 0 2 18 0 27 2 2 10 0 0 0 1 0 0 0 14 6 2 8 2 0 0 0 0 0 2 0 0 0 0 1 0
6 18 9 6 60 59 16 5 1 18 21 8 4 5 2 198 165 77 34 102 54 47 0 1 29 11 27 77 69 100 34 25 11 2 0 5 1 2 2 4 13 2 6 10 0 34 12 7 22 0 0 4 0 2 0 1 12 8 2 5 5 0 0 0 0 1 4 2 0 0 0 1 0
8 16 9 19 45 54 12 0 0 25 36 18 11 18 20 230 149 0 19 72 50 0 2 0 80 5 18 50 91 114 85 12 13 0 0 2 0 0 0 21 17 4 0 38 3 26 16 19 68 0 0 0 0 0 2 0 14 38 12 20 30 12 0 0 0 13 8 18 0 0 3 15 10
11 24 28 27 80 126 7 7 0 17 56 100 29 31 27 413 432 106 67 54 37 56 0 0 88 48 176 115 99 209 229 5 6 13 0 5 0 0 0 4 23 22 29 30 78 36 66 125 96 0 0 0 1 0 2 1 7 39 89 25 42 46 0 0 0 8 34 45 0 0 20 17 12
6 24 6 9 110 47 13 1 2 38 47 7 11 7 5 455 189 78 92 139 22 13 0 0 195 53 34 151 73 233 25 28 19 0 0 4 6 6 1 19 18 8 3 61 0 82 38 8 44 0 0 10 1 3 0 0 29 27 2 28 13 2 0 1 0 9 12 5 2 0 2 2 1
6 17 9 6 76 51 10 0 0 21 14 18 10 0 2 379 228 30 54 96 30 0 0 0 117 12 42 111 63 66 51 10 3 0 0 5 0 0 0 14 15 0 0 6 9 45 34 30 0 0 0 0 0 0 1 0 10 3 6 18 0 0 0 0 0 9 4 0 0 0 2 0 0
11 49 29 26 187 257 38 18 5 54 135 83 44 41 23 648 883 546 123 278 188 234 3 0 228 178 393 247 291 550 369 42 52 41 12 10 12 23 11 28 97 51 57 100 39 87 132 162 247 0 0 14 10 22 10 5 23 119 52 91 99 51 1 1 3 21 54 54 7 1 22 21 9
6 10 1 14 43 6 2 0 0 14 30 0 7 4 16 137 19 0 26 14 2 0 0 0 47 0 0 59 13 129 0 1 5 0 0 0 0 0 0 6 3 0 0 38 0 23 25 0 20 0 0 0 0 0 0 0 13 36 0 17 4 0 0 0 0 1 12 0 0 0 4 6 9
9 36 13 23 138 121 25 2 0 48 119 27 24 31 24 481 476 265 85 220 93 23 2 0 172 122 145 211 173 443 136 40 49 1 3 11 0 0 0 22 50 29 6 134 11 103 56 53 234 0 0 0 8 0 4 4 33 126 11 51 44 14 0 0 0 13 50 43 0 1 7 25 10
4 3 2 4 15 3 0 0 0 3 6 1 0 2 1 76 15 0 10 0 0 0 0 0 12 0 3 21 3 30 0 0 0 0 0 0 0 0 0 0 0 0 0 6 0 9 0 0 3 0 0 0 0 0 0 0 1 3 0 0 0 0 0 0 0 0 0 1 0 0 0 0 0
7 13 11 10 19 52 5 5 1 7 4 20 10 0 10 66 78 46 11 21 23 39 1 0 19 0 4 10 40 12 66 2 0 10 0 0 1 3 1 5 4 0 0 0 0 4 10 20 0 0 0 2 0 4 0 0 2 6 20 0 0 0 0 0 0 0 0 0 0 0 10 0 5
2 8 0 1 33 0 7 0 0 5 2 0 3 0 0 122 0 0 28 59 0 0 1 0 22 1 0 35 0 12 0 4 0 0 0 1 0 0 0 3 5 0 0 0 0 8 10 0 0 0 0 0 0 0 1 0 0 0 0 1 0 0 0 0 0 2 0 0 0 0 0 0 0
2 1 0 1 4 0 0 0 0 0 1 0 0 0 0 8 0 0 2 0 0 0 0 0 0 0 0 4 0 4 0 0 0 0 0 0 0 0 0 0 0 0 0 0 0 0 0 0 0 0 0 0 0 0 0 0 0 0 0 0 0 0 0 0 0 0 0 0 0 0 0 0 0
10 34 19 26 141 148 22 6 1 46 116 47 20 40 27 477 618 259 87 210 102 66 2 0 165 79 221 237 205 465 193 34 47 7 5 11 6 2 2 22 41 29 21 135 21 103 51 67 265 0 0 3 6 5 3 7 33 126 25 47 37 28 0 0 1 12 44 58 0 1 4 31 11
3 6 0 3 29 0 1 0 0 2 6 0 3 0 1 110 0 0 10 9 0 0 0 0 4 2 0 52 0 24 0 0 0 0 0 0 0 0 0 0 2 0 0 0 0 8 14 0 0 0 0 0 1 0 0 0 0 3 0 4 0 0 0 0 0 0 0 0 0 0 1 0 0
6 10 1 14 43 6 2 0 0 14 30 0 7 4 16 137 19 0 26 14 2 0 0 0 47 0 0 59 13 129 0 1 5 0 0 0 0 0 0 6 3 0 0 38 0 23 25 0 20 0 0 0 0 0 0 0 13 36 0 17 4 0 0 0 0 1 12 0 0 0 4 6 9
9 37 12 24 133 79 33 2 3 43 95 26 58 26 30 532 286 99 91 241 56 15 1 0 168 85 96 166 101 382 54 44 20 1 3 7 4 17 3 30 121 14 8 89 7 60 150 62 99 0 0 7 0 4 25 2 21 111 17 75 86 10 1 1 0 35 65 39 12 0 56 22 20
5 14 4 6 49 26 8 0 1 23 16 4 6 4 2 165 99 7 22 54 16 0 0 0 90 6 4 92 51 63 19 10 2 0 0 0 0 4 0 16 6 1 0 15 0 42 12 5 14 0 0 2 0 2 2 0 19 7 1 8 10 2 0 0 0 8 1 1 1 0 0 1 0
7 23 6 15 96 34 11 0 0 25 68 9 18 12 14 377 138 27 66 85 17 0 1 0 72 83 38 152 37 281 17 12 10 0 1 1 0 0 0 5 31 19 0 66 1 49 64 15 51 0 0 0 2 0 4 0 15 61 4 23 17 4 0 0 0 12 37 12 0 0 7 8 6
5 7 4 6 25 14 0 0 0 7 10 4 2 4 2 141 50 6 17 0 0 0 0 0 36 0 6 36 14 40 7 0 0 0 0 0 0 0 0 0 0 0 0 8 1 11 3 4 14 0 0 0 0 0 0 0 4 3 0 4 0 0 0 0 0 1 2 4 0 0 0 0 0
2 1 0 1 4 0 0 0 0 0 1 0 0 0 0 8 0 0 2 0 0 0 0 0 0 0 0 4 0 4 0 0 0 0 0 0 0 0 0 0 0 0 0 0 0 0 0 0 0 0 0 0 0 0 0 0 0 0 0 0 0 0 0 0 0 0 0 0 0 0 0 0 0
9 35 16 20 167 134 23 7 4 49 90 31 24 29 17 626 564 240 153 231 73 87 1 0 243 56 134 220 199 445 135 28 37 9 8 11 14 19 7 29 47 16 20 82 6 97 97 53 188 0 0 16 6 9 4 4 32 76 11 61 43 18 1 2 3 16 33 35 5 0 9 18 5
7 29 10 11 115 82 20 1 3 39 56 20 15 7 7 462 301 148 79 159 50 11 0 0 202 66 84 137 110 224 83 26 27 0 2 1 8 11 2 30 24 8 4 59 6 56 51 29 42 0 0 11 5 10 4 0 23 39 11 22 24 6 1 0 0 15 13 3 3 0 1 3 2
6 4 1 14 13 3 1 0 0 0 17 0 0 4 16 24 9 2 6 7 1 0 0 0 0 2 0 12 0 54 0 0 4 0 0 0 0 0 0 0 0 1 0 0 0 0 0 0 12 0 0 0 1 0 0 0 0 27 0 0 0 0 0 0 0 0 0 0 0 0 0 6 9
6 4 1 14 13 3 1 0 0 0 17 0 0 4 16 24 9 2 6 7 1 0 0 0 0 2 0 12 0 54 0 0 4 0 0 0 0 0 0 0 0 1 0 0 0 0 0 0 12 0 0 0 1 0 0 0 0 27 0 0 0 0 0 0 0 0 0 0 0 0 0 6 9
10 59 21 24 223 244 54 10 9 99 151 49 59 40 21 598 858 685 121 431 211 154 2 0 359 265 223 251 412 579 296 90 65 18 19 3 18 57 23 64 119 51 28 177 12 163 166 157 299 0 0 33 9 25 17 6 71 133 24 113 145 42 4 4 5 74 69 47 11 1 25 26 6
4 13 2 4 26 14 7 0 0 10 19 1 3 2 1 116 22 24 11 36 8 0 0 0 19 20 6 17 11 41 3 7 4 0 0 0 0 0 0 0 9 1 0 14 0 10 5 1 11 0 0 0 0 0 0 0 5 6 0 5 3 0 0 0 0 0 2 1 0 0 0 0 0
5 9 0 10 50 0 0 0 0 5 10 0 13 0 10 143 0 0 26 0 0 0 0 0 16 0 0 91 0 62 0 0 0 0 0 0 0 0 0 0 0 0 0 2 0 19 63 0 0 0 0 0 0 0 0 0 1 9 0 12 0 0 0 0 0 3 6 0 0 0 11 0 5
2 4 0 1 6 0 0 0 0 2 0 0 2 0 0 30 0 0 0 0 0 0 0 0 6 0 0 6 0 0 0 0 0 0 0 0 0 0 0 0 0 0 0 0 0 0 3 0 0 0 0 0 0 0 0 0 0 0 0 0 0 0 0 0 0 1 0 0 0 0 0 0 0
12 54 38 28 206 340 45 31 5 78 124 123 60 41 25 660 1215 661 122 318 250 403 1 0 298 121 469 238 507 492 543 69 48 94 21 20 9 31 16 53 124 30 86 112 83 136 187 314 251 0 0 17 4 21 21 5 54 106 84 100 107 47 1 2 1 60 59 69 8 0 34 18 9
3 5 0 3 16 0 1 0 0 3 8 0 1 0 1 39 0 0 9 8 0 0 0 0 12 2 0 16 0 22 0 0 1 0 0 0 0 0 0 0 1 0 0 4 0 2 4 0 0 0 0 0 0 0 0 0 1 3 0 2 0 0 0 0 0 0 1 0 0 0 0 0 0
3 6 2 1 11 12 5 0 0 10 0 1 0 0 0 19 22 0 5 29 10 0 0 0 4 0 0 6 20 0 6 10 0 0 0 1 0 0 0 0 0 0 0 0 0 10 0 0 0 0 0 0 0 0 0 0 10 0 0 0 0 0 0 0 0 0 0 0 0 0 0 0 0
7 12 4 17 37 23 5 0 0 20 37 4 6 12 19 171 56 0 18 26 13 0 0 0 57 2 3 41 42 123 18 4 11 0 0 0 0 0 0 11 6 2 0 51 0 25 14 4 56 0 0 0 0 0 0 0 15 44 1 15 12 2 0 0 0 6 11 9 0 0 1 13 10
4 5 3 3 12 7 0 0 0 2 4 3 2 0 1 48 12 4 0 0 0 0 0 0 4 0 4 14 2 12 3 0 0 0 0 0 0 0 0 0 0 0 0 2 0 4 6 2 0 0 0 0 0 0 0 0 0 0 1 0 0 0 0 0 0 1 2 0 0 0 0 0 0
7 7 7 14 18 28 3 1 1 4 12 14 0 4 16 50 70 9 5 15 12 5 0 0 13 0 8 11 22 32 52 1 4 0 0 0 2 2 1 2 0 0 4 0 0 4 0 0 12 0 0 2 0 4 0 0 1 18 16 0 0 0 0 0 0 0 0 0 0 0 0 6 9
13 27 34 44 128 141 8 19 0 22 119 118 32 81 68 496 630 130 107 63 41 105 0 1 106 59 307 199 117 610 221 5 25 44 1 7 0 0 0 10 28 39 88 81 60 54 123 122 266 0 0 0 3 0 1 10 9 203 114 42 82 84 0 0 0 12 85 166 0 3 21 90 55
8 33 14 14 142 114 20 5 0 38 71 27 23 15 9 591 411 220 124 167 64 62 0 0 160 93 131 191 131 328 105 20 23 5 1 11 0 0 0 18 43 26 15 64 6 85 94 46 90 0 0 0 9 0 5 0 18 33 12 47 37 12 0 0 0 12 25 11 0 0 10 7 2
12 41 25 41 156 202 23 9 3 55 167 75 38 73 63 519 748 357 110 176 131 99 2 0 224 122 292 196 297 628 376 27 55 13 8 11 13 13 9 31 50 57 43 162 27 84 106 110 414 0 0 10 1 14 2 12 34 263 64 74 112 71 1 0 2 30 97 121 5 4 17 89 51
7 12 4 17 37 23 5 0 0 20 37 4 6 12 19 171 56 0 18 26 13 0 0 0 57 2 3 41 42 123 18 4 11 0 0 0 0 0 0 11 6 2 0 51 0 25 14 4 56 0 0 0 0 0 0 0 15 44 1 15 12 2 0 0 0 6 11 9 0 0 1 13 10
9 32 15 21 88 108 17 6 1 51 82 31 32 25 22 413 287 141 39 105 67 54 3 0 168 52 102 99 166 228 114 25 20 9 3 4 0 0 4 22 43 15 16 93 2 66 57 64 120 0 0 2 1 2 3 2 45 83 22 65 60 18 0 0 0 41 47 26 1 0 17 20 11
7 21 10 11 99 64 16 0 0 30 40 21 11 8 6 414 278 68 94 170 48 0 0 0 160 16 80 152 91 210 69 34 23 0 0 5 0 0 0 20 25 1 0 47 8 75 39 30 37 0 0 0 2 0 0 0 22 24 10 24 5 8 0 0 0 9 14 6 0 0 2 2 1
7 20 12 9 85 69 10 4 0 15 33 20 9 8 3 272 271 77 66 91 32 34 0 0 84 29 63 140 55 155 59 7 10 4 6 3 0 0 0 6 14 13 8 13 6 20 26 26 35 0 0 0 4 0 2 0 5 9 5 12 9 6 0 0 0 5 7 5 0 0 1 1 0
6 8 5 10 17 16 1 0 0 1 4 10 10 0 10 51 29 12 8 4 1 0 0 0 3 0 4 6 5 16 20 0 0 0 0 1 0 0 0 0 4 0 0 0 0 0 20 10 0 0 0 0 0 0 0 0 0 6 10 0 0 0 0 0 0 0 0 0 0 0 10 0 5
2 3 1 0 4 3 0 0 0 3 0 0 0 0 0 12 4 0 0 0 0 0 0 0 4 0 0 2 3 0 0 0 0 0 0 0 0 0 0 0 0 0 0 0 0 2 0 0 0 0 0 0 0 0 0 0 1 0 0 0 0 0 0 0 0 0 0 0 0 0 0 0 0
3 5 0 3 16 0 1 0 0 3 8 0 1 0 1 39 0 0 9 8 0 0 0 0 12 2 0 16 0 22 0 0 1 0 0 0 0 0 0 0 1 0 0 4 0 2 4 0 0 0 0 0 0 0 0 0 1 3 0 2 0 0 0 0 0 0 1 0 0 0 0 0 0
4 3 2 4 15 3 0 0 0 3 6 1 0 2 1 76 15 0 10 0 0 0 0 0 12 0 3 21 3 30 0 0 0 0 0 0 0 0 0 0 0 0 0 6 0 9 0 0 3 0 0 0 0 0 0 0 1 3 0 0 0 0 0 0 0 0 0 1 0 0 0 0 0
10 39 21 24 172 158 22 8 1 49 135 55 28 34 23 598 628 254 124 194 81 90 0 0 197 202 281 246 200 633 194 27 46 14 2 15 1 4 3 21 61 63 24 138 22 124 98 78 191 0 0 4 9 4 3 4 25 151 36 63 58 33 0 0 0 18 59 47 1 2 9 17 11
6 17 8 7 74 47 12 3 0 17 28 8 5 7 2 283 196 45 49 99 33 24 0 0 63 26 32 102 56 125 26 11 11 2 1 5 0 0 0 11 16 8 4 16 0 39 18 8 31 0 0 0 1 0 0 1 9 9 1 9 9 3 0 0 0 2 3 3 0 0 0 1 0
6 4 1 14 13 3 1 0 0 0 17 0 0 4 16 24 9 2 6 7 1 0 0 0 0 2 0 12 0 54 0 0 4 0 0 0 0 0 0 0 0 1 0 0 0 0 0 0 12 0 0 0 1 0 0 0 0 27 0 0 0 0 0 0 0 0 0 0 0 0 0 6 9
5 20 3 7 84 20 10 0 1 22 22 3 18 3 4 257 67 32 39 76 2 0 0 0 55 16 6 170 24 80 7 11 2 0 0 0 0 4 0 4 28 0 0 9 0 73 80 9 9 0 0 2 0 2 2 0 11 14 1 27 11 0 0 0 0 13 5 3 1 0 9 0 1
10 37 11 34 141 99 18 2 0 49 166 20 34 42 56 510 342 197 108 136 78 27 2 0 193 193 95 181 157 630 127 24 44 1 13 3 0 0 0 23 40 53 7 169 1 77 91 27 256 0 0 0 7 0 0 5 34 284 14 75 79 15 0 0 0 20 112 48 0 3 18 67 49
3 22 0 3 70 0 18 0 0 57 20 0 12 0 1 292 0 0 40 102 0 0 1 0 204 28 0 78 0 58 0 38 4 0 0 3 0 0 0 49 28 0 0 30 0 69 19 0 0 0 0 0 0 0 2 0 72 4 0 44 0 0 0 0 0 20 6 0 0 0 2 0 0
4 15 4 2 44 30 10 0 0 12 9 4 3 0 0 132 78 51 21 60 20 0 0 0 42 9 18 44 24 32 15 7 1 0 5 1 0 0 0 6 9 0 0 6 1 15 4 6 0 0 0 0 0 0 0 0 3 0 0 4 0 0 0 0 0 1 0 0 0 0 0 0 0
3 8 2 1 13 13 1 0 0 12 3 1 0 0 0 42 19 15 2 4 1 0 0 0 10 0 3 4 22 7 5 0 1 0 0 0 0 0 0 1 0 0 0 2 0 12 0 0 0 0 0 0 0 0 0 0 10 0 0 0 0 0 0 0 0 0 0 0 0 0 0 0 0
12 56 32 34 206 311 44 18 5 75 199 100 48 66 36 595 1080 713 95 360 241 245 0 0 209 263 556 273 428 721 511 60 84 38 22 5 12 20 15 26 117 93 75 202 53 128 110 188 479 0 0 20 16 18 11 11 63 223 65 125 139 80 0 4 3 25 80 107 6 5 19 46 15
5 17 6 4 44 43 6 2 1 19 15 5 4 2 1 163 80 70 33 35 11 20 1 0 32 15 15 48 60 60 24 1 2 1 0 0 1 3 1 4 6 4 2 6 0 10 12 6 8 0 0 4 0 2 1 0 17 4 1 6 2 0 0 0 0 0 1 1 0 0 1 0 0
3 5 0 3 15 0 0 0 0 3 8 0 1 0 1 76 0 0 10 0 0 0 0 0 12 6 0 21 0 30 0 0 0 0 0 0 0 0 0 0 0 0 0 6 0 9 0 0 0 0 0 0 0 0 0 0 1 3 0 0 0 0 0 0 0 0 1 0 0 0 0 0 0
6 4 1 14 13 3 1 0 0 0 17 0 0 4 16 24 9 2 6 7 1 0 0 0 0 2 0 12 0 54 0 0 4 0 0 0 0 0 0 0 0 1 0 0 0 0 0 0 12 0 0 0 1 0 0 0 0 27 0 0 0 0 0 0 0 0 0 0 0 0 0 6 9
5 8 7 3 33 21 1 2 0 4 7 7 2 1 0 84 87 11 15 8 2 9 0 0 18 6 15 40 10 30 9 0 1 1 0 0 0 0 0 1 1 1 2 3 2 7 7 4 2 0 0 0 0 0 0 0 0 0 0 1 2 0 0 0 0 1 0 0 0 0 0 0 0
2 1 0 1 6 0 0 0 0 0 1 0 0 0 0 11 0 0 5 0 0 0 0 0 0 0 0 10 0 6 0 0 0 0 0 0 0 0 0 0 0 0 0 0 0 0 0 0 0 0 0 0 0 0 0 0 0 0 0 0 0 0 0 0 0 0 0 0 0 0 0 0 0
2 4 0 1 12 0 1 0 0 2 4 0 0 0 0 34 0 0 1 4 0 0 0 0 6 3 0 14 0 12 0 0 1 0 0 0 0 0 0 1 0 0 0 2 0 2 0 0 0 0 0 0 0 0 0 0 0 0 0 0 0 0 0 0 0 0 0 0 0 0 0 0 0
2 1 0 1 6 0 0 0 0 0 1 0 0 0 0 11 0 0 5 0 0 0 0 0 0 0 0 10 0 6 0 0 0 0 0 0 0 0 0 0 0 0 0 0 0 0 0 0 0 0 0 0 0 0 0 0 0 0 0 0 0 0 0 0 0 0 0 0 0 0 0 0 0
1 1 0 0 3 0 0 0 0 0 0 0 0 0 0 4 0 0 0 0 0 0 0 0 0 0 0 3 0 0 0 0 0 0 0 0 0 0 0 0 0 0 0 0 0 0 0 0 0 0 0 0 0 0 0 0 0 0 0 0 0 0 0 0 0 0 0 0 0 0 0 0 0
9 26 14 22 89 66 3 2 0 43 84 33 29 26 23 412 223 55 52 20 6 12 0 0 138 47 110 99 101 268 49 0 6 1 3 0 0 0 0 8 10 35 10 114 8 74 78 39 89 0 0 0 4 0 1 0 41 72 23 51 63 24 0 0 0 39 56 27 0 0 15 22 11
