15 71 53 52 278 492 57 31 14 91 260 249 107 98 77 821 1851 1100 192 412 379 417 1 3 343 352 1119 315 630 1068 1122 75 89 92 26 11 28 60 56 57 210 95 161 241 249 152 304 549 632 0 0 47 5 75 30 15 56 338 302 200 282 181 10 8 6 68 197 218 29 3 99 80 61
13 63 37 41 276 370 58 11 5 86 210 155 83 64 56 862 1604 869 206 512 346 156 6 0 368 263 758 403 511 942 806 82 79 23 17 18 14 25 11 63 192 56 61 229 126 204 262 378 417 0 0 14 9 34 27 3 51 260 176 148 159 116 3 0 0 62 155 118 10 3 67 45 44
15 68 49 56 229 462 54 26 8 86 276 221 99 117 91 834 1492 1013 143 365 365 361 6 2 323 333 956 213 602 941 1079 61 99 64 21 2 14 46 24 58 196 114 161 249 194 122 227 504 774 0 0 28 19 46 25 15 48 431 258 183 294 191 0 5 7 71 207 270 17 3 81 132 75
12 46 35 31 199 289 23 28 5 65 135 104 36 58 30 773 1210 561 143 179 139 345 1 3 294 132 448 318 436 652 467 25 33 66 3 2 11 24 22 25 53 41 98 156 47 146 101 157 350 0 0 13 6 17 2 10 63 128 63 72 93 74 1 0 2 18 50 83 9 0 14 40 11
14 58 41 50 253 377 43 30 4 93 253 143 58 116 75 722 1607 749 189 361 284 427 4 5 402 220 748 321 602 1136 704 61 93 73 20 9 6 22 14 51 144 100 132 337 68 183 148 230 812 0 0 16 14 15 8 32 83 401 125 154 199 148 0 2 3 50 127 220 12 10 38 136 52
11 48 26 29 218 253 19 15 1 82 149 68 38 53 29 854 1086 568 167 188 107 228 0 1 373 166 337 334 461 700 365 19 36 25 14 3 3 3 4 28 42 50 56 177 24 176 112 127 377 0 0 9 11 3 1 10 85 149 35 105 112 54 0 0 1 34 56 73 1 1 15 40 11
8 31 9 19 143 75 20 0 0 33 84 15 29 24 17 570 345 143 92 176 52 0 0 0 166 91 48 213 88 393 68 23 30 0 1 7 0 0 0 20 48 23 0 56 3 68 101 37 133 0 0 0 3 0 5 0 13 76 6 53 59 11 0 0 0 17 33 23 0 4 15 18 5
15 68 49 56 229 453 55 26 7 79 271 216 107 127 86 805 1449 983 115 358 366 338 3 0 276 386 885 217 555 940 1045 63 98 69 19 10 13 36 24 50 212 141 158 220 178 106 300 521 756 0 0 12 5 43 29 16 36 374 238 131 349 217 4 2 5 90 225 278 15 13 88 138 60
14 58 41 50 226 345 35 21 6 74 251 159 73 111 73 796 1219 660 117 244 209 265 3 0 299 345 735 300 458 1010 694 30 84 46 20 7 19 22 10 36 112 145 123 235 100 133 220 269 636 0 0 21 9 31 14 16 62 369 151 152 262 174 0 4 6 48 154 210 17 9 51 123 49
12 52 26 40 263 228 39 7 6 70 210 85 61 69 59 899 1060 457 200 347 161 100 4 0 333 242 431 398 313 1080 369 50 70 12 10 14 18 32 5 35 134 84 29 224 45 165 251 144 443 0 0 29 10 21 16 10 66 309 77 146 149 75 1 7 5 28 130 122 15 1 50 82 42
10 40 25 20 161 195 21 13 0 50 89 67 38 27 13 674 742 338 96 183 95 146 1 0 250 113 266 261 244 386 251 21 22 26 12 3 0 0 0 27 56 35 36 75 35 65 103 142 142 0 0 0 5 0 8 3 24 49 36 81 74 35 0 0 0 25 31 27 0 1 19 8 3
10 51 23 22 215 218 46 15 5 77 125 56 53 27 22 893 807 473 150 395 190 203 4 0 371 175 272 329 310 552 225 69 49 32 11 13 13 23 12 66 116 35 37 131 17 132 183 154 192 0 0 18 8 15 18 4 55 113 39 128 77 17 1 1 2 52 72 35 9 0 34 18 11
7 22 6 15 100 46 15 0 0 28 66 8 10 14 13 418 197 82 84 144 27 0 0 0 102 32 38 150 64 294 34 20 36 0 2 2 0 0 0 12 25 9 0 71 1 66 39 10 85 0 0 0 2 0 1 0 16 67 2 23 19 5 0 0 0 5 18 12 0 0 1 11 4
11 54 19 36 268 209 42 10 4 99 217 39 53 63 53 810 977 510 236 429 153 157 2 1 465 244 238 361 389 1087 207 65 94 13 14 15 13 25 8 72 126 40 27 317 12 213 189 100 554 0 0 24 8 8 11 23 94 337 13 144 137 21 0 2 7 58 124 103 9 1 32 78 38
11 53 23 32 218 219 46 11 7 78 181 58 58 58 38 772 802 472 152 399 165 148 3 0 301 207 299 300 327 772 255 73 77 17 8 6 20 37 13 58 157 61 40 183 24 175 173 136 411 0 0 30 14 21 12 14 60 221 25 146 136 39 1 3 6 46 93 101 17 1 40 49 20
9 32 16 20 120 122 14 4 3 41 84 36 22 28 16 458 432 212 67 80 57 41 0 0 127 71 137 157 159 301 153 18 24 4 5 2 8 6 5 8 25 25 14 76 12 85 70 61 153 0 0 11 4 8 0 2 29 67 17 42 36 25 1 0 3 19 32 31 5 1 5 16 4
8 38 14 14 172 126 38 4 4 54 70 29 31 14 9 720 533 224 146 332 112 47 3 0 260 76 123 266 176 307 117 63 37 6 10 15 6 19 4 36 76 9 5 56 12 146 121 81 92 0 0 14 3 13 11 3 45 41 14 70 30 9 0 2 1 31 30 15 2 0 13 4 2
7 23 14 7 88 85 19 6 3 17 25 25 11 2 2 422 303 108 60 138 67 51 2 0 73 17 78 143 56 115 68 20 7 9 6 5 13 9 3 7 23 1 6 14 12 51 25 40 10 0 0 9 0 10 4 0 6 6 7 13 3 0 1 1 0 4 5 1 0 0 2 0 0
10 32 27 18 103 155 13 20 6 38 59 70 31 16 14 279 516 198 53 77 53 153 0 0 136 38 194 119 183 193 169 12 11 54 5 2 6 18 12 16 33 14 32 49 37 46 59 126 86 0 0 14 4 16 1 0 20 34 41 56 24 7 1 7 0 19 28 33 6 0 17 0 6
9 43 18 18 177 181 34 5 0 68 105 43 29 25 11 739 766 400 103 310 146 80 1 0 295 167 225 312 303 424 233 48 40 6 6 9 0 0 0 48 82 53 18 131 16 135 72 84 181 0 0 0 3 0 2 0 52 53 19 64 67 32 0 0 0 23 25 25 0 1 9 7 2
10 20 18 27 51 84 8 7 3 18 68 42 11 39 32 158 219 89 19 39 38 44 0 0 36 8 100 61 70 157 118 9 18 11 1 0 6 8 6 3 8 17 23 57 11 25 22 29 144 0 0 6 1 10 0 4 7 91 24 17 24 23 1 1 3 5 22 64 3 0 2 32 18
5 20 5 5 89 49 15 2 0 28 21 2 5 5 1 352 199 99 69 134 38 31 1 0 136 18 2 133 84 99 13 15 11 1 6 5 0 0 0 24 9 3 0 22 0 66 18 4 42 0 0 0 2 0 1 2 27 2 0 6 7 0 0 0 0 0 1 2 0 0 1 0 0
7 33 12 9 87 103 24 6 3 46 37 17 26 8 4 279 228 204 32 123 65 72 1 0 124 40 53 98 140 107 59 27 7 8 5 4 8 15 3 31 45 1 8 31 1 46 55 57 45 0 0 11 3 5 6 0 27 11 6 34 30 5 0 1 1 30 13 4 4 0 7 3 0
6 23 3 12 40 23 13 0 0 26 48 3 22 6 11 138 34 42 18 41 7 0 0 0 56 39 6 36 28 103 9 16 12 0 0 4 0 0 0 7 42 0 0 39 0 19 17 11 28 0 0 0 2 0 2 0 12 41 1 25 18 0 0 0 0 19 29 6 0 0 10 3 5
11 12 29 26 50 56 1 10 0 8 30 101 17 29 25 174 236 0 30 5 4 20 0 0 24 3 96 53 36 117 88 0 2 17 0 2 0 0 0 1 4 12 46 15 77 20 62 72 28 0 0 0 4 0 0 0 1 32 86 15 20 41 0 0 0 7 19 34 0 0 14 18 11
7 22 6 15 100 46 15 0 0 28 66 8 10 14 13 418 197 82 84 144 27 0 0 0 102 32 38 150 64 294 34 20 36 0 2 2 0 0 0 12 25 9 0 71 1 66 39 10 85 0 0 0 2 0 1 0 16 67 2 23 19 5 0 0 0 5 18 12 0 0 1 11 4
5 12 4 6 54 21 6 1 0 5 23 2 2 5 2 221 81 24 46 56 11 8 0 0 20 19 8 96 9 98 4 2 10 0 2 0 0 0 0 2 1 5 1 10 0 13 12 2 25 0 0 0 4 0 1 1 1 10 0 1 2 0 0 0 0 0 2 2 0 0 0 1 0
4 10 5 1 21 21 5 2 1 5 1 2 3 0 0 101 43 18 10 24 7 11 1 0 17 0 1 10 10 1 2 2 0 1 0 0 0 3 1 2 3 0 0 0 0 4 9 6 0 0 0 1 0 1 1 0 0 0 0 0 0 0 0 0 0 2 0 0 0 0 0 0 0
9 34 20 16 165 150 28 11 3 51 64 42 26 23 8 668 677 187 143 249 118 113 0 1 275 37 154 268 217 312 153 45 29 16 14 7 7 11 9 36 56 12 26 58 16 133 101 87 122 0 0 12 5 8 5 4 39 28 14 65 42 20 0 0 1 28 20 22 3 2 9 4 1
11 54 19 36 268 209 42 10 4 99 217 39 53 63 53 810 977 510 236 429 153 157 2 1 465 244 238 361 389 1087 207 65 94 13 14 15 13 25 8 72 126 40 27 317 12 213 189 100 554 0 0 24 8 8 11 23 94 337 13 144 137 21 0 2 7 58 124 103 9 1 32 78 38
6 11 5 10 40 15 0 0 0 16 22 6 9 8 6 118 70 0 15 0 0 0 0 0 26 0 0 46 15 58 12 0 0 0 0 0 0 0 0 0 0 10 0 35 1 39 30 6 6 0 0 0 0 0 0 0 12 19 1 12 18 2 0 0 0 9 3 7 0 0 3 3 1
13 61 41 37 239 353 48 31 7 104 193 143 86 72 40 832 1291 615 146 374 254 346 0 3 394 268 659 282 592 755 552 63 64 84 19 16 20 36 18 78 178 83 119 240 87 187 256 361 408 0 0 25 9 32 22 11 85 190 114 189 230 109 2 5 1 99 123 116 16 5 65 49 18
11 43 24 31 234 151 30 11 5 56 139 70 65 43 41 961 759 180 167 318 93 87 2 0 292 148 275 449 192 772 137 32 33 21 10 15 20 14 9 38 124 54 44 137 22 159 298 140 199 0 0 15 4 16 18 2 37 163 64 130 123 43 0 4 2 43 100 64 10 0 66 40 30
8 33 12 16 94 100 18 3 5 45 77 21 22 21 11 338 257 197 36 69 52 27 0 0 105 91 82 122 144 235 95 24 28 2 0 1 3 15 9 15 31 22 10 71 4 61 50 39 126 0 0 11 4 13 0 1 35 53 6 41 39 13 6 1 1 18 25 21 5 1 6 10 2
9 19 11 25 49 52 6 0 1 18 76 24 11 29 31 148 135 66 23 33 21 0 0 0 41 26 69 55 49 181 61 6 17 0 1 1 2 2 0 5 8 25 0 65 8 22 23 19 113 0 0 3 2 3 0 0 7 105 13 17 19 15 0 0 3 5 31 43 1 0 2 29 18
12 33 41 25 150 240 23 37 3 34 57 134 30 31 18 700 1118 261 118 232 183 349 0 1 197 45 295 276 266 289 428 44 12 117 13 7 5 9 12 11 35 12 95 47 98 100 82 181 105 0 0 9 0 13 7 0 25 26 87 34 47 47 0 0 0 9 17 35 5 0 15 10 5
5 28 6 4 103 60 35 1 1 50 30 6 10 3 0 366 211 125 59 266 67 12 2 0 163 46 41 130 106 108 25 68 14 0 1 12 5 8 1 40 47 7 2 43 1 86 25 14 20 0 0 4 0 1 2 0 36 0 0 27 14 2 0 0 0 10 0 0 1 0 0 0 0
3 5 2 1 11 6 2 0 1 1 2 1 0 0 0 28 11 3 3 8 3 0 0 0 0 1 1 9 1 4 2 1 0 0 0 0 3 1 0 0 0 0 0 0 0 3 0 0 0 0 0 1 0 1 0 0 0 0 0 0 0 0 0 0 0 0 0 0 0 0 0 0 0
10 34 18 27 160 134 19 3 0 33 112 46 30 43 28 700 596 234 84 170 77 38 0 0 145 104 179 284 140 540 184 16 40 3 2 5 0 0 0 15 48 41 13 75 17 80 120 74 229 0 0 0 3 0 3 2 12 115 27 54 72 41 0 0 0 14 52 59 0 4 14 33 11
7 22 7 14 38 42 11 0 0 23 44 12 23 11 12 138 68 56 18 37 14 0 0 0 56 17 26 35 45 101 32 11 12 0 0 4 0 0 0 7 36 2 0 34 3 19 17 28 36 0 0 0 2 0 2 0 10 37 5 21 28 3 0 0 0 19 26 15 0 0 11 4 5
12 44 24 42 222 187 19 9 1 69 203 71 46 71 69 870 848 311 194 191 86 114 1 0 346 215 332 362 318 1029 265 22 52 16 7 11 2 6 3 43 57 68 41 246 17 172 198 111 428 0 0 6 12 5 4 8 57 366 67 121 119 67 0 0 1 34 138 122 1 4 30 90 63
3 10 2 1 32 11 7 0 0 9 5 1 2 0 0 156 33 9 20 50 7 0 0 0 31 6 5 28 9 12 1 9 0 0 0 3 0 0 0 2 7 0 0 4 0 13 8 2 0 0 0 0 0 0 0 0 3 0 0 3 0 0 0 0 0 1 0 0 0 0 0 0 0
3 7 2 1 12 10 4 0 1 6 2 1 0 0 0 54 19 5 6 18 5 0 1 0 18 1 1 5 11 2 4 2 0 0 0 0 1 3 0 5 0 0 0 0 0 2 0 0 0 0 0 1 0 1 0 0 2 0 0 0 0 0 0 0 0 0 0 0 0 0 0 0 0
13 54 28 50 204 274 36 10 3 90 268 90 50 98 88 737 985 560 160 244 208 145 5 0 373 295 488 240 497 1016 496 55 91 14 10 4 2 19 5 59 104 98 55 352 41 174 111 157 751 0 0 5 23 14 5 17 86 507 73 150 155 91 0 1 6 38 159 197 6 2 22 145 80
7 24 3 18 51 28 17 0 1 24 76 2 19 11 22 169 48 65 23 64 21 0 0 0 44 55 8 53 34 167 10 17 30 0 1 1 2 4 0 13 43 1 0 69 0 23 30 5 80 0 0 3 2 1 2 0 9 91 0 18 21 1 0 0 3 10 40 6 1 0 9 15 13
10 22 20 25 64 92 4 8 4 19 58 51 20 34 27 188 272 89 35 25 18 44 0 0 49 30 109 64 86 140 145 2 4 12 3 0 8 8 4 4 6 17 28 39 20 22 51 47 95 0 0 8 2 11 0 4 10 64 33 28 41 23 0 6 1 5 22 52 4 0 12 24 14
13 51 30 48 215 267 32 17 6 80 233 92 50 95 82 807 1015 519 174 218 170 228 2 1 348 208 445 297 451 1011 434 41 81 32 14 12 20 25 13 49 86 57 80 289 32 176 149 145 674 0 0 21 13 22 11 22 81 443 73 141 156 80 0 7 4 29 129 189 13 1 29 131 74
8 48 13 15 219 136 54 5 6 101 92 22 48 19 10 824 547 279 154 492 132 65 7 0 497 112 100 359 278 454 95 101 48 6 13 17 15 38 4 103 128 25 8 117 8 185 153 85 125 0 0 30 5 16 16 5 103 52 5 130 77 5 7 2 1 69 39 25 11 0 21 6 2
3 7 2 1 32 13 6 0 0 9 1 1 0 0 0 91 61 5 24 60 12 0 0 0 37 0 1 45 18 1 6 8 0 0 1 3 0 0 0 8 0 0 0 0 0 26 0 0 0 0 0 0 0 0 0 0 4 0 0 0 0 0 0 0 0 0 0 0 0 0 0 0 0
10 28 20 25 86 120 10 3 1 29 78 57 26 37 23 222 389 163 33 57 54 26 2 0 97 58 150 102 136 211 192 14 11 3 0 3 2 5 3 11 20 45 15 61 29 43 65 82 159 0 0 2 2 3 0 0 15 55 37 34 42 39 0 0 0 14 35 58 2 6 15 13 10
6 15 7 8 79 29 1 1 0 15 36 9 5 7 3 377 139 24 74 10 1 6 0 0 76 37 34 127 25 183 12 0 2 0 0 1 0 0 0 2 2 19 3 35 1 50 26 6 29 0 0 0 6 0 0 0 7 10 2 9 5 4 0 0 0 3 9 3 0 0 0 2 0
3 2 2 1 13 3 0 0 0 0 1 1 0 0 0 56 18 0 13 0 0 0 0 0 0 0 1 23 0 6 1 0 0 0 1 0 0 0 0 0 0 0 0 0 0 0 0 0 0 0 0 0 0 0 0 0 0 0 0 0 0 0 0 0 0 0 0 0 0 0 0 0 0
5 11 2 8 29 8 2 0 0 19 24 1 6 4 5 98 28 0 8 4 0 0 0 0 42 0 0 30 12 60 4 1 4 0 0 0 0 0 0 6 4 4 0 40 0 28 8 0 6 0 0 0 0 0 0 0 17 19 0 12 10 0 0 0 0 6 5 2 0 0 1 2 1
12 50 24 42 233 226 32 7 3 73 210 76 54 67 70 896 968 486 192 278 157 103 2 0 350 220 344 366 359 983 392 38 69 9 10 11 4 18 5 52 92 55 39 234 32 175 214 155 466 0 0 11 11 16 8 6 56 367 73 123 124 57 0 1 3 38 150 127 4 1 34 87 64
3 2 2 1 8 2 0 0 0 0 2 1 0 0 0 17 8 0 6 0 0 0 0 0 0 0 2 7 0 6 0 0 0 0 0 0 0 0 0 0 0 0 0 0 0 0 0 0 0 0 0 0 1 0 0 0 0 0 0 0 0 0 0 0 0 0 0 0 0 0 0 0 0
8 40 12 16 193 115 43 5 2 73 101 18 30 21 12 691 488 212 152 391 115 69 5 0 347 110 108 349 205 498 64 81 61 5 6 13 5 12 4 76 101 24 9 139 4 195 104 48 160 0 0 14 12 2 6 6 71 79 4 97 50 6 1 0 2 27 38 22 4 0 12 11 3
8 28 14 14 132 89 15 8 3 31 57 23 22 14 11 459 399 129 90 127 40 71 2 1 128 44 83 189 93 280 48 16 15 9 3 6 8 12 6 11 38 5 17 45 1 79 87 45 81 0 0 10 2 4 0 1 16 39 13 35 26 4 1 0 2 16 28 12 6 0 7 9 3
6 13 9 6 52 40 6 5 1 6 19 8 2 5 2 220 133 43 46 55 16 31 0 1 21 9 26 94 18 91 15 2 10 2 2 0 0 1 3 2 1 1 6 10 0 13 12 4 25 0 0 1 3 1 1 1 1 8 2 1 2 0 0 0 0 0 2 2 0 0 0 1 0
7 24 3 18 51 28 17 0 1 24 76 2 19 11 22 169 48 65 23 64 21 0 0 0 44 55 8 53 34 167 10 17 30 0 1 1 2 4 0 13 43 1 0 69 0 23 30 5 80 0 0 3 2 1 2 0 9 91 0 18 21 1 0 0 3 10 40 6 1 0 9 15 13
9 37 13 23 207 80 28 2 1 55 102 31 56 23 28 949 439 43 143 303 58 19 2 0 349 115 117 403 123 570 34 31 22 1 1 9 2 5 1 39 103 27 9 96 6 134 265 85 105 0 0 5 2 2 18 1 31 107 30 102 58 15 0 0 0 57 82 22 4 3 53 20 19
7 16 5 16 58 31 11 1 0 17 51 3 7 16 15 326 106 35 31 85 24 10 0 0 46 17 10 84 34 188 9 19 27 0 1 1 0 0 0 9 15 6 1 52 0 25 20 4 84 0 0 0 1 0 0 3 9 54 0 10 15 2 0 0 0 3 13 6 0 1 1 17 5
11 41 31 24 131 230 26 20 6 49 98 92 35 35 18 566 724 402 48 156 132 204 4 2 170 75 369 179 286 338 354 27 27 40 4 2 7 27 16 23 68 31 72 88 54 77 69 150 179 0 0 13 6 19 3 0 33 60 53 63 55 47 0 4 0 20 39 43 11 0 15 14 5
13 53 37 41 215 304 36 25 6 72 204 124 58 84 53 779 1113 566 139 300 196 304 1 0 299 193 550 312 391 872 491 38 74 64 16 7 18 24 15 48 116 95 106 216 63 148 170 236 527 0 0 24 12 26 11 16 53 276 96 139 149 103 0 4 6 47 119 154 11 4 36 78 31
7 21 13 8 127 68 12 6 1 28 26 20 15 7 2 595 381 46 119 139 33 42 0 0 173 12 54 244 86 155 38 13 10 7 9 7 3 3 2 18 16 5 10 26 5 92 86 38 25 0 0 3 2 2 5 0 14 3 4 23 19 6 0 0 0 15 7 2 1 0 3 1 0
8 20 13 15 71 56 5 0 1 16 38 33 22 12 11 388 195 56 40 38 2 0 1 0 78 21 43 82 43 177 66 4 10 0 0 1 2 3 0 4 20 25 0 24 18 22 45 52 30 0 0 1 1 3 0 0 4 28 19 28 24 9 0 0 0 8 11 18 3 0 13 3 3
2 11 0 1 51 0 13 0 0 18 9 0 1 0 0 169 0 0 40 99 0 0 0 0 65 14 0 74 0 37 0 30 8 0 0 7 0 0 0 13 5 0 0 14 0 37 5 0 0 0 0 0 0 0 0 0 14 0 0 4 0 0 0 0 0 0 0 0 0 0 0 0 0
10 49 19 26 226 206 30 7 2 83 137 45 47 41 27 933 903 509 169 277 141 113 0 0 381 178 183 338 373 650 273 43 39 11 10 3 6 9 6 46 65 39 21 157 14 188 162 128 311 0 0 16 10 5 8 6 73 136 24 89 109 33 0 1 1 56 68 57 2 1 22 32 11
10 45 21 24 208 181 36 11 2 80 142 49 39 37 23 737 749 300 150 321 136 139 0 0 395 158 254 351 294 654 176 53 70 20 16 7 7 10 4 60 86 52 30 203 14 197 125 113 255 0 0 13 18 3 11 7 73 148 27 124 72 29 0 1 3 43 73 48 4 1 15 25 9
6 22 7 8 104 52 13 1 2 31 34 8 10 9 2 499 221 64 92 114 28 8 0 0 170 26 31 173 73 162 34 13 9 0 9 5 5 5 2 16 17 9 2 35 1 75 36 11 45 0 0 11 1 4 3 1 24 6 1 24 18 5 1 0 0 5 4 3 2 1 1 1 0
8 45 14 14 232 151 44 0 1 71 66 39 48 6 11 976 681 376 199 491 139 0 7 0 391 81 160 420 231 363 197 71 17 0 16 17 4 2 0 52 88 6 0 66 22 163 221 144 42 0 0 5 1 5 31 0 51 42 28 91 17 8 0 0 0 52 38 7 1 0 29 0 5
2 3 1 0 12 3 0 0 0 1 0 0 0 0 0 40 12 2 9 0 0 0 0 0 5 0 0 10 1 0 0 0 0 0 0 0 0 0 0 0 0 0 0 0 0 2 0 0 0 0 0 0 0 0 0 0 0 0 0 0 0 0 0 0 0 0 0 0 0 0 0 0 0
12 55 29 37 244 266 45 20 6 71 197 83 65 64 53 893 1032 562 140 395 214 264 6 3 317 268 375 382 339 901 387 62 77 44 11 9 24 35 21 50 125 79 70 201 17 150 257 182 404 0 0 22 12 13 22 10 40 282 78 121 160 59 2 4 6 47 142 99 12 3 46 74 38
8 18 10 18 74 60 9 2 1 26 54 16 5 22 16 422 256 59 67 63 23 19 0 0 87 12 58 107 92 217 61 18 25 1 3 1 1 4 1 9 11 8 4 67 2 60 10 7 110 0 0 6 0 4 0 4 19 53 8 11 12 12 0 0 0 3 9 14 1 1 0 19 5
2 7 0 1 33 0 5 0 0 6 3 0 2 0 0 202 0 0 21 36 0 0 0 0 18 0 0 50 0 11 0 6 1 0 0 1 0 0 0 3 4 0 0 2 0 20 10 0 0 0 0 0 0 0 0 0 1 0 0 2 0 0 0 0 0 1 0 0 0 0 0 0 0
15 71 56 49 219 506 64 51 19 100 240 231 105 113 60 708 1522 1002 99 444 411 616 9 7 316 295 980 217 724 779 1032 115 72 155 14 9 30 99 73 53 256 114 258 207 182 123 214 549 663 0 0 52 4 89 29 16 71 267 198 189 306 197 10 19 2 104 158 230 45 6 81 86 30
7 29 13 8 119 122 27 7 3 56 32 18 7 8 2 496 498 200 88 229 108 101 3 0 275 16 67 155 250 120 106 49 17 10 8 9 5 16 4 58 13 4 6 34 3 117 21 26 54 0 0 10 0 9 4 2 59 6 4 18 6 7 1 1 0 11 2 2 0 0 0 1 0
5 19 1 9 74 8 13 0 0 22 44 0 12 3 7 344 27 16 53 103 2 0 0 0 74 48 0 96 10 177 0 26 26 0 0 2 0 0 0 7 24 3 0 44 0 41 33 0 16 0 0 0 2 0 0 0 10 38 0 22 8 0 0 0 0 6 13 0 0 0 5 3 2
8 24 12 16 104 85 14 3 1 35 51 21 15 21 11 555 402 95 80 122 51 28 1 0 148 43 61 171 138 202 96 24 17 2 3 1 0 3 2 19 27 17 7 67 3 78 46 27 109 0 0 3 0 1 0 4 30 31 9 23 33 18 0 0 0 7 3 12 3 1 7 11 3
5 15 1 9 64 6 7 0 1 10 20 0 16 3 7 270 20 9 44 66 1 0 0 0 38 12 0 91 5 73 0 3 0 0 0 1 3 2 0 2 11 0 0 12 0 16 68 0 14 0 0 4 0 0 7 0 4 16 0 17 4 0 0 0 0 1 5 0 3 0 11 3 2
13 53 29 49 209 266 28 13 1 87 260 90 54 100 83 759 972 537 171 202 159 179 2 1 368 296 469 244 455 1028 425 29 79 21 14 5 1 3 4 55 87 108 64 351 37 173 133 162 740 0 0 4 25 3 4 20 84 472 67 158 174 87 0 0 0 38 157 207 4 7 31 130 74
4 15 2 4 86 12 10 0 0 24 19 1 7 2 1 435 75 0 80 102 9 0 0 0 170 20 2 164 22 104 0 11 8 0 0 5 0 0 0 18 7 4 0 19 0 61 31 5 10 0 0 0 0 0 3 0 17 4 0 17 2 0 0 0 0 7 4 1 0 0 1 0 0
7 16 5 16 58 31 11 1 0 17 51 3 7 16 15 326 106 35 31 85 24 10 0 0 46 17 10 84 34 188 9 19 27 0 1 1 0 0 0 9 15 6 1 52 0 25 20 4 84 0 0 0 1 0 0 3 9 54 0 10 15 2 0 0 0 3 13 6 0 1 1 17 5
3 23 0 3 128 0 31 0 0 52 24 0 11 0 1 570 0 0 119 310 0 0 3 0 261 40 0 225 0 122 0 77 13 0 0 14 0 0 0 48 39 0 0 36 0 150 43 0 0 0 0 0 2 0 5 0 58 7 0 44 0 0 0 0 0 12 5 0 0 0 2 0 0
10 55 22 23 248 248 34 8 1 110 161 63 42 26 23 957 966 684 209 266 169 134 0 0 516 273 417 386 491 775 368 57 52 13 5 6 1 4 1 69 73 69 30 266 28 218 148 140 224 0 0 4 18 6 4 0 111 149 50 143 51 32 0 0 0 43 77 29 1 0 22 15 13
2 9 1 0 28 9 7 0 0 15 0 0 0 0 0 134 26 13 15 55 7 0 1 0 58 0 0 31 15 0 0 9 0 0 1 3 0 0 0 14 0 0 0 0 0 22 0 0 0 0 0 0 0 0 0 0 11 0 0 0 0 0 0 0 0 0 0 0 0 0 0 0 0
2 2 0 1 7 0 0 0 0 0 2 0 0 0 0 38 0 0 6 0 0 0 0 0 0 1 0 9 0 7 0 0 0 0 0 0 0 0 0 0 0 0 0 0 0 0 0 0 0 0 0 0 0 0 0 0 0 0 0 0 0 0 0 0 0 0 0 0 0 0 0 0 0
4 16 2 4 65 17 12 0 1 17 17 1 6 2 1 355 52 32 42 87 10 0 1 0 73 10 4 103 19 76 4 11 6 0 3 4 3 5 0 12 13 0 0 13 0 35 19 2 14 0 0 4 0 1 1 0 7 4 0 13 3 0 0 0 0 1 2 1 1 0 1 0 0
1 2 0 0 2 0 0 0 0 1 0 0 0 0 0 8 0 0 0 0 0 0 0 0 2 0 0 0 0 0 0 0 0 0 0 0 0 0 0 0 0 0 0 0 0 0 0 0 0 0 0 0 0 0 0 0 0 0 0 0 0 0 0 0 0 0 0 0 0 0 0 0 0
11 73 33 22 301 433 87 22 7 139 147 104 68 23 16 1048 1643 1372 191 702 505 443 13 0 554 235 636 428 806 627 666 174 68 61 39 17 16 46 15 114 191 24 54 206 75 273 198 343 199 0 0 42 6 33 30 0 127 99 69 180 95 32 1 4 0 77 57 31 7 0 33 2 6
10 50 22 23 191 203 44 10 6 83 143 56 46 34 20 726 690 424 130 325 155 128 5 0 394 200 307 291 318 599 223 60 73 13 8 14 11 29 12 70 117 47 40 191 20 173 111 125 225 0 0 24 8 20 11 4 75 131 33 130 96 38 0 2 3 42 67 31 9 1 20 22 8
11 50 27 28 237 232 27 12 5 74 120 83 69 41 29 1034 1027 483 173 254 111 129 0 0 413 127 312 397 348 643 342 22 25 25 8 10 14 17 13 46 97 32 44 100 43 143 242 224 218 0 0 15 6 13 10 2 52 110 64 145 129 52 0 3 0 66 62 58 13 0 59 29 13
5 28 4 6 130 34 25 1 3 65 30 2 21 5 2 724 146 23 79 215 29 10 0 0 311 22 12 207 75 155 0 52 6 0 2 4 6 16 3 46 45 2 1 34 0 140 61 10 28 0 0 14 1 0 2 1 74 11 0 65 16 0 3 0 0 33 4 2 6 0 7 1 0
8 29 13 15 124 102 27 5 2 42 65 23 16 17 11 515 406 164 76 223 94 55 3 0 165 38 92 194 161 293 101 52 38 7 1 5 8 16 5 39 39 14 9 74 2 68 53 30 100 0 0 8 0 5 1 2 31 52 12 37 33 13 0 0 0 7 14 13 2 0 5 9 3
7 25 12 9 114 90 13 4 0 22 22 22 19 4 5 484 403 156 116 115 52 48 0 0 99 25 50 196 83 120 86 11 3 4 10 4 0 0 0 3 7 0 8 18 8 59 61 50 20 0 0 0 1 0 8 0 11 8 10 17 12 0 0 0 0 7 6 2 0 0 9 2 1
2 10 0 1 61 0 3 0 0 21 4 0 3 0 0 313 0 0 53 29 0 0 0 0 101 0 0 114 0 24 0 1 0 0 0 4 0 0 0 9 1 0 0 6 0 66 13 0 0 0 0 0 0 0 1 0 26 0 0 11 0 0 0 0 0 2 0 0 0 0 0 0 0
4 10 0 6 22 0 4 0 0 18 22 0 4 0 4 92 0 0 1 8 0 0 0 0 30 0 0 20 0 49 0 4 6 0 0 0 0 0 0 12 6 0 0 41 0 20 3 0 0 0 0 0 0 0 0 0 19 17 0 11 0 0 0 0 0 1 5 0 0 0 1 0 1
2 4 1 0 11 4 2 0 0 1 0 0 0 0 0 29 11 3 5 9 2 0 0 0 1 0 0 6 1 0 0 1 0 0 0 1 0 0 0 0 0 0 0 0 0 3 0 0 0 0 0 0 0 0 0 0 0 0 0 0 0 0 0 0 0 0 0 0 0 0 0 0 0
4 10 0 6 22 0 4 0 0 18 22 0 4 0 4 92 0 0 1 8 0 0 0 0 30 0 0 20 0 49 0 4 6 0 0 0 0 0 0 12 6 0 0 41 0 20 3 0 0 0 0 0 0 0 0 0 19 17 0 11 0 0 0 0 0 1 5 0 0 0 1 0 1
9 38 15 21 180 129 30 2 5 43 89 37 38 25 20 793 580 266 103 269 88 27 5 0 180 81 145 296 161 450 163 29 35 1 3 11 11 22 4 26 79 12 10 63 15 108 148 79 150 0 0 17 0 12 8 0 24 76 22 69 50 20 0 4 0 17 45 34 11 0 22 16 8
10 41 18 27 179 164 23 5 2 59 135 43 33 43 29 771 685 350 112 183 97 68 1 0 238 162 213 270 271 619 220 30 40 5 2 11 3 4 2 23 58 41 19 143 14 136 106 74 279 0 0 4 2 8 4 6 56 149 23 77 84 37 1 0 2 17 56 54 4 1 14 39 12
