12 65 32 34 183 347 38 1 0 111 156 141 106 35 43 759 954 934 86 232 204 18 2 0 375 276 459 192 595 487 764 46 31 0 1 6 0 0 0 56 121 106 9 196 135 103 219 538 297 0 0 0 1 0 31 0 84 141 167 130 74 73 0 0 0 150 118 64 0 0 110 16 31
13 60 34 44 248 404 45 24 4 115 182 128 63 46 88 785 1403 963 188 366 324 447 2 1 388 175 484 409 1008 910 1042 66 62 80 24 8 17 19 16 94 101 43 76 153 36 180 214 240 333 0 0 22 8 23 17 0 157 332 215 115 114 50 1 1 0 40 149 79 3 0 61 63 115
12 21 23 43 128 102 2 6 0 24 105 71 12 70 73 494 619 96 138 22 13 58 0 0 97 43 177 260 159 625 192 0 2 9 1 0 0 0 0 5 7 54 34 81 33 89 68 31 251 0 0 0 1 0 0 2 31 198 55 24 30 46 0 0 0 0 44 164 0 0 5 85 67
13 65 37 41 254 422 54 22 6 125 182 146 82 49 69 754 1548 1040 178 446 358 348 2 2 472 197 647 370 954 827 1010 93 80 59 12 12 16 32 27 112 142 55 91 199 92 195 202 350 369 0 0 34 7 26 18 3 155 222 194 165 130 54 3 1 2 71 136 102 9 1 89 37 80
13 34 22 56 183 167 22 10 0 37 203 56 19 100 120 505 821 283 150 214 129 124 0 0 110 105 247 417 214 1172 264 48 98 17 4 5 0 0 0 3 37 47 34 181 15 127 75 51 651 0 0 0 5 0 0 32 24 511 37 35 61 44 0 0 0 7 79 199 0 3 6 186 148
11 32 18 37 129 145 30 6 0 44 119 45 28 54 60 466 625 231 88 263 182 72 0 0 101 48 142 194 242 471 256 95 68 7 5 1 0 0 0 11 48 25 28 138 10 147 83 63 315 0 0 0 0 0 1 6 40 186 32 18 66 28 0 0 0 21 63 98 0 0 20 67 54
9 47 17 19 172 195 30 0 1 95 77 56 51 7 21 891 768 525 105 226 111 0 2 0 345 37 186 298 430 269 354 54 33 0 3 9 9 9 0 31 73 3 0 87 35 165 127 196 58 0 0 2 0 7 7 0 109 68 55 59 14 10 0 0 0 91 66 11 0 0 27 0 15
12 44 22 44 193 191 25 12 1 50 181 62 55 60 86 651 756 396 137 233 103 153 1 2 167 187 245 348 265 954 307 39 84 17 7 4 1 1 3 9 85 43 46 152 11 123 153 103 415 0 0 3 4 2 1 20 29 368 82 80 116 25 0 0 1 25 104 92 4 0 73 100 100
14 60 41 50 218 416 37 28 8 129 202 160 73 88 88 672 1422 780 126 288 296 433 2 0 369 172 541 261 999 774 1041 80 55 83 13 2 18 29 20 66 93 87 122 256 94 211 175 332 575 0 0 38 6 32 4 20 167 317 197 176 192 95 0 9 5 104 133 193 21 5 56 95 97
8 36 10 18 120 100 12 3 0 70 88 19 32 13 21 599 363 248 66 93 25 45 0 0 227 83 85 204 234 321 117 15 23 3 2 1 0 0 0 9 36 22 9 110 0 90 45 38 83 0 0 0 1 0 0 0 93 80 15 60 32 2 0 0 0 43 62 22 0 0 20 4 15
15 69 53 52 176 486 43 50 15 101 220 214 115 111 80 507 1385 1096 85 244 225 673 4 9 250 287 751 219 824 596 1021 50 60 164 5 3 15 67 51 22 212 100 214 223 133 139 144 534 628 0 0 42 0 73 19 22 114 254 232 113 308 175 3 12 5 103 191 234 42 4 122 109 69
15 47 43 62 163 322 23 25 4 73 210 176 59 132 122 535 1055 437 77 146 148 355 2 0 225 150 472 247 635 831 812 18 54 95 2 2 12 13 13 30 77 124 88 179 93 103 118 240 649 0 0 22 5 26 15 22 90 410 230 100 199 177 0 1 4 43 154 330 7 11 53 186 133
12 46 21 45 141 170 29 9 1 70 214 51 60 81 79 454 453 274 66 222 109 107 3 0 164 193 206 228 289 715 196 58 83 13 2 4 1 6 2 17 109 80 35 218 14 80 98 108 489 0 0 3 16 5 6 20 79 373 27 146 174 40 0 0 1 57 179 146 2 3 45 125 72
14 67 59 32 190 571 40 72 0 120 96 234 102 24 34 790 1532 1262 90 221 332 1113 0 0 407 80 579 158 1042 307 1085 54 28 348 20 3 0 0 0 76 64 4 96 91 223 125 235 808 191 0 0 0 0 0 48 0 107 70 229 121 70 23 0 0 0 153 82 61 0 0 88 0 21
7 19 4 17 84 31 17 0 0 24 67 4 8 12 19 241 151 51 53 203 36 0 0 0 79 51 23 162 46 326 18 46 57 0 0 0 0 0 0 15 9 6 0 87 0 90 9 2 80 0 0 0 0 0 0 0 24 90 1 9 12 2 0 0 0 1 14 9 0 0 4 13 10
12 41 16 50 164 125 29 0 0 57 216 41 55 78 101 529 408 132 80 201 102 0 3 0 154 190 96 312 202 1000 187 33 95 0 1 5 0 0 0 43 92 99 0 201 16 90 133 88 444 0 0 0 10 0 15 0 37 464 26 108 160 36 0 0 0 58 167 155 0 11 45 138 113
10 35 12 33 126 123 34 2 0 51 132 26 30 38 54 439 507 249 87 281 167 30 0 0 116 83 103 192 216 463 183 102 78 1 5 1 0 0 0 13 57 17 8 161 7 146 65 48 308 0 0 0 0 0 2 4 44 193 17 24 51 10 0 0 0 29 87 65 0 0 18 48 50
11 50 19 36 238 225 42 11 7 110 165 51 48 36 67 659 915 514 157 421 184 185 5 2 341 77 200 414 610 843 431 105 86 18 4 6 15 42 21 56 86 16 39 224 0 242 194 81 300 0 0 42 7 20 11 5 163 296 69 140 69 6 2 2 5 40 131 75 13 0 41 36 80
14 33 32 59 180 207 20 18 0 36 188 107 17 116 123 497 1003 299 152 203 140 207 0 0 106 69 393 412 255 1137 410 47 89 41 4 4 0 0 0 2 31 49 83 167 36 125 72 72 657 0 0 0 6 0 0 33 24 465 115 36 56 95 0 0 0 5 61 250 0 3 5 196 149
12 19 25 41 123 89 2 11 0 8 88 76 16 65 68 522 548 78 113 17 18 68 0 0 32 46 163 290 41 594 151 1 3 25 0 1 0 0 0 0 1 43 38 28 35 40 98 37 177 0 0 0 1 0 0 11 1 156 66 13 38 33 0 0 0 3 52 154 0 0 11 70 63
7 39 4 17 177 33 52 0 1 66 79 6 60 8 21 515 142 19 114 411 39 0 9 0 235 53 18 283 60 346 3 107 43 0 3 15 1 7 0 59 135 2 0 82 0 197 224 36 42 0 0 1 3 3 44 0 51 72 4 111 24 0 0 0 0 71 80 12 2 0 52 4 15
8 55 15 13 203 219 58 6 3 143 90 29 35 14 7 645 688 691 156 412 253 135 10 0 455 183 184 288 599 378 239 152 36 7 9 11 4 22 5 142 89 18 16 163 8 272 100 90 124 0 0 21 7 8 3 0 210 38 11 94 60 12 1 0 0 61 26 10 5 0 8 5 1
8 12 10 18 67 36 1 2 0 5 28 17 10 20 17 337 149 31 87 13 3 14 0 0 15 10 31 145 21 142 35 0 0 1 1 0 0 0 0 0 4 3 6 10 4 7 86 10 51 0 0 0 0 0 0 2 1 28 6 4 16 6 0 0 0 0 4 25 0 0 10 13 7
9 16 14 22 78 68 15 3 0 25 58 31 1 27 23 233 300 60 53 194 60 26 0 0 77 10 120 156 106 307 91 45 57 3 1 0 0 0 0 15 3 3 10 89 9 90 5 3 115 0 0 0 0 0 0 2 25 79 18 5 1 17 0 0 0 0 3 36 0 0 0 20 11
10 42 14 31 243 137 22 0 0 75 143 49 49 14 57 695 707 323 216 247 61 0 0 0 281 66 207 488 262 846 271 33 63 0 3 7 0 0 0 35 68 9 0 179 15 223 227 108 112 0 0 0 15 0 3 0 77 261 76 144 19 12 0 0 0 45 133 31 0 0 44 6 70
12 38 16 50 193 140 28 7 2 39 208 33 33 73 107 533 685 282 149 270 130 88 2 0 114 169 159 427 181 1162 177 55 105 12 4 5 2 6 4 4 65 39 13 180 7 129 102 41 543 0 0 4 5 5 1 26 25 495 19 46 73 15 0 1 1 9 115 132 8 0 28 136 135
9 44 17 19 179 166 33 3 2 74 84 45 49 20 16 557 558 351 171 215 132 40 0 0 317 77 170 391 269 407 219 46 33 3 4 6 8 6 2 59 71 10 12 70 22 157 153 144 122 0 0 12 4 6 11 0 69 65 29 117 54 20 0 1 0 62 43 25 4 0 31 9 6
12 38 27 39 155 151 13 12 3 69 157 83 52 68 57 544 530 132 116 101 48 109 1 0 193 90 299 236 271 629 169 8 22 20 4 10 4 11 6 29 52 91 56 228 32 122 178 110 299 0 0 19 7 10 5 12 85 212 72 141 114 71 1 1 0 49 121 109 12 1 50 78 44
9 40 4 32 194 43 35 0 5 69 161 6 53 16 62 639 119 67 143 303 43 0 4 0 210 124 16 368 100 854 48 59 93 0 1 9 8 24 0 59 100 3 0 175 0 132 190 4 123 0 0 27 5 9 10 0 75 319 4 144 49 0 3 3 4 50 139 24 16 0 48 24 74
15 44 48 57 126 269 16 44 10 45 167 179 80 134 98 615 687 324 46 137 79 323 2 9 144 120 368 191 272 594 483 14 54 129 5 4 17 17 34 11 70 64 191 109 90 46 169 325 497 0 0 19 6 46 2 43 24 292 175 70 256 158 6 8 2 74 144 307 32 3 81 173 87
7 33 8 13 102 73 22 0 1 77 61 14 31 12 9 552 203 94 80 167 48 0 0 0 250 50 48 123 185 222 55 42 29 0 0 1 2 5 0 48 46 4 0 82 3 87 43 48 71 0 0 0 3 4 2 0 128 39 6 91 36 8 0 0 0 52 30 10 1 0 13 6 2
7 28 6 15 102 71 21 0 0 59 67 11 15 8 16 353 233 123 54 225 50 0 2 0 204 80 28 147 213 298 103 38 54 0 1 1 0 0 0 48 20 13 0 84 0 115 25 15 65 0 0 0 0 0 1 0 90 76 10 29 26 4 0 0 0 14 19 6 0 0 5 6 9
10 36 5 40 204 34 24 0 2 24 180 7 53 26 87 717 174 59 206 248 13 0 1 0 114 253 33 445 30 1142 22 17 77 0 0 4 2 7 0 5 79 28 0 102 0 81 227 5 124 0 0 4 5 5 20 0 5 410 4 48 56 3 0 1 1 16 172 31 8 0 58 57 115
6 35 10 5 60 112 34 5 1 75 25 11 18 3 1 314 180 292 5 121 98 80 2 0 162 19 48 72 232 49 61 59 13 6 0 0 0 6 3 69 31 5 3 46 1 40 24 41 15 0 0 3 0 1 11 0 87 1 2 20 14 2 0 0 0 37 5 1 0 0 4 0 0
6 9 12 3 55 37 3 9 1 9 4 10 1 1 0 89 215 13 48 41 9 44 0 2 25 0 11 126 39 31 16 3 2 8 0 0 3 3 3 0 1 0 3 1 2 33 9 3 3 0 0 3 0 1 0 0 5 0 0 2 1 0 0 0 0 0 0 0 0 0 0 0 0
14 35 38 53 205 224 13 24 1 28 157 150 36 84 106 755 1119 298 209 150 106 248 0 0 129 114 438 479 220 1078 549 11 30 84 3 6 8 3 4 12 30 75 92 80 56 94 199 125 314 0 0 4 5 7 0 4 8 317 228 34 77 106 0 0 0 13 132 178 1 3 32 120 130
7 21 11 10 60 67 9 2 0 15 19 23 20 3 7 296 176 101 46 58 30 15 0 0 62 7 47 103 48 80 77 8 0 1 0 0 0 0 0 0 20 0 6 8 9 11 48 46 2 0 0 0 0 0 2 0 4 4 14 8 10 0 0 0 0 13 14 0 0 0 10 3 2
10 42 8 37 183 75 36 0 6 69 171 15 60 34 71 632 219 99 123 274 63 0 4 0 211 124 28 323 155 854 93 51 91 0 1 8 14 29 0 63 107 23 0 174 3 110 186 29 222 0 0 27 4 10 17 0 63 342 8 137 96 6 1 6 4 63 137 57 22 1 56 54 81
10 46 19 26 157 151 45 6 4 50 79 52 88 30 32 911 488 259 111 392 141 54 3 0 198 80 106 205 140 301 178 65 26 9 9 1 5 12 7 23 102 18 24 48 18 53 268 194 116 0 0 8 0 10 62 0 22 63 45 52 110 23 1 1 0 100 64 45 13 0 103 25 21
8 24 13 15 144 81 10 0 0 41 53 32 17 14 10 513 498 62 164 140 39 0 1 0 207 41 98 334 153 307 104 16 7 0 0 8 0 0 0 18 22 18 0 55 15 147 82 49 65 0 0 0 2 0 1 0 43 27 18 35 17 16 0 0 0 22 24 14 0 0 4 5 2
10 41 10 35 225 100 30 2 3 71 169 23 47 28 67 603 480 206 162 340 69 27 4 0 219 107 94 459 207 952 145 64 82 1 1 6 11 9 3 25 88 21 10 207 0 205 201 46 212 0 0 13 11 4 11 2 77 333 27 132 48 4 1 1 5 39 138 50 10 0 41 36 80
12 59 29 37 194 305 49 14 6 114 192 94 70 60 52 410 922 681 103 377 216 239 4 1 279 186 462 308 662 627 530 91 100 28 8 4 13 39 15 59 134 58 64 231 40 178 143 216 435 0 0 39 13 24 25 2 150 235 87 192 129 65 1 4 1 64 141 111 12 2 62 55 40
8 13 11 17 41 50 5 4 1 11 31 21 4 12 19 55 215 38 32 48 32 23 0 0 26 4 38 63 46 51 85 6 0 4 0 0 3 3 3 3 0 7 12 20 0 24 2 4 23 0 0 1 1 3 0 0 3 40 20 8 6 2 0 0 0 1 11 9 0 0 1 13 10
9 10 16 20 9 34 3 1 1 0 22 45 11 19 19 46 25 16 5 5 9 2 0 0 0 2 40 5 0 35 50 0 3 0 0 1 0 2 1 0 10 5 6 0 22 0 6 25 19 0 0 0 0 4 0 0 0 20 35 0 19 22 0 0 0 0 11 21 2 0 6 11 9
10 43 18 27 149 133 27 2 3 62 98 53 75 32 33 824 428 195 120 261 76 15 2 0 304 96 151 216 177 480 166 33 35 1 3 6 7 7 3 34 101 30 12 72 24 56 150 157 126 0 0 7 1 7 12 0 42 106 46 104 98 32 1 1 0 98 65 47 12 0 85 27 21
8 30 6 22 101 50 20 0 0 33 86 15 37 6 35 508 141 104 86 138 30 0 0 0 111 61 56 158 53 314 60 21 38 0 0 0 0 0 0 16 58 0 0 70 0 28 103 37 50 0 0 0 0 0 7 0 13 113 20 46 0 0 0 0 0 31 92 15 0 0 31 0 35
9 39 10 26 146 67 32 0 0 80 133 21 56 28 35 547 238 19 97 251 55 0 0 0 253 114 88 184 142 455 34 53 48 0 0 12 0 0 0 54 109 53 0 217 3 141 166 61 131 0 0 0 6 0 22 0 93 143 14 131 60 17 0 0 0 75 130 38 0 1 47 27 26
2 4 0 1 9 0 4 0 0 2 4 0 0 0 0 55 0 0 3 19 0 0 1 0 4 0 0 9 0 9 0 2 4 0 0 1 0 0 0 1 0 0 0 2 0 1 0 0 0 0 0 0 0 0 0 0 0 0 0 0 0 0 0 0 0 0 0 0 0 0 0 0 0
13 19 36 42 123 117 1 27 0 8 79 124 16 67 68 523 681 94 115 9 9 137 0 0 32 31 248 290 50 580 218 0 2 82 0 1 0 0 0 0 1 29 95 27 60 39 100 61 176 0 0 0 1 0 0 11 1 127 133 13 31 46 0 0 0 3 51 155 0 0 11 70 63
7 10 10 11 56 30 3 4 0 15 20 13 5 12 6 343 170 0 39 28 12 24 0 0 72 0 18 111 54 122 15 3 0 4 0 2 0 0 0 6 6 4 4 20 4 50 17 6 30 0 0 0 0 0 0 4 12 12 2 10 12 0 0 0 0 3 4 14 0 0 1 2 1
6 14 5 10 10 25 3 0 0 19 23 5 11 10 5 27 14 9 2 4 7 0 0 0 20 5 4 0 35 18 16 1 2 0 0 0 0 0 0 6 4 3 0 22 0 4 4 8 26 0 0 0 0 0 1 0 11 12 1 10 22 4 0 0 0 14 5 4 0 1 3 5 0
11 40 22 33 159 201 30 8 1 63 107 65 45 44 48 600 833 338 135 288 183 121 1 0 219 95 211 280 447 465 425 72 24 14 19 3 6 9 3 22 68 27 36 87 22 130 98 100 188 0 0 3 0 6 8 0 99 135 63 43 106 34 0 0 0 25 64 75 0 0 45 49 37
3 9 0 3 21 0 6 0 0 10 10 0 4 0 1 139 0 0 7 32 0 0 0 0 25 0 0 32 0 26 0 5 6 0 0 0 0 0 0 6 2 0 0 10 0 9 7 0 0 0 0 0 0 0 2 0 3 1 0 2 0 0 0 0 0 4 4 0 0 0 0 0 0
4 11 1 5 26 6 3 0 1 14 13 0 6 2 2 23 6 5 3 9 1 0 0 0 12 1 0 34 9 21 0 1 2 0 0 0 1 2 0 6 4 0 0 14 0 14 16 0 11 0 0 4 0 0 0 0 13 6 0 13 1 0 0 0 0 1 1 0 2 0 2 1 0
5 11 4 6 70 16 3 1 1 9 14 2 6 5 2 278 96 8 30 32 7 5 1 0 43 4 3 188 9 99 5 0 1 0 1 0 4 2 1 0 2 3 1 8 0 39 31 1 11 0 0 3 0 1 0 1 5 3 0 10 9 0 0 0 0 3 3 2 1 0 1 1 0
7 9 4 17 20 9 0 0 0 6 37 4 4 12 19 35 22 3 13 0 0 0 0 0 2 11 10 11 6 82 3 0 0 0 0 0 0 0 0 0 0 11 0 20 0 6 2 0 23 0 0 0 2 0 0 0 2 51 1 8 6 2 0 0 0 1 11 9 0 0 1 13 10
6 12 1 14 19 4 5 0 0 6 36 0 10 4 16 50 4 0 6 14 3 0 0 0 2 16 0 8 3 65 0 3 4 0 0 1 0 0 0 0 16 2 0 17 0 6 8 0 10 0 0 0 1 0 1 0 2 43 0 8 6 0 0 0 0 1 19 0 0 0 5 6 9
8 30 6 22 101 50 20 0 0 33 86 15 37 6 35 508 141 104 86 138 30 0 0 0 111 61 56 158 53 314 60 21 38 0 0 0 0 0 0 16 58 0 0 70 0 28 103 37 50 0 0 0 0 0 7 0 13 113 20 46 0 0 0 0 0 31 92 15 0 0 31 0 35
5 21 4 6 25 34 16 0 1 19 16 6 16 0 4 74 30 72 3 39 31 0 2 0 23 12 13 17 27 26 27 15 1 0 0 1 3 6 0 7 24 0 0 7 0 9 11 16 0 0 0 1 0 3 1 0 5 11 4 15 0 0 0 0 0 13 5 0 0 0 9 0 1
4 20 1 5 124 5 7 0 1 40 19 0 17 2 2 485 28 3 118 73 1 0 0 0 170 9 0 283 3 84 0 7 4 0 3 3 7 1 0 18 15 3 0 23 0 142 97 0 2 0 0 4 0 0 0 0 46 7 0 42 8 0 0 0 0 24 4 0 2 0 6 1 0
4 17 3 3 40 28 20 0 0 41 19 2 2 2 0 167 55 33 18 84 36 0 0 0 78 17 13 62 80 48 11 48 17 0 0 0 0 0 0 52 7 4 0 28 0 19 1 2 15 0 0 0 1 0 0 0 67 0 0 13 2 1 0 0 0 1 0 0 0 0 0 0 0
10 35 12 33 126 123 34 2 0 51 132 26 30 38 54 439 507 249 87 281 167 30 0 0 116 83 103 192 216 463 183 102 78 1 5 1 0 0 0 13 57 17 8 161 7 146 65 48 308 0 0 0 0 0 2 4 44 193 17 24 51 10 0 0 0 29 87 65 0 0 18 48 50
8 9 9 19 16 24 0 2 0 5 29 14 5 20 20 33 35 8 13 0 0 8 0 0 3 6 15 8 17 65 28 0 0 1 0 0 0 0 0 0 0 8 7 8 0 2 1 4 31 0 0 0 2 0 0 1 1 42 6 6 18 7 0 0 0 2 5 22 0 0 1 16 10
6 35 7 8 105 58 45 2 1 103 55 9 30 4 5 464 162 9 56 233 79 23 9 0 336 59 61 119 180 162 0 125 23 1 3 9 0 7 1 131 96 4 4 116 0 117 36 38 30 0 0 3 3 1 10 0 159 32 5 114 16 0 0 0 0 51 20 2 2 0 14 2 1
14 47 35 56 132 240 31 19 4 46 203 120 80 123 102 516 641 349 42 255 140 175 2 0 104 166 300 236 253 689 408 46 83 46 3 4 10 16 8 8 142 79 82 129 62 54 137 270 584 0 0 10 6 21 11 35 23 368 103 64 253 115 1 0 6 70 186 277 13 5 75 181 95
5 12 2 8 15 11 1 0 0 19 25 0 6 6 4 20 10 5 4 2 1 0 0 0 20 7 0 8 19 29 0 0 2 0 0 0 0 0 0 3 1 3 0 30 0 9 3 0 23 0 0 0 0 0 0 0 17 13 0 15 10 0 0 0 0 6 5 0 0 1 1 4 0
10 49 15 30 206 147 48 1 1 71 158 39 67 39 41 415 561 314 139 381 131 15 4 0 162 164 174 405 215 676 171 88 86 0 2 5 3 4 1 40 143 40 6 145 14 197 206 124 277 0 0 7 15 2 34 1 54 200 29 158 101 27 0 0 1 57 114 64 4 2 63 37 30
5 7 4 6 26 17 1 0 0 10 11 4 0 4 2 98 54 0 5 4 3 0 0 0 16 10 7 40 28 50 15 0 1 0 0 0 0 0 0 3 0 4 0 12 0 24 0 0 14 0 0 0 0 0 0 0 7 2 1 0 0 2 0 0 0 0 0 1 0 0 0 1 0
1 5 0 0 35 0 2 0 0 8 0 0 0 0 0 105 0 0 45 23 0 0 0 0 55 0 0 103 0 0 0 1 0 0 0 1 0 0 0 4 0 0 0 0 0 30 0 0 0 0 0 0 0 0 0 0 5 0 0 0 0 0 0 0 0 0 0 0 0 0 0 0 0
6 15 9 6 32 45 5 0 0 21 12 18 9 0 2 171 92 24 22 25 15 0 0 0 63 1 36 33 63 33 45 4 0 0 2 0 0 0 0 10 6 0 0 9 9 8 9 27 0 0 0 0 0 0 2 0 16 3 6 13 0 0 0 0 0 10 3 0 0 0 2 0 0
4 4 3 3 17 4 0 0 0 3 8 3 0 0 1 50 17 0 9 0 0 0 0 0 8 3 8 23 3 34 0 0 0 0 0 0 0 0 0 0 0 0 0 6 0 9 0 0 0 0 0 0 0 0 0 0 1 4 1 0 0 0 0 0 0 0 0 0 0 0 0 0 0
16 38 53 67 143 252 23 25 3 23 188 262 62 143 130 521 834 229 59 128 150 176 0 0 59 103 633 302 146 900 623 21 62 76 7 3 5 10 6 4 75 125 159 88 232 62 152 279 489 0 0 7 9 22 24 14 6 361 383 58 216 255 1 1 0 22 150 349 12 11 66 203 138
1 3 0 0 4 0 0 0 0 3 0 0 0 0 0 17 0 0 0 0 0 0 0 0 8 0 0 3 0 0 0 0 0 0 0 0 0 0 0 0 0 0 0 0 0 0 0 0 0 0 0 0 0 0 0 0 1 0 0 0 0 0 0 0 0 0 0 0 0 0 0 0 0
4 4 1 5 22 3 2 0 0 1 7 0 1 2 2 80 17 0 2 22 2 0 0 0 0 0 0 48 1 39 0 1 2 0 0 0 0 0 0 0 2 0 0 2 0 6 5 0 5 0 0 0 0 0 0 0 0 3 0 0 1 0 0 0 0 0 1 0 0 0 0 1 0
8 12 15 13 88 49 4 8 0 17 23 25 6 16 7 414 367 0 84 70 20 40 0 0 102 7 44 232 72 179 42 4 2 12 0 1 0 0 0 4 6 3 12 23 7 68 24 16 42 0 0 0 2 0 0 4 12 15 6 18 12 6 0 0 0 3 2 19 0 0 2 3 1
4 4 1 5 22 3 2 0 0 1 7 0 1 2 2 80 17 0 2 22 2 0 0 0 0 0 0 48 1 39 0 1 2 0 0 0 0 0 0 0 2 0 0 2 0 6 5 0 5 0 0 0 0 0 0 0 0 3 0 0 1 0 0 0 0 0 1 0 0 0 0 1 0
3 9 0 3 40 0 4 0 0 8 8 0 5 0 1 209 0 0 15 27 0 0 0 0 42 1 0 84 0 47 0 3 1 0 0 1 0 0 0 3 5 0 0 5 0 19 12 0 0 0 0 0 0 0 1 0 4 2 0 9 0 0 0 0 0 1 2 0 0 0 1 0 0
5 13 0 10 29 0 4 0 0 9 24 0 14 0 10 55 0 0 10 18 0 0 0 0 16 12 0 18 0 50 0 1 3 0 0 2 0 0 0 3 13 0 0 10 0 7 24 0 0 0 0 0 0 0 0 0 2 27 0 18 0 0 0 0 0 4 9 0 0 0 11 0 5
14 48 36 55 131 265 35 22 4 58 209 123 71 120 99 458 699 381 48 284 185 228 2 0 118 141 370 235 344 663 478 67 90 57 3 4 8 18 6 10 136 71 96 163 55 57 102 260 622 0 0 12 8 26 13 32 43 373 108 87 218 118 1 0 6 73 186 267 10 3 56 173 92
7 31 2 19 103 17 21 0 0 39 91 1 39 8 26 511 68 30 61 137 9 0 0 0 113 116 3 200 25 392 6 28 34 0 0 0 0 0 0 14 71 6 0 73 0 46 56 1 34 0 0 0 1 0 6 0 23 116 0 44 34 0 0 0 0 46 70 4 0 0 30 12 19
5 14 3 7 81 18 3 0 0 24 22 2 8 5 3 299 99 6 59 23 4 0 0 0 93 8 5 176 41 126 7 1 1 0 1 3 0 0 0 9 7 3 0 22 0 91 36 3 19 0 0 0 1 0 0 0 27 8 0 23 10 1 0 0 0 5 5 2 0 0 2 2 0
5 10 5 5 24 15 1 1 1 15 11 5 6 2 2 28 28 0 6 1 1 5 0 0 13 0 11 31 25 17 0 0 0 0 0 0 1 1 1 4 2 0 2 16 0 10 16 6 9 0 0 4 0 0 0 0 16 5 2 13 1 0 0 0 0 1 1 0 2 0 2 1 0
5 25 8 2 82 77 12 5 1 47 9 4 6 1 0 317 231 167 68 81 28 70 0 1 155 10 18 124 148 45 18 13 0 2 9 3 0 5 2 27 13 0 2 12 0 103 8 12 5 0 0 4 0 0 1 0 48 0 0 14 4 0 0 0 0 5 0 0 1 0 0 0 0
3 5 0 3 17 0 0 0 0 3 10 0 0 0 1 50 0 0 9 0 0 0 0 0 8 7 0 23 0 34 0 0 0 0 0 0 0 0 0 0 0 0 0 6 0 9 0 0 0 0 0 0 0 0 0 0 1 5 0 0 0 0 0 0 0 0 0 0 0 0 0 0 0
4 8 3 3 35 16 4 0 0 5 8 3 0 0 1 102 75 14 17 43 12 0 1 0 17 3 8 65 9 26 12 2 0 0 2 1 0 0 0 1 0 0 0 6 0 15 0 0 0 0 0 0 0 0 0 0 1 4 1 0 0 0 0 0 0 0 0 0 0 0 0 0 0
1 4 0 0 10 0 1 0 0 5 0 0 0 0 0 24 0 0 1 5 0 0 0 0 11 0 0 15 0 0 0 0 0 0 0 1 0 0 0 2 0 0 0 0 0 6 0 0 0 0 0 0 0 0 0 0 2 0 0 0 0 0 0 0 0 0 0 0 0 0 0 0 0
8 23 14 14 105 82 10 4 0 56 47 27 16 18 7 474 350 32 77 79 41 34 0 0 149 11 92 167 204 220 77 29 17 4 0 1 0 0 0 14 12 10 11 75 7 129 46 41 74 0 0 0 3 0 0 1 97 22 9 67 22 18 0 0 0 23 15 14 0 1 6 4 1
4 11 0 6 36 0 6 0 0 9 21 0 6 0 4 252 0 0 17 32 0 0 0 0 36 10 0 67 0 72 0 5 6 0 0 0 0 0 0 0 8 0 0 15 0 17 14 0 0 0 0 0 0 0 2 0 4 12 0 8 0 0 0 0 0 2 9 0 0 0 1 0 1
7 23 7 14 100 55 21 1 0 28 61 14 11 4 16 281 239 95 58 238 57 16 1 0 92 63 61 192 61 295 56 47 60 0 8 1 0 0 0 18 7 0 4 89 0 94 20 11 41 0 0 0 0 0 1 0 24 76 16 10 7 0 0 0 0 4 22 0 0 0 5 6 9
13 34 22 56 183 167 22 10 0 37 203 56 19 100 120 505 821 283 150 214 129 124 0 0 110 105 247 417 214 1172 264 48 98 17 4 5 0 0 0 3 37 47 34 181 15 127 75 51 651 0 0 0 5 0 0 32 24 511 37 35 61 44 0 0 0 7 79 199 0 3 6 186 148
12 64 25 41 252 345 87 1 4 117 183 108 84 31 80 767 1210 891 164 650 536 17 10 0 362 202 408 370 839 830 974 222 101 0 2 15 12 36 1 124 178 32 9 146 70 186 274 332 276 0 0 16 7 31 53 0 148 296 176 126 87 40 0 1 2 80 184 66 4 0 76 29 105
2 6 0 1 22 0 5 0 0 2 4 0 1 0 0 80 0 0 21 22 0 0 2 0 10 3 0 49 0 15 0 2 2 0 0 1 0 0 0 0 3 0 0 1 0 2 3 0 0 0 0 0 0 0 0 0 0 0 0 1 0 0 0 0 0 0 0 0 0 0 0 0 0
8 16 8 20 85 42 15 0 0 22 62 14 4 20 22 237 229 42 53 194 45 0 0 0 73 29 63 165 66 333 41 45 57 0 0 0 0 0 0 15 3 8 0 83 3 90 14 3 92 0 0 0 0 0 0 0 24 87 6 5 9 8 0 0 0 0 9 24 0 0 1 18 11
4 11 0 6 36 0 6 0 0 9 21 0 6 0 4 252 0 0 17 32 0 0 0 0 36 10 0 67 0 72 0 5 6 0 0 0 0 0 0 0 8 0 0 15 0 17 14 0 0 0 0 0 0 0 2 0 4 12 0 8 0 0 0 0 0 2 9 0 0 0 1 0 1
2 4 0 1 9 0 4 0 0 2 4 0 0 0 0 55 0 0 3 19 0 0 1 0 4 0 0 9 0 9 0 2 4 0 0 1 0 0 0 1 0 0 0 2 0 1 0 0 0 0 0 0 0 0 0 0 0 0 0 0 0 0 0 0 0 0 0 0 0 0 0 0 0
6 20 10 5 66 76 1 4 0 39 6 13 9 2 1 232 264 106 41 4 4 48 0 0 128 5 12 68 156 14 61 0 1 4 0 0 0 0 0 3 0 0 4 9 4 92 26 31 10 0 0 0 0 0 0 0 47 0 2 0 2 0 0 0 0 15 0 1 0 0 1 0 0
9 11 17 19 14 37 2 4 1 0 19 43 15 21 16 31 55 20 12 6 4 11 0 0 0 5 31 8 0 43 42 0 1 4 0 0 1 1 1 0 10 3 15 0 19 0 5 35 21 0 0 0 1 4 0 1 0 18 27 0 25 20 0 0 0 0 5 23 2 0 12 11 6
5 17 2 8 39 13 2 0 0 19 29 1 13 4 5 207 25 21 35 13 2 0 0 0 73 37 5 51 13 85 3 1 0 0 0 0 0 0 0 0 6 5 0 25 0 7 16 1 17 0 0 0 0 0 0 0 10 12 0 14 9 0 0 0 0 12 11 2 0 0 6 2 1
3 9 0 3 21 0 6 0 0 10 10 0 4 0 1 139 0 0 7 32 0 0 0 0 25 0 0 32 0 26 0 5 6 0 0 0 0 0 0 6 2 0 0 10 0 9 7 0 0 0 0 0 0 0 2 0 3 1 0 2 0 0 0 0 0 4 4 0 0 0 0 0 0
3 4 0 3 13 0 0 0 0 1 2 0 3 0 1 60 0 0 5 0 0 0 0 0 7 0 0 12 0 10 0 0 0 0 0 0 0 0 0 0 0 0 0 0 0 0 7 0 0 0 0 0 0 0 0 0 0 1 0 2 0 0 0 0 0 0 0 0 0 0 1 0 0
