15 44 31 74 197 260 28 7 0 75 268 122 44 138 188 649 1159 466 131 273 202 91 4 0 282 71 508 345 497 1239 645 43 130 12 0 12 0 0 0 47 50 39 40 353 74 168 120 173 934 0 0 0 2 0 5 20 74 727 155 116 120 110 0 0 0 42 195 379 0 0 28 289 286
16 66 54 66 291 498 41 19 1 103 236 291 127 117 133 827 2036 1001 143 274 381 231 6 0 289 221 950 458 844 1107 1583 67 70 47 3 18 3 7 4 66 111 119 153 225 306 269 491 745 633 0 0 4 8 6 23 0 75 385 472 208 257 224 0 0 1 132 224 295 3 0 182 165 158
15 77 52 53 250 560 37 39 6 158 264 223 121 113 80 764 1721 1457 96 256 250 588 1 0 456 275 945 374 1226 966 1299 42 77 140 14 6 8 22 29 57 143 113 158 327 178 212 220 692 798 0 0 23 8 23 13 30 216 361 252 290 298 186 3 3 3 170 207 240 17 6 113 116 59
14 41 22 69 199 177 21 5 0 59 260 68 48 113 178 750 848 338 141 221 128 62 4 0 213 125 264 393 278 1273 312 35 102 6 0 6 0 0 0 24 39 39 25 305 31 148 176 112 752 0 0 0 2 0 2 18 48 737 63 110 136 49 0 0 0 37 208 275 0 0 40 258 276
16 46 51 69 195 321 14 19 0 56 189 264 90 129 148 859 1353 468 136 92 92 186 0 0 263 60 689 333 424 843 868 10 29 69 1 1 0 0 0 16 63 47 86 161 270 123 301 485 594 0 0 0 2 0 13 23 37 337 418 121 133 189 0 0 0 67 231 410 0 1 137 160 194
15 44 35 70 185 243 23 6 1 44 225 159 73 119 171 845 981 392 147 126 160 59 2 0 203 144 442 329 264 1050 649 24 58 8 0 3 1 4 2 14 58 45 48 187 102 121 238 253 556 0 0 0 0 7 21 8 28 581 263 81 228 150 0 0 0 42 220 299 4 0 80 229 258
9 62 6 30 265 92 47 0 0 142 204 9 100 24 51 785 364 352 160 466 58 0 4 0 524 493 8 447 250 1040 71 75 116 0 0 15 0 0 0 82 156 14 0 332 1 284 274 63 236 0 0 0 1 0 23 0 171 304 4 166 132 4 0 0 0 194 208 30 0 0 99 38 49
12 49 31 35 158 274 26 9 1 97 139 115 62 53 43 429 864 565 54 152 148 90 0 0 198 39 437 286 568 458 559 56 39 20 3 2 1 0 5 27 63 26 36 219 88 216 125 301 318 0 0 4 4 2 18 5 151 155 109 146 73 69 0 0 0 65 99 106 3 2 47 34 26
10 51 13 32 168 144 17 4 0 126 179 23 68 46 47 659 424 325 66 95 63 60 0 0 339 242 83 240 396 672 152 23 35 4 0 1 0 0 0 51 53 43 8 298 6 213 130 79 312 0 0 0 2 0 1 12 192 266 8 152 175 14 0 0 0 144 122 61 0 1 56 62 34
11 35 23 32 121 158 10 7 2 44 94 66 47 54 38 415 574 257 48 57 53 54 0 0 135 58 151 326 226 327 273 12 21 8 0 1 0 3 4 13 21 27 33 65 28 112 119 142 213 0 0 3 2 6 1 7 29 104 48 64 106 58 1 0 1 40 53 74 7 3 36 51 20
13 68 32 46 258 346 42 13 3 118 260 110 102 93 70 826 1309 929 87 303 183 187 2 0 228 404 480 446 663 1019 627 56 91 26 7 9 6 13 8 29 183 129 61 315 59 318 263 350 680 0 0 9 5 13 17 17 139 363 101 197 289 106 1 0 2 115 205 175 10 10 86 108 52
10 31 19 26 95 113 8 10 3 34 80 46 40 30 34 348 382 152 58 52 23 86 0 0 131 74 119 176 131 268 119 8 9 20 4 0 1 4 3 7 34 13 30 70 5 77 63 86 138 0 0 8 5 6 1 0 21 88 44 51 53 15 0 2 0 23 61 40 11 0 32 35 21
12 43 8 58 178 77 13 1 0 64 272 11 62 55 153 807 289 184 166 98 28 12 0 0 275 300 50 287 143 1188 55 10 57 0 0 1 0 0 0 24 54 33 3 340 2 121 185 30 414 0 0 0 1 0 2 6 53 741 1 109 112 7 0 0 0 56 298 68 0 0 60 162 246
13 43 31 47 204 204 19 13 5 51 180 103 61 96 74 847 912 281 140 193 86 120 0 0 239 126 347 390 243 875 327 15 47 26 10 3 21 16 7 29 69 84 57 128 60 106 211 171 456 0 0 18 14 24 5 21 29 268 80 131 167 88 1 3 3 45 138 208 15 6 54 112 57
3 14 2 1 52 23 10 0 0 32 5 1 0 0 0 157 81 45 14 66 20 0 0 0 90 4 5 79 58 23 9 20 0 0 0 3 0 0 0 30 0 0 0 6 0 68 0 0 0 0 0 0 0 0 0 0 38 0 0 0 0 0 0 0 0 0 0 0 0 0 0 0 0
15 89 60 45 306 747 41 79 7 212 221 233 132 77 66 842 2372 2268 165 297 336 1461 0 24 679 253 985 377 1844 879 1574 47 55 315 18 6 13 25 47 112 124 50 204 331 145 320 330 840 598 0 0 40 9 18 17 18 261 246 270 253 266 104 4 3 1 246 206 160 19 0 121 69 56
11 39 22 33 160 221 38 6 0 72 111 74 29 32 53 509 1072 379 98 427 285 95 6 0 306 107 293 279 518 357 549 105 52 8 1 13 0 0 0 78 41 52 31 133 30 189 62 83 211 0 0 0 3 0 1 1 92 90 93 39 31 32 0 0 0 15 90 51 0 0 19 28 56
12 43 8 58 178 77 13 1 0 64 272 11 62 55 153 807 289 184 166 98 28 12 0 0 275 300 50 287 143 1188 55 10 57 0 0 1 0 0 0 24 54 33 3 340 2 121 185 30 414 0 0 0 1 0 2 6 53 741 1 109 112 7 0 0 0 56 298 68 0 0 60 162 246
3 6 2 1 32 7 0 0 0 6 5 1 0 0 0 95 33 5 16 0 0 0 0 0 10 4 5 72 6 31 1 0 0 0 0 0 0 0 0 0 0 0 0 6 0 28 0 0 0 0 0 0 0 0 0 0 4 0 0 0 0 0 0 0 0 0 0 0 0 0 0 0 0
8 38 6 22 176 60 23 0 0 63 132 9 37 18 29 758 235 145 171 195 39 0 0 0 271 158 44 299 96 598 43 23 45 0 2 5 0 0 0 33 71 32 0 164 1 155 129 28 138 0 0 0 17 0 3 0 64 157 4 103 36 4 0 0 0 39 98 21 0 0 20 20 20
8 51 19 9 149 230 53 14 2 101 33 34 45 4 4 547 686 656 128 322 223 242 0 0 316 54 99 217 456 139 185 109 8 31 10 8 2 8 8 83 72 3 8 39 11 139 68 174 38 0 0 10 2 2 30 0 89 3 13 44 23 3 0 1 0 79 12 3 0 0 20 0 1
12 60 26 40 235 271 59 12 6 109 219 76 79 72 60 765 1038 570 73 540 278 185 20 0 290 289 361 431 550 882 397 123 96 22 19 2 10 42 12 54 187 66 50 302 30 237 183 201 543 0 0 21 17 22 23 14 145 303 57 186 194 58 1 3 3 69 163 133 17 1 65 85 45
13 59 23 55 260 248 44 0 0 97 236 85 112 83 118 747 1087 631 170 393 200 0 4 0 353 252 330 400 506 1168 539 53 120 0 1 16 0 0 0 71 140 40 0 293 45 226 338 245 581 0 0 0 1 0 34 0 93 480 106 185 249 78 0 0 0 90 198 196 0 0 180 141 149
9 21 6 30 76 30 10 0 0 13 86 11 26 20 53 305 82 32 88 66 13 0 0 0 39 48 34 131 19 363 24 9 27 0 0 0 0 0 0 1 22 9 0 44 0 15 73 16 75 0 0 0 0 0 9 0 3 139 10 17 21 4 0 0 0 12 88 28 0 0 19 28 56
12 58 24 42 230 236 67 4 8 75 216 76 85 76 64 702 986 494 69 573 272 60 19 0 233 272 313 487 339 930 385 126 115 4 8 10 12 59 9 33 227 87 28 194 36 186 207 195 511 0 0 22 2 36 32 0 62 283 60 134 202 71 3 5 1 65 178 154 24 9 74 85 48
11 67 28 27 288 342 82 16 10 125 156 84 76 36 29 748 1401 930 131 788 386 287 13 0 378 203 455 514 662 673 535 209 86 34 32 0 21 67 15 49 209 42 60 194 41 319 226 251 291 0 0 47 11 32 36 0 147 112 63 179 124 36 4 8 1 80 96 59 26 0 51 19 18
14 46 37 54 194 248 23 20 8 48 204 132 65 120 92 798 961 377 113 183 110 182 0 3 199 176 419 418 281 963 460 24 54 37 6 2 20 34 19 18 79 98 112 153 69 108 206 215 566 0 0 18 7 37 11 22 29 342 115 102 202 135 0 7 8 35 164 263 18 6 52 161 78
14 55 37 54 207 323 34 23 7 95 246 126 66 123 92 725 1196 618 64 341 214 290 6 2 250 232 520 375 636 962 609 71 88 52 9 0 14 25 19 33 95 103 109 322 59 206 155 244 797 0 0 21 7 32 10 32 131 408 101 142 203 128 0 4 9 57 180 269 16 6 43 165 78
12 16 24 42 70 84 4 12 0 6 70 67 11 70 71 296 355 67 84 40 32 78 0 0 24 22 107 157 34 340 132 4 10 29 1 2 0 0 0 0 2 19 29 25 25 12 33 38 217 0 0 0 0 0 0 21 1 122 54 7 20 36 0 0 0 0 37 153 0 0 5 80 68
9 23 21 15 122 101 10 8 2 33 39 56 20 11 9 616 514 54 77 89 37 50 0 0 140 13 130 245 145 194 128 13 14 16 4 8 8 8 2 19 19 7 14 31 36 111 102 78 32 0 0 2 0 10 1 2 27 22 33 38 19 12 0 1 0 24 12 9 0 0 10 2 2
14 48 35 56 180 235 15 18 1 54 193 143 97 80 123 975 734 396 96 76 89 182 2 0 210 186 400 325 253 831 460 13 15 62 1 2 3 3 1 5 84 72 74 162 61 111 313 292 351 0 0 0 0 7 2 0 36 371 228 141 192 78 0 0 0 73 240 217 4 0 144 108 173
12 47 32 34 180 240 8 25 2 119 159 95 57 55 45 568 881 399 58 49 49 254 0 4 276 103 382 271 608 645 307 15 15 59 0 2 8 0 8 17 24 48 81 333 27 272 153 209 324 0 0 4 1 8 0 10 189 207 92 126 130 60 1 0 0 118 118 71 4 1 35 59 31
7 41 6 15 186 47 49 1 1 90 85 9 56 9 16 706 203 24 52 467 50 11 1 0 182 98 47 360 110 368 0 146 19 0 0 2 2 4 1 9 147 13 3 153 0 257 210 42 44 0 0 7 0 0 37 1 150 77 7 114 36 0 0 0 0 78 59 9 4 0 45 6 9
15 41 32 73 203 233 22 12 0 53 237 121 52 138 184 770 1117 380 141 227 158 130 4 0 199 87 369 401 328 1217 547 34 100 22 0 6 0 0 0 24 38 36 81 240 49 149 206 175 762 0 0 0 2 0 6 19 35 667 155 92 194 116 0 0 0 41 175 353 0 0 44 290 280
11 22 19 36 84 85 0 4 1 23 85 49 24 61 51 338 363 79 59 0 0 21 0 0 98 46 88 189 105 324 124 0 0 6 1 0 4 0 4 0 0 34 14 70 13 73 55 58 201 0 0 4 2 2 0 6 20 120 34 25 60 54 0 0 1 13 52 90 2 4 14 76 33
11 51 18 37 223 129 40 1 0 75 157 72 112 15 77 919 489 173 164 392 87 14 0 0 294 190 277 371 177 782 142 61 17 0 1 1 0 0 0 41 200 20 8 186 28 180 381 213 94 0 0 0 1 0 48 0 56 302 133 193 52 14 0 0 0 97 173 21 0 0 190 21 105
6 24 8 7 76 52 6 0 0 46 12 16 28 0 4 267 172 44 47 34 12 0 0 0 132 1 28 72 92 43 34 5 0 0 0 0 0 0 0 18 14 0 0 5 6 66 67 56 0 0 0 0 0 0 2 0 46 5 8 31 0 0 0 0 0 51 5 0 0 0 17 0 1
2 3 1 0 5 3 0 0 0 1 0 0 0 0 0 31 5 2 0 0 0 0 0 0 5 0 0 6 1 0 0 0 0 0 0 0 0 0 0 0 0 0 0 0 0 0 0 0 0 0 0 0 0 0 0 0 0 0 0 0 0 0 0 0 0 0 0 0 0 0 0 0 0
10 53 18 27 165 206 43 0 2 102 137 57 65 30 33 452 621 582 52 200 156 0 5 0 204 118 235 293 425 457 330 74 47 0 0 4 0 16 0 39 112 10 0 214 39 235 129 208 260 0 0 2 3 10 28 0 154 154 45 141 67 18 0 1 0 68 98 72 4 0 46 15 21
5 20 6 4 86 52 18 1 0 76 14 6 7 3 0 375 215 0 53 128 54 12 0 0 278 5 20 116 200 69 32 62 0 0 0 1 0 0 0 56 18 1 2 38 1 183 18 14 13 0 0 0 0 0 0 0 158 0 0 24 7 2 0 0 0 21 0 0 0 0 0 0 0
6 34 4 11 171 48 26 0 3 72 60 4 28 8 8 645 220 124 135 279 32 0 2 0 325 54 14 341 114 319 22 47 24 0 3 9 4 18 0 62 42 0 0 74 1 164 97 17 72 0 0 12 5 4 7 0 84 41 0 86 24 0 1 1 2 36 20 8 4 0 14 4 2
9 26 18 18 103 110 1 0 0 36 46 57 26 12 15 531 485 155 97 12 5 0 0 0 121 14 133 219 164 175 187 0 1 0 0 1 0 0 0 4 2 13 0 42 39 108 56 99 51 0 0 0 9 0 0 0 29 16 45 34 14 18 0 0 0 24 33 15 0 0 12 3 6
14 50 39 52 197 296 22 30 9 90 212 131 62 116 87 841 1060 498 106 176 132 345 0 4 275 166 452 312 631 892 502 28 45 75 7 0 26 23 30 60 78 75 129 284 55 161 183 228 673 0 0 22 7 36 4 35 131 353 110 141 181 117 0 6 11 46 162 249 19 2 43 151 74
9 20 8 28 62 37 10 0 1 13 67 12 27 32 40 345 113 21 16 44 17 0 1 0 33 23 18 109 32 209 24 4 18 0 1 2 0 3 0 6 34 6 0 24 1 37 70 20 98 0 0 0 1 4 4 0 5 88 5 30 51 11 0 0 1 9 54 31 2 3 20 48 27
6 27 3 12 59 26 18 0 0 46 47 3 31 6 11 209 46 40 21 100 14 0 0 0 73 30 2 43 46 100 6 30 21 0 0 0 0 0 0 14 29 0 0 53 0 38 51 19 37 0 0 0 0 0 13 0 50 31 1 47 15 0 0 0 0 42 36 6 0 0 18 3 5
15 44 31 74 197 260 28 7 0 75 268 122 44 138 188 649 1159 466 131 273 202 91 4 0 282 71 508 345 497 1239 645 43 130 12 0 12 0 0 0 47 50 39 40 353 74 168 120 173 934 0 0 0 2 0 5 20 74 727 155 116 120 110 0 0 0 42 195 379 0 0 28 289 286
2 4 0 1 21 0 1 0 0 2 2 0 1 0 0 95 0 0 18 12 0 0 0 0 14 0 0 76 0 20 0 0 0 0 0 0 0 0 0 1 1 0 0 1 0 7 0 0 0 0 0 0 0 0 0 0 0 0 0 1 0 0 0 0 0 0 0 0 0 0 0 0 0
15 42 46 59 209 267 22 26 4 39 197 190 58 140 99 761 1285 319 111 237 133 214 0 2 138 122 584 472 254 990 561 31 46 65 5 2 24 16 8 2 85 114 147 139 131 126 234 260 608 0 0 7 10 25 14 27 27 321 198 98 168 210 0 2 3 24 150 318 12 12 50 174 81
2 1 1 0 2 1 0 0 0 0 0 0 0 0 0 5 2 0 0 0 0 0 0 0 0 0 0 1 0 0 0 0 0 0 0 0 0 0 0 0 0 0 0 0 0 0 0 0 0 0 0 0 0 0 0 0 0 0 0 0 0 0 0 0 0 0 0 0 0 0 0 0 0
11 25 22 33 83 95 1 10 4 25 81 56 33 56 43 338 361 97 59 3 2 49 0 2 98 64 110 189 109 318 111 0 3 11 2 0 4 1 9 0 4 22 42 72 13 73 53 73 171 0 0 7 0 13 0 8 20 101 39 26 77 47 0 1 2 18 54 79 10 2 24 61 26
9 34 8 28 131 115 47 1 0 54 93 20 32 13 50 423 569 248 62 486 260 18 18 0 231 70 53 221 314 297 260 139 53 0 3 7 0 0 0 73 43 5 5 74 0 136 78 28 115 0 0 0 0 0 10 1 69 122 30 20 25 0 0 0 0 12 102 20 0 0 23 15 55
10 46 18 27 192 177 35 9 4 77 139 41 45 35 35 787 691 393 172 242 148 124 3 0 288 116 183 310 293 596 224 46 49 14 5 6 8 19 12 53 79 34 31 169 3 175 137 88 240 0 0 13 11 12 10 4 72 160 33 106 85 20 2 0 3 54 99 46 5 0 26 35 24
12 16 24 42 70 84 4 12 0 6 70 67 11 70 71 296 355 67 84 40 32 78 0 0 24 22 107 157 34 340 132 4 10 29 1 2 0 0 0 0 2 19 29 25 25 12 33 38 217 0 0 0 0 0 0 21 1 122 54 7 20 36 0 0 0 0 37 153 0 0 5 80 68
10 27 22 23 42 108 12 6 0 35 53 68 41 22 24 253 148 72 17 58 42 39 0 0 69 8 136 16 133 103 146 9 18 7 0 0 0 0 0 16 30 9 28 47 39 13 49 132 56 0 0 0 0 0 9 0 19 35 60 29 38 25 0 0 0 53 53 20 0 0 35 18 13
9 41 12 24 204 111 32 0 3 74 113 28 49 28 28 708 509 214 169 306 69 0 4 0 319 55 109 400 209 600 121 49 44 0 1 14 2 19 0 58 86 19 0 140 10 184 195 91 188 0 0 7 6 8 19 0 61 103 17 108 48 16 0 3 4 64 93 45 3 2 34 19 17
5 15 4 6 68 20 0 0 0 20 18 4 11 4 2 117 88 21 39 0 0 0 0 0 27 15 4 119 20 70 10 0 0 0 0 0 0 0 0 0 0 6 0 22 1 89 50 8 6 0 0 0 0 0 0 0 15 7 0 14 14 0 0 0 0 12 2 4 0 0 3 0 0
5 9 4 6 38 12 2 0 0 8 20 6 2 0 4 229 38 8 28 12 2 0 0 0 30 10 20 60 8 90 6 1 6 0 0 0 0 0 0 4 0 0 0 20 0 19 8 2 0 0 0 0 2 0 0 0 5 16 4 4 0 0 0 0 0 0 4 0 0 0 0 0 1
8 6 7 21 25 13 0 0 0 6 23 11 3 20 25 149 50 0 9 0 0 0 0 0 23 0 16 38 18 101 12 0 0 0 0 0 0 0 0 0 0 5 0 18 3 11 9 1 30 0 0 0 0 0 0 0 4 30 3 6 6 4 0 0 0 0 8 26 0 0 1 20 14
8 24 4 24 83 24 10 0 0 22 74 6 35 12 38 310 69 32 93 92 10 0 0 0 69 44 22 136 21 314 12 8 21 0 0 0 0 0 0 8 31 6 0 39 0 16 70 13 54 0 0 0 0 0 4 0 9 113 4 58 18 0 0 0 0 18 56 18 0 0 41 12 36
9 17 10 26 64 31 5 0 1 15 51 19 26 32 33 326 113 2 14 28 12 0 0 0 35 2 34 101 28 188 18 3 12 0 1 2 2 1 0 4 13 11 0 25 1 38 84 20 59 0 0 3 1 2 1 0 5 54 12 32 46 21 0 0 1 16 42 32 4 3 22 37 20
15 49 43 62 192 302 21 14 0 63 182 203 101 111 127 853 1179 485 109 124 126 146 0 0 266 70 509 313 419 782 726 20 33 49 0 1 0 0 0 23 67 42 48 164 196 132 295 481 565 0 0 0 2 0 34 22 45 322 283 133 146 119 0 0 0 83 209 371 0 1 159 117 159
8 38 16 12 155 142 11 8 9 70 40 30 33 12 6 693 513 311 115 61 45 84 0 0 202 35 62 282 255 189 144 9 0 12 6 5 35 8 18 28 16 2 16 40 9 188 106 95 56 0 0 35 1 14 4 0 63 21 10 52 38 8 7 6 0 47 12 12 10 0 9 2 1
6 19 3 12 72 10 0 0 2 26 27 3 27 6 11 258 38 0 30 0 0 0 0 0 63 4 4 89 10 100 0 0 0 0 2 0 5 0 0 0 0 4 0 14 0 60 69 7 7 0 0 7 4 2 0 0 19 18 1 55 13 0 0 1 0 22 19 6 4 0 20 3 5
5 12 0 10 24 0 1 0 0 11 16 0 16 0 10 93 0 0 6 5 0 0 0 0 29 0 0 25 0 42 0 0 2 0 0 0 0 0 0 2 2 0 0 8 0 5 18 0 0 0 0 0 0 0 0 0 4 12 0 18 0 0 0 0 0 9 12 0 0 0 12 0 5
7 28 5 16 50 37 15 0 0 44 59 7 36 11 17 229 57 46 18 79 15 0 0 0 78 42 11 24 59 116 18 17 23 0 0 0 0 0 0 17 32 5 0 62 0 22 44 30 51 0 0 0 0 0 10 0 37 47 4 39 27 3 0 0 0 52 51 10 0 0 24 9 9
3 3 1 2 29 1 0 0 0 1 3 0 1 1 0 134 9 0 19 0 0 0 0 0 6 0 0 111 0 32 0 0 0 0 0 0 0 0 0 0 0 1 0 1 0 7 8 0 0 0 0 0 0 0 0 0 0 0 0 1 1 0 0 0 0 0 0 0 0 0 0 0 0
2 4 1 0 8 4 0 0 0 6 0 0 0 0 0 38 8 0 2 0 0 0 0 0 20 0 0 8 6 0 0 0 0 0 0 0 0 0 0 0 0 0 0 0 0 2 0 0 0 0 0 0 0 0 0 0 4 0 0 0 0 0 0 0 0 0 0 0 0 0 0 0 0
8 53 8 20 178 92 67 2 9 92 123 14 69 14 26 783 296 258 101 465 81 28 10 0 357 183 60 261 150 438 60 122 63 1 11 7 1 56 7 87 195 2 6 140 0 123 149 57 118 0 0 32 10 18 37 2 60 122 13 138 52 0 5 7 3 87 118 17 12 0 52 12 19
7 22 3 18 68 17 7 0 2 24 49 2 31 11 22 293 43 13 23 34 8 0 0 0 79 18 3 88 16 150 4 7 11 0 3 1 2 3 0 5 20 0 0 21 0 39 68 5 39 0 0 7 3 2 0 0 13 50 0 56 23 1 1 0 1 21 38 6 7 0 25 15 13
9 47 10 26 171 114 14 3 1 119 160 15 50 31 35 551 350 308 75 77 38 45 1 0 307 223 58 273 317 616 99 7 24 3 0 3 1 3 3 42 39 37 3 321 0 232 127 53 242 0 0 7 2 0 4 9 208 220 9 135 98 12 0 0 0 86 104 27 4 0 29 39 24
8 36 12 16 134 100 31 4 0 65 76 22 38 16 14 702 317 166 79 207 80 40 2 0 251 53 94 192 187 315 78 59 28 6 2 17 0 0 0 63 65 13 6 104 2 122 109 69 85 0 0 0 2 0 22 2 68 68 14 80 47 10 0 0 0 42 34 16 0 0 26 8 6
1 1 0 0 1 0 0 0 0 0 0 0 0 0 0 2 0 0 0 0 0 0 0 0 0 0 0 0 0 0 0 0 0 0 0 0 0 0 0 0 0 0 0 0 0 0 0 0 0 0 0 0 0 0 0 0 0 0 0 0 0 0 0 0 0 0 0 0 0 0 0 0 0
5 13 3 7 61 21 6 0 0 15 21 3 5 3 4 305 99 16 55 40 12 0 0 0 68 12 4 107 33 95 18 7 6 0 2 0 0 0 0 6 2 0 0 13 0 48 18 1 9 0 0 0 2 0 2 0 11 17 1 6 12 0 0 0 0 4 2 3 0 0 0 0 1
3 12 1 2 60 10 2 0 0 35 10 0 2 1 0 265 48 9 58 25 1 0 0 0 149 8 0 122 35 55 0 0 0 0 0 0 0 0 0 7 3 0 0 28 0 111 5 0 8 0 0 0 0 0 0 0 77 0 0 7 2 0 0 0 0 0 0 0 0 0 0 0 0
10 46 17 28 222 161 42 2 4 85 135 46 55 38 34 687 732 286 145 447 136 29 3 0 349 84 209 457 315 685 220 85 63 1 7 9 5 22 2 65 117 26 10 167 18 206 190 121 245 0 0 13 10 13 20 2 76 142 35 144 77 34 0 3 4 63 96 55 7 2 43 32 21
6 10 1 14 24 3 2 0 0 6 21 0 13 4 16 104 8 0 8 10 1 0 0 0 18 0 0 30 2 60 0 0 3 0 0 0 0 0 0 2 4 0 0 10 0 6 24 0 5 0 0 0 0 0 1 0 0 15 0 4 7 0 0 0 0 7 21 0 0 0 8 6 9
10 22 13 32 64 66 13 0 2 20 76 30 26 44 46 322 223 36 29 55 34 0 1 0 96 27 62 130 91 251 90 11 20 0 0 2 0 8 0 7 39 10 0 45 6 45 33 36 147 0 0 1 0 10 8 0 21 107 22 35 57 33 0 0 1 4 48 54 5 3 19 61 31
4 11 2 4 31 11 3 0 0 19 16 1 3 2 1 84 31 9 12 15 3 0 0 0 50 9 5 43 19 55 1 2 3 0 0 0 0 0 0 11 3 0 0 29 0 43 0 2 9 0 0 0 0 0 0 0 22 6 0 7 2 0 0 0 0 1 2 1 0 0 0 0 0
8 6 7 21 25 13 0 0 0 6 23 11 3 20 25 149 50 0 9 0 0 0 0 0 23 0 16 38 18 101 12 0 0 0 0 0 0 0 0 0 0 5 0 18 3 11 9 1 30 0 0 0 0 0 0 0 4 30 3 6 6 4 0 0 0 0 8 26 0 0 1 20 14
5 9 5 5 31 18 3 0 0 19 14 6 2 3 1 84 62 0 12 15 6 0 0 0 50 0 19 43 38 55 9 2 3 0 0 0 0 0 0 11 3 0 0 29 1 43 0 4 9 0 0 0 0 0 0 0 22 5 1 7 0 2 0 0 0 1 2 1 0 0 0 0 0
6 39 4 11 109 52 40 0 3 72 57 4 40 8 8 360 139 161 33 243 40 0 6 0 210 78 13 206 112 187 29 66 12 0 3 2 0 22 0 50 98 1 0 55 0 100 51 17 62 0 0 15 3 3 14 0 67 31 1 90 38 2 0 1 0 44 24 5 7 0 22 5 2
8 13 9 19 37 39 4 2 0 9 26 14 13 20 20 233 146 26 7 20 20 12 0 0 22 14 12 72 36 89 47 4 4 1 0 9 0 0 0 4 4 1 6 19 2 31 11 14 51 0 0 0 0 0 0 2 3 24 5 2 25 4 0 0 0 3 9 25 0 0 10 15 10
12 41 31 35 187 202 14 20 6 64 139 95 49 60 45 870 816 259 163 142 72 176 0 0 243 71 343 292 293 632 293 12 21 48 22 9 20 13 18 23 44 59 72 150 42 149 175 149 281 0 0 25 13 18 2 12 56 168 76 124 106 58 3 2 3 53 91 103 17 0 36 55 29
11 18 17 38 58 66 6 4 0 8 78 45 18 51 65 286 169 56 82 33 17 28 0 0 31 24 90 113 39 327 98 1 16 4 0 0 0 0 0 3 21 24 22 27 10 5 36 30 154 0 0 0 0 0 3 2 1 134 38 12 38 29 0 0 0 1 52 96 0 0 14 65 64
5 13 3 7 70 23 9 0 1 16 25 3 1 3 4 265 140 29 59 115 18 0 0 0 59 6 10 135 28 114 16 13 13 0 3 0 4 5 0 8 0 0 0 28 0 61 2 1 23 0 0 4 0 2 0 0 9 17 1 4 0 0 0 0 1 0 2 3 0 0 0 0 1
6 10 1 14 24 3 2 0 0 6 21 0 13 4 16 104 8 0 8 10 1 0 0 0 18 0 0 30 2 60 0 0 3 0 0 0 0 0 0 2 4 0 0 10 0 6 24 0 5 0 0 0 0 0 1 0 0 15 0 4 7 0 0 0 0 7 21 0 0 0 8 6 9
2 15 0 1 83 0 18 0 0 37 5 0 5 0 0 341 0 0 52 179 0 0 3 0 184 0 0 204 0 25 0 46 5 0 0 3 0 0 0 38 11 0 0 5 0 99 22 0 0 0 0 0 0 0 1 0 43 0 0 14 0 0 0 0 0 9 0 0 0 0 0 0 0
10 21 11 34 61 57 11 2 0 12 86 23 23 36 59 291 123 56 82 51 30 18 0 0 29 36 58 113 44 327 69 7 24 1 0 0 0 0 0 5 33 13 10 37 1 8 42 22 139 0 0 0 0 0 6 2 2 145 18 15 41 12 0 0 0 6 67 57 0 0 18 49 60
3 4 1 2 18 2 0 0 0 2 2 0 2 1 0 62 9 0 6 0 0 0 0 0 10 0 0 38 1 9 0 0 0 0 0 0 0 0 0 0 0 0 0 1 0 4 9 0 0 0 0 0 0 0 0 0 0 0 0 0 2 0 0 0 0 1 0 0 0 0 0 0 0
11 22 19 36 72 86 7 9 0 9 76 44 29 56 56 302 323 92 84 76 38 67 0 0 30 47 83 156 38 310 101 5 11 17 1 2 0 0 0 0 19 21 20 27 15 12 33 51 194 0 0 0 0 0 1 18 1 113 25 19 59 16 0 0 0 3 40 111 0 0 37 60 48
4 20 3 3 75 20 22 0 0 39 22 3 9 0 1 356 75 0 45 143 22 0 0 0 148 39 22 131 39 87 0 43 10 0 0 8 0 0 0 28 30 0 0 31 0 73 16 9 0 0 0 0 0 0 2 0 43 8 1 31 0 0 0 0 0 8 3 0 0 0 2 0 0
4 22 1 5 52 7 11 0 2 45 17 0 19 2 2 218 14 4 7 41 2 0 2 0 111 7 0 53 13 51 0 11 1 0 2 3 0 5 0 30 21 0 0 13 0 50 14 0 7 0 0 9 2 0 2 0 44 5 0 46 7 0 1 0 0 26 5 0 4 0 6 1 0
1 3 0 0 20 0 0 0 0 3 0 0 0 0 0 75 0 0 22 0 0 0 0 0 22 0 0 39 0 0 0 0 0 0 0 0 0 0 0 0 0 0 0 0 0 9 0 0 0 0 0 0 0 0 0 0 1 0 0 0 0 0 0 0 0 0 0 0 0 0 0 0 0
1 1 0 0 4 0 0 0 0 0 0 0 0 0 0 8 0 0 0 0 0 0 0 0 0 0 0 6 0 0 0 0 0 0 0 0 0 0 0 0 0 0 0 0 0 0 0 0 0 0 0 0 0 0 0 0 0 0 0 0 0 0 0 0 0 0 0 0 0 0 0 0 0
2 4 0 1 11 0 0 0 0 3 2 0 1 0 0 40 0 0 3 0 0 0 0 0 14 0 0 20 0 9 0 0 0 0 0 0 0 0 0 0 0 0 0 1 0 2 0 0 0 0 0 0 0 0 0 0 1 0 0 2 0 0 0 0 0 0 0 0 0 0 0 0 0
10 18 17 28 73 48 2 4 4 16 44 41 31 42 33 358 220 4 30 14 4 12 0 0 57 2 50 123 44 201 46 1 1 4 3 0 8 4 2 4 9 16 18 24 9 36 80 42 64 0 0 8 2 12 0 2 7 38 26 42 54 37 0 2 0 13 32 55 14 2 30 39 18
11 48 20 35 192 167 37 4 6 66 159 56 71 56 49 812 569 314 135 265 114 51 1 0 271 124 200 351 228 702 228 48 58 4 20 3 9 30 6 41 132 58 22 151 18 118 210 137 295 0 0 21 11 23 18 2 39 179 43 128 141 50 0 2 3 66 146 95 18 6 59 53 37
5 17 0 10 27 0 5 0 0 16 32 0 18 0 10 149 0 0 9 27 0 0 0 0 23 41 0 38 0 78 0 4 0 0 0 0 0 0 0 0 16 0 0 28 0 12 9 0 0 0 0 0 0 0 2 0 7 24 0 12 0 0 0 0 0 12 24 0 0 0 10 0 5
5 13 3 7 70 23 9 0 1 16 25 3 1 3 4 265 140 29 59 115 18 0 0 0 59 6 10 135 28 114 16 13 13 0 3 0 4 5 0 8 0 0 0 28 0 61 2 1 23 0 0 4 0 2 0 0 9 17 1 4 0 0 0 0 1 0 2 3 0 0 0 0 1
9 8 13 23 37 39 4 3 0 9 19 27 3 28 26 233 183 0 7 20 24 15 0 0 22 0 23 72 45 89 69 4 4 3 0 9 0 0 0 4 4 0 10 19 6 31 11 9 55 0 0 0 0 0 0 2 3 20 15 2 9 14 0 0 0 3 3 39 0 0 0 23 14
