16 81 63 57 289 655 63 58 11 152 298 292 120 124 86 1050 2227 1649 161 366 494 819 5 1 495 245 1417 360 1226 1133 1596 106 86 232 10 22 23 61 63 106 228 134 262 445 255 284 285 785 905 0 0 42 16 50 38 24 157 368 345 265 272 240 2 10 3 149 259 273 18 8 106 110 70
11 63 20 35 309 231 36 5 4 129 219 53 86 59 48 1165 1070 646 238 336 126 76 5 0 566 395 229 506 496 1076 316 40 88 5 10 12 9 14 8 75 116 81 25 308 20 326 329 191 445 0 0 18 15 9 8 5 135 290 33 200 214 43 1 2 5 133 161 99 10 4 62 66 30
12 75 31 35 322 367 77 18 8 135 206 100 118 56 46 1210 1461 1020 223 694 370 289 7 0 582 315 465 499 598 879 582 127 69 43 52 9 30 44 22 103 272 87 74 265 48 255 340 374 392 0 0 38 20 26 46 2 111 207 85 280 253 52 2 6 2 150 166 115 18 3 115 39 34
12 65 20 46 306 244 51 6 2 121 307 55 80 72 87 971 1094 707 200 412 222 97 6 0 456 473 302 478 478 1349 373 84 144 8 21 31 6 19 6 69 140 107 28 452 16 307 293 166 654 0 0 5 29 10 18 10 130 582 45 220 190 41 1 0 2 87 266 142 2 0 58 112 93
13 66 29 49 276 306 55 15 5 117 304 95 86 84 92 949 1215 744 167 417 267 209 2 1 406 418 529 419 555 1252 508 98 137 37 17 31 8 21 18 81 197 105 60 422 23 242 259 235 657 0 0 17 20 18 19 12 108 583 111 220 222 83 4 0 10 91 261 165 9 0 70 124 99
14 50 35 56 255 269 36 10 7 63 223 135 72 120 99 1006 1366 470 166 322 166 96 5 0 298 155 488 479 393 1174 540 53 99 13 2 12 31 37 14 18 136 76 70 211 93 193 288 268 682 0 0 9 2 38 15 14 69 368 125 120 184 139 1 2 11 42 187 294 17 9 63 153 91
13 48 28 50 220 228 17 11 5 71 236 93 51 89 93 899 992 440 172 156 88 115 0 0 317 221 389 346 378 1102 434 20 50 21 8 7 10 5 18 26 57 115 62 250 28 157 161 135 543 0 0 18 25 27 2 6 60 448 103 120 145 87 3 2 1 40 182 169 5 5 29 139 95
14 50 35 56 255 269 36 10 7 63 223 135 72 120 99 1006 1366 470 166 322 166 96 5 0 298 155 488 479 393 1174 540 53 99 13 2 12 31 37 14 18 136 76 70 211 93 193 288 268 682 0 0 9 2 38 15 14 69 368 125 120 184 139 1 2 11 42 187 294 17 9 63 153 91
9 51 22 14 266 256 72 19 8 142 76 39 30 19 7 1003 1259 434 204 735 313 314 8 3 626 79 158 471 714 417 236 224 63 36 15 23 24 63 30 152 113 13 21 130 13 378 102 118 178 0 0 54 3 13 12 9 197 33 10 110 47 7 7 0 4 57 18 24 9 0 3 2 1
10 51 17 28 157 190 47 4 7 92 167 44 44 36 36 590 578 488 94 210 166 63 6 0 273 211 232 205 403 526 285 84 90 4 6 6 1 37 9 66 112 33 17 216 13 145 81 84 271 0 0 27 4 27 9 3 112 229 36 98 108 27 4 3 6 38 81 52 8 2 20 30 26
13 53 24 54 221 212 34 5 4 86 274 71 71 107 103 833 846 400 179 289 137 66 0 0 365 250 324 267 319 1129 306 43 99 6 20 14 8 18 6 50 126 109 28 378 27 143 228 155 725 0 0 15 6 16 14 10 76 513 48 138 201 85 3 1 8 88 244 220 12 11 52 179 101
13 64 33 45 209 324 47 15 5 104 246 116 94 86 69 831 915 731 119 288 241 227 2 0 421 298 563 233 518 836 552 70 90 29 24 8 9 22 9 73 187 102 83 271 61 127 193 289 580 0 0 26 21 18 12 9 98 337 103 237 249 101 0 4 5 98 204 181 15 3 86 87 58
15 73 55 50 300 537 59 54 15 102 219 223 118 107 71 1186 2197 1226 186 432 376 748 4 16 424 241 827 542 805 908 1143 90 59 170 33 10 29 108 55 38 211 81 216 190 161 259 373 614 650 0 0 28 10 69 36 28 82 231 235 177 315 167 2 19 1 112 180 221 32 7 114 90 54
10 64 24 21 255 277 74 11 5 124 135 69 77 21 19 888 1067 731 166 613 286 163 22 0 481 217 400 328 529 537 344 145 49 23 24 25 7 36 6 93 233 28 31 170 36 234 193 255 156 0 0 23 16 21 31 0 112 108 53 188 103 25 1 1 1 102 63 22 10 0 58 11 9
12 39 28 38 120 187 22 4 1 47 158 102 41 64 50 455 584 308 46 123 98 49 1 0 140 129 388 176 247 490 343 23 56 4 2 8 1 5 2 32 75 78 22 172 74 75 74 136 312 0 0 5 5 5 4 6 48 231 98 77 105 76 0 0 1 8 75 124 2 10 30 48 33
9 38 9 27 149 82 21 2 1 64 166 14 27 29 39 508 319 193 75 103 40 20 0 0 186 213 85 229 149 608 61 31 79 1 1 9 5 1 1 39 46 42 6 242 1 139 74 26 217 0 0 5 13 3 1 4 64 274 6 74 53 6 0 0 2 21 84 36 1 0 8 36 30
11 42 22 33 158 182 24 11 6 69 170 55 28 55 44 548 685 360 92 100 103 125 0 1 173 141 272 256 288 610 243 42 77 15 10 6 10 14 15 24 46 53 44 243 10 174 70 62 359 0 0 25 4 23 0 10 69 265 38 72 94 44 4 1 7 27 66 80 7 2 5 55 31
10 61 19 26 268 210 54 9 12 132 157 44 79 37 30 1136 860 520 205 503 136 133 6 0 605 246 212 414 459 755 217 97 64 15 11 8 24 83 16 101 141 24 30 248 4 263 233 151 272 0 0 54 9 17 31 3 153 179 33 189 145 31 0 17 3 119 99 41 26 1 56 36 16
10 29 20 25 84 106 14 6 3 40 83 54 33 34 26 334 302 77 48 81 41 48 1 0 171 66 117 90 152 237 139 17 26 9 5 2 4 12 6 25 39 38 20 105 27 42 72 81 100 0 0 7 6 7 4 4 32 92 35 36 76 26 0 1 3 30 49 55 6 0 15 22 12
10 62 15 30 268 180 65 5 10 123 178 35 90 35 45 1107 707 496 218 580 169 85 5 0 557 235 157 383 331 751 207 132 70 6 12 7 27 71 12 125 205 31 21 276 2 191 306 128 289 0 0 56 14 19 35 2 115 217 36 180 111 16 2 10 2 130 174 43 27 2 81 46 36
13 67 29 49 317 329 54 16 6 121 295 91 84 89 90 991 1479 894 193 423 291 234 6 3 415 361 455 516 601 1318 569 85 140 32 22 35 16 34 36 73 145 95 62 420 30 320 326 251 750 0 0 22 21 14 19 22 126 555 91 215 220 72 7 0 6 90 247 185 10 0 62 124 94
12 49 23 43 223 209 27 8 3 71 194 69 65 68 75 1007 832 424 169 191 133 104 2 0 355 178 265 353 345 920 378 30 46 12 20 10 5 9 5 38 91 62 44 183 16 128 230 142 386 0 0 12 17 17 9 4 56 335 73 145 164 56 1 0 2 47 155 114 6 4 59 100 72
6 20 3 12 59 21 21 0 0 40 55 1 12 10 9 246 62 8 24 89 21 0 3 0 100 9 3 57 40 170 1 58 40 0 1 10 0 0 0 33 40 11 0 105 0 61 17 3 54 0 0 0 0 0 2 0 40 44 0 27 19 0 0 0 0 14 17 3 0 2 3 8 2
5 15 2 8 75 11 3 0 2 23 23 1 11 4 5 237 37 8 69 24 2 0 0 0 90 2 3 145 14 84 1 1 4 0 1 2 10 1 0 9 5 0 0 29 0 42 60 3 22 0 0 10 0 0 0 0 20 16 0 27 0 0 0 1 0 6 6 2 4 0 5 2 1
11 49 32 23 208 264 36 23 3 91 114 93 53 33 16 801 1038 402 144 258 189 270 0 0 402 115 415 324 458 517 338 55 29 57 16 15 5 12 9 73 110 41 69 141 51 210 146 218 182 0 0 22 7 9 10 1 100 68 51 155 100 49 0 2 0 67 51 37 5 0 32 10 5
9 50 17 19 197 180 50 5 5 107 128 38 41 28 13 721 653 349 145 386 171 67 0 0 393 201 227 299 392 462 195 120 65 5 15 15 3 27 6 97 117 47 19 183 13 268 129 92 196 0 0 12 12 18 10 1 126 84 14 131 99 27 2 2 5 67 42 32 2 1 16 12 2
10 41 26 19 185 180 21 16 12 56 67 69 49 22 13 531 786 273 133 204 71 138 1 0 266 73 222 311 227 305 210 20 7 36 6 4 41 29 18 27 62 13 40 61 35 123 179 152 85 0 0 49 3 26 10 0 36 33 39 67 71 26 2 16 0 48 20 22 20 0 31 9 3
8 25 17 11 119 105 15 10 0 28 38 30 16 12 4 575 463 118 102 132 62 94 0 0 159 36 86 290 116 204 88 20 13 17 6 7 0 0 0 15 26 12 14 34 9 82 56 49 52 0 0 0 5 0 2 2 16 13 8 32 30 10 0 0 0 7 5 8 0 0 4 2 0
7 35 9 12 129 71 34 3 0 52 71 14 34 8 10 486 228 116 54 228 48 31 8 0 190 98 71 218 90 252 35 53 39 3 3 12 0 0 0 46 99 25 6 88 0 81 101 43 35 0 0 0 7 0 9 0 32 63 8 72 31 1 0 0 0 31 21 12 0 0 25 0 5
17 57 58 78 236 429 29 37 6 67 313 276 79 207 160 766 1789 773 149 218 217 409 0 2 271 226 1065 342 532 1300 1047 34 102 105 11 19 14 22 24 33 109 148 239 297 262 144 232 453 1239 0 0 12 17 34 7 61 43 643 312 127 231 275 1 3 8 51 264 642 18 12 66 297 173
13 45 27 51 224 197 32 10 9 50 209 85 58 97 94 1024 949 320 141 266 138 85 9 0 184 145 289 414 233 1059 324 45 66 16 7 6 31 40 25 17 116 70 58 191 26 151 236 139 530 0 0 16 13 41 12 10 39 396 75 90 161 89 7 3 7 28 166 195 20 5 43 147 94
15 31 62 43 120 232 11 68 10 14 88 265 47 72 50 454 892 191 63 93 70 331 0 6 61 47 476 251 104 371 461 6 18 274 4 4 10 15 37 4 39 21 238 21 246 44 163 293 160 0 0 14 4 45 6 6 2 100 261 41 91 126 0 15 2 8 63 137 16 0 39 41 30
7 28 10 11 156 72 22 2 7 49 58 17 12 10 6 691 365 96 113 180 47 25 0 0 228 49 74 340 114 321 45 38 37 1 8 9 31 20 5 40 24 4 6 96 5 159 51 23 65 0 0 26 3 13 2 0 61 38 5 38 12 4 4 5 7 6 14 11 0 0 2 2 1
8 30 7 21 78 57 25 0 4 46 103 10 21 22 24 316 136 95 30 107 35 0 2 0 137 56 50 97 81 266 32 62 59 0 0 1 9 19 0 14 58 11 0 137 1 55 29 19 152 0 0 12 3 10 2 0 41 127 2 50 28 9 3 1 6 18 45 22 6 0 7 24 12
7 23 11 10 102 63 7 2 0 30 35 23 20 3 7 317 234 66 86 52 21 24 0 0 141 30 70 178 78 127 39 9 10 1 6 3 0 0 0 9 11 0 6 29 9 70 86 43 23 0 0 0 10 0 0 0 18 25 14 47 10 0 0 0 0 13 11 0 0 0 12 3 2
14 58 38 53 228 339 40 22 8 81 249 138 75 114 90 978 1297 703 125 307 224 280 0 3 320 251 638 411 534 1063 683 60 91 47 21 8 20 38 13 42 149 104 112 261 67 166 161 244 707 0 0 15 11 44 9 24 78 405 137 163 239 143 1 3 9 39 162 235 24 7 68 143 83
5 24 4 6 110 39 19 1 0 42 39 2 9 5 2 515 139 77 70 157 34 15 0 0 197 48 11 191 70 201 12 28 15 0 3 3 0 0 0 29 27 10 1 48 0 103 29 2 31 0 0 0 1 0 0 1 40 14 0 34 17 0 0 0 0 8 5 2 0 0 1 1 0
13 56 26 52 201 241 46 8 8 91 263 80 76 102 96 842 799 482 136 305 197 99 3 0 369 242 364 219 387 991 382 68 106 11 5 10 14 44 17 76 157 87 46 367 31 124 212 179 703 0 0 28 3 33 24 12 83 471 61 126 197 84 4 2 11 88 229 211 23 7 61 160 92
7 28 11 10 139 79 14 3 1 46 55 18 16 10 4 654 350 120 95 129 40 31 0 0 198 62 87 248 119 284 53 13 13 2 4 9 1 1 2 24 28 21 8 73 4 141 73 26 52 0 0 2 0 3 1 0 43 18 5 42 29 8 0 0 0 20 13 5 0 0 4 3 0
7 35 12 9 133 120 20 4 0 65 50 19 20 10 2 690 399 277 83 137 70 64 0 0 256 58 97 234 218 193 92 28 6 4 3 11 0 0 0 39 38 15 7 66 4 157 75 48 67 0 0 0 2 0 3 1 60 5 4 46 28 12 0 0 0 30 9 2 0 0 5 1 0
12 62 25 41 262 237 55 14 7 113 257 74 87 60 72 1043 917 480 183 451 191 180 3 0 407 370 398 390 431 1080 248 102 107 31 14 20 9 32 22 82 227 67 47 369 24 213 282 209 475 0 0 19 15 23 24 17 107 444 80 226 156 27 5 2 12 94 236 120 9 0 83 74 75
4 18 3 3 83 24 18 0 1 23 18 3 5 0 1 354 86 49 57 160 21 0 0 0 119 15 16 156 26 100 10 33 12 0 0 3 1 3 0 16 16 0 0 22 0 60 21 5 0 0 0 3 0 2 1 0 15 7 1 16 0 0 0 0 0 1 2 0 0 0 1 0 0
5 22 4 6 75 30 27 0 2 41 26 4 14 4 2 305 114 27 34 118 23 0 0 0 97 7 6 85 46 63 15 93 34 0 3 8 1 10 0 39 41 10 0 59 0 69 40 10 20 0 0 8 0 2 0 0 43 9 1 27 12 2 1 0 0 11 0 1 4 0 4 1 0
12 56 24 42 223 236 45 12 7 73 228 69 69 66 73 1041 867 565 123 329 208 170 3 0 273 281 304 427 296 958 352 65 63 24 10 9 33 46 12 31 144 87 42 263 18 146 173 159 509 0 0 23 22 24 17 18 51 375 72 129 137 44 0 7 4 46 187 113 16 1 56 90 73
8 8 15 13 44 43 5 5 0 6 9 32 2 11 8 186 232 4 29 53 28 29 0 0 32 1 28 88 36 49 68 4 2 7 1 0 0 0 0 4 3 0 11 3 12 18 10 8 16 0 0 0 1 0 1 0 2 3 16 3 4 9 0 0 0 0 0 10 0 0 0 3 2
4 15 4 2 73 30 14 0 0 32 7 4 4 0 0 278 146 14 58 146 28 0 0 0 184 5 14 131 64 35 15 30 4 0 0 2 0 0 0 26 10 0 0 6 1 53 12 8 0 0 0 0 0 0 0 0 38 0 0 14 0 0 0 0 0 6 0 0 0 0 0 0 0
3 20 2 1 102 24 22 0 0 40 12 1 2 0 0 458 101 58 102 218 22 0 0 0 180 34 12 168 46 64 4 50 5 0 6 13 0 0 0 32 17 0 0 25 0 123 8 2 0 0 0 0 2 0 0 0 34 0 0 7 0 0 0 0 0 1 0 0 0 0 0 0 0
17 57 58 78 236 429 29 37 6 67 313 276 79 207 160 766 1789 773 149 218 217 409 0 2 271 226 1065 342 532 1300 1047 34 102 105 11 19 14 22 24 33 109 148 239 297 262 144 232 453 1239 0 0 12 17 34 7 61 43 643 312 127 231 275 1 3 8 51 264 642 18 12 66 297 173
5 10 3 7 50 16 8 0 0 13 18 2 3 5 3 258 81 0 41 78 13 0 0 0 80 3 4 95 23 92 6 8 12 0 0 2 0 0 0 10 5 1 0 18 0 25 10 3 23 0 0 0 0 0 1 0 6 8 0 7 3 1 0 0 0 2 3 2 0 0 0 2 0
3 6 2 1 36 10 4 0 0 3 2 1 0 0 0 203 58 8 30 32 8 0 1 0 16 0 2 87 5 14 4 2 0 0 0 3 0 0 0 1 0 0 0 1 0 13 0 0 0 0 0 0 0 0 0 0 0 0 0 0 0 0 0 0 0 0 0 0 0 0 0 0 0
3 5 0 3 25 0 0 0 0 2 2 0 4 0 1 122 0 0 20 0 0 0 0 0 8 0 0 32 0 12 0 0 0 0 0 0 0 0 0 0 0 0 0 0 0 6 18 0 0 0 0 0 0 0 0 0 0 0 0 2 0 0 0 0 0 1 1 0 0 0 1 0 0
10 56 26 19 259 284 80 18 6 140 102 64 53 26 12 1002 1274 442 179 751 359 294 13 0 591 133 264 411 719 509 320 197 65 45 12 20 13 52 18 155 176 28 27 169 32 323 155 217 220 0 0 36 6 12 34 9 171 57 32 140 78 25 3 2 4 95 32 30 10 1 25 7 2
9 31 11 25 79 81 19 0 2 47 113 21 25 35 28 337 204 113 37 82 35 0 2 0 161 76 86 96 120 281 79 40 51 0 0 0 4 9 0 16 55 35 0 143 2 53 42 32 192 0 0 7 4 6 1 0 34 134 10 40 61 26 1 0 4 32 50 36 4 4 8 35 13
14 73 40 51 310 442 60 11 3 143 289 179 106 89 85 1131 1787 1170 216 437 360 168 5 0 505 280 931 399 898 1194 1027 96 122 26 17 30 8 10 15 115 206 102 58 434 159 291 330 517 722 0 0 14 24 6 41 11 157 452 228 277 191 138 1 1 5 117 250 205 8 2 99 97 77
15 55 55 50 250 405 28 31 7 67 171 266 90 90 68 881 1793 707 183 211 202 292 1 0 252 105 871 373 498 735 1032 21 37 95 7 26 21 21 36 34 102 62 174 124 282 156 357 548 395 0 0 22 5 25 15 8 42 209 322 170 158 192 2 3 0 60 116 176 24 6 99 61 49
16 61 51 69 261 393 39 25 14 71 296 239 99 161 135 861 1643 751 152 255 236 303 1 1 290 285 935 392 491 1347 884 45 110 63 13 32 44 54 26 40 145 115 149 261 234 152 309 411 939 0 0 24 6 83 20 46 45 563 290 157 297 209 3 21 4 63 263 459 41 6 104 223 140
14 69 47 44 230 399 55 37 22 102 226 191 114 71 65 944 1253 750 138 364 262 392 1 0 409 340 772 272 546 776 687 79 72 124 25 3 21 96 74 56 211 82 150 233 150 153 284 497 402 0 0 62 10 85 37 9 75 299 211 219 229 81 4 33 7 129 224 158 32 0 107 63 55
4 12 0 6 104 0 12 0 0 13 28 0 4 0 4 511 0 0 152 193 0 0 1 0 87 13 0 282 0 236 0 15 24 0 0 14 0 0 0 9 6 0 0 27 0 77 35 0 0 0 0 0 0 0 3 0 5 20 0 6 0 0 0 0 0 3 8 0 0 0 0 0 1
6 17 10 5 67 56 11 3 2 13 17 15 4 1 1 294 227 58 38 98 34 27 0 0 53 14 45 138 45 45 41 8 5 3 3 0 0 5 2 5 9 0 3 5 6 31 22 12 5 0 0 4 0 6 1 0 5 4 3 9 4 0 0 0 0 1 0 0 0 0 0 0 0
9 50 14 22 251 141 28 4 5 105 115 28 67 30 22 1144 643 308 224 301 68 58 0 0 535 143 119 420 290 612 118 34 16 4 19 9 13 22 4 65 104 26 14 149 6 240 229 99 188 0 0 29 9 11 7 2 120 84 12 184 111 14 1 3 2 93 76 44 12 3 52 16 11
6 20 3 12 59 21 21 0 0 40 55 1 12 10 9 246 62 8 24 89 21 0 3 0 100 9 3 57 40 170 1 58 40 0 1 10 0 0 0 33 40 11 0 105 0 61 17 3 54 0 0 0 0 0 2 0 40 44 0 27 19 0 0 0 0 14 17 3 0 2 3 8 2
6 24 9 6 79 76 11 3 1 43 30 11 6 5 1 351 268 146 49 97 43 45 0 0 171 32 47 137 149 87 47 16 3 3 2 7 1 1 1 30 8 8 2 40 2 83 8 12 35 0 0 2 0 3 0 1 48 2 2 16 9 4 0 0 0 4 3 1 0 0 0 0 0
4 15 3 3 27 21 8 0 1 14 14 3 4 0 1 109 28 37 15 36 12 0 0 0 20 17 12 39 17 35 10 9 3 0 1 0 1 2 0 1 7 0 0 11 0 6 3 4 0 0 0 3 0 2 0 0 6 3 1 5 0 0 0 0 0 3 4 0 0 0 0 0 0
13 53 24 54 221 212 34 5 4 86 274 71 71 107 103 833 846 400 179 289 137 66 0 0 365 250 324 267 319 1129 306 43 99 6 20 14 8 18 6 50 126 109 28 378 27 143 228 155 725 0 0 15 6 16 14 10 76 513 48 138 201 85 3 1 8 88 244 220 12 11 52 179 101
5 13 4 6 118 19 12 0 0 14 25 6 4 0 4 574 154 16 174 193 12 0 1 0 99 2 25 315 17 230 12 15 24 0 6 14 0 0 0 9 6 0 0 27 0 79 35 4 0 0 0 0 0 0 3 0 5 17 4 6 0 0 0 0 0 3 8 0 0 0 0 0 1
4 7 1 5 34 5 4 0 0 6 10 0 3 2 2 181 22 0 25 32 4 0 0 0 30 0 0 48 6 50 0 4 6 0 0 0 0 0 0 4 2 0 0 6 0 13 12 0 8 0 0 0 0 0 0 0 2 4 0 6 2 0 0 0 0 0 1 0 0 0 1 1 0
5 5 1 9 12 2 1 0 0 3 14 0 2 3 7 64 4 0 6 6 0 0 0 0 10 0 0 8 1 37 0 0 3 0 0 0 0 0 0 1 1 1 0 8 0 2 3 0 4 0 0 0 0 0 0 0 0 13 0 1 2 0 0 0 0 1 4 0 0 0 0 3 2
3 5 1 2 21 5 1 0 0 9 5 0 0 1 0 102 21 0 7 11 1 0 0 0 35 0 0 30 9 21 0 0 1 0 0 0 0 0 0 3 0 0 0 9 0 19 0 0 5 0 0 0 0 0 0 0 7 0 0 0 0 0 0 0 0 0 0 0 0 0 0 0 0
16 61 55 65 204 428 43 37 8 66 269 251 101 157 115 896 1371 753 118 273 289 437 0 0 232 242 946 243 456 899 1004 55 87 115 30 3 11 39 14 24 180 130 229 230 186 125 272 468 806 0 0 12 14 53 25 22 36 441 303 124 341 279 2 7 5 82 234 364 26 13 104 204 105
10 49 16 29 215 139 39 4 7 77 146 42 71 32 42 1038 552 267 157 291 90 48 1 0 350 137 186 334 204 705 138 71 35 4 16 12 12 46 8 48 152 26 20 167 9 151 208 108 212 0 0 23 14 19 14 0 62 188 42 155 91 20 2 5 0 70 116 44 19 0 70 38 33
2 3 0 1 18 0 0 0 0 1 3 0 0 0 0 91 0 0 18 0 0 0 0 0 6 2 0 34 0 18 0 0 0 0 0 0 0 0 0 0 0 0 0 1 0 4 0 0 0 0 0 0 0 0 0 0 0 0 0 0 0 0 0 0 0 0 0 0 0 0 0 0 0
6 26 6 9 154 41 20 0 7 49 53 9 11 6 5 672 239 32 114 192 18 0 0 0 243 66 44 332 68 298 19 35 33 0 5 9 31 22 0 45 25 2 0 94 3 157 46 15 37 0 0 26 3 11 1 0 61 35 2 37 4 0 4 5 7 6 14 9 0 0 2 0 1
5 5 1 9 12 2 1 0 0 3 14 0 2 3 7 64 4 0 6 6 0 0 0 0 10 0 0 8 1 37 0 0 3 0 0 0 0 0 0 1 1 1 0 8 0 2 3 0 4 0 0 0 0 0 0 0 0 13 0 1 2 0 0 0 0 1 4 0 0 0 0 3 2
13 66 36 42 263 321 62 28 14 105 233 120 105 72 66 1030 1207 638 178 531 255 302 4 0 350 296 546 378 486 926 427 114 86 86 24 14 9 46 46 56 269 77 93 287 45 205 343 341 465 0 0 33 11 56 44 15 83 332 125 216 232 71 10 11 12 109 211 145 18 0 108 75 60
11 42 22 33 117 179 31 10 5 58 157 57 37 54 44 450 453 351 43 124 119 119 0 1 141 125 241 174 269 507 247 44 77 13 5 8 1 27 13 40 77 43 41 181 18 86 52 83 320 0 0 13 5 13 5 9 55 251 37 71 113 36 2 2 5 21 64 93 10 2 17 49 31
9 23 15 21 80 65 10 1 1 27 69 39 24 24 20 319 202 54 37 40 20 10 0 0 78 26 85 116 60 207 66 19 26 0 6 0 0 6 1 12 28 40 6 95 18 48 75 47 77 0 0 1 10 3 0 0 27 73 25 48 42 21 0 0 1 6 24 33 2 0 17 15 8
2 2 0 1 10 0 0 0 0 0 0 0 1 0 0 42 0 0 2 0 0 0 0 0 0 0 0 18 0 0 0 0 0 0 0 0 0 0 0 0 0 0 0 0 0 0 5 0 0 0 0 0 0 0 0 0 0 0 0 0 0 0 0 0 0 0 0 0 0 0 0 0 0
3 7 0 3 19 0 3 0 0 2 14 0 0 0 1 86 0 0 9 15 0 0 0 0 9 14 0 19 0 34 0 0 6 0 0 0 0 0 0 1 0 0 0 4 0 4 0 0 0 0 0 0 2 0 0 0 0 7 0 0 0 0 0 0 0 0 0 0 0 0 0 0 0
5 8 7 3 28 20 2 3 1 5 10 6 0 0 1 149 75 10 20 11 3 12 0 0 24 5 18 33 13 28 7 0 4 3 0 0 2 1 1 1 0 0 0 4 0 9 0 0 0 0 0 3 1 2 0 0 1 5 2 0 0 0 0 0 0 0 0 0 0 0 0 0 0
13 46 27 51 211 214 15 12 3 65 242 82 45 97 95 947 886 405 146 140 86 147 0 2 265 215 369 384 305 1112 347 16 45 20 13 2 16 9 9 18 38 124 55 277 20 147 141 103 622 0 0 14 27 14 1 17 52 470 78 126 137 87 0 1 3 29 163 182 5 5 27 153 96
11 55 24 31 272 227 36 11 6 100 161 71 75 41 42 985 1012 473 226 351 157 150 0 0 497 173 346 425 369 771 306 57 52 18 23 10 18 20 12 55 117 38 51 198 24 206 272 181 268 0 0 36 15 10 7 1 120 206 70 245 121 36 3 4 2 73 106 52 22 1 73 47 30
11 48 22 33 256 183 29 8 5 69 153 62 67 50 45 932 874 346 187 267 109 91 0 0 292 154 245 487 225 760 228 30 52 10 11 13 24 13 10 39 98 40 40 157 21 236 338 158 297 0 0 22 10 13 9 4 54 191 48 138 118 43 4 2 2 70 119 82 16 0 58 49 33
1 4 0 0 8 0 3 0 0 3 0 0 0 0 0 28 0 0 2 12 0 0 0 0 10 0 0 5 0 0 0 3 0 0 0 1 0 0 0 0 0 0 0 0 0 0 0 0 0 0 0 0 0 0 0 0 1 0 0 0 0 0 0 0 0 0 0 0 0 0 0 0 0
5 27 4 6 158 40 23 0 6 67 30 4 13 4 2 736 223 60 139 245 18 0 0 0 398 7 6 298 99 181 19 53 21 0 4 9 17 28 0 65 15 0 0 53 1 189 61 17 36 0 0 31 2 2 5 0 91 5 0 29 4 0 2 5 6 26 10 4 0 0 1 0 0
6 34 7 8 198 69 35 0 8 83 35 11 25 6 3 882 389 95 162 393 46 0 1 0 491 8 24 365 164 206 52 81 21 0 6 12 25 39 0 82 35 2 0 58 3 245 128 43 41 0 0 37 0 6 17 0 101 8 3 40 15 4 2 10 6 56 11 4 0 0 7 1 0
4 12 0 6 104 0 12 0 0 13 28 0 4 0 4 511 0 0 152 193 0 0 1 0 87 13 0 282 0 236 0 15 24 0 0 14 0 0 0 9 6 0 0 27 0 77 35 0 0 0 0 0 0 0 3 0 5 20 0 6 0 0 0 0 0 3 8 0 0 0 0 0 1
5 8 7 3 25 20 2 3 1 5 10 6 0 0 1 94 63 9 12 11 3 12 0 0 20 5 18 24 13 28 7 0 4 3 1 0 1 1 1 1 0 0 0 4 0 8 0 0 0 0 0 3 1 2 0 0 1 5 2 0 0 0 0 0 0 0 0 0 0 0 0 0 0
5 10 3 7 50 16 8 0 0 13 18 2 3 5 3 258 81 0 41 78 13 0 0 0 80 3 4 95 23 92 6 8 12 0 0 2 0 0 0 10 5 1 0 18 0 25 10 3 23 0 0 0 0 0 1 0 6 8 0 7 3 1 0 0 0 2 3 2 0 0 0 2 0
5 24 8 2 136 62 16 5 3 56 10 4 9 1 0 639 329 65 101 190 34 50 0 1 288 10 20 283 132 68 4 22 1 2 4 16 6 10 6 44 15 0 2 9 0 174 38 18 7 0 0 20 1 0 2 0 66 0 0 29 3 0 3 0 0 14 0 0 3 0 0 0 0
8 30 7 21 78 57 25 0 4 46 103 10 21 22 24 316 136 95 30 107 35 0 2 0 137 56 50 97 81 266 32 62 59 0 0 1 9 19 0 14 58 11 0 137 1 55 29 19 152 0 0 12 3 10 2 0 41 127 2 50 28 9 3 1 6 18 45 22 6 0 7 24 12
9 37 20 16 163 164 28 11 2 71 82 43 23 21 9 627 646 254 131 257 120 137 0 0 321 71 203 305 309 372 163 53 44 19 9 14 5 9 4 65 45 17 25 125 16 202 77 75 133 0 0 15 14 6 3 3 85 54 16 61 48 19 1 0 1 28 20 20 3 0 4 7 1
9 54 14 22 225 159 45 0 5 95 113 39 75 20 25 925 635 443 146 336 103 0 3 0 429 162 118 314 284 488 211 59 39 0 7 18 4 32 0 70 158 17 0 101 22 176 239 162 134 0 0 21 6 21 14 0 72 110 28 144 94 8 1 4 1 104 84 46 5 0 57 6 16
11 47 24 31 243 193 28 9 0 72 149 73 64 43 40 874 925 326 193 262 113 106 0 0 366 147 304 436 264 731 238 30 49 15 15 10 0 0 0 39 92 40 39 162 32 217 276 190 260 0 0 0 17 0 13 3 66 174 64 158 105 43 0 0 0 68 122 70 0 0 53 35 29
1 4 0 0 24 0 4 0 0 2 0 0 0 0 0 136 0 0 16 38 0 0 1 0 10 0 0 56 0 0 0 2 0 0 0 3 0 0 0 1 0 0 0 0 0 9 0 0 0 0 0 0 0 0 0 0 0 0 0 0 0 0 0 0 0 0 0 0 0 0 0 0 0
5 5 1 9 12 2 1 0 0 3 14 0 2 3 7 64 4 0 6 6 0 0 0 0 10 0 0 8 1 37 0 0 3 0 0 0 0 0 0 1 1 1 0 8 0 2 3 0 4 0 0 0 0 0 0 0 0 13 0 1 2 0 0 0 0 1 4 0 0 0 0 3 2
3 5 1 2 21 5 1 0 0 9 5 0 0 1 0 102 21 0 7 11 1 0 0 0 35 0 0 30 9 21 0 0 1 0 0 0 0 0 0 3 0 0 0 9 0 19 0 0 5 0 0 0 0 0 0 0 7 0 0 0 0 0 0 0 0 0 0 0 0 0 0 0 0
6 9 6 9 25 18 2 0 0 2 13 9 7 6 5 104 60 12 18 18 3 0 0 0 13 6 12 43 6 55 15 0 3 0 0 0 0 0 0 1 4 3 0 2 3 3 3 6 9 0 0 0 1 0 0 0 0 7 2 2 9 0 0 0 0 0 1 9 0 0 4 0 1
1 4 0 0 8 0 3 0 0 3 0 0 0 0 0 25 0 0 2 12 0 0 0 0 10 0 0 5 0 0 0 3 0 0 0 1 0 0 0 0 0 0 0 0 0 0 0 0 0 0 0 0 0 0 0 0 1 0 0 0 0 0 0 0 0 0 0 0 0 0 0 0 0
4 7 0 6 14 0 2 0 0 4 9 0 6 0 4 56 0 0 5 11 0 0 0 0 9 0 0 9 0 24 0 1 3 0 0 0 0 0 0 2 3 0 0 6 0 2 6 0 0 0 0 0 0 0 0 0 1 9 0 6 0 0 0 0 0 0 0 0 0 0 4 0 1
11 44 25 30 160 213 24 15 2 85 157 70 33 40 40 586 716 406 81 119 112 185 0 0 267 141 352 216 444 559 320 38 72 35 8 11 6 3 4 57 47 41 46 227 16 160 83 103 254 0 0 12 12 8 3 4 96 240 68 95 79 37 0 1 2 36 77 56 2 0 11 38 30
