9 52 18 18 268 195 55 7 3 90 115 43 50 19 15 1049 853 497 253 505 208 93 3 0 319 193 234 531 347 659 212 118 55 13 12 19 8 14 7 40 129 27 15 131 14 272 226 138 145 0 0 12 7 9 17 1 82 87 29 114 77 20 1 0 0 57 56 19 5 0 23 9 6
13 71 40 38 290 472 54 31 7 159 214 135 76 77 43 1059 1850 1302 228 432 332 535 8 1 681 148 670 382 1072 896 833 102 106 84 34 11 15 53 28 116 127 65 114 348 88 262 187 416 716 0 0 39 7 29 15 24 190 197 92 209 153 87 1 2 6 119 125 152 10 4 40 45 24
11 42 29 26 206 188 35 21 2 58 128 80 50 38 26 1115 905 202 239 356 145 187 2 2 279 163 351 372 259 742 176 71 41 47 11 5 2 3 6 12 133 50 57 152 35 191 141 155 181 0 0 4 7 8 14 9 46 132 57 87 104 33 0 1 0 39 72 55 2 3 38 16 16
13 62 39 39 304 388 57 24 7 93 196 143 73 71 48 1207 1836 841 308 595 354 367 0 2 385 235 631 575 638 1018 769 105 84 62 26 18 29 49 24 57 157 81 96 172 96 277 244 316 452 0 0 37 7 28 20 12 95 236 130 145 205 106 2 7 1 60 102 128 10 2 51 51 30
10 46 19 26 247 210 56 8 2 77 128 52 36 24 36 1029 1044 457 270 564 277 122 7 0 381 80 231 411 375 720 362 112 82 12 41 17 3 13 6 59 84 17 28 183 17 258 143 116 193 0 0 3 6 7 24 4 64 195 56 70 37 9 0 1 1 31 65 30 0 0 23 25 29
13 37 27 51 152 188 27 8 2 35 182 93 35 87 98 716 826 269 110 252 148 82 1 0 146 109 314 285 206 702 373 37 87 16 6 7 4 9 3 21 64 52 38 128 47 90 108 131 488 0 0 4 8 14 8 10 12 373 95 40 74 70 0 0 2 21 129 209 3 0 15 122 108
10 50 22 23 202 226 43 15 3 99 120 48 49 35 22 828 855 464 174 384 182 240 0 2 409 131 217 287 488 538 244 79 43 29 28 0 5 14 8 88 116 30 28 160 10 194 121 134 248 0 0 14 3 7 16 11 101 97 29 97 84 25 0 1 3 66 72 45 4 1 31 20 10
13 41 28 50 168 211 21 10 2 42 193 96 42 86 94 788 947 347 122 205 108 101 0 0 196 167 338 325 259 719 423 21 69 21 8 6 13 5 10 18 56 77 48 137 49 101 113 143 520 0 0 9 8 8 7 10 22 357 93 57 101 63 1 0 2 20 142 221 2 1 24 105 104
12 31 27 39 115 120 20 7 0 29 131 102 45 45 66 610 415 58 61 129 73 41 0 0 92 100 301 144 110 528 170 24 43 21 0 11 0 0 0 9 80 48 18 101 60 71 133 149 150 0 0 0 1 0 12 3 13 224 131 54 29 48 0 0 0 27 143 111 0 0 43 30 73
11 34 13 42 123 91 19 4 1 30 169 26 39 53 82 716 300 151 73 127 41 40 3 0 83 143 88 160 94 602 81 20 70 4 2 8 2 4 2 5 69 26 14 110 4 65 134 51 295 0 0 1 1 4 3 10 11 361 14 49 84 10 0 0 2 23 136 94 1 0 26 86 94
11 33 17 38 116 92 16 3 0 27 146 50 46 44 68 602 280 114 62 94 41 28 0 0 88 147 148 147 64 557 106 16 50 2 2 8 0 0 0 8 57 52 20 103 14 72 132 81 171 0 0 0 4 0 6 0 12 266 52 47 79 25 0 0 0 28 140 94 0 0 38 47 76
14 38 39 52 166 234 11 19 0 36 178 147 41 117 81 801 984 322 167 80 75 178 0 0 147 145 475 338 216 805 446 5 32 41 2 3 0 0 0 6 32 97 102 143 105 130 153 199 587 0 0 0 1 0 2 25 21 266 118 57 100 137 0 0 0 26 124 283 0 6 23 123 61
14 38 39 52 166 234 11 19 0 36 178 147 41 117 81 801 984 322 167 80 75 178 0 0 147 145 475 338 216 805 446 5 32 41 2 3 0 0 0 6 32 97 102 143 105 130 153 199 587 0 0 0 1 0 2 25 21 266 118 57 100 137 0 0 0 26 124 283 0 6 23 123 61
9 38 12 24 152 91 34 3 4 42 109 24 48 27 30 682 339 146 81 314 80 27 8 0 126 107 80 249 74 429 69 40 40 3 10 3 15 20 5 14 100 18 9 102 6 104 162 66 143 0 0 10 0 10 16 3 27 113 13 64 70 6 1 1 3 42 96 45 8 0 29 21 20
11 60 30 25 233 331 49 28 7 109 125 75 65 36 26 938 1204 838 195 405 246 425 2 6 501 149 303 344 631 539 448 65 38 66 50 1 11 36 27 83 128 28 57 162 22 203 168 258 251 0 0 22 0 13 21 11 101 114 55 107 96 25 0 5 3 84 86 51 10 0 40 23 14
13 37 37 41 170 212 14 29 1 40 130 130 50 60 67 795 1086 228 146 111 85 261 0 0 185 111 338 283 243 515 363 11 13 97 15 8 4 3 3 10 49 62 87 108 63 124 159 201 254 0 0 5 8 6 9 9 23 180 143 62 78 42 0 0 0 31 135 167 2 0 44 34 73
11 34 13 42 123 91 19 4 1 30 169 26 39 53 82 716 300 151 73 127 41 40 3 0 83 143 88 160 94 602 81 20 70 4 2 8 2 4 2 5 69 26 14 110 4 65 134 51 295 0 0 1 1 4 3 10 11 361 14 49 84 10 0 0 2 23 136 94 1 0 26 86 94
8 63 13 15 258 218 95 4 8 161 113 26 47 14 12 1128 720 878 201 728 296 92 18 0 607 137 160 346 587 534 235 271 94 4 12 18 18 84 12 180 135 6 12 204 8 278 159 118 185 0 0 44 4 16 28 0 206 75 12 122 33 4 4 4 2 81 59 22 10 0 16 3 5
11 42 27 28 208 211 26 15 5 64 107 77 46 44 29 1060 1066 315 240 258 128 146 0 2 356 90 249 354 323 526 319 41 30 27 7 7 19 17 21 34 69 21 52 115 36 193 159 169 238 0 0 19 4 9 8 6 63 107 53 91 93 45 2 2 0 44 59 65 11 0 23 31 13
16 71 62 58 369 573 54 69 16 105 288 262 86 137 92 1090 2877 1230 218 588 391 891 0 11 393 313 1211 718 871 1497 1260 82 122 255 25 1 69 82 80 44 145 126 296 347 191 267 371 540 997 0 0 53 2 77 35 47 90 423 274 174 195 197 2 15 10 63 217 324 27 4 61 143 78
5 19 6 4 70 41 11 0 0 35 13 9 11 0 1 249 142 48 64 53 23 0 0 0 147 0 27 125 70 59 25 22 0 0 0 0 0 0 0 10 13 0 0 25 3 68 25 23 0 0 0 0 0 0 4 0 57 5 2 29 0 0 0 0 0 8 1 0 0 0 3 0 0
11 59 20 35 249 242 57 7 0 112 208 52 70 55 51 941 945 674 219 536 242 121 0 0 496 249 259 346 527 927 330 94 124 11 11 8 0 0 0 111 148 43 29 265 16 187 208 182 502 0 0 0 6 0 28 5 118 281 33 168 151 34 0 0 0 80 156 105 0 0 47 59 38
7 31 7 14 102 60 33 2 0 69 62 7 32 15 11 470 173 48 48 236 80 21 11 0 211 18 30 108 140 237 30 87 33 1 0 7 0 0 0 49 67 8 3 94 0 103 73 22 70 0 0 0 0 0 9 3 83 46 1 56 54 3 0 0 0 62 24 11 0 0 20 10 3
14 63 45 46 320 442 75 33 5 90 197 178 85 85 68 1316 2116 817 286 805 542 455 1 0 436 161 649 512 660 988 943 182 118 112 52 8 15 31 24 52 144 39 100 168 165 249 364 508 641 0 0 26 11 12 70 39 64 273 173 146 142 59 0 6 2 85 146 237 10 0 66 63 53
15 42 50 55 184 324 19 48 6 42 166 197 43 112 98 860 1513 449 119 192 142 446 0 11 204 98 542 381 351 640 751 18 51 153 8 10 39 19 36 22 40 56 207 118 103 126 129 248 568 0 0 21 4 28 7 19 18 278 228 42 112 131 3 4 2 25 118 286 4 1 23 121 105
14 67 42 49 392 424 65 36 9 91 255 146 87 104 78 1162 2352 988 263 798 412 506 0 3 367 315 644 814 615 1474 768 127 138 105 37 0 45 43 42 40 146 90 130 252 87 297 455 390 785 0 0 34 8 35 53 44 60 378 128 146 212 80 1 4 10 67 214 244 13 4 66 109 67
7 23 6 15 99 35 15 1 1 22 55 7 23 13 14 531 136 37 68 115 18 8 2 0 113 35 25 208 33 280 10 14 10 0 4 4 0 6 1 9 46 5 3 45 0 63 68 15 54 0 0 1 0 1 5 1 11 51 2 33 27 2 0 0 0 10 28 12 3 0 13 9 6
9 32 7 29 179 48 22 0 1 44 162 11 22 27 46 937 239 52 220 206 36 0 1 0 216 198 52 324 60 942 28 26 75 0 0 10 1 4 0 21 45 54 0 207 1 164 92 18 161 0 0 1 7 5 8 0 38 303 5 50 26 8 0 0 1 17 87 31 1 0 7 42 39
7 17 9 12 74 36 2 1 1 17 30 16 17 10 8 392 139 26 44 12 4 3 0 0 96 12 37 127 32 147 25 0 0 0 0 0 5 1 1 2 5 8 4 18 3 38 56 24 23 0 0 1 1 1 1 0 11 21 8 33 13 7 0 0 0 9 9 6 3 0 11 5 2
8 19 9 19 98 39 5 1 0 20 62 15 16 21 19 527 173 34 69 47 9 8 0 0 110 29 48 208 38 340 21 2 10 0 4 4 0 0 0 8 16 17 4 55 1 63 68 14 69 0 0 0 0 0 0 1 11 65 8 29 31 11 0 0 0 9 30 17 0 1 7 19 8
11 40 27 28 181 198 19 10 0 80 130 85 36 43 27 966 863 255 175 169 119 120 0 0 425 145 374 248 422 592 308 42 25 15 14 3 0 0 0 47 44 64 50 201 46 198 100 121 228 0 0 0 8 0 1 0 98 109 60 111 82 64 0 0 0 33 70 58 0 0 17 25 12
15 71 45 60 297 508 52 39 1 122 334 161 75 146 109 1064 1994 1396 207 401 368 704 0 0 511 298 830 401 937 1445 965 73 184 132 28 14 3 8 4 81 130 103 124 446 95 217 235 422 1390 0 0 4 12 4 19 80 101 616 144 159 190 128 0 0 3 81 242 352 2 6 39 202 102
12 36 25 41 108 150 19 5 0 36 160 93 43 49 73 637 367 199 61 121 64 54 5 0 98 136 365 139 157 545 255 21 64 6 1 8 0 0 0 7 73 35 27 125 45 60 105 112 221 0 0 0 1 0 4 6 17 292 132 62 72 60 0 0 0 26 144 75 0 3 34 57 84
13 68 34 44 311 396 69 15 0 108 238 124 91 81 66 935 1759 1066 250 725 431 247 3 0 487 278 576 487 642 1025 773 118 152 32 41 15 0 0 0 80 125 68 70 284 93 233 342 426 715 0 0 0 10 0 60 16 82 314 109 162 173 72 0 0 0 104 195 193 0 0 69 81 49
3 10 2 1 24 10 4 0 1 10 4 1 2 0 0 106 24 12 4 11 2 0 0 0 25 3 3 33 10 11 1 1 0 0 0 1 0 3 0 3 3 0 0 3 0 20 4 2 0 0 0 0 0 1 0 0 7 0 0 5 0 0 0 0 0 1 0 0 0 0 0 0 0
10 48 14 31 238 142 30 0 0 69 160 37 65 38 45 807 715 355 230 280 86 0 2 0 312 229 116 422 213 843 186 30 73 0 5 13 0 0 0 42 85 52 0 158 15 169 224 132 286 0 0 0 14 0 13 0 39 222 28 98 98 24 0 0 0 76 116 67 0 0 58 42 34
9 68 17 19 268 258 85 2 6 169 146 45 64 23 14 1125 913 947 185 661 274 41 10 0 689 234 274 352 647 638 349 194 97 1 14 14 14 62 3 174 189 49 10 262 22 266 162 197 246 0 0 32 7 21 29 0 197 76 26 167 85 27 0 4 2 122 71 28 8 2 25 5 5
12 41 28 38 159 190 24 14 6 48 139 86 55 66 54 832 745 239 144 212 107 131 1 0 242 119 253 249 233 532 280 34 34 31 12 1 13 30 12 23 79 39 50 101 47 103 152 165 324 0 0 13 0 26 7 14 30 188 63 105 121 44 2 5 0 36 106 147 12 0 43 60 39
9 23 14 22 110 80 10 3 0 29 68 30 18 29 22 640 348 70 91 74 39 28 0 0 166 37 94 229 115 340 98 8 10 2 0 5 0 0 0 17 27 15 12 59 6 84 76 32 109 0 0 0 0 0 2 2 24 75 18 40 41 23 0 0 0 9 26 28 0 1 9 25 9
5 14 6 4 48 26 2 2 1 19 12 5 8 2 1 222 86 21 23 16 4 9 0 0 70 3 14 65 35 49 4 1 1 1 0 0 1 0 2 6 3 1 2 8 0 33 17 11 6 0 0 0 1 1 0 0 15 2 1 19 5 0 0 0 0 7 2 1 0 0 2 0 0
10 32 22 23 120 120 30 9 0 53 80 60 44 29 22 647 434 31 66 191 114 72 0 0 204 34 179 147 205 321 104 58 21 12 6 6 0 0 0 42 89 19 39 109 25 98 122 123 115 0 0 0 0 0 23 0 42 58 41 69 68 31 0 0 0 47 62 33 0 0 33 18 11
12 60 26 40 351 256 52 10 5 84 230 79 82 72 59 1216 1442 579 320 642 191 135 2 0 406 333 385 705 385 1387 383 76 107 16 11 5 18 26 11 53 182 111 46 205 38 237 371 211 499 0 0 19 16 14 33 12 50 332 59 181 182 58 1 2 2 66 165 142 19 4 74 75 45
6 24 4 11 97 28 11 1 0 54 50 2 21 9 8 396 90 30 69 92 13 9 0 0 182 16 11 125 60 204 4 21 19 0 0 1 0 0 0 22 23 9 1 89 0 116 80 6 36 0 0 0 0 0 0 2 68 30 0 31 27 0 0 0 0 45 24 4 0 0 9 6 2
3 4 1 2 18 3 0 0 0 3 5 0 0 1 0 69 16 0 10 0 0 0 0 0 12 3 0 36 3 20 0 0 0 0 0 0 0 0 0 0 0 1 0 3 0 10 0 0 3 0 0 0 0 0 0 0 1 0 0 0 0 0 0 0 0 0 0 0 0 0 0 0 0
6 25 8 7 90 69 14 2 3 65 26 10 12 6 2 386 250 59 52 118 46 18 0 0 267 27 26 112 178 100 53 37 0 1 2 0 6 10 6 38 14 5 4 53 2 104 14 23 35 0 0 14 0 3 0 0 105 5 1 42 12 2 3 0 0 16 4 5 3 0 1 0 0
5 18 3 7 92 15 5 0 0 30 25 3 16 3 4 362 66 11 65 45 2 0 0 0 132 6 10 165 23 126 3 4 4 0 1 0 0 0 0 9 14 4 0 27 0 90 71 7 4 0 0 0 0 0 0 0 27 9 1 32 11 0 0 0 0 19 12 3 0 0 6 0 1
4 5 4 2 17 12 0 1 0 4 3 2 0 1 0 69 35 6 10 0 0 5 0 0 13 0 3 35 9 16 4 0 0 0 0 0 0 0 0 0 0 0 1 3 0 10 0 0 3 0 0 0 0 0 0 0 1 0 0 0 0 0 0 0 0 0 0 0 0 0 0 0 0
10 33 18 27 152 137 22 3 0 57 104 48 28 39 30 812 636 137 170 196 107 28 2 0 330 90 176 224 265 462 215 48 27 3 4 6 0 0 0 36 44 27 11 126 22 157 93 88 208 0 0 0 4 0 10 4 65 116 32 68 50 34 0 0 0 27 56 56 0 1 10 33 14
9 30 11 25 112 64 13 0 0 47 108 25 34 27 32 617 214 46 72 82 28 0 0 0 203 90 90 130 95 390 48 12 17 0 0 1 0 0 0 30 47 41 0 141 8 81 104 49 127 0 0 0 6 0 6 0 38 121 16 72 37 14 0 0 0 34 89 42 0 0 21 25 21
4 19 2 4 75 11 18 0 1 40 28 1 8 2 1 435 33 2 51 136 5 0 2 0 195 23 8 120 24 106 0 34 16 0 0 2 5 7 0 33 18 7 0 52 0 54 25 1 5 0 0 1 2 1 4 0 50 4 0 21 6 0 0 0 0 11 7 1 1 0 0 0 0
11 54 24 31 271 232 40 4 0 84 182 78 63 48 35 1216 1095 534 313 383 169 54 0 0 327 262 424 485 352 953 371 72 77 4 11 13 0 0 0 48 126 80 22 220 44 261 240 176 308 0 0 0 15 0 14 2 62 182 67 130 154 64 0 0 0 69 114 67 0 4 41 39 17
2 3 0 1 8 0 1 0 0 0 1 0 1 0 0 33 0 0 0 5 0 0 0 0 0 0 0 7 0 2 0 0 0 0 0 0 0 0 0 0 1 0 0 0 0 0 3 0 0 0 0 0 0 0 0 0 0 0 0 0 0 0 0 0 0 0 0 0 0 0 0 0 0
3 12 1 2 56 5 4 0 0 21 11 0 4 1 0 246 23 5 43 30 0 0 0 0 87 6 0 107 4 56 0 4 2 0 1 0 0 0 0 12 6 3 0 19 0 53 9 0 1 0 0 0 0 0 0 0 20 0 0 13 4 0 0 0 0 3 0 0 0 0 0 0 0
5 22 5 5 114 32 13 1 1 35 26 5 14 2 2 478 145 31 102 133 14 8 1 0 174 35 26 197 45 146 5 12 10 0 0 6 5 5 1 16 17 3 2 24 0 106 57 14 7 0 0 2 3 0 3 0 32 11 2 33 7 0 0 0 0 18 5 0 2 0 4 1 0
3 4 2 1 4 7 1 0 0 2 1 1 0 0 0 19 7 3 0 3 2 0 0 0 3 0 1 3 4 1 3 0 0 0 0 0 0 0 0 1 0 0 0 0 0 0 0 0 0 0 0 0 0 0 0 0 0 0 0 0 0 0 0 0 0 0 0 0 0 0 0 0 0
2 6 1 0 13 4 3 0 1 4 0 0 0 0 0 51 12 3 2 10 0 0 0 0 11 0 0 19 3 0 0 1 0 0 0 0 0 3 0 2 0 0 0 0 0 8 0 0 0 0 0 1 0 0 0 0 1 0 0 0 0 0 0 0 0 0 0 0 0 0 0 0 0
7 37 8 13 134 70 23 0 3 66 42 16 52 8 11 491 205 128 93 193 34 0 0 0 263 42 38 145 113 157 53 28 2 0 2 1 10 12 0 44 54 1 0 35 6 109 167 65 34 0 0 11 0 6 18 0 56 32 8 73 36 0 0 3 0 82 15 16 3 0 45 0 5
3 2 2 1 6 3 0 0 0 0 1 1 0 0 0 8 9 1 1 0 0 0 0 0 0 0 1 5 0 3 1 0 0 0 0 0 0 0 0 0 0 0 0 0 0 0 0 0 0 0 0 0 0 0 0 0 0 0 0 0 0 0 0 0 0 0 0 0 0 0 0 0 0
13 66 36 42 278 363 75 22 7 89 227 124 94 82 58 1324 1434 857 178 693 362 296 12 1 348 264 608 459 496 1070 586 127 143 54 7 18 17 51 15 60 256 61 86 218 81 197 296 373 621 0 0 18 3 25 44 22 52 292 97 168 199 81 1 5 3 83 166 183 24 0 81 70 40
5 23 1 9 106 9 15 0 0 39 39 0 22 3 7 408 36 8 74 121 8 0 0 0 155 29 0 177 20 167 0 23 11 0 0 6 0 0 0 23 37 1 0 37 0 108 88 0 14 0 0 0 0 0 2 0 34 24 0 45 13 0 0 0 0 27 20 0 0 0 11 3 2
2 5 1 0 6 5 0 0 0 4 0 0 0 0 0 23 6 6 0 0 0 0 0 0 5 0 0 3 4 0 0 0 0 0 0 0 0 0 0 0 0 0 0 0 0 3 0 0 0 0 0 0 0 0 0 0 1 0 0 0 0 0 0 0 0 0 0 0 0 0 0 0 0
7 30 10 11 160 73 23 4 5 32 33 17 32 4 10 919 321 130 136 220 48 38 3 0 159 15 33 300 63 169 57 26 11 6 5 4 23 18 5 10 55 5 4 15 0 96 183 47 7 0 0 13 0 14 3 0 16 27 14 35 17 0 1 2 0 32 15 6 2 0 25 0 5
3 3 3 0 10 4 0 1 1 1 0 0 0 0 0 36 15 0 1 0 0 1 0 0 3 0 0 13 1 0 0 0 0 0 0 0 2 0 1 0 0 0 0 0 0 2 0 0 0 0 0 1 0 0 0 0 0 0 0 0 0 0 0 0 0 0 0 0 0 0 0 0 0
6 40 7 8 198 77 46 2 0 93 69 8 27 6 4 936 370 150 178 472 85 31 2 0 454 162 55 275 156 310 24 116 26 1 14 7 0 0 0 86 89 17 4 143 0 235 95 36 43 0 0 0 3 0 15 0 108 32 2 86 28 1 0 0 0 40 26 6 0 0 6 0 1
2 2 0 1 4 0 0 0 0 0 2 0 0 0 0 6 0 0 1 0 0 0 0 0 0 1 0 2 0 4 0 0 0 0 0 0 0 0 0 0 0 0 0 0 0 0 0 0 0 0 0 0 0 0 0 0 0 0 0 0 0 0 0 0 0 0 0 0 0 0 0 0 0
7 32 2 19 182 21 35 0 0 47 105 1 33 8 26 888 117 32 218 388 28 0 0 0 242 109 1 292 38 624 2 73 62 0 2 7 0 0 0 40 94 10 0 133 0 155 136 8 68 0 0 0 7 0 13 0 39 159 0 61 16 0 0 0 0 25 51 4 0 0 30 12 19
12 49 30 36 207 235 38 14 0 64 172 100 66 58 48 963 915 415 201 354 189 163 0 0 172 181 428 343 310 749 341 58 55 27 15 3 0 0 0 34 146 60 70 177 46 187 231 211 330 0 0 0 6 0 14 2 42 200 92 109 162 77 0 0 0 54 140 92 0 0 49 54 35
12 32 31 35 186 160 17 20 3 46 142 98 22 54 48 1034 849 146 236 161 77 161 0 2 243 93 367 342 223 925 226 25 48 51 6 9 1 15 13 15 33 68 62 187 34 181 94 69 236 0 0 11 5 10 7 8 45 241 101 49 49 67 0 1 0 18 70 83 5 2 7 46 39
15 76 48 57 319 548 69 41 4 120 316 184 96 133 97 1067 2212 1530 224 535 489 734 3 0 465 341 923 427 924 1348 1091 104 184 143 32 17 9 27 15 83 196 91 137 402 125 241 312 523 1227 0 0 10 11 13 35 69 91 529 183 168 235 146 0 2 4 88 231 307 16 2 75 169 84
12 50 29 37 232 247 33 14 3 59 157 97 70 54 55 780 1128 522 230 278 149 164 0 0 236 161 345 414 295 811 418 30 69 37 8 13 0 12 10 35 97 48 52 141 40 169 243 233 330 0 0 6 11 11 18 0 23 216 105 83 134 61 0 3 0 62 111 98 3 0 71 58 44
12 72 32 34 282 429 76 22 9 164 199 97 73 60 41 1050 1600 1278 220 542 421 425 15 0 690 149 461 351 1027 809 703 186 122 58 32 11 9 97 30 139 144 27 58 304 62 262 179 362 649 0 0 42 9 34 26 24 196 211 64 193 106 35 3 6 6 116 126 131 8 0 38 39 24
4 6 3 3 22 8 0 0 0 3 4 3 3 0 1 112 26 5 5 0 0 0 0 0 18 0 4 44 3 26 3 0 0 0 0 0 0 0 0 0 0 0 0 2 0 5 5 3 0 0 0 0 0 0 0 0 1 2 1 4 0 0 0 0 0 0 0 0 0 0 1 0 0
10 39 15 30 205 146 35 6 2 66 157 34 22 34 46 977 686 278 230 317 155 87 4 0 328 147 173 353 284 874 228 53 87 9 20 15 3 11 5 49 46 44 20 217 1 215 85 40 235 0 0 3 5 8 8 4 64 277 34 56 32 13 0 0 2 17 81 48 1 0 7 42 39
4 20 2 4 97 17 10 0 0 33 17 1 13 2 1 458 77 28 79 113 6 0 0 0 167 16 1 184 22 80 4 10 2 0 8 1 0 0 0 19 20 2 0 17 0 65 43 4 5 0 0 0 0 0 1 0 24 5 0 32 12 0 0 0 0 14 1 1 0 0 3 0 0
4 6 1 5 36 4 1 0 0 3 10 0 2 2 2 146 23 3 17 8 1 0 0 0 17 2 0 104 2 60 0 0 1 0 0 3 0 0 0 1 1 0 0 4 0 13 12 0 6 0 0 0 0 0 0 0 0 4 0 1 2 0 0 0 0 1 2 0 0 0 0 1 0
6 28 10 5 143 76 27 6 4 47 28 10 14 2 2 610 369 104 96 293 56 58 8 1 194 31 51 265 126 156 24 48 13 5 0 5 13 26 7 14 26 3 4 27 0 146 53 27 9 0 0 12 3 5 7 0 46 12 4 40 7 0 1 1 0 14 5 0 2 0 4 1 0
1 5 0 0 28 0 5 0 0 5 0 0 0 0 0 143 0 0 27 48 0 0 1 0 28 0 0 47 0 0 0 5 0 0 0 4 0 0 0 2 0 0 0 0 0 14 0 0 0 0 0 0 0 0 0 0 2 0 0 0 0 0 0 0 0 0 0 0 0 0 0 0 0
5 22 6 4 82 37 23 2 2 43 25 5 11 2 1 487 134 18 63 165 35 15 2 0 197 15 30 113 59 98 3 48 16 1 5 5 1 8 2 24 25 4 2 41 0 69 23 12 5 0 0 10 1 2 4 0 48 3 1 26 10 0 1 0 0 17 7 1 2 0 0 0 0
6 15 7 8 68 43 3 0 0 39 22 11 5 6 3 245 184 14 52 26 9 0 0 0 158 1 32 117 117 102 42 3 2 0 0 0 0 0 0 15 4 2 0 42 3 71 12 13 28 0 0 0 3 0 0 0 70 6 3 24 2 4 0 0 0 6 5 4 0 0 0 1 0
6 36 7 8 211 68 31 2 0 75 54 8 29 6 4 887 381 126 195 388 50 26 1 0 427 95 44 390 119 316 24 51 17 1 12 5 0 0 0 66 76 15 4 82 0 212 122 33 29 0 0 0 0 0 6 0 75 26 2 90 33 1 0 0 0 42 14 6 0 0 12 0 1
2 4 1 0 21 4 1 0 0 5 0 0 0 0 0 114 21 0 13 7 1 0 0 0 26 0 0 35 5 0 0 0 0 0 0 1 0 0 0 2 0 0 0 0 0 14 0 0 0 0 0 0 0 0 0 0 2 0 0 0 0 0 0 0 0 0 0 0 0 0 0 0 0
4 6 1 5 36 4 1 0 0 3 10 0 2 2 2 146 23 3 17 8 1 0 0 0 17 2 0 104 2 60 0 0 1 0 0 3 0 0 0 1 1 0 0 4 0 13 12 0 6 0 0 0 0 0 0 0 0 4 0 1 2 0 0 0 0 1 2 0 0 0 0 1 0
14 70 35 56 288 425 55 27 1 123 339 105 72 129 103 1080 1599 1251 192 415 346 521 0 0 505 383 565 384 831 1468 682 86 186 77 26 14 3 8 3 86 133 114 74 459 51 210 216 309 1308 0 0 4 12 4 21 69 109 638 69 159 193 73 0 0 3 73 244 296 2 6 38 188 98
13 73 32 46 325 362 53 8 3 121 312 117 98 94 67 1269 1574 1014 209 481 250 127 1 0 476 674 665 481 620 1364 669 64 116 14 12 5 7 19 11 76 173 232 44 462 64 280 374 324 792 0 0 10 13 10 39 8 87 372 110 140 253 144 1 0 1 109 251 180 11 11 76 90 50
10 36 18 27 150 117 26 3 3 42 115 50 43 35 32 683 438 148 81 249 77 27 0 0 126 83 193 260 111 482 131 35 45 3 10 0 13 11 2 14 75 35 12 107 22 104 152 90 165 0 0 10 3 11 13 3 27 111 39 64 67 31 1 1 3 42 93 53 6 1 27 26 20
1 4 0 0 22 0 2 0 0 4 0 0 0 0 0 82 0 0 23 15 0 0 0 0 25 0 0 43 0 0 0 1 0 0 0 2 0 0 0 2 0 0 0 0 0 11 0 0 0 0 0 0 0 0 0 0 1 0 0 0 0 0 0 0 0 0 0 0 0 0 0 0 0
14 64 42 49 292 389 65 25 3 75 255 165 91 99 75 1281 1642 860 198 665 353 319 4 1 248 296 792 522 462 1244 735 106 154 71 7 12 8 22 7 24 216 98 107 241 115 209 357 420 695 0 0 4 9 15 50 22 42 367 172 144 204 135 0 1 3 62 209 213 9 4 80 102 59
15 65 53 52 308 490 72 36 3 91 238 241 88 99 79 1305 2201 867 243 722 545 481 7 0 405 243 1033 487 701 1133 1154 142 145 127 50 13 11 14 6 64 198 75 139 233 255 218 332 585 713 0 0 9 8 24 53 39 62 327 281 167 148 121 1 0 3 81 183 255 6 5 72 80 63
11 69 26 29 314 333 84 9 7 131 191 79 76 49 28 1222 1376 973 271 723 395 170 4 0 381 311 443 489 657 880 520 225 110 14 22 16 24 52 15 71 217 63 40 253 41 349 290 257 421 0 0 28 7 28 33 4 142 165 53 170 181 67 6 2 2 95 93 67 14 2 41 32 10
4 22 0 6 91 0 21 0 0 47 32 0 17 0 4 349 0 0 60 160 0 0 0 0 172 17 0 135 0 135 0 52 18 0 0 1 0 0 0 17 37 0 0 57 0 94 50 0 0 0 0 0 0 0 4 0 72 16 0 38 0 0 0 0 0 23 16 0 0 0 6 0 1
14 78 39 52 304 493 86 33 10 130 313 127 94 115 89 1155 1788 1500 167 652 529 626 10 0 494 370 644 388 906 1299 864 159 187 101 27 16 33 78 27 94 246 79 103 403 60 221 271 402 1150 0 0 25 3 49 39 58 104 525 106 172 235 89 4 7 6 88 229 253 24 1 69 150 80
14 68 42 49 292 458 69 25 4 107 242 166 88 97 76 902 1969 1148 235 705 485 374 3 0 475 207 725 445 729 976 1001 118 157 72 31 15 2 16 20 83 117 65 113 297 125 226 320 505 807 0 0 12 4 14 61 18 73 328 164 125 150 113 2 2 2 112 209 238 8 0 58 99 59
11 55 20 35 237 219 47 9 2 95 205 48 61 57 51 886 867 573 211 426 195 146 2 1 366 252 258 369 427 961 263 63 113 11 13 10 2 9 6 84 127 45 37 245 10 196 175 125 471 0 0 7 2 6 13 9 95 293 28 151 156 33 1 0 2 59 137 98 4 0 41 65 38
3 17 1 2 92 7 16 0 1 34 15 0 5 1 0 451 38 6 80 160 2 0 2 0 208 20 0 158 13 82 0 30 6 0 0 4 7 5 0 23 17 4 0 25 0 82 13 0 4 0 0 2 0 0 1 0 36 0 0 22 3 0 0 0 0 3 0 0 1 0 0 0 0
4 21 3 3 98 26 16 0 0 47 21 2 8 2 0 457 114 34 90 156 18 0 0 0 209 21 13 161 51 86 5 25 5 0 7 0 0 0 0 42 25 4 0 38 0 105 23 4 9 0 0 0 0 0 0 0 56 0 0 34 12 1 0 0 0 9 0 0 0 0 0 0 0
14 67 47 44 337 434 44 32 3 108 239 193 96 82 57 1093 2030 941 288 421 284 437 0 0 447 403 934 510 706 1246 844 56 85 90 14 19 11 13 12 71 130 139 169 301 146 302 445 454 524 0 0 8 2 12 30 3 72 242 194 153 244 151 3 0 1 115 195 137 11 0 79 74 37
10 32 16 29 115 100 15 4 0 49 116 38 36 40 38 674 318 81 84 95 55 44 0 0 209 87 124 130 151 399 97 17 23 4 11 1 0 0 0 28 49 41 18 136 11 87 104 69 191 0 0 0 6 0 4 2 36 142 22 76 65 22 0 0 0 39 91 68 0 0 21 38 25
6 22 4 11 84 28 15 0 1 24 38 4 21 8 8 433 106 36 55 106 19 0 2 0 121 24 13 150 33 182 12 17 6 0 0 5 1 6 0 15 34 2 0 27 0 57 49 10 35 0 0 1 0 1 5 0 13 27 1 31 19 2 0 0 0 14 13 5 3 0 12 5 2
1 2 0 0 3 0 1 0 0 0 0 0 0 0 0 10 0 0 0 1 0 0 0 0 0 0 0 1 0 0 0 0 0 0 0 1 0 0 0 0 0 0 0 0 0 0 0 0 0 0 0 0 0 0 0 0 0 0 0 0 0 0 0 0 0 0 0 0 0 0 0 0 0
1 1 0 0 4 0 0 0 0 0 0 0 0 0 0 21 0 0 1 0 0 0 0 0 0 0 0 5 0 0 0 0 0 0 0 0 0 0 0 0 0 0 0 0 0 0 0 0 0 0 0 0 0 0 0 0 0 0 0 0 0 0 0 0 0 0 0 0 0 0 0 0 0
