11 39 21 34 186 180 17 9 1 59 162 51 23 60 45 585 802 370 143 140 84 132 1 0 271 126 261 325 292 803 241 19 52 13 10 9 3 4 2 27 28 53 34 203 12 143 71 57 423 0 0 6 6 4 1 12 49 237 29 69 68 44 0 0 2 10 59 91 1 4 7 62 29
10 44 28 17 191 228 29 20 5 66 78 74 40 16 10 745 929 411 117 305 130 220 2 3 282 95 306 335 328 350 280 29 27 40 16 8 15 23 13 41 61 22 47 88 47 106 136 171 84 0 0 28 2 14 10 1 57 30 39 74 52 14 1 3 1 37 31 11 6 0 17 6 2
12 54 34 32 216 309 54 23 7 74 147 113 62 45 39 858 1108 652 137 406 272 301 9 2 274 133 492 335 440 722 520 81 79 54 10 18 18 40 19 51 155 35 82 184 70 171 175 242 292 0 0 20 6 30 24 9 58 184 101 108 112 43 3 2 0 28 53 76 17 0 59 29 29
14 66 43 48 213 432 72 26 11 97 238 171 83 96 71 588 1397 912 147 414 431 356 12 2 293 254 753 232 683 846 933 117 103 67 22 11 9 89 36 69 233 86 121 296 130 196 155 408 705 0 0 24 10 51 40 23 80 344 174 110 209 131 1 10 4 73 135 201 21 2 64 97 53
13 63 32 46 178 320 51 18 6 89 250 101 87 96 71 532 845 766 110 303 243 237 2 2 294 338 438 188 489 721 506 76 96 33 20 5 15 31 21 44 200 103 79 267 53 78 157 286 704 0 0 19 11 23 21 27 71 340 68 145 255 80 1 1 8 73 214 210 12 4 59 102 57
14 48 43 48 169 295 42 33 8 50 181 156 66 105 70 545 935 383 75 249 252 320 9 7 180 128 512 331 306 704 531 64 51 87 12 7 25 47 32 33 148 85 134 154 93 97 189 278 522 0 0 17 6 30 24 27 16 235 137 77 154 126 2 6 2 46 155 239 20 7 53 91 53
8 29 14 14 114 123 21 7 0 61 56 22 12 19 8 496 469 186 80 183 90 93 1 0 286 35 82 173 273 215 111 31 34 9 6 4 0 0 0 54 15 7 10 96 8 95 36 45 147 0 0 0 4 0 4 7 74 28 3 22 11 4 0 0 0 18 13 23 0 0 1 5 1
11 42 26 29 119 210 25 8 3 50 110 85 47 40 32 555 590 387 67 170 123 94 1 0 173 91 278 149 252 284 358 28 28 16 3 4 3 15 2 29 60 23 28 94 57 45 118 195 236 0 0 12 2 16 12 4 20 100 69 52 62 42 0 3 0 45 76 73 3 0 27 25 16
10 23 17 28 84 90 11 6 1 29 83 38 16 42 34 315 312 61 43 77 43 52 0 0 64 42 112 100 116 305 90 10 19 7 3 4 4 2 1 10 31 11 16 92 21 74 45 42 201 0 0 5 0 4 2 12 19 111 14 30 33 8 0 0 2 9 33 78 1 0 6 35 19
9 37 14 22 110 126 12 4 0 53 100 29 35 28 23 459 370 264 66 84 44 52 0 0 195 128 96 132 198 279 140 5 20 4 6 2 0 0 0 23 22 24 12 95 10 64 77 78 182 0 0 0 5 0 5 4 36 100 13 55 64 10 0 0 0 38 55 43 0 0 16 19 11
12 43 27 39 206 226 28 15 0 67 187 84 30 57 64 772 865 399 171 248 170 203 0 0 286 152 378 361 351 994 405 37 73 31 19 8 0 0 0 36 51 68 60 259 30 162 127 104 380 0 0 0 16 0 7 13 55 358 99 83 78 37 0 0 0 22 91 83 0 3 9 81 58
10 47 17 28 199 193 40 9 6 81 150 34 34 41 36 695 730 477 146 302 167 147 4 1 324 160 168 314 399 708 250 60 69 11 11 13 8 33 15 65 77 26 28 183 0 149 100 53 341 0 0 33 1 17 7 9 90 201 21 80 88 22 1 2 4 16 62 53 8 0 17 41 24
9 38 20 16 155 132 48 10 4 67 62 49 51 12 13 732 496 50 116 333 164 85 7 1 238 51 166 200 234 216 96 121 24 15 0 13 18 24 10 55 104 5 26 66 22 149 197 144 48 0 0 12 0 2 34 0 50 50 33 86 38 8 2 2 0 67 35 9 12 0 38 6 6
8 37 13 15 134 111 26 3 4 63 84 25 28 19 9 532 390 185 90 221 65 31 1 0 246 106 129 193 186 324 99 40 19 2 3 2 6 25 7 36 63 28 10 107 7 93 60 47 113 0 0 10 5 7 5 1 49 53 8 66 49 16 3 1 0 33 22 17 8 0 11 8 1
13 44 32 46 175 211 33 18 4 43 185 104 62 90 74 579 783 300 102 256 147 175 5 0 194 150 335 287 197 771 288 34 77 41 10 12 13 20 10 32 118 69 70 151 60 97 200 198 460 0 0 9 4 19 17 28 14 293 84 83 165 62 1 1 5 37 161 202 8 4 47 101 63
9 36 19 17 159 139 25 6 2 64 81 51 32 13 14 567 559 201 137 206 85 62 2 0 293 48 227 270 231 367 158 34 42 9 7 10 4 9 5 53 50 9 16 111 29 122 98 97 65 0 0 9 8 6 7 2 72 71 36 103 31 10 0 0 1 29 38 12 2 0 18 6 6
14 63 51 40 281 455 47 38 10 82 172 218 86 62 46 933 1958 941 198 382 316 473 1 0 333 180 829 463 600 814 996 74 46 141 25 9 38 41 45 33 170 64 130 137 199 200 292 523 347 0 0 28 4 46 19 6 48 159 232 135 164 131 7 4 3 76 113 102 18 2 64 30 28
14 51 39 52 194 310 25 23 3 80 237 142 55 115 84 538 1092 531 157 167 141 274 3 2 312 210 638 251 541 894 589 31 66 46 14 5 11 15 13 33 79 124 122 279 94 131 148 224 729 0 0 5 19 8 12 31 79 376 114 147 145 120 0 1 5 34 157 268 8 2 39 133 69
8 41 5 23 166 48 36 0 2 67 139 6 48 18 32 678 149 103 122 298 36 0 5 0 312 177 32 262 66 541 21 41 63 0 4 12 12 15 0 62 112 28 0 175 0 120 159 18 129 0 0 4 2 2 13 0 50 186 2 114 47 4 0 1 2 55 96 16 6 0 38 25 23
10 48 19 26 201 198 41 7 3 72 132 46 48 39 28 834 735 462 115 346 175 104 2 0 276 183 196 331 351 584 279 57 58 9 14 10 11 9 5 52 103 46 28 133 13 127 167 111 272 0 0 7 5 6 12 3 70 129 26 89 112 28 0 3 1 34 59 62 6 4 29 20 17
6 18 1 14 74 5 7 0 0 25 55 0 15 4 16 273 20 0 35 63 3 0 0 0 111 37 0 108 7 206 0 3 14 0 0 0 0 0 0 13 12 10 0 70 0 43 60 0 17 0 0 0 3 0 3 0 12 54 0 18 3 0 0 0 0 15 36 0 0 0 7 6 9
8 29 14 14 114 123 21 7 0 61 56 22 12 19 8 496 469 186 80 183 90 93 1 0 286 35 82 173 273 215 111 31 34 9 6 4 0 0 0 54 15 7 10 96 8 95 36 45 147 0 0 0 4 0 4 7 74 28 3 22 11 4 0 0 0 18 13 23 0 0 1 5 1
9 41 12 24 164 95 35 2 2 66 133 28 48 22 32 677 308 158 121 289 71 25 4 0 311 129 144 262 128 534 73 40 61 1 4 12 12 13 0 61 109 31 10 172 3 120 158 65 140 0 0 4 2 4 13 0 50 170 28 114 51 14 0 1 2 55 93 22 6 0 38 25 23
6 16 5 10 62 32 7 0 0 13 32 6 8 8 6 216 129 52 41 66 13 0 0 0 50 14 12 130 27 123 18 4 10 0 0 0 0 0 0 4 6 4 0 24 1 26 26 14 48 0 0 0 0 0 3 0 4 17 1 6 4 2 0 0 0 4 11 7 0 0 1 3 1
5 16 4 6 36 26 3 0 0 15 14 4 12 4 2 110 56 42 18 14 2 0 0 0 26 11 2 20 28 39 13 1 0 0 0 0 0 0 0 2 10 0 0 5 1 18 19 12 14 0 0 0 0 0 0 0 5 4 0 11 12 0 0 0 0 8 3 4 0 0 3 0 0
15 56 49 56 176 405 43 39 8 89 241 194 61 132 90 502 1192 674 125 232 302 482 4 6 278 162 806 188 701 770 870 98 85 103 18 4 14 55 36 39 130 104 201 289 136 113 130 322 849 0 0 22 14 37 15 37 87 365 175 128 153 166 3 4 6 50 169 319 17 2 37 147 73
9 35 5 31 213 41 26 1 1 47 171 3 33 26 54 753 221 57 195 314 27 13 0 0 227 200 8 414 67 994 13 32 72 0 3 16 5 7 1 29 82 41 1 198 0 159 191 6 161 0 0 3 8 1 10 5 30 346 0 72 51 2 0 0 1 18 100 12 4 1 22 54 51
6 15 9 6 55 45 2 4 2 18 18 10 4 4 2 280 173 49 35 16 4 28 0 0 91 9 28 113 54 72 26 1 4 4 5 1 2 2 3 6 0 0 4 22 0 36 2 7 15 0 0 6 0 4 0 0 14 8 3 6 5 2 0 0 0 1 2 1 1 0 0 1 0
9 39 15 21 177 119 28 7 6 66 101 29 40 26 22 663 461 197 141 222 67 76 0 0 257 80 113 296 184 444 103 42 48 10 9 9 22 30 8 49 41 19 18 145 3 157 174 65 138 0 0 26 7 11 19 4 57 104 17 61 67 11 2 5 1 54 65 33 12 0 18 19 11
4 7 2 4 15 7 3 0 1 4 6 1 3 2 1 79 20 0 2 14 5 0 0 0 13 0 0 18 4 16 3 3 1 0 0 1 0 1 0 0 2 0 0 1 0 2 2 0 4 0 0 2 0 1 0 0 1 1 0 3 3 0 0 0 0 1 1 1 1 0 0 0 0
3 8 1 2 44 2 3 0 0 13 12 0 1 1 0 191 7 0 50 25 1 0 0 0 57 5 0 86 0 71 0 1 3 0 0 4 0 0 0 6 2 5 0 22 0 51 3 0 1 0 0 0 0 0 0 0 13 0 0 4 1 0 0 0 0 0 0 0 0 0 0 0 0
7 30 12 9 92 96 19 6 0 43 40 18 22 6 5 251 271 170 47 149 56 68 0 0 116 44 72 119 133 139 55 25 6 9 0 2 0 0 0 24 44 0 6 41 3 65 46 53 38 0 0 0 1 0 4 0 34 27 7 48 18 0 0 0 0 18 9 9 0 0 10 0 1
10 23 17 28 84 90 11 6 1 29 83 38 16 42 34 315 312 61 43 77 43 52 0 0 64 42 112 100 116 305 90 10 19 7 3 4 4 2 1 10 31 11 16 92 21 74 45 42 201 0 0 5 0 4 2 12 19 111 14 30 33 8 0 0 2 9 33 78 1 0 6 35 19
5 18 4 6 69 35 9 0 0 26 23 4 7 4 2 313 133 55 50 70 21 0 0 0 117 17 10 129 59 82 24 10 7 0 2 7 0 0 0 16 4 1 0 18 0 60 21 7 21 0 0 0 2 0 2 0 20 10 1 11 12 2 0 0 0 8 2 1 0 0 0 1 0
11 68 30 25 290 360 67 12 4 127 154 103 79 28 22 965 1448 1030 221 565 346 193 5 0 499 262 556 394 655 663 614 111 47 26 26 19 15 19 11 103 206 53 40 214 84 249 242 353 210 0 0 19 5 13 26 4 121 114 84 194 119 34 1 1 2 93 75 36 8 2 49 12 8
6 36 1 14 151 12 35 0 0 68 96 0 36 4 16 609 40 31 131 281 11 0 5 0 289 162 0 194 23 371 0 56 49 0 1 8 0 0 0 58 79 4 0 145 0 143 126 0 28 0 0 0 10 0 18 0 64 91 0 70 20 0 0 0 0 51 73 0 0 0 17 6 9
6 10 4 11 18 15 0 0 0 6 23 4 6 8 8 47 29 14 4 0 0 0 0 0 6 11 5 11 9 43 8 0 0 0 0 0 0 0 0 0 0 3 0 13 0 9 7 4 22 0 0 0 0 0 0 0 1 17 1 4 9 2 0 0 0 2 8 5 0 0 1 5 2
13 52 35 43 225 329 41 24 6 98 199 119 42 75 68 751 1270 562 167 306 286 353 5 2 393 173 460 298 696 949 707 82 75 57 20 15 10 35 18 84 80 89 106 235 46 195 129 171 470 0 0 27 8 36 8 12 95 360 132 120 155 83 1 1 4 48 81 118 6 3 14 97 59
10 37 9 36 200 78 20 1 0 61 205 13 25 43 63 742 349 119 175 212 48 13 0 0 278 246 72 353 155 1098 66 26 77 0 7 8 0 0 0 32 51 80 2 277 1 165 113 13 304 0 0 0 16 0 2 5 54 421 5 81 64 13 0 0 0 18 99 42 0 3 8 81 58
9 61 13 23 263 174 85 2 7 109 154 28 73 29 25 693 667 533 198 760 228 40 16 0 357 265 157 363 335 640 206 214 62 1 20 26 23 74 3 66 230 40 10 192 5 261 256 95 232 0 0 27 3 15 43 0 97 147 16 166 126 22 1 9 0 75 87 34 13 0 56 26 12
4 14 4 2 70 22 8 1 0 28 10 2 5 1 0 293 106 7 80 64 10 8 1 0 148 4 10 129 47 59 0 10 2 0 0 2 0 0 0 11 12 1 1 12 0 85 14 5 3 0 0 0 2 0 0 0 33 0 0 13 5 0 0 0 0 6 0 0 0 0 0 0 0
9 30 18 18 88 114 12 2 0 34 66 53 30 14 15 278 319 150 46 66 44 16 0 0 91 86 160 121 121 201 156 12 10 1 0 0 0 0 0 12 18 18 10 73 32 54 74 107 62 0 0 0 3 0 12 0 17 56 40 30 18 18 0 0 0 24 37 12 0 0 16 7 6
4 19 1 5 85 11 20 0 0 19 26 0 10 2 2 331 43 28 57 178 12 0 3 0 66 44 0 168 15 126 0 23 14 0 0 5 0 0 0 12 26 2 0 26 0 53 39 0 16 0 0 0 0 0 4 0 9 8 0 8 6 0 0 0 0 4 5 0 0 0 3 1 0
7 15 11 10 65 46 4 5 0 12 28 16 8 8 6 253 162 51 49 34 12 31 0 0 40 12 40 136 40 148 28 1 4 6 0 0 0 0 0 6 6 8 8 22 0 23 37 16 32 0 0 0 0 0 1 0 5 12 8 6 8 4 0 0 0 2 10 4 0 0 2 4 1
6 16 5 10 62 32 7 0 0 13 32 6 8 8 6 216 129 52 41 66 13 0 0 0 50 14 12 130 27 123 18 4 10 0 0 0 0 0 0 4 6 4 0 24 1 26 26 14 48 0 0 0 0 0 3 0 4 17 1 6 4 2 0 0 0 4 11 7 0 0 1 3 1
10 35 25 20 101 163 20 9 3 49 74 78 36 17 16 420 444 211 63 103 79 93 1 0 183 45 253 103 228 240 227 24 12 16 11 1 2 15 3 27 54 22 31 86 55 60 56 128 82 0 0 16 4 12 10 0 43 40 58 63 55 22 0 3 0 24 33 14 3 0 21 8 6
9 49 17 19 189 174 50 7 8 105 118 36 42 26 15 650 585 371 138 397 150 94 7 0 386 111 201 281 360 468 152 105 67 9 18 9 24 47 14 95 124 17 20 197 12 180 98 98 208 0 0 42 5 22 6 4 127 93 15 127 71 17 3 1 6 54 46 31 12 0 18 14 4
5 18 0 10 76 0 14 0 0 21 28 0 22 0 10 284 0 0 34 108 0 0 0 0 96 0 0 100 0 114 0 17 8 0 0 3 0 0 0 14 24 0 0 36 0 38 89 0 0 0 0 0 0 0 12 0 9 18 0 12 0 0 0 0 0 18 24 0 0 0 14 0 5
4 6 2 4 15 5 0 0 1 4 5 1 3 2 1 71 15 0 5 0 0 0 0 0 16 0 0 15 4 15 2 0 0 0 0 0 1 0 0 0 0 0 0 1 0 2 4 0 2 0 0 2 0 1 0 0 1 1 0 3 3 0 0 0 0 1 1 1 1 0 0 0 0
3 9 3 0 37 18 6 1 0 10 0 0 0 0 0 128 74 20 23 56 12 9 0 0 47 0 0 60 20 0 0 9 0 0 0 0 0 0 0 6 0 0 0 0 0 22 0 0 0 0 0 0 0 0 0 0 5 0 0 0 0 0 0 0 0 0 0 0 0 0 0 0 0
5 13 2 8 32 17 4 0 0 15 25 1 5 4 5 115 48 30 18 12 6 0 0 0 60 10 1 37 28 62 6 2 4 0 0 0 0 0 0 6 6 0 0 24 0 24 6 2 30 0 0 0 0 0 0 0 13 14 0 6 4 0 0 0 0 1 6 2 0 0 1 2 1
13 65 35 43 234 351 52 12 3 100 237 132 93 85 57 668 1220 864 160 366 259 182 2 0 315 334 599 251 552 875 634 67 91 21 20 16 9 19 6 65 205 128 65 319 98 189 237 366 632 0 0 8 11 15 25 13 78 285 117 151 239 117 0 1 1 85 147 171 9 7 84 71 35
6 6 6 9 24 10 0 0 0 2 12 9 4 6 5 112 48 0 8 0 0 0 0 0 6 5 4 39 4 32 5 0 0 0 0 0 0 0 0 0 0 6 0 2 3 6 19 8 10 0 0 0 0 0 0 0 0 6 2 2 0 0 0 0 0 1 5 9 0 0 1 0 1
10 40 15 30 197 144 21 4 1 59 154 33 30 42 41 583 707 339 159 200 73 58 0 0 275 151 157 318 227 753 168 20 59 4 6 10 2 5 1 31 44 34 13 197 9 153 107 71 340 0 0 2 9 3 4 7 42 223 19 63 56 21 0 0 2 21 79 62 2 0 10 47 28
12 39 31 35 167 217 21 16 4 53 144 100 30 62 42 579 836 363 107 162 123 187 0 1 175 93 404 263 312 675 349 33 44 29 8 9 6 9 15 24 51 52 74 167 51 116 109 106 357 0 0 19 1 19 2 8 47 176 81 59 76 76 3 0 2 10 62 95 4 4 16 51 25
7 7 8 13 13 18 1 0 0 5 18 14 3 12 9 37 33 5 3 4 3 0 0 0 8 1 24 7 15 37 16 0 1 0 0 0 0 0 0 2 2 2 0 11 3 6 2 4 22 0 0 0 0 0 0 0 2 14 6 4 4 8 0 0 0 0 4 10 0 0 1 6 2
6 18 1 14 74 5 7 0 0 25 55 0 15 4 16 273 20 0 35 63 3 0 0 0 111 37 0 108 7 206 0 3 14 0 0 0 0 0 0 13 12 10 0 70 0 43 60 0 17 0 0 0 3 0 3 0 12 54 0 18 3 0 0 0 0 15 36 0 0 0 7 6 9
3 9 2 1 46 11 6 0 0 16 7 1 0 0 0 251 53 14 35 56 7 0 0 0 89 0 7 80 16 39 2 6 5 0 0 0 0 0 0 13 0 0 0 16 0 48 0 0 0 0 0 0 0 0 0 0 16 0 0 0 0 0 0 0 0 0 0 0 0 0 0 0 0
3 7 0 3 10 0 3 0 0 6 8 0 3 0 1 48 0 0 0 5 0 0 0 0 4 0 0 4 0 10 0 3 3 0 0 0 0 0 0 0 3 0 0 6 0 8 5 0 0 0 0 0 0 0 0 0 2 1 0 0 0 0 0 0 0 3 3 0 0 0 0 0 0
1 3 0 0 14 0 1 0 0 2 0 0 0 0 0 70 0 0 8 8 0 0 0 0 10 0 0 28 0 0 0 0 0 0 0 0 0 0 0 1 0 0 0 0 0 5 0 0 0 0 0 0 0 0 0 0 0 0 0 0 0 0 0 0 0 0 0 0 0 0 0 0 0
11 47 21 34 174 179 28 3 3 94 185 59 50 62 41 569 576 285 117 239 97 36 2 0 338 212 308 226 390 668 265 43 66 1 8 10 11 24 1 71 73 109 19 272 23 141 144 90 364 0 0 16 6 12 10 3 104 211 38 142 143 67 0 3 2 60 97 92 6 8 35 59 20
12 44 33 33 135 243 32 14 4 32 103 116 65 56 34 625 721 443 78 187 179 130 1 0 108 91 287 208 177 324 447 29 20 29 2 6 9 13 16 12 100 32 65 51 77 38 186 279 251 0 0 7 0 10 20 3 4 70 93 39 138 90 1 3 0 38 70 89 8 3 48 30 16
14 43 41 50 168 252 32 26 5 42 185 156 56 102 80 563 917 332 97 240 175 248 5 0 181 99 517 281 233 756 420 35 76 73 12 13 15 24 13 27 111 65 108 156 114 98 182 233 514 0 0 10 3 28 15 32 15 282 152 77 137 100 1 2 5 34 160 242 10 4 40 109 67
6 5 7 8 27 12 1 0 0 1 7 10 3 8 2 139 66 0 12 7 2 0 0 0 2 1 7 52 3 35 9 0 1 0 0 1 0 0 0 0 2 2 0 0 2 5 16 5 9 0 0 0 0 0 0 0 0 2 2 2 4 6 0 0 0 0 0 4 0 1 1 0 0
4 24 3 3 125 32 14 0 1 47 24 3 7 0 1 525 128 80 130 137 18 0 0 0 238 56 22 234 54 116 13 14 6 0 5 12 2 4 0 25 8 0 0 44 0 123 39 7 0 0 0 5 5 2 3 0 46 8 1 24 0 0 0 0 0 7 4 0 0 0 1 0 0
2 4 1 0 8 4 1 0 0 1 0 0 0 0 0 35 8 4 6 8 1 0 0 0 0 0 0 10 1 0 0 0 0 0 0 0 0 0 0 0 0 0 0 0 0 0 0 0 0 0 0 0 0 0 0 0 0 0 0 0 0 0 0 0 0 0 0 0 0 0 0 0 0
7 9 8 13 15 25 1 1 0 4 19 12 5 13 9 45 44 17 3 1 4 4 0 0 4 3 15 11 10 36 24 0 0 0 0 0 0 0 0 0 2 2 4 10 1 9 4 8 28 0 0 0 0 0 0 0 1 15 4 2 10 7 0 0 0 1 4 10 0 0 1 7 2
3 1 2 1 2 2 0 0 0 0 0 1 0 0 0 8 4 0 1 0 0 0 0 0 0 0 0 0 0 0 1 0 0 0 0 0 0 0 0 0 0 0 0 0 0 0 0 0 0 0 0 0 0 0 0 0 0 0 0 0 0 0 0 0 0 0 0 0 0 0 0 0 0
11 22 24 31 82 108 6 10 1 28 86 68 12 50 37 302 375 74 38 34 33 80 0 0 58 45 197 103 130 326 142 4 16 17 3 4 4 1 1 8 10 21 34 99 37 77 37 42 212 0 0 5 0 5 0 12 18 113 45 26 28 36 0 0 2 10 30 87 1 0 2 42 20
9 51 16 20 202 164 50 6 8 109 128 33 50 28 17 641 579 338 146 437 123 77 10 0 399 169 178 267 333 495 132 87 72 7 18 11 27 45 12 102 132 22 18 215 9 201 141 104 212 0 0 42 4 19 14 4 115 106 15 120 89 18 3 3 6 78 65 31 13 1 21 18 5
6 14 5 10 44 32 5 0 0 15 28 6 5 8 6 141 109 45 29 25 13 0 0 0 60 2 13 67 33 79 22 4 7 0 0 0 0 0 0 0 5 2 0 28 1 35 13 10 48 0 0 0 0 0 0 0 11 15 1 6 3 2 0 0 0 4 7 7 0 0 0 3 1
6 14 5 10 44 32 5 0 0 15 28 6 5 8 6 141 109 45 29 25 13 0 0 0 60 2 13 67 33 79 22 4 7 0 0 0 0 0 0 0 5 2 0 28 1 35 13 10 48 0 0 0 0 0 0 0 11 15 1 6 3 2 0 0 0 4 7 7 0 0 0 3 1
7 5 12 9 24 15 0 6 0 2 7 18 4 6 5 112 72 0 8 0 0 10 0 0 6 0 11 39 6 32 5 0 0 9 0 0 0 0 0 0 0 0 6 2 3 6 19 12 10 0 0 0 0 0 0 0 0 2 7 2 0 0 0 0 0 1 5 9 0 0 1 0 1
5 13 4 6 41 21 3 0 1 15 21 4 4 4 2 198 70 27 29 22 4 0 0 0 72 16 14 80 29 81 10 1 6 0 0 1 0 1 0 6 1 1 0 22 0 29 2 3 16 0 0 1 1 2 0 0 13 10 1 6 5 2 0 0 0 1 2 1 1 0 0 1 0
5 11 1 9 16 6 2 0 0 7 24 0 7 3 7 39 9 8 4 8 1 0 0 0 10 17 0 7 6 39 0 0 1 0 0 0 0 0 0 2 6 0 0 14 0 6 5 0 13 0 0 0 0 0 0 0 2 17 0 6 5 0 0 0 0 1 10 0 0 0 2 3 2
2 7 1 0 18 7 5 0 0 10 0 0 0 0 0 73 18 6 5 26 5 0 0 0 28 0 0 17 10 0 0 6 0 0 0 0 0 0 0 8 0 0 0 0 0 8 0 0 0 0 0 0 0 0 0 0 6 0 0 0 0 0 0 0 0 0 0 0 0 0 0 0 0
15 67 52 53 175 478 58 47 12 88 244 206 96 123 79 510 1224 1028 86 342 418 586 2 8 267 246 784 191 646 632 998 94 87 144 21 4 24 57 59 48 200 103 213 238 135 70 163 506 790 0 0 35 7 53 25 31 58 307 195 129 289 178 2 9 7 90 211 277 19 6 65 118 60
10 42 20 25 245 145 38 3 6 54 111 66 55 19 32 929 798 211 199 406 94 26 6 0 283 76 253 463 184 712 207 53 47 3 16 21 29 30 6 36 127 27 13 103 42 174 228 128 82 0 0 24 5 24 22 2 32 154 68 115 67 12 1 4 0 29 50 34 10 0 57 11 25
5 15 6 4 74 31 9 0 0 23 19 9 5 0 1 254 148 14 63 82 18 0 0 0 97 21 39 129 46 80 17 14 3 0 0 7 0 0 0 13 15 0 0 28 3 58 27 10 0 0 0 0 0 0 0 0 18 7 2 14 0 0 0 0 0 2 2 0 0 0 1 0 0
2 5 1 0 15 5 1 0 0 5 0 0 0 0 0 27 15 4 6 4 1 0 0 0 9 0 0 19 5 0 0 0 0 0 0 0 0 0 0 2 0 0 0 0 0 7 0 0 0 0 0 0 0 0 0 0 2 0 0 0 0 0 0 0 0 0 0 0 0 0 0 0 0
6 7 5 10 19 10 0 0 0 2 11 6 7 8 6 45 25 3 2 0 0 0 0 0 2 3 5 18 3 24 4 0 0 0 0 0 0 0 0 0 0 2 0 1 1 4 21 5 9 0 0 0 0 0 0 0 0 6 1 4 8 2 0 0 0 1 3 7 0 0 4 3 1
2 4 0 1 14 0 0 0 0 3 4 0 0 0 0 74 0 0 9 0 0 0 0 0 18 3 0 23 0 14 0 0 0 0 0 0 0 0 0 0 0 0 0 3 0 5 0 0 0 0 0 0 0 0 0 0 1 0 0 0 0 0 0 0 0 0 0 0 0 0 0 0 0
5 10 5 5 14 17 1 1 0 9 9 5 7 2 2 39 22 9 1 2 2 5 0 0 18 0 9 10 14 19 5 0 0 0 0 0 0 0 0 2 2 0 2 5 0 4 4 7 3 0 0 0 0 0 0 0 3 2 2 7 5 0 0 0 0 5 3 0 0 0 2 1 0
12 42 22 44 176 151 20 4 0 53 217 65 47 78 73 611 582 206 140 170 83 43 0 0 228 252 283 311 182 875 213 25 55 2 4 5 0 0 0 24 74 149 28 224 23 109 162 91 417 0 0 0 20 0 4 4 29 361 48 107 116 72 0 0 0 35 167 145 0 4 32 106 63
2 8 0 1 40 0 7 0 0 14 6 0 1 0 0 162 0 0 49 57 0 0 1 0 61 0 0 67 0 37 0 11 2 0 0 4 0 0 0 10 5 0 0 13 0 51 1 0 0 0 0 0 0 0 0 0 13 0 0 1 0 0 0 0 0 0 0 0 0 0 0 0 0
9 40 19 17 223 134 29 10 0 71 90 45 48 13 16 800 725 146 212 347 92 103 0 0 380 115 208 386 216 492 87 46 26 17 12 10 0 0 0 48 102 27 26 115 17 187 203 112 62 0 0 0 8 0 6 0 61 66 33 121 64 2 0 0 0 58 55 13 0 0 35 11 7
3 3 2 1 14 3 0 0 0 3 3 1 0 0 0 74 14 0 9 0 0 0 0 0 18 0 3 23 3 14 0 0 0 0 0 0 0 0 0 0 0 0 0 3 0 5 0 0 0 0 0 0 0 0 0 0 1 0 0 0 0 0 0 0 0 0 0 0 0 0 0 0 0
2 8 0 1 41 0 5 0 0 16 8 0 0 0 0 228 0 0 30 49 0 0 0 0 89 7 0 71 0 41 0 6 5 0 0 0 0 0 0 13 0 0 0 16 0 48 0 0 0 0 0 0 0 0 0 0 16 0 0 0 0 0 0 0 0 0 0 0 0 0 0 0 0
7 34 1 20 194 8 35 0 1 43 110 0 42 5 30 860 39 15 151 368 5 0 2 0 232 136 0 367 8 633 0 57 59 0 0 15 6 7 0 28 125 11 0 112 0 125 190 0 32 0 0 1 5 0 7 0 24 184 0 89 8 0 0 0 0 24 60 0 5 0 44 10 25
1 6 0 0 5 0 6 0 0 9 0 0 0 0 0 24 0 0 0 10 0 0 0 0 7 0 0 2 0 0 0 9 0 0 0 0 0 0 0 6 0 0 0 0 0 4 0 0 0 0 0 0 0 0 0 0 5 0 0 0 0 0 0 0 0 0 0 0 0 0 0 0 0
2 1 0 1 1 0 0 0 0 0 1 0 0 0 0 2 0 0 0 0 0 0 0 0 0 0 0 0 0 1 0 0 0 0 0 0 0 0 0 0 0 0 0 0 0 0 0 0 0 0 0 0 0 0 0 0 0 0 0 0 0 0 0 0 0 0 0 0 0 0 0 0 0
3 5 0 3 12 0 0 0 0 3 6 0 2 0 1 45 0 0 4 0 0 0 0 0 4 0 0 7 0 12 0 0 0 0 0 0 0 0 0 0 0 0 0 2 0 3 3 0 0 0 0 0 1 0 0 0 1 1 0 4 0 0 0 0 0 0 2 0 0 0 0 0 0
1 2 0 0 3 0 0 0 0 1 0 0 0 0 0 14 0 0 0 0 0 0 0 0 3 0 0 3 0 0 0 0 0 0 0 0 0 0 0 0 0 0 0 0 0 0 0 0 0 0 0 0 0 0 0 0 0 0 0 0 0 0 0 0 0 0 0 0 0 0 0 0 0
3 7 0 3 10 0 3 0 0 6 8 0 3 0 1 48 0 0 0 5 0 0 0 0 4 0 0 4 0 10 0 3 3 0 0 0 0 0 0 0 3 0 0 6 0 8 5 0 0 0 0 0 0 0 0 0 2 1 0 0 0 0 0 0 0 3 3 0 0 0 0 0 0
8 15 15 13 32 61 3 2 0 9 18 37 13 10 7 150 131 56 15 10 15 12 0 0 7 0 50 18 38 31 85 3 2 1 0 0 0 0 0 0 4 1 8 5 20 14 25 46 21 0 0 0 0 0 0 0 2 8 19 12 9 12 0 0 0 4 5 6 0 0 6 3 1
3 9 0 3 16 0 1 0 0 9 8 0 5 0 1 32 0 0 2 5 0 0 0 0 14 5 0 12 0 14 0 0 0 0 0 0 0 0 0 0 2 0 0 4 0 7 5 0 0 0 0 0 0 0 0 0 5 2 0 8 0 0 0 0 0 3 2 0 0 0 1 0 0
2 1 0 1 1 0 0 0 0 0 1 0 0 0 0 2 0 0 0 0 0 0 0 0 0 0 0 0 0 1 0 0 0 0 0 0 0 0 0 0 0 0 0 0 0 0 0 0 0 0 0 0 0 0 0 0 0 0 0 0 0 0 0 0 0 0 0 0 0 0 0 0 0
15 55 54 51 235 418 37 40 7 87 204 241 67 100 74 668 1582 589 175 275 292 457 4 2 317 158 885 333 692 908 1019 55 62 131 34 7 15 30 43 62 106 107 195 200 208 152 232 376 532 0 0 38 16 23 14 15 81 279 281 168 204 185 3 4 1 57 117 195 16 6 46 88 59
10 40 15 30 197 144 21 4 1 59 154 33 30 42 41 583 707 339 159 200 73 58 0 0 275 151 157 318 227 753 168 20 59 4 6 10 2 5 1 31 44 34 13 197 9 153 107 71 340 0 0 2 9 3 4 7 42 223 19 63 56 21 0 0 2 21 79 62 2 0 10 47 28
5 26 3 7 102 32 20 0 0 48 52 2 10 5 3 399 112 70 69 176 31 0 2 0 189 83 17 155 56 188 9 31 16 0 2 6 0 0 0 31 31 10 0 82 0 78 26 3 42 0 0 0 5 0 1 0 48 27 0 42 13 1 0 0 0 6 5 2 0 0 3 2 0
