1000 5964
0 641
0 386
0 747
0 598
0 6
0 7
0 9
0 10
0 12
0 525
0 270
0 813
0 16
0 17
0 274
0 19
0 20
0 21
0 23
0 24
0 27
0 28
0 542
0 31
0 33
0 34
0 35
0 646
0 37
0 40
0 42
0 171
0 45
0 46
0 303
0 371
0 181
0 310
0 137
0 568
0 58
0 159
0 134
0 831
0 704
0 578
0 707
0 991
0 72
0 268
0 586
0 183
0 77
0 206
0 719
0 291
0 340
0 910
0 214
0 599
0 729
0 442
0 408
0 421
0 546
0 656
0 354
0 477
0 951
0 107
0 364
0 749
0 878
0 111
0 570
0 552
0 302
0 495
0 121
0 396
0 558
0 508
0 253
0 405
1 6
1 7
1 8
1 9
1 10
1 12
1 14
1 17
1 19
1 20
1 22
1 24
1 538
1 28
1 29
1 30
1 31
1 33
1 43
1 44
1 45
1 46
1 48
1 49
1 53
1 55
1 58
1 61
1 575
1 70
1 71
1 75
1 82
1 602
1 753
1 94
1 96
1 99
1 105
1 107
1 108
1 110
1 111
1 118
1 120
1 126
1 129
1 130
1 131
1 647
1 620
1 139
1 140
1 142
1 143
1 156
1 158
1 161
1 163
1 170
1 686
1 689
1 181
1 182
1 184
1 189
1 192
1 205
1 717
1 723
1 214
1 221
1 226
1 229
1 231
1 745
1 746
1 235
1 241
1 244
1 245
1 763
1 252
1 254
1 769
1 260
1 262
1 783
1 274
1 275
1 279
1 288
1 304
1 306
1 310
1 828
1 830
1 565
1 833
1 822
1 341
1 858
1 862
1 865
1 871
1 875
1 886
1 375
1 383
1 384
1 387
1 392
1 393
1 406
1 418
1 420
1 582
1 423
1 938
1 941
1 967
1 459
1 464
1 476
1 492
1 498
1 508
2 128
2 388
2 6
2 7
2 8
2 267
2 13
2 14
2 655
2 18
2 403
2 333
2 925
2 589
2 544
2 33
2 34
2 36
2 40
2 172
2 173
2 814
2 687
2 176
2 781
2 498
2 191
2 964
2 583
2 74
2 76
2 77
2 78
2 269
2 464
2 210
2 979
2 213
2 342
2 87
2 603
2 349
2 744
2 168
2 242
2 757
2 631
2 378
2 725
3 6
3 7
3 8
3 9
3 394
3 399
3 17
3 18
3 147
3 533
3 284
3 413
3 414
3 800
3 417
3 34
3 547
3 40
3 42
3 171
3 49
3 52
3 310
3 820
3 59
3 77
3 338
3 979
3 827
3 103
3 618
3 236
3 629
3 507
3 383
4 32
4 6
4 872
4 180
4 21
4 22
4 23
4 857
4 30
4 53
5 768
5 134
5 7
5 8
5 10
5 11
5 908
5 15
5 528
5 146
5 23
5 152
5 153
5 26
5 290
5 6
5 167
5 169
5 685
5 558
5 51
5 606
5 438
5 823
5 59
5 151
5 61
5 62
5 320
5 705
5 195
5 778
5 340
5 86
5 988
5 94
5 479
5 609
5 871
5 444
5 107
5 621
5 624
5 241
5 759
5 506
5 380
5 381
5 766
5 127
6 7
6 8
6 9
6 10
6 11
6 12
6 514
6 14
6 15
6 16
6 18
6 19
6 24
6 25
6 26
6 30
6 32
6 547
6 41
6 43
6 47
6 48
6 563
6 52
6 53
6 54
6 521
6 568
6 58
6 61
6 574
6 524
6 76
6 13
6 80
6 594
6 599
6 954
6 99
6 103
6 115
6 634
6 124
6 637
6 128
6 129
6 648
6 655
6 660
6 672
6 164
6 178
6 696
6 185
6 190
6 193
6 208
6 212
6 215
6 737
6 226
6 742
6 238
6 125
6 753
6 242
6 760
6 724
6 775
6 788
6 283
6 292
6 293
6 307
6 327
6 331
6 334
6 336
6 338
6 343
6 857
6 350
6 864
6 869
6 870
6 361
6 366
6 891
6 919
6 409
6 929
6 933
6 423
6 432
6 442
6 965
6 977
6 470
6 986
6 479
6 489
7 513
7 8
7 9
7 10
7 11
7 12
7 13
7 14
7 15
7 912
7 17
7 19
7 20
7 789
7 155
7 540
7 517
7 32
7 619
7 39
7 168
7 554
7 299
7 434
7 48
7 49
7 50
7 773
7 53
7 183
7 56
7 442
7 60
7 889
7 574
7 64
7 321
7 66
7 67
7 325
7 456
7 844
7 525
7 336
7 211
7 84
7 142
7 723
7 343
7 609
7 482
7 99
7 739
7 273
7 259
7 618
7 551
7 387
7 109
7 360
7 371
7 245
7 963
7 532
7 818
7 381
7 510
7 127
8 768
8 9
8 11
8 12
8 141
8 14
8 15
8 16
8 19
8 21
8 22
8 25
8 666
8 687
8 28
8 29
8 261
8 35
8 804
8 37
8 39
8 909
8 156
8 426
8 45
8 430
8 669
8 52
8 862
8 55
8 308
8 58
8 59
8 671
8 475
8 192
8 608
8 265
8 707
8 971
8 709
8 910
8 932
8 396
8 518
8 203
8 972
8 205
8 207
8 208
8 82
8 339
8 142
8 88
8 89
8 346
8 219
8 604
8 442
8 222
8 480
8 592
8 738
8 827
8 100
8 102
8 662
8 234
8 235
8 366
8 131
8 118
8 377
8 746
8 510
9 456
9 10
9 11
9 13
9 14
9 16
9 17
9 18
9 21
9 406
9 282
9 303
9 421
9 39
9 41
9 299
9 172
9 302
9 175
9 304
9 264
9 309
9 54
9 56
9 786
9 700
9 65
9 194
9 579
9 326
9 327
9 72
9 73
9 460
9 224
9 461
9 720
9 209
9 210
9 505
9 601
9 860
9 96
9 144
9 337
9 613
9 945
9 145
9 746
9 747
9 722
9 113
9 114
9 121
10 11
10 12
10 13
10 15
10 22
10 23
10 24
10 25
10 26
10 27
10 30
10 33
10 35
10 38
10 557
10 50
10 57
10 574
10 66
10 580
10 70
10 71
10 585
10 586
10 588
10 610
10 78
10 79
10 84
10 597
10 86
10 599
10 98
10 100
10 616
10 105
10 701
10 115
10 116
10 630
10 617
10 123
10 131
10 644
10 135
10 140
10 635
10 146
10 148
10 158
10 160
10 678
10 170
10 173
10 177
10 179
10 189
10 705
10 706
10 197
10 545
10 631
10 208
10 227
10 740
10 233
10 235
10 241
10 762
10 251
10 256
10 772
10 270
10 271
10 786
10 788
10 277
10 791
10 794
10 287
10 807
10 298
10 817
10 308
10 311
10 320
10 838
10 839
10 329
10 343
10 847
10 848
10 342
10 569
10 861
10 350
10 363
10 373
10 887
10 889
10 378
10 379
10 381
10 415
10 929
10 431
10 948
10 949
10 440
10 447
10 457
10 458
10 977
10 980
10 984
10 476
10 992
10 505
11 13
11 17
11 23
11 26
11 27
11 29
11 33
11 36
11 37
11 38
11 553
11 47
11 562
11 54
11 60
11 575
11 70
11 590
11 79
11 81
11 82
11 87
11 95
11 100
11 613
11 615
11 105
11 619
11 109
11 113
11 629
11 118
11 119
11 636
11 125
11 193
11 136
11 143
11 147
11 150
11 160
11 678
11 684
11 173
11 693
11 705
11 706
11 711
11 713
11 731
11 733
11 224
11 228
11 741
11 753
11 759
11 250
11 268
11 279
11 792
11 282
11 812
11 326
11 839
11 334
11 900
11 396
11 916
11 937
11 942
11 431
11 433
11 438
11 446
11 447
11 462
11 981
11 471
11 472
11 504
12 521
12 267
12 140
12 653
12 144
12 145
12 806
12 21
12 22
12 153
12 667
12 156
12 286
12 31
12 36
12 38
12 423
12 45
12 48
12 177
12 883
12 181
12 185
12 61
12 821
12 320
12 454
12 715
12 204
12 845
12 906
12 781
12 81
12 85
12 96
12 609
12 354
12 101
12 487
12 360
12 433
12 499
12 116
12 784
13 645
13 904
13 140
13 258
13 577
13 16
13 18
13 20
13 558
13 151
13 408
13 819
13 282
13 411
13 743
13 752
13 162
13 795
13 420
13 582
13 551
13 682
13 647
13 174
13 47
13 466
13 561
13 179
13 182
13 777
13 185
13 59
13 60
13 138
13 702
13 63
13 193
13 435
13 196
13 198
13 929
13 715
13 658
13 880
13 80
13 352
13 210
13 211
13 84
13 407
13 92
13 378
13 95
13 96
13 228
13 833
13 615
13 106
13 235
13 620
13 365
13 111
13 112
13 375
13 248
13 122
13 917
14 256
14 771
14 133
14 651
14 270
14 15
14 16
14 19
14 20
14 22
14 537
14 25
14 30
14 287
14 418
14 164
14 40
14 42
14 896
14 45
14 46
14 176
14 50
14 312
14 961
14 331
14 69
14 73
14 75
14 333
14 717
14 208
14 824
14 982
14 600
14 92
14 736
14 998
14 231
14 104
14 618
14 168
14 115
14 884
14 632
15 257
15 140
15 20
15 406
15 412
15 930
15 803
15 804
15 37
15 732
15 43
15 439
15 64
15 456
15 969
15 472
15 345
15 90
15 987
15 220
15 225
15 743
15 112
15 370
15 122
15 126
16 773
16 138
16 779
16 401
16 18
16 24
16 27
16 300
16 688
16 690
16 307
16 309
16 202
16 323
16 71
16 74
16 587
16 211
16 341
16 602
16 355
16 402
16 573
16 240
17 408
17 529
17 149
17 24
17 25
17 26
17 669
17 926
17 167
17 615
17 939
17 302
17 52
17 821
17 566
17 440
17 57
17 62
17 959
17 888
17 210
17 211
17 212
17 214
17 856
17 345
17 741
17 993
17 98
17 486
17 358
17 103
17 745
17 231
17 112
17 117
17 503
17 504
17 889
18 769
18 260
18 274
18 21
18 23
18 666
18 27
18 31
18 32
18 417
18 35
18 804
18 40
18 45
18 174
18 51
18 575
18 65
18 66
18 929
18 456
18 461
18 336
18 85
18 88
18 732
18 869
18 999
18 365
18 244
18 757
18 118
18 247
19 898
19 387
19 132
19 269
19 655
19 388
19 154
19 155
19 26
19 286
19 32
19 162
19 283
19 37
19 39
19 296
19 298
19 683
19 46
19 559
19 817
19 946
19 564
19 950
19 411
19 544
19 68
19 326
19 714
19 203
19 206
19 355
19 91
19 992
19 98
19 251
19 612
19 101
19 744
19 109
19 110
19 239
19 122
19 123
19 764
20 258
20 899
20 128
20 143
20 277
20 640
20 669
20 548
20 165
20 909
20 169
20 814
20 49
20 946
20 182
20 59
20 316
20 317
20 62
20 576
20 321
20 578
20 715
20 196
20 837
20 582
20 256
20 840
20 587
20 207
20 208
20 82
20 142
20 612
20 92
20 349
20 910
20 228
20 485
20 877
20 239
20 113
20 115
20 119
20 121
20 127
21 405
21 132
21 667
21 156
21 542
21 38
21 28
21 50
21 435
21 798
21 438
21 56
21 326
21 73
21 975
21 104
21 117
21 762
21 251
22 141
22 273
22 663
22 687
22 29
22 31
22 34
22 932
22 943
22 38
22 604
22 554
22 301
22 47
22 306
22 181
22 60
22 63
22 64
22 67
22 69
22 225
22 162
22 909
22 465
22 469
22 92
22 352
22 97
22 354
22 232
22 106
22 116
22 383
23 256
23 554
23 391
23 904
23 44
23 656
23 789
23 25
23 29
23 34
23 36
23 166
23 42
23 172
23 942
23 687
23 308
23 55
23 56
23 185
23 330
23 202
23 191
23 448
23 577
23 66
23 587
23 452
23 69
23 71
23 74
23 203
23 973
23 337
23 338
23 83
23 212
23 804
23 217
23 912
23 230
23 743
23 237
23 893
23 370
23 246
23 641
23 125
23 254
24 129
24 137
24 783
24 404
24 406
24 32
24 289
24 162
24 37
24 50
24 51
24 54
24 313
24 827
24 188
24 573
24 190
24 67
24 196
24 453
24 468
24 341
24 218
24 226
24 484
24 236
24 368
24 883
24 510
25 133
25 271
25 274
25 154
25 27
25 414
25 31
25 551
25 808
25 178
25 57
25 193
25 195
25 68
25 77
25 590
25 467
25 526
25 697
25 600
25 89
25 485
25 97
25 99
25 101
25 875
25 108
25 613
25 755
25 118
25 124
26 512
26 776
26 137
26 780
26 654
26 530
26 28
26 30
26 133
26 419
26 945
26 681
26 427
26 433
26 308
26 265
26 56
26 186
26 699
26 956
26 71
26 876
26 55
26 76
26 848
26 595
26 90
26 100
26 869
26 230
26 236
26 370
26 531
26 245
26 379
27 642
27 392
27 429
27 153
27 28
27 35
27 548
27 70
27 553
27 301
27 943
27 54
27 58
27 315
27 62
27 324
27 198
27 583
27 336
27 340
27 342
27 87
27 93
27 421
27 101
27 878
27 240
27 677
27 504
28 645
28 265
28 650
28 907
28 141
28 275
28 407
28 793
28 540
28 29
28 286
28 773
28 160
28 33
28 35
28 39
28 684
28 685
28 432
28 840
28 437
28 184
28 799
28 318
28 161
28 712
28 841
28 247
28 568
28 83
28 84
28 343
28 859
28 990
28 96
28 97
28 98
28 812
28 721
28 105
28 167
28 111
28 629
28 119
28 120
28 122
28 639
28 125
28 255
29 256
29 388
29 392
29 140
29 654
29 657
29 147
29 792
29 410
29 547
29 548
29 167
29 41
29 690
29 312
29 57
29 190
29 327
29 305
29 461
29 724
29 185
29 985
29 990
29 609
29 485
29 747
29 240
29 625
29 372
29 381
29 511
30 129
30 300
30 139
30 272
30 664
30 151
30 152
30 260
30 413
30 670
30 159
30 176
30 34
30 36
30 40
30 41
30 43
30 257
30 46
30 47
30 48
30 49
30 178
30 51
30 926
30 398
30 543
30 650
30 63
30 577
30 839
30 74
30 843
30 77
30 83
30 85
30 292
30 990
30 784
30 610
30 99
30 485
30 102
30 103
30 234
30 211
30 758
30 505
30 541
30 895
31 534
31 513
31 141
31 148
31 704
31 671
31 289
31 293
31 38
31 807
31 585
31 51
31 53
31 438
31 201
31 60
31 445
31 447
31 64
31 962
31 459
31 417
31 72
31 73
31 311
31 565
31 83
31 87
31 88
31 346
31 225
31 103
31 957
31 761
31 737
32 128
32 394
32 278
32 152
32 800
32 161
32 295
32 41
32 42
32 43
32 93
32 48
32 818
32 59
32 188
32 449
32 962
32 886
32 328
32 204
32 209
32 213
32 221
32 443
32 593
32 304
32 621
32 502
32 249
32 509
33 400
33 280
33 543
33 540
33 426
33 43
33 560
33 695
33 266
33 702
33 575
33 194
33 715
33 486
33 105
33 876
33 621
33 761
34 388
34 518
34 138
34 779
34 524
34 273
34 276
34 666
34 879
34 808
34 169
34 301
34 176
34 435
34 182
34 55
34 88
34 194
34 68
34 77
34 333
34 722
34 83
34 563
34 569
34 216
34 988
34 871
34 491
34 620
34 749
34 239
34 880
34 936
34 500
34 246
34 507
34 124
34 126
34 383
35 130
35 135
35 651
35 159
35 290
35 803
35 36
35 52
35 66
35 324
35 966
35 199
35 81
35 723
35 996
35 101
35 491
35 367
35 246
35 376
35 253
36 385
36 134
36 783
36 786
36 414
36 295
36 680
36 42
36 944
36 567
36 186
36 331
36 76
36 463
36 724
36 377
36 600
36 347
36 227
36 621
36 121
36 379
36 682
37 135
37 533
37 281
37 806
37 167
37 432
37 904
37 57
37 325
37 73
37 210
37 86
37 855
37 856
37 143
37 356
37 742
37 360
37 106
37 117
38 172
38 146
38 276
38 149
38 39
38 170
38 44
38 46
38 306
38 179
38 820
38 684
38 456
38 75
38 460
38 79
38 82
38 511
38 86
38 90
38 733
38 95
38 996
38 229
38 998
38 231
38 104
38 935
38 755
38 503
38 122
38 298
38 124
38 253
39 449
39 155
39 537
39 102
39 845
39 665
39 552
39 41
39 664
39 249
39 91
39 93
39 507
40 641
40 260
40 775
40 268
40 141
40 365
40 151
40 408
40 154
40 411
40 157
40 416
40 585
40 51
40 183
40 884
40 850
40 189
40 396
40 845
40 82
40 228
40 348
40 221
40 351
40 866
40 100
40 109
40 112
40 753
40 114
40 410
40 509
41 389
41 727
41 394
41 139
41 783
41 275
41 148
41 149
41 918
41 922
41 134
41 428
41 583
41 44
41 686
41 176
41 822
41 183
41 184
41 313
41 314
41 351
41 800
41 450
41 67
41 68
41 198
41 455
41 456
41 457
41 55
41 825
41 462
41 81
41 84
41 215
41 218
41 91
41 954
41 223
41 480
41 227
41 101
41 359
41 233
41 619
41 367
41 246
41 443
41 766
42 132
42 389
42 134
42 790
42 151
42 699
42 545
42 92
42 44
42 816
42 311
42 315
42 63
42 450
42 197
42 200
42 74
42 79
42 995
42 725
42 87
42 89
42 220
42 571
42 105
42 239
42 500
42 630
42 121
42 853
43 258
43 142
43 529
43 402
43 921
43 796
43 291
43 169
43 44
43 302
43 49
43 50
43 947
43 57
43 190
43 65
43 578
43 324
43 327
43 200
43 330
43 461
43 218
43 100
43 230
43 493
43 752
43 114
43 125
43 894
44 649
44 658
44 403
44 670
44 731
44 710
44 296
44 626
44 47
44 905
44 179
44 439
44 314
44 187
44 956
44 61
44 191
44 70
44 840
44 330
44 845
44 78
44 79
44 594
44 88
44 601
44 858
44 219
44 863
44 113
44 242
44 503
45 898
45 581
45 998
45 64
45 522
45 619
45 111
45 496
45 201
45 332
45 778
45 318
46 132
46 651
46 426
46 687
46 63
46 706
46 846
46 715
46 717
46 718
46 463
46 213
46 216
46 729
46 608
46 97
46 612
46 104
46 244
46 118
46 888
46 377
46 893
47 258
47 135
47 520
47 522
47 420
47 552
47 967
47 557
47 691
47 926
47 183
47 312
47 607
47 318
47 70
47 711
47 74
47 80
47 952
47 594
47 212
47 446
47 344
47 220
47 478
47 95
47 352
47 609
47 229
47 114
47 190
48 475
48 68
48 265
48 455
48 525
48 79
48 58
48 159
48 65
49 770
49 133
49 776
49 138
49 785
49 911
49 144
49 273
49 276
49 884
49 606
49 158
49 550
49 129
49 54
49 185
49 698
49 444
49 704
49 66
49 964
49 956
49 205
49 78
49 209
49 339
49 469
49 615
49 601
49 222
49 481
49 465
49 828
49 234
49 363
49 237
49 756
49 638
50 386
50 132
50 133
50 147
50 157
50 798
50 415
50 417
50 881
50 168
50 52
50 53
50 953
50 570
50 607
50 65
50 708
50 75
50 464
50 83
50 85
50 89
50 479
50 106
50 491
50 647
50 238
50 497
50 381
50 895
51 518
51 536
51 163
51 297
51 428
51 306
51 180
51 949
51 444
51 63
51 449
51 194
51 328
51 201
51 843
51 718
51 464
51 466
51 87
51 188
51 755
51 380
51 126
52 257
52 131
52 268
52 399
52 149
52 663
52 927
52 160
52 902
52 295
52 811
52 180
52 436
52 316
52 317
52 62
52 325
52 76
52 338
52 675
52 986
52 95
52 480
52 106
52 237
52 243
52 501
52 636
53 131
53 136
53 652
53 271
53 238
53 551
53 177
53 692
53 436
53 585
53 341
53 745
53 110
53 111
53 114
53 116
53 127
54 427
54 388
54 263
54 650
54 398
54 536
54 387
54 149
54 796
54 543
54 554
54 135
54 734
54 56
54 364
54 826
54 443
54 61
54 454
54 840
54 73
54 586
54 842
54 984
54 219
54 94
54 97
54 236
54 756
54 117
55 517
55 139
55 335
55 147
55 344
55 188
56 913
56 67
56 667
56 86
56 983
56 78
56 693
56 178
56 933
56 249
56 479
56 285
56 286
56 181
57 98
57 971
57 996
57 204
57 110
57 93
57 789
57 665
57 120
57 509
57 62
57 197
58 259
58 137
58 435
58 899
58 404
58 541
58 291
58 681
58 556
58 813
58 175
58 307
58 192
58 322
58 712
58 463
58 547
58 91
58 220
58 719
58 95
58 226
58 614
58 489
58 365
58 110
58 630
58 127
59 64
59 226
59 348
59 603
59 892
59 429
59 176
59 721
59 146
59 528
59 573
59 60
59 317
60 384
60 386
60 526
60 272
60 145
60 581
60 291
60 65
60 68
60 69
60 75
60 909
60 483
60 102
60 745
60 874
60 368
60 120
61 384
61 310
61 228
61 720
61 814
61 911
61 112
61 529
61 691
61 500
61 181
61 580
61 124
61 150
61 581
62 512
62 135
62 136
62 266
62 419
62 300
62 559
62 264
62 186
62 830
62 76
62 339
62 602
62 479
62 999
62 248
62 916
62 639
63 781
63 607
63 132
63 534
63 521
63 587
63 365
63 879
63 78
63 218
63 411
63 373
64 534
64 264
64 524
64 658
64 915
64 279
64 920
64 412
64 166
64 540
64 811
64 561
64 309
64 543
64 697
64 67
64 69
64 72
64 75
64 84
64 725
64 215
64 856
64 863
64 608
64 482
64 487
64 107
64 876
64 493
64 880
64 242
64 117
64 250
64 891
64 764
65 147
65 412
65 161
65 163
65 165
65 553
65 175
65 191
65 836
65 69
65 838
65 81
65 85
65 214
65 600
65 359
66 385
66 964
66 81
66 171
66 334
66 271
66 477
66 366
66 619
66 249
66 410
66 349
66 511
67 514
67 649
67 659
67 409
67 163
67 292
67 967
67 556
67 812
67 459
67 853
67 726
67 217
67 346
67 93
67 224
67 232
67 116
67 123
68 896
68 130
68 260
68 518
68 494
68 153
68 932
68 189
68 319
68 463
68 340
68 91
68 860
68 735
68 107
68 366
68 123
69 128
69 131
69 145
69 531
69 294
69 175
69 694
69 703
69 199
69 458
69 203
69 343
69 92
69 221
69 614
69 616
69 489
69 107
69 238
69 403
70 523
70 166
70 71
70 72
70 304
70 243
70 643
70 266
70 253
70 861
71 390
71 391
71 144
71 657
71 606
71 157
71 799
71 163
71 165
71 815
71 200
71 435
71 94
71 314
71 72
71 598
71 215
71 91
71 478
71 882
71 115
71 765
72 419
72 714
72 103
72 108
72 302
72 320
72 850
72 148
72 425
72 372
73 549
73 80
73 302
73 90
73 925
74 353
74 579
74 741
74 102
74 594
74 573
74 115
74 85
74 723
74 687
74 412
74 477
75 262
75 391
75 911
75 917
75 664
75 541
75 288
75 289
75 418
75 803
75 296
75 937
75 298
75 947
75 315
75 451
75 327
75 458
75 461
75 80
75 342
75 219
75 96
75 113
76 555
76 166
76 200
76 394
76 523
76 108
76 98
76 526
76 80
76 450
76 94
76 894
76 607
76 834
76 191
77 224
77 292
77 449
77 170
77 526
77 728
77 917
77 706
77 152
77 986
77 443
77 127
78 356
78 806
78 358
78 145
78 936
78 492
78 809
78 660
78 278
78 247
78 539
78 988
79 262
79 137
79 268
79 963
79 672
79 688
79 824
79 317
79 320
79 323
79 86
79 90
79 862
79 488
79 361
79 238
79 496
79 114
79 116
79 375
79 377
80 396
80 271
80 656
80 158
80 160
80 165
80 926
80 945
80 552
80 172
80 689
80 565
80 446
80 846
80 397
80 217
80 883
80 376
80 249
80 764
81 774
81 775
81 649
81 170
81 177
81 691
81 701
81 325
81 89
81 104
81 109
81 367
81 872
81 882
81 892
81 382
82 512
82 259
82 391
82 137
82 729
82 272
82 529
82 546
82 151
82 280
82 921
82 418
82 753
82 941
82 776
82 820
82 695
82 440
82 192
82 523
82 581
82 199
82 328
82 716
82 205
82 611
82 88
82 473
82 93
82 223
82 227
82 999
82 236
82 424
82 885
82 634
82 638
82 511
83 782
83 912
83 150
83 414
83 347
83 165
83 303
83 313
83 709
83 713
83 851
83 603
83 225
83 234
83 634
83 639
84 541
84 694
84 527
84 464
84 376
84 276
84 278
84 169
84 348
84 202
84 638
84 572
85 683
85 269
85 305
85 886
85 567
85 696
85 665
85 888
86 653
86 834
86 772
86 427
86 557
86 622
86 241
86 242
86 247
86 89
86 378
87 134
87 775
87 136
87 401
87 530
87 404
87 409
87 283
87 162
87 431
87 319
87 193
87 962
87 395
87 631
87 718
87 468
87 471
87 859
87 860
87 353
87 117
87 119
87 635
87 255
88 263
88 940
88 651
88 150
88 281
88 541
88 928
88 169
88 555
88 562
88 316
88 714
88 203
88 290
88 90
88 603
88 865
89 465
89 948
89 529
89 981
89 298
89 234
89 671
90 251
90 356
90 779
90 121
90 868
91 275
91 490
91 271
91 528
91 274
91 201
91 763
91 252
92 672
92 321
92 419
92 708
92 232
92 652
92 567
92 598
92 924
92 110
92 430
92 344
92 148
92 124
92 863
93 977
93 712
93 839
93 615
93 923
93 565
93 432
93 849
93 245
93 658
93 511
93 250
93 285
93 94
93 223
94 99
94 97
94 390
94 842
94 199
94 775
94 433
94 595
94 323
94 422
94 601
94 281
95 130
95 261
95 648
95 748
95 780
95 400
95 809
95 299
95 556
95 301
95 187
95 454
95 397
95 721
95 594
95 468
95 216
95 104
95 108
95 109
95 113
95 123
95 767
96 136
96 526
96 157
96 417
96 440
96 189
96 447
96 246
96 975
96 470
96 730
96 477
96 606
96 750
96 445
96 755
96 374
97 397
97 278
97 150
97 280
97 815
97 286
97 802
97 431
97 584
97 990
97 314
97 960
97 583
97 328
97 332
97 846
97 733
97 225
97 102
97 495
97 373
98 128
98 161
98 389
98 646
98 145
98 177
98 991
98 144
98 841
98 186
98 571
98 106
98 158
98 319
99 599
99 402
99 792
99 674
99 686
99 688
99 307
99 438
99 312
99 249
99 700
99 318
99 970
99 184
99 471
99 859
99 480
99 998
99 488
99 237
99 119
99 633
99 126
100 649
100 216
100 402
100 281
100 161
100 264
100 194
100 196
100 454
100 472
100 225
100 994
100 874
100 624
100 625
100 636
100 490
101 144
101 146
101 175
101 951
101 196
101 199
101 602
101 606
101 864
101 994
101 357
101 872
101 495
101 119
101 120
101 890
101 380
102 771
102 357
102 235
102 743
102 497
102 154
102 842
103 673
103 108
103 717
103 310
103 184
104 416
104 738
104 990
104 369
104 136
104 268
104 172
104 744
104 819
104 502
104 183
104 157
104 286
105 640
105 641
105 777
105 142
105 404
105 534
105 166
105 308
105 393
105 195
105 837
105 711
105 470
105 861
105 239
105 545
105 889
105 252
105 125
106 900
106 553
106 138
106 462
106 344
106 695
106 248
106 186
107 905
107 522
107 267
107 527
107 814
107 738
107 154
107 289
107 168
107 558
107 560
107 178
107 312
107 826
107 957
107 451
107 329
107 202
107 333
107 206
107 719
107 467
107 597
107 214
107 350
107 482
107 615
107 379
108 164
108 171
108 173
108 308
108 824
108 702
108 961
108 326
108 201
108 588
108 334
108 595
108 340
108 613
108 369
108 506
108 380
109 344
109 779
109 679
109 238
109 659
109 726
109 120
109 474
109 699
109 380
110 294
110 651
110 429
110 431
110 635
110 351
111 598
111 539
111 675
111 938
111 190
111 575
111 450
111 309
111 590
111 337
111 470
111 732
111 226
111 227
111 486
111 232
111 233
111 493
111 112
111 616
111 627
111 631
112 733
112 999
112 330
112 122
112 156
113 129
113 139
113 389
113 579
113 564
113 219
114 555
114 263
114 339
114 371
114 697
114 668
115 989
115 353
115 130
115 737
115 175
115 978
115 692
115 756
115 468
115 155
116 130
116 517
116 390
116 520
116 543
116 293
116 303
116 901
116 318
116 710
116 970
116 732
116 605
116 358
116 361
116 623
116 368
116 765
117 802
117 774
117 233
117 139
117 206
117 819
117 280
117 441
117 763
117 927
118 645
118 332
118 437
118 729
118 761
118 285
118 805
119 325
119 328
119 437
119 517
119 467
119 213
119 532
119 570
119 955
119 350
119 133
120 235
120 902
120 138
120 143
120 542
120 817
120 947
120 446
120 710
120 711
120 458
120 211
120 726
120 221
120 869
120 618
120 363
120 495
120 241
120 126
120 639
121 422
121 264
121 203
121 204
121 329
121 575
122 400
122 657
122 916
122 412
122 413
122 165
122 167
122 299
122 815
122 443
122 444
122 574
122 200
122 210
122 613
122 232
122 622
122 123
122 637
122 254
123 339
123 489
123 559
123 720
123 452
123 571
124 676
124 260
124 915
124 174
124 879
124 531
124 787
124 507
124 158
125 706
125 452
125 779
125 876
125 749
125 915
125 180
125 441
125 923
125 445
126 227
126 265
126 428
126 173
126 205
126 269
126 700
127 768
127 395
127 174
127 173
127 656
127 209
127 666
128 160
128 229
128 911
128 198
129 640
129 277
129 801
129 164
129 807
129 171
129 431
129 564
129 311
129 324
129 335
129 592
129 470
129 229
129 495
129 252
129 253
130 544
130 834
130 966
130 582
130 679
130 908
130 171
130 684
130 497
130 693
130 150
130 440
130 345
130 511
131 799
131 291
131 958
131 198
131 391
131 591
131 146
131 278
131 966
131 180
131 634
131 660
131 222
131 766
132 750
132 276
133 141
133 527
133 155
133 154
133 164
133 550
133 561
133 434
133 713
133 319
133 585
133 202
133 590
133 987
133 945
133 750
134 891
134 633
134 590
134 143
134 304
134 785
134 466
134 468
134 149
134 342
134 388
134 266
134 315
134 156
134 234
135 455
135 521
135 786
135 597
135 495
135 829
135 725
136 641
136 197
136 617
136 364
136 240
136 689
136 244
136 502
136 152
136 601
136 666
136 155
136 213
137 993
137 202
137 972
137 792
137 182
137 665
138 647
138 654
138 287
138 164
138 166
138 941
138 174
138 561
138 956
138 457
138 991
138 229
138 616
138 892
138 362
138 894
139 322
139 200
139 237
139 720
139 627
139 254
139 474
139 379
139 287
140 848
140 644
140 831
140 969
140 157
140 561
140 676
140 949
140 605
140 153
140 186
140 287
140 316
140 559
140 159
141 163
141 465
141 284
141 871
141 908
141 182
141 686
141 255
141 595
141 473
141 187
141 733
142 192
142 898
142 261
142 453
142 320
142 369
142 533
142 528
142 152
142 153
142 854
142 447
143 832
143 297
143 170
143 793
143 345
143 222
144 608
144 209
144 754
144 179
144 661
144 265
144 280
144 364
144 926
145 770
145 266
145 148
145 406
145 197
145 295
145 168
145 812
145 177
145 825
145 218
145 989
145 223
145 997
145 875
145 622
145 629
145 764
146 769
146 390
146 910
146 924
146 555
146 439
146 735
146 328
146 970
146 204
146 980
146 220
146 357
146 614
146 372
146 374
146 763
147 548
147 434
147 476
148 834
148 516
148 217
148 187
148 189
149 195
149 459
149 489
149 589
149 285
149 294
149 371
149 606
149 375
149 367
149 253
149 510
149 197
150 179
150 362
150 332
150 386
150 815
150 754
150 761
151 961
151 527
151 936
151 212
151 377
151 813
151 591
152 162
152 807
152 906
152 368
152 467
152 610
152 567
152 536
152 188
153 915
153 309
153 411
153 255
153 688
153 370
153 739
153 270
153 329
153 473
153 250
153 220
153 223
154 384
154 416
154 491
154 196
154 776
154 338
154 718
154 678
154 742
154 178
154 968
154 279
154 314
154 671
154 261
155 266
155 973
155 472
155 895
155 479
156 326
156 263
156 359
156 305
156 728
156 485
157 360
157 746
157 621
157 448
157 535
158 716
158 263
158 393
158 332
158 610
158 948
158 638
158 761
158 187
158 522
158 574
158 159
159 548
159 424
159 907
159 817
159 946
159 184
159 612
160 192
160 194
160 707
160 965
160 486
160 360
160 684
160 460
160 822
160 791
160 816
161 291
161 237
161 386
161 288
161 626
161 949
161 630
161 247
161 589
162 611
162 930
162 195
162 337
162 619
162 823
162 496
163 243
163 648
163 307
163 660
163 766
163 809
163 313
163 222
163 319
164 482
164 904
164 361
164 930
164 882
164 180
164 174
164 681
165 387
165 581
165 207
165 944
165 340
165 699
166 305
166 627
166 729
167 482
167 483
167 300
167 366
167 499
167 223
167 318
168 352
168 267
168 808
168 716
168 365
168 623
168 218
168 866
169 390
169 216
169 549
169 294
169 423
169 584
169 600
169 734
169 933
169 751
169 244
169 757
169 246
169 248
169 250
169 892
170 515
170 939
170 570
170 381
171 201
171 810
171 752
171 674
171 793
172 624
172 330
172 659
172 283
172 297
173 739
173 614
173 199
173 488
173 969
173 493
173 207
173 432
173 946
173 311
173 759
174 481
174 421
174 262
174 737
174 860
174 356
174 847
174 976
174 916
174 248
174 217
174 287
174 458
175 409
175 834
175 198
175 842
175 716
175 206
175 985
175 544
175 215
175 281
175 315
175 410
176 289
176 923
176 367
176 626
176 542
176 631
176 668
177 846
177 695
178 831
178 738
178 395
178 230
178 779
178 425
178 428
178 334
178 207
178 504
178 515
178 222
178 623
178 517
179 208
179 258
179 205
180 224
180 357
180 372
180 493
180 270
180 654
180 535
180 538
181 610
181 553
181 674
181 494
181 701
181 272
181 498
181 467
181 617
181 891
181 915
182 739
182 581
182 193
182 290
182 628
182 401
182 333
182 921
182 436
182 276
182 187
182 188
182 508
182 940
182 991
183 931
183 935
183 499
184 357
184 973
184 750
184 818
184 596
184 245
184 662
184 635
185 359
185 552
185 375
185 335
185 498
185 596
185 245
185 856
186 448
186 230
186 811
186 371
186 407
186 508
186 762
186 767
187 288
187 384
187 195
187 262
187 327
187 489
187 419
187 501
187 250
187 252
187 508
188 814
188 273
188 403
188 397
188 206
188 788
188 341
188 409
188 474
188 216
188 191
189 231
189 233
189 679
189 716
189 653
189 750
189 922
189 212
189 506
189 413
189 702
190 267
190 236
190 692
190 438
190 413
191 732
191 457
191 351
192 896
192 259
192 421
192 395
192 242
192 207
192 275
192 756
192 480
192 918
192 722
192 221
193 256
193 514
193 483
193 296
193 398
193 273
193 248
193 510
194 705
194 299
194 718
194 368
194 759
194 314
195 257
195 338
195 854
195 566
195 637
196 524
196 275
196 580
196 798
196 219
196 810
196 689
196 564
196 313
196 445
196 702
196 480
196 963
196 452
196 603
196 349
196 735
196 224
196 486
196 367
196 241
196 757
196 382
197 900
197 230
197 285
197 884
197 502
197 215
197 319
198 930
198 667
198 358
198 584
198 460
198 750
198 369
198 243
198 596
198 823
198 851
198 780
199 257
199 258
199 790
199 523
199 941
199 405
199 278
199 279
199 550
199 862
199 315
199 449
199 708
199 453
199 213
199 346
199 491
199 369
199 251
199 382
200 587
200 841
200 240
200 593
200 661
200 760
200 701
200 351
201 251
201 373
201 233
201 925
201 209
201 277
201 403
202 673
202 331
202 487
202 263
202 849
202 355
202 976
202 564
202 683
202 826
202 816
203 385
203 674
203 708
203 588
203 204
203 825
203 430
203 501
203 415
204 231
204 301
204 243
204 755
204 822
205 293
205 454
205 721
205 331
205 269
205 350
206 261
206 243
206 872
206 782
206 532
206 950
206 955
206 733
206 414
206 469
207 700
207 868
207 678
207 425
207 453
207 407
207 829
207 424
207 311
207 799
207 476
207 477
207 389
208 485
208 279
208 953
208 668
208 989
208 254
208 703
209 912
209 643
209 459
209 434
209 347
210 396
210 591
210 528
210 659
210 982
211 768
211 272
211 958
211 845
211 437
211 281
212 512
212 798
212 292
212 935
212 589
212 852
212 277
212 214
212 644
212 890
212 670
213 353
213 805
213 297
213 810
213 428
213 461
213 819
213 441
213 379
213 348
214 868
214 646
214 257
214 743
214 370
214 852
214 217
215 865
215 624
215 408
215 815
216 515
216 907
216 274
217 802
217 300
217 337
217 530
217 611
217 635
218 646
219 640
219 465
219 247
220 416
220 717
220 347
220 292
220 837
220 774
220 690
220 953
220 838
220 825
220 952
220 509
221 964
221 395
221 975
221 468
221 309
221 423
221 894
221 800
222 360
222 325
222 974
222 535
222 920
222 444
223 295
223 780
223 591
223 574
224 834
224 724
224 844
224 525
224 721
224 985
224 726
224 905
224 472
224 228
224 602
224 907
224 670
225 450
225 963
225 357
225 492
225 494
225 692
225 344
225 484
225 539
226 482
226 323
226 999
226 877
226 536
226 643
226 729
226 316
226 989
227 577
227 354
227 355
227 677
227 262
227 455
227 648
227 395
227 658
227 471
227 888
227 826
227 987
227 765
228 893
228 743
228 300
228 397
228 520
228 854
228 599
228 473
228 767
229 232
229 321
229 968
229 530
229 814
230 928
230 290
230 900
230 324
230 711
230 297
230 716
230 494
230 240
230 659
230 724
230 537
230 313
230 789
231 531
231 890
232 929
232 679
232 584
232 650
232 807
232 593
232 853
232 239
233 769
233 451
233 741
233 742
233 925
233 306
233 404
233 954
233 763
233 383
234 458
234 478
234 374
234 349
235 874
235 294
235 393
235 559
235 758
235 666
235 283
235 284
235 829
235 799
236 782
236 952
236 259
236 942
237 969
237 914
237 306
237 757
237 282
237 252
239 870
239 333
239 815
239 500
239 797
240 652
240 532
240 289
240 681
240 557
240 305
240 436
240 822
240 698
240 572
240 447
240 705
240 323
240 457
240 442
240 352
240 877
240 366
240 375
241 928
241 457
241 888
241 405
241 471
241 857
241 795
241 255
242 488
242 244
243 401
243 284
243 255
244 551
244 936
244 334
244 350
245 550
245 506
245 967
245 398
245 591
245 625
245 254
246 481
246 549
246 876
246 296
246 322
246 290
246 622
246 400
246 835
246 440
246 537
246 892
246 972
246 576
247 676
247 572
248 928
248 513
248 840
248 568
248 636
248 765
249 393
249 642
249 494
249 371
249 825
249 415
250 427
250 836
250 399
250 272
250 691
250 767
251 269
251 499
251 563
251 298
252 913
252 259
252 469
252 887
252 922
253 439
253 805
254 843
254 335
254 434
255 549
255 871
255 541
256 288
256 774
256 359
256 781
256 938
256 970
256 625
257 416
257 513
257 558
257 948
257 879
258 992
258 685
258 322
258 261
258 552
258 722
258 408
258 820
258 578
258 444
258 382
258 863
259 836
259 293
259 796
259 264
259 764
259 905
259 337
259 915
259 565
259 841
259 473
260 805
260 764
260 398
260 869
261 737
261 267
261 866
261 285
261 785
261 820
261 923
261 828
261 282
261 766
262 833
262 777
262 430
262 694
262 503
263 925
263 940
263 573
263 400
263 980
263 505
263 330
263 735
264 392
264 420
264 533
264 368
264 658
264 867
264 436
264 414
264 569
264 702
264 317
264 469
265 742
265 904
265 592
265 637
266 450
266 283
266 772
266 305
266 520
266 329
266 906
266 877
266 270
266 624
266 387
266 542
266 280
266 316
267 362
267 546
267 407
267 698
268 451
268 516
268 780
268 399
269 321
269 296
269 883
269 403
269 624
269 312
269 348
270 960
270 886
270 682
270 303
270 310
270 983
270 856
270 762
271 709
271 518
271 361
271 748
271 818
271 594
271 339
271 726
271 809
271 317
271 914
272 978
272 676
272 423
272 818
272 410
273 803
273 374
273 454
273 284
273 354
273 429
273 835
273 898
273 505
273 282
273 667
273 738
274 322
274 484
274 363
274 382
275 618
275 288
275 336
275 369
275 335
275 432
275 863
276 385
276 774
276 397
276 660
276 277
276 534
276 926
276 425
276 811
276 559
276 570
276 443
276 455
276 466
276 475
276 353
276 355
276 748
276 376
276 506
277 399
277 307
277 539
277 284
278 295
278 353
278 430
278 507
278 607
279 937
279 664
280 402
280 947
280 692
280 938
280 405
281 960
281 417
281 427
281 838
281 617
281 299
281 685
281 979
281 745
281 731
281 860
281 893
281 703
282 897
282 322
282 497
282 936
282 362
282 364
282 723
282 727
282 657
282 901
282 607
283 422
283 990
283 632
283 478
283 901
284 323
284 494
284 301
284 515
284 434
284 413
285 352
285 386
285 987
285 484
285 294
285 909
285 304
285 632
285 530
285 996
285 351
286 293
286 358
286 321
286 490
286 879
286 920
286 790
286 373
286 342
286 919
286 538
287 974
287 429
287 503
287 603
287 412
288 361
288 784
289 516
289 358
289 492
289 343
289 592
290 546
290 625
290 426
290 839
290 962
290 782
290 497
290 657
290 374
290 390
291 738
291 740
291 705
291 648
291 556
291 525
291 847
291 515
291 374
291 728
291 475
291 382
292 674
292 331
292 429
292 632
292 857
292 731
293 778
293 481
293 582
293 551
293 873
293 714
293 303
293 557
293 627
293 437
293 349
294 545
294 420
294 535
294 488
294 711
294 560
294 425
294 516
294 987
294 767
295 449
295 529
295 503
295 696
295 640
296 519
296 297
296 882
297 370
297 925
298 827
298 422
298 462
299 355
299 363
299 329
299 411
299 604
300 730
301 347
301 359
301 974
302 546
302 867
302 812
302 777
302 526
302 847
302 466
302 378
302 508
302 873
303 746
303 944
304 610
304 392
305 720
305 783
305 596
305 568
306 448
306 956
307 680
307 437
308 448
308 673
308 906
308 730
308 829
308 496
308 506
309 677
309 519
309 498
309 500
309 662
309 509
309 383
310 516
310 424
310 362
310 335
310 567
310 345
311 420
311 801
311 903
311 560
311 676
311 580
312 992
312 770
312 324
312 493
312 749
312 401
312 932
312 363
312 796
313 406
314 419
314 356
314 647
314 548
314 478
315 672
315 578
315 425
315 685
315 974
315 816
315 562
315 823
315 537
316 941
316 532
316 527
316 663
316 347
317 832
317 418
317 356
317 934
317 722
317 473
318 870
318 497
318 727
318 751
318 445
319 895
319 694
319 696
319 538
319 831
319 572
320 804
320 905
320 944
320 436
320 795
320 927
321 464
321 790
322 346
323 483
323 976
323 778
323 354
323 913
323 931
323 598
324 785
325 802
325 483
325 934
326 604
326 961
326 934
326 486
326 914
326 756
326 469
327 744
328 765
328 389
328 627
328 520
328 695
328 332
328 499
328 736
329 772
329 364
329 824
329 978
329 931
329 533
329 664
330 421
330 755
331 484
331 496
331 778
331 407
331 669
332 939
332 874
332 459
332 336
332 680
332 560
332 474
333 463
334 512
334 641
334 612
334 549
334 519
334 713
334 522
334 751
334 341
334 439
334 376
334 810
334 509
334 471
335 897
335 977
335 513
335 394
335 577
335 399
335 881
335 372
335 723
336 736
336 652
336 424
336 620
336 490
336 560
336 649
336 345
337 488
337 727
337 808
337 474
338 620
338 728
338 829
338 958
339 943
339 708
339 837
339 628
339 918
339 346
341 400
341 430
341 571
341 638
342 966
342 391
343 348
343 555
343 656
344 899
344 422
344 380
344 523
344 748
344 404
344 533
345 519
345 712
346 393
346 362
346 777
347 867
347 934
347 623
347 862
348 462
348 725
348 373
349 378
349 543
350 653
350 858
351 376
351 795
352 846
352 372
352 405
353 673
353 898
353 392
353 681
353 555
353 680
353 568
353 724
353 572
353 725
354 919
356 866
356 498
356 671
357 424
357 792
357 563
357 983
358 704
358 899
359 398
359 754
359 534
359 699
359 637
360 771
360 524
360 688
360 785
361 481
361 709
361 491
361 562
363 982
363 722
363 822
363 409
364 384
364 448
365 586
365 982
365 426
365 816
365 566
365 535
365 490
366 848
366 675
366 644
367 523
367 589
367 462
367 854
368 801
368 803
368 682
368 428
368 761
369 441
369 954
370 490
370 427
370 402
370 734
371 576
371 939
371 563
373 484
373 683
373 912
373 536
374 740
374 678
374 629
374 665
374 377
375 584
375 951
376 960
376 385
376 597
376 686
376 446
377 651
377 460
377 563
378 762
378 852
378 697
378 538
378 767
379 562
379 451
379 629
380 867
380 678
380 813
380 693
380 794
381 586
381 401
381 664
381 542
382 502
382 855
383 965
383 385
383 622
383 719
384 515
384 634
384 521
384 914
384 922
384 880
384 850
385 867
385 979
385 410
385 475
386 441
386 730
386 608
387 844
387 909
387 677
387 597
387 851
387 394
387 426
388 544
388 993
388 935
388 466
389 616
389 467
389 796
389 714
390 760
390 553
390 696
390 573
390 959
391 416
391 532
391 633
391 987
391 445
392 943
392 728
392 474
394 512
394 514
394 584
394 693
395 455
395 496
395 793
395 602
396 689
396 974
396 855
396 828
396 669
397 742
397 845
397 942
397 435
397 452
397 954
398 546
398 758
398 944
398 881
398 823
398 964
398 698
399 418
399 770
399 633
399 597
400 835
400 901
400 690
400 889
400 801
401 832
401 897
401 662
401 472
402 460
402 653
402 463
402 693
402 547
402 675
402 707
402 949
402 415
403 896
403 695
403 446
404 577
404 422
404 680
404 791
404 605
404 958
404 415
405 487
406 992
406 907
406 439
407 642
407 868
407 821
407 847
408 544
408 759
408 620
408 694
409 736
409 769
409 487
410 673
410 717
410 945
410 572
411 549
411 612
411 453
411 550
411 976
411 628
412 642
412 683
412 433
412 571
413 579
414 745
414 957
415 567
415 959
415 703
416 714
416 570
417 920
419 451
419 668
419 655
420 617
420 795
421 539
421 644
421 920
421 824
421 442
422 864
422 647
422 873
422 843
422 588
423 672
423 579
423 550
423 481
423 650
423 621
423 433
423 945
423 556
424 747
425 501
425 855
426 736
426 452
426 453
426 545
426 689
426 530
426 470
427 525
427 504
428 974
428 500
429 516
430 513
430 487
430 751
430 632
430 477
430 927
431 501
432 589
433 869
433 519
433 476
433 727
433 826
433 698
434 917
434 441
435 739
435 562
436 492
436 596
436 958
437 791
437 527
437 504
437 670
438 663
438 956
439 712
439 703
440 873
441 593
441 528
442 531
442 921
443 675
443 835
443 981
443 852
444 657
444 967
444 972
445 608
445 833
446 545
447 645
447 844
447 977
447 773
447 537
447 475
447 554
449 850
449 884
449 918
449 895
450 993
450 794
451 992
451 765
452 539
452 663
452 786
453 731
453 465
453 788
454 483
454 654
454 782
455 864
455 933
455 653
455 873
456 808
456 887
456 701
457 677
457 557
457 639
458 836
458 903
458 947
458 980
459 517
459 976
460 558
460 918
461 879
461 995
461 596
461 734
462 718
462 595
462 846
463 843
463 501
463 830
464 854
464 703
465 780
465 565
465 984
465 830
466 789
466 950
466 505
466 698
466 858
467 642
467 579
467 519
467 680
467 492
467 591
467 499
467 538
467 931
468 935
468 650
468 507
468 476
469 842
469 946
470 646
470 897
470 734
470 510
471 844
471 524
471 665
472 793
473 752
473 720
474 898
474 540
474 566
474 957
475 831
475 478
476 867
476 741
476 853
477 520
477 800
478 850
478 661
479 967
479 886
479 762
480 802
480 682
480 571
480 746
481 630
481 625
481 859
482 704
482 997
482 667
483 748
483 855
484 652
484 655
484 600
484 791
484 949
485 578
485 709
485 890
485 730
486 979
486 975
487 805
487 790
487 590
488 800
488 514
488 805
489 632
490 878
490 785
490 626
490 633
491 758
492 965
492 531
493 502
494 778
494 981
495 660
495 566
495 740
497 771
497 521
497 622
498 518
498 588
498 514
498 536
498 927
499 556
499 686
499 656
500 576
500 613
500 614
500 583
500 710
500 882
501 849
501 713
502 609
502 649
502 924
503 739
503 554
503 668
503 958
504 921
504 569
505 931
505 708
505 626
506 522
506 569
507 851
508 588
509 713
509 944
509 564
509 841
510 611
510 774
512 962
512 924
513 566
513 783
514 903
514 593
514 643
514 731
515 773
515 754
515 691
515 894
516 886
516 623
517 604
519 645
519 776
519 635
519 670
520 709
520 902
520 936
521 971
521 784
521 659
522 672
523 617
523 853
524 897
524 583
524 586
524 875
524 890
524 795
525 821
525 605
526 971
526 626
527 829
527 798
528 938
528 611
529 994
529 995
529 914
530 900
530 772
531 640
531 535
531 569
532 614
533 736
533 768
533 618
533 561
533 968
533 841
533 954
533 894
534 741
535 939
535 799
535 639
536 547
536 914
536 540
537 906
538 810
538 654
538 592
539 710
540 585
540 628
541 885
542 679
543 675
543 823
543 826
543 959
545 715
545 587
545 763
546 601
547 634
547 681
547 951
548 938
548 592
548 700
549 893
550 985
551 877
552 580
552 791
552 760
553 782
554 576
554 710
554 916
555 995
555 599
555 753
555 730
556 994
556 876
556 988
557 690
558 605
559 917
560 772
561 864
561 996
561 965
562 787
563 955
563 989
563 655
563 797
564 576
564 677
564 965
565 838
565 582
565 727
566 628
567 642
567 707
567 652
567 984
567 916
568 580
568 908
568 942
568 820
569 811
569 616
569 630
570 972
570 636
571 885
573 891
573 760
573 963
574 595
575 674
575 646
575 638
576 973
576 637
577 684
577 593
577 661
577 669
578 864
578 643
578 598
578 794
579 807
579 844
579 821
580 901
581 832
581 885
581 859
582 849
583 868
583 819
584 721
584 694
585 948
586 870
587 962
588 643
588 996
588 697
589 604
590 682
590 688
590 858
590 922
591 851
593 611
593 833
593 754
593 690
594 885
595 837
595 648
595 683
596 769
596 623
596 861
597 920
597 951
598 770
600 930
600 771
601 961
601 792
603 627
603 832
603 895
603 605
604 955
604 975
604 851
604 788
604 919
604 699
604 959
605 704
605 827
605 679
605 943
605 878
605 728
606 872
608 817
608 628
609 896
609 980
609 668
610 816
611 980
611 919
612 740
612 847
612 661
612 631
612 734
613 993
613 662
614 865
614 770
614 870
615 754
616 964
616 861
616 953
616 917
616 889
617 673
617 804
618 781
619 902
619 719
619 818
620 960
620 865
620 830
621 781
622 644
623 787
625 960
625 636
626 908
626 793
628 707
628 712
628 940
628 744
628 857
629 899
631 794
632 871
632 752
632 633
633 828
634 645
634 671
635 998
635 752
637 835
639 881
640 747
640 759
641 978
641 827
642 825
642 794
643 806
643 838
643 885
643 950
644 706
644 858
646 971
646 662
646 863
647 790
647 696
648 819
649 777
650 933
650 924
650 906
650 691
650 859
651 803
651 701
652 994
653 676
654 740
655 685
655 663
655 868
656 843
656 882
656 661
656 875
656 953
658 831
661 908
662 842
662 756
662 950
663 866
663 836
665 719
665 852
665 732
666 735
667 968
667 983
669 748
669 840
670 910
671 828
671 951
671 855
671 796
672 943
674 801
674 758
675 969
676 866
676 744
676 751
678 932
678 981
679 983
682 697
684 735
685 692
685 887
686 850
686 700
687 982
687 809
687 997
688 860
690 901
690 760
690 991
691 862
692 934
693 768
694 986
696 873
696 797
697 776
700 856
701 905
703 912
703 950
703 952
705 900
705 888
705 924
706 751
706 787
711 883
711 726
713 806
713 749
713 757
715 758
715 952
718 932
718 927
719 784
720 833
720 878
721 849
722 766
723 809
723 972
724 963
724 878
725 749
727 907
729 775
729 981
730 737
730 832
730 812
731 784
731 821
733 835
735 747
739 787
739 797
740 993
744 984
745 975
747 930
747 773
747 940
747 813
748 806
752 797
753 884
754 983
755 801
756 903
756 988
757 789
758 830
758 798
760 881
760 811
761 904
763 808
765 928
766 923
767 771
768 913
768 973
769 988
770 870
772 874
773 797
775 810
776 880
776 817
779 836
779 947
780 786
780 852
783 939
783 877
783 991
784 813
784 942
785 929
785 787
786 849
787 910
787 788
787 911
790 989
792 887
794 848
795 875
795 824
796 802
797 853
798 941
800 982
801 985
806 892
808 837
808 934
808 893
813 978
813 854
813 984
815 959
818 913
820 966
823 865
825 887
826 971
826 857
826 861
828 839
829 937
831 957
834 919
836 911
836 979
840 968
840 937
840 977
841 918
844 872
845 848
845 978
845 921
850 902
850 953
851 961
854 948
855 874
855 899
855 890
856 881
858 903
860 903
863 880
863 952
864 883
870 923
874 891
876 902
877 931
878 897
883 986
886 997
887 896
888 922
889 970
890 935
890 955
891 940
893 946
895 986
898 933
906 973
907 994
909 913
912 937
912 955
914 928
915 957
917 997
917 966
921 985
930 969
931 995
936 995
937 998
959 970
966 976
967 968
981 999
991 997
