1000 3984
0 512
0 258
0 387
0 4
0 5
0 7
0 8
0 9
0 10
0 11
0 542
0 17
0 18
0 350
0 600
0 534
0 663
0 25
0 26
0 29
0 286
0 31
0 33
0 803
0 36
0 423
0 39
0 40
0 665
0 683
0 940
0 301
0 46
0 743
0 305
0 521
0 308
0 53
0 54
0 183
0 57
0 826
0 828
0 592
0 448
0 449
0 706
0 579
0 453
0 327
0 712
0 74
0 203
0 844
0 206
0 79
0 336
0 661
0 594
0 982
0 88
0 292
0 220
0 222
0 95
0 736
0 481
0 552
0 833
0 715
0 401
0 360
0 105
0 874
0 295
0 424
0 115
0 372
0 757
0 119
0 376
0 404
0 893
0 639
1 259
1 4
1 5
1 6
1 528
1 659
1 789
1 772
1 152
1 25
1 672
1 547
1 806
1 938
1 814
1 47
1 60
1 576
1 928
1 67
1 837
1 200
1 329
1 208
1 90
1 477
1 478
1 109
1 753
1 221
1 628
1 375
1 764
1 605
2 4
2 5
2 6
2 393
2 10
2 15
2 403
2 23
2 676
2 422
2 168
2 41
2 683
2 693
2 9
2 954
2 572
2 971
2 208
2 593
2 595
2 212
2 341
2 217
2 860
2 863
2 747
2 751
2 19
2 85
3 640
3 258
3 131
3 4
3 5
3 6
3 7
3 264
3 265
3 11
3 12
3 13
3 14
3 15
3 144
3 273
3 146
3 20
3 23
3 153
3 900
3 27
3 589
3 287
3 32
3 416
3 717
3 35
3 420
3 518
3 39
3 42
3 429
3 48
3 584
3 50
3 307
3 645
3 184
3 697
3 442
3 991
3 61
3 318
3 64
3 160
3 66
3 328
3 460
3 587
3 143
3 77
3 79
3 80
3 721
3 193
3 340
3 214
3 88
3 591
3 91
3 604
3 990
3 677
3 225
3 870
3 106
3 492
3 241
3 125
3 511
4 6
4 135
4 8
4 9
4 394
4 11
4 12
4 269
4 14
4 580
4 17
4 274
4 951
4 21
4 662
4 25
4 26
4 28
4 29
4 32
4 33
4 619
4 676
4 198
4 913
4 808
4 43
4 174
4 47
4 51
4 820
4 439
4 56
4 186
4 59
4 61
4 702
4 994
4 577
4 435
4 971
4 68
4 70
4 71
4 140
4 714
4 331
4 76
4 610
4 646
4 209
4 979
4 469
4 563
4 377
4 729
4 770
4 988
4 314
4 701
4 737
4 98
4 357
4 785
4 583
4 107
4 878
4 367
4 775
4 113
4 119
4 121
4 124
4 652
5 902
5 7
5 8
5 393
5 10
5 471
5 12
5 397
5 256
5 15
5 144
5 17
5 658
5 171
5 24
5 921
5 27
5 704
5 413
5 34
5 163
5 987
5 710
5 39
5 145
5 682
5 43
5 300
5 173
5 46
5 669
5 48
5 49
5 50
5 440
5 57
5 479
5 317
5 64
5 833
5 66
5 325
5 326
5 73
5 203
5 462
5 595
5 211
5 212
5 718
5 214
5 313
5 655
5 93
5 350
5 95
5 354
5 611
5 103
5 105
5 363
5 829
5 619
5 754
5 371
5 809
5 782
5 121
5 250
5 277
6 768
6 262
6 7
6 9
6 12
6 13
6 142
6 15
6 784
6 531
6 20
6 21
6 662
6 279
6 24
6 157
6 286
6 31
6 161
6 418
6 37
6 38
6 423
6 860
6 429
6 305
6 755
6 308
6 182
6 159
6 188
6 450
6 963
6 965
6 454
6 969
6 590
6 83
6 398
6 344
6 217
6 347
6 655
6 805
6 739
6 572
6 551
6 236
6 110
6 113
6 115
6 245
6 888
6 122
6 381
6 894
7 8
7 394
7 395
7 402
7 19
7 22
7 792
7 28
7 290
7 134
7 166
7 936
7 299
7 304
7 52
7 313
7 447
7 69
7 966
7 716
7 202
7 76
7 226
7 345
7 474
7 220
7 98
7 100
7 294
7 230
7 493
7 787
7 760
7 831
8 129
8 427
8 264
8 779
8 144
8 275
8 149
8 22
8 283
8 540
8 240
8 418
8 35
8 37
8 934
8 295
8 41
8 534
8 135
8 44
8 46
8 371
8 824
8 185
8 58
8 827
8 319
8 579
8 964
8 837
8 70
8 795
8 202
8 75
8 588
8 333
8 82
8 471
8 314
8 223
8 353
8 391
8 230
8 277
8 875
8 112
8 369
8 115
8 244
8 631
8 505
8 831
8 127
9 320
9 259
9 136
9 10
9 11
9 13
9 16
9 145
9 19
9 21
9 22
9 23
9 576
9 156
9 672
9 545
9 36
9 774
9 550
9 167
9 425
9 43
9 558
9 49
9 51
9 52
9 565
9 54
9 56
9 57
9 58
9 188
9 189
9 832
9 64
9 578
9 72
9 74
9 332
9 77
9 462
9 849
9 340
9 214
9 441
9 771
9 348
9 735
9 608
9 528
9 101
9 358
9 490
9 108
9 403
9 756
9 757
9 247
9 376
9 765
9 254
10 128
10 135
10 267
10 13
10 14
10 143
10 16
10 786
10 536
10 537
10 931
10 677
10 296
10 815
10 179
10 822
10 823
10 312
10 185
10 826
10 187
10 448
10 833
10 67
10 715
10 141
10 209
10 270
10 697
10 984
10 783
10 873
10 621
10 373
10 636
11 18
11 150
11 151
11 153
11 544
11 48
11 36
11 421
11 40
11 946
11 47
11 176
11 306
11 947
11 564
11 54
11 265
11 184
11 444
11 573
11 190
11 64
11 326
11 71
11 968
11 79
11 336
11 568
11 724
11 677
11 741
11 102
11 658
11 634
12 129
12 641
12 266
12 397
12 14
12 18
12 275
12 414
12 663
12 260
12 27
12 29
12 30
12 33
12 34
12 549
12 40
12 426
12 683
12 812
12 688
12 435
12 53
12 55
12 586
12 705
12 322
12 579
12 326
12 417
12 616
12 74
12 567
12 333
12 337
12 782
12 342
12 232
12 362
12 492
12 113
12 370
12 118
12 120
12 122
12 635
12 899
12 127
13 989
13 388
13 135
13 523
13 524
13 857
13 399
13 16
13 17
13 529
13 772
13 329
13 516
13 26
13 155
13 28
13 30
13 780
13 32
13 36
13 37
13 156
13 42
13 814
13 559
13 177
13 50
13 908
13 52
13 182
13 55
13 184
13 313
13 570
13 735
13 316
13 138
13 62
13 63
13 198
13 73
13 715
13 938
13 207
13 201
13 338
13 340
13 470
13 87
13 89
13 477
13 94
13 95
13 738
13 227
13 996
13 229
13 230
13 209
13 793
13 636
13 235
13 749
13 366
13 900
13 447
13 809
13 191
13 252
13 703
14 134
14 137
14 267
14 16
14 18
14 659
14 22
14 535
14 24
14 388
14 666
14 27
14 670
14 676
14 165
14 38
14 169
14 44
14 176
14 50
14 55
14 637
14 317
14 62
14 585
14 66
14 67
14 70
14 72
14 396
14 716
14 461
14 334
14 921
14 598
14 603
14 766
14 358
14 232
14 914
14 239
14 882
14 500
14 629
14 125
14 254
15 20
15 24
15 218
15 671
15 931
15 172
15 815
15 565
15 543
15 707
15 839
15 84
15 85
15 90
15 97
15 617
15 117
15 251
16 513
16 260
16 133
16 263
16 392
16 557
16 146
16 19
16 406
16 25
16 794
16 795
16 30
16 426
16 172
16 556
16 303
16 561
16 56
16 186
16 188
16 319
16 65
16 199
16 331
16 206
16 207
16 82
16 654
16 343
16 985
16 96
16 225
16 101
16 685
16 107
16 109
16 110
16 111
16 374
16 248
16 638
17 26
17 20
17 282
17 154
17 389
17 417
17 34
17 547
17 425
17 555
17 301
17 686
17 986
17 182
17 951
17 58
17 700
17 829
17 575
17 706
17 712
17 598
17 89
17 218
17 94
17 484
17 885
17 631
17 634
17 253
17 382
18 640
18 587
18 868
18 999
18 841
18 816
18 21
18 569
18 88
18 505
19 107
19 898
19 856
19 787
19 408
19 283
19 30
19 416
19 674
19 155
19 292
19 955
19 190
19 69
19 467
19 84
19 600
19 932
19 99
19 764
19 363
19 243
19 116
19 252
20 645
20 137
20 272
20 927
20 164
20 38
20 297
20 939
20 562
20 439
20 570
20 838
20 200
20 332
20 89
20 218
20 868
20 102
20 745
20 110
20 241
20 498
21 138
21 908
21 408
21 667
21 173
21 952
21 191
21 712
21 204
21 334
21 725
21 91
21 93
21 96
21 867
21 487
21 235
21 876
21 498
21 120
22 256
22 642
22 261
22 394
22 148
22 405
22 150
22 23
22 28
22 684
22 434
22 53
22 822
22 59
22 60
22 189
22 959
22 320
22 718
22 81
22 723
22 468
22 729
22 91
22 97
22 231
22 488
22 873
22 620
22 365
22 111
22 369
22 979
22 501
22 125
23 588
23 150
23 904
23 140
23 386
23 404
23 793
23 155
23 29
23 31
23 929
23 166
23 168
23 426
23 777
23 754
23 46
23 432
23 305
23 178
23 180
23 478
23 54
23 649
23 697
23 671
23 60
23 317
23 958
23 65
23 325
23 966
23 812
23 332
23 76
23 205
23 973
23 596
23 92
23 222
23 97
23 228
23 229
23 232
23 234
23 363
23 108
23 498
23 115
23 244
23 633
24 267
24 268
24 148
24 179
24 286
24 35
24 933
24 40
24 626
24 51
24 158
24 192
24 577
24 450
24 591
24 867
24 86
24 143
24 94
24 783
24 99
24 100
24 370
24 509
25 642
25 649
25 132
25 156
25 41
25 49
25 53
25 501
25 713
25 721
25 84
25 986
25 603
25 880
25 885
25 553
25 63
25 895
26 146
26 788
26 536
26 413
26 414
26 34
26 549
26 44
26 47
26 52
26 183
26 836
26 840
26 418
26 81
26 210
26 223
26 480
26 481
26 235
26 889
26 763
26 253
27 32
27 668
27 106
27 215
27 141
27 237
27 99
27 466
27 242
27 67
27 690
27 151
27 284
27 31
28 258
28 136
28 778
28 528
28 661
28 964
28 923
28 38
28 171
28 45
28 94
28 315
28 321
28 843
28 196
28 582
28 75
28 78
28 217
28 478
28 106
28 111
29 83
29 489
29 169
29 45
29 174
29 912
29 242
29 51
29 120
29 607
29 316
29 543
30 385
30 130
30 644
30 265
30 139
30 270
30 273
30 276
30 278
30 409
30 284
30 157
30 159
30 33
30 39
30 170
30 43
30 556
30 562
30 435
30 308
30 437
30 694
30 59
30 572
30 705
30 66
30 68
30 70
30 812
30 194
30 202
30 843
30 210
30 467
30 472
30 89
30 91
30 606
30 354
30 355
30 100
30 108
30 237
30 112
30 113
30 499
30 117
30 374
30 819
30 249
30 254
31 514
31 903
31 139
31 770
31 791
31 925
31 37
31 306
31 134
31 501
31 834
31 323
31 580
31 464
31 82
31 213
31 859
31 93
31 736
31 868
31 236
31 499
31 62
32 139
32 173
32 279
32 668
32 541
32 160
32 554
32 45
32 558
32 304
32 820
32 569
32 954
32 331
32 72
32 75
32 525
32 87
32 475
32 98
32 871
32 235
32 625
32 754
32 116
32 507
33 141
33 280
33 666
33 161
33 35
33 41
33 811
33 437
33 60
33 61
33 193
33 197
33 457
33 88
33 102
33 231
33 105
33 747
33 118
33 765
34 483
34 228
34 497
34 42
34 566
34 909
34 558
34 246
34 830
34 959
35 320
35 175
35 995
36 288
36 704
36 99
36 165
36 42
36 881
36 307
36 773
36 181
36 567
36 219
36 604
36 61
36 453
37 193
37 610
37 131
37 197
37 519
37 684
37 44
37 174
37 368
37 227
37 154
37 987
37 158
38 581
38 137
38 561
38 211
38 469
38 920
39 577
39 98
39 132
39 653
39 199
39 491
39 300
39 45
39 141
39 222
39 87
39 706
39 324
39 986
39 444
39 285
40 163
40 273
40 776
40 78
40 49
40 339
40 142
40 849
40 590
40 907
40 414
40 63
41 404
41 790
41 539
41 540
41 288
41 162
41 553
41 48
41 183
41 448
41 459
41 73
41 75
41 77
41 718
41 79
41 335
41 601
41 475
41 740
41 485
41 379
41 381
42 261
42 391
42 658
42 899
42 407
42 153
42 543
42 619
42 820
42 566
42 57
42 186
42 927
42 65
42 717
42 484
42 218
42 612
42 486
42 127
42 876
42 109
42 627
42 503
42 123
42 383
43 706
43 699
43 68
43 294
43 104
43 886
43 343
43 81
43 149
43 246
43 279
43 312
43 219
43 63
44 483
44 527
44 304
44 85
45 224
45 228
45 293
45 550
45 72
45 156
45 167
45 109
45 157
45 742
45 830
45 703
46 390
46 654
46 924
46 159
46 301
46 520
46 692
46 73
46 56
46 186
46 841
46 973
46 468
46 97
46 114
46 242
46 247
46 121
47 871
47 77
47 205
47 885
47 438
47 772
48 649
48 912
48 926
48 931
48 175
48 176
48 692
48 572
48 582
48 71
48 202
48 979
48 86
48 348
48 101
48 486
48 105
48 236
48 511
49 848
49 130
49 835
49 356
49 582
49 973
49 80
49 177
49 243
49 755
49 233
49 152
49 379
49 670
49 799
50 80
50 55
50 248
50 827
50 415
51 482
51 165
51 861
51 231
51 743
51 253
51 345
52 576
52 321
52 520
52 362
52 179
52 916
52 757
52 118
52 887
52 349
52 62
53 196
53 342
53 519
53 808
53 110
53 144
53 78
53 249
53 282
54 162
54 323
54 936
54 266
54 848
54 210
54 213
54 473
54 153
55 65
55 355
55 420
55 806
55 168
55 428
55 810
55 558
55 489
55 612
55 348
55 126
56 225
56 195
56 69
56 200
56 74
56 847
56 264
56 270
56 142
56 906
56 798
57 772
57 523
57 531
57 538
57 160
57 555
57 953
57 58
57 59
57 69
57 83
57 84
57 855
57 857
57 90
57 741
57 865
57 357
57 127
58 71
58 112
58 529
58 561
58 119
58 282
58 817
58 478
59 96
59 512
59 711
59 104
59 796
59 170
59 269
59 686
59 975
59 80
59 392
59 378
59 298
59 92
59 221
59 447
60 779
60 136
60 279
60 172
60 463
60 146
60 86
60 377
60 197
61 385
61 130
61 278
61 651
61 140
61 386
61 150
61 538
61 796
61 285
61 517
61 666
61 909
61 173
61 942
61 436
61 569
61 192
61 68
61 197
61 454
61 713
61 460
61 463
61 95
61 482
61 891
61 101
61 616
61 238
61 114
61 630
61 869
61 376
61 633
61 250
61 763
61 766
62 642
62 133
62 134
62 143
62 914
62 148
62 290
62 169
62 688
62 418
62 859
62 350
62 225
62 485
62 103
62 106
62 359
62 627
63 288
63 487
63 133
63 359
63 329
63 552
63 428
63 337
63 946
63 691
63 884
63 446
63 534
63 657
63 605
63 286
64 482
64 518
64 359
64 600
64 302
64 495
64 145
64 339
64 838
64 248
64 615
64 157
64 926
65 357
65 329
65 302
65 431
66 416
66 800
66 357
66 883
66 647
66 268
66 752
66 81
66 595
66 563
66 532
66 438
66 183
66 875
66 123
66 319
67 419
67 900
67 745
67 483
67 404
67 565
67 92
67 989
67 126
68 960
68 259
68 76
68 365
68 803
68 180
68 470
68 836
68 859
69 224
69 840
69 299
69 181
69 93
70 514
70 643
70 774
70 137
70 906
70 367
70 284
70 158
70 416
70 798
70 795
70 164
70 687
70 440
70 693
70 195
70 709
70 78
70 212
70 214
70 602
70 750
70 111
70 246
70 375
70 121
70 763
71 997
71 877
71 83
71 918
71 187
72 257
72 808
72 940
72 117
73 139
73 82
73 436
73 309
73 86
73 953
73 829
73 853
74 128
74 422
74 680
74 906
74 466
74 272
74 434
74 117
74 886
74 831
75 452
75 614
75 303
75 752
75 118
75 745
75 984
76 385
76 907
76 273
76 274
76 664
76 538
76 670
76 161
76 290
76 519
76 816
76 946
76 436
76 184
76 698
76 335
76 338
76 87
76 869
76 738
76 739
76 229
76 108
76 722
76 119
76 120
76 124
77 128
77 400
77 866
77 566
77 432
77 678
77 237
77 206
77 240
77 369
77 163
77 85
77 528
77 216
77 634
77 890
78 128
78 257
78 776
78 277
78 793
78 162
78 548
78 430
78 315
78 193
78 327
78 333
78 727
78 863
78 999
78 744
78 114
78 887
78 634
78 893
79 260
79 264
79 266
79 527
79 275
79 152
79 281
79 968
79 454
79 456
79 331
79 344
79 604
79 100
79 874
79 147
79 131
79 126
80 226
80 292
80 362
80 107
80 205
80 339
80 532
80 213
80 90
80 476
80 437
81 387
81 420
81 805
81 201
81 937
81 505
81 219
81 797
82 208
82 483
82 132
82 396
82 957
83 194
83 291
83 580
83 805
83 104
83 171
83 403
83 973
83 838
83 433
83 530
83 179
83 116
83 826
83 282
83 732
83 199
84 129
84 162
84 387
84 549
84 103
84 908
84 311
84 353
84 174
84 918
84 660
84 238
84 398
84 787
84 281
84 733
85 293
85 295
85 169
85 491
85 439
85 124
86 166
86 490
86 238
86 696
86 755
86 302
87 192
87 667
87 520
87 280
87 283
87 769
88 252
88 653
88 515
88 564
88 791
88 767
88 92
88 957
88 159
89 513
89 130
89 102
89 170
89 844
89 590
89 207
89 429
89 475
89 554
90 256
90 228
90 104
90 297
90 971
90 877
90 384
90 147
90 464
90 246
90 239
91 448
91 708
91 133
91 617
91 694
91 407
91 504
91 891
91 382
92 459
92 116
93 896
93 388
93 776
93 686
93 691
93 151
94 96
94 388
94 593
94 316
94 239
94 114
94 877
94 601
94 303
94 719
95 516
95 485
95 268
95 622
95 965
96 864
96 496
96 443
96 709
96 614
96 103
96 180
96 310
96 633
96 126
97 352
97 428
97 657
97 474
97 223
97 956
97 287
98 588
98 546
98 993
98 758
98 524
98 428
98 962
98 240
98 657
98 624
98 694
98 215
98 473
98 777
98 446
99 112
99 441
99 324
100 160
100 496
100 830
100 260
100 975
100 136
100 650
100 551
100 400
100 824
100 887
100 980
100 545
100 967
100 544
100 122
100 239
101 515
101 682
101 673
101 554
101 236
101 253
101 370
101 147
101 855
101 889
101 154
101 410
102 387
102 294
102 262
102 650
102 175
102 774
102 185
102 879
102 125
103 519
103 265
103 145
103 278
103 281
103 158
103 296
103 300
103 430
103 177
103 587
103 593
103 995
103 861
103 354
103 227
103 621
103 494
103 367
103 255
104 641
104 742
104 647
104 562
104 366
104 434
104 347
104 220
104 605
104 542
105 396
105 910
105 209
105 149
105 599
105 447
105 293
106 608
106 363
106 272
107 290
107 140
107 369
107 692
107 181
107 612
107 410
107 351
108 857
108 334
108 919
108 247
108 441
108 955
108 415
109 580
109 438
109 177
109 368
109 560
109 346
109 351
110 230
110 910
110 318
110 255
111 672
111 231
111 744
111 716
111 398
111 372
111 245
111 697
111 794
111 862
112 129
112 243
112 949
113 166
113 395
113 172
113 414
113 317
113 581
114 896
114 834
114 298
114 663
114 413
114 394
114 344
114 665
114 412
115 449
115 390
115 298
115 646
115 232
115 152
115 381
116 262
116 585
116 915
116 474
116 477
116 863
117 707
117 165
117 679
117 530
117 306
117 599
117 557
117 541
117 170
118 596
119 161
119 263
119 712
119 234
119 551
119 813
119 783
119 593
119 362
119 243
119 196
119 662
119 375
119 185
119 737
119 192
119 703
120 256
120 482
120 291
120 356
120 945
120 970
120 942
120 687
120 465
120 467
120 873
120 537
120 607
120 309
121 271
121 148
121 149
121 132
121 930
121 296
121 940
121 941
121 178
121 314
121 705
121 476
121 738
121 744
121 234
121 242
121 502
121 122
121 123
122 578
122 699
122 648
122 713
122 778
122 333
122 271
122 123
122 124
122 925
122 542
122 639
124 131
124 164
124 200
124 974
124 846
124 328
124 468
124 470
124 444
124 341
125 384
125 182
125 490
125 431
125 622
125 725
126 327
126 732
126 339
126 203
126 749
126 275
126 983
126 825
126 399
126 284
126 319
127 226
127 168
127 726
127 216
127 602
127 858
127 510
128 385
128 786
128 875
128 556
128 461
128 817
128 690
128 462
128 471
128 472
128 378
129 545
129 294
129 882
129 562
129 147
129 372
129 154
129 892
129 989
130 449
130 323
130 711
130 138
130 748
130 637
130 382
130 310
130 825
130 794
130 508
130 533
131 138
131 207
131 311
132 864
132 289
132 142
132 560
132 366
133 417
133 259
133 360
133 867
133 427
133 978
133 306
133 195
133 500
133 566
133 476
134 648
134 987
135 555
135 718
135 656
135 627
135 151
136 451
136 234
136 252
136 312
137 171
137 364
137 334
137 464
137 508
137 629
138 494
138 527
138 728
138 479
139 966
139 682
139 189
140 865
140 267
140 844
140 477
140 210
140 643
140 436
140 758
141 361
141 633
142 289
142 511
143 769
143 272
143 274
143 311
143 490
144 322
144 390
144 635
145 307
145 691
145 693
145 924
146 961
146 263
146 338
146 163
146 856
146 313
147 647
147 779
147 915
147 535
147 664
147 922
147 412
147 925
147 799
147 803
147 164
147 947
147 825
147 194
147 395
147 198
147 713
147 720
147 216
147 223
148 257
148 807
148 204
148 178
148 828
149 998
149 550
149 785
149 466
149 661
149 893
149 607
150 623
150 943
151 262
151 176
152 714
152 221
153 992
153 578
153 324
153 456
154 386
154 355
154 641
154 395
154 269
154 175
154 464
154 786
154 247
154 656
154 155
154 189
155 993
155 226
155 347
155 998
155 883
155 354
155 494
155 431
155 241
155 308
155 974
155 790
155 440
155 409
155 283
155 540
155 602
156 740
156 517
156 871
156 460
156 400
156 351
157 258
157 167
157 522
157 277
158 422
158 266
158 303
158 597
159 861
159 244
159 661
159 413
160 352
160 201
160 271
160 469
161 832
161 291
161 356
161 391
161 554
161 430
161 271
161 419
161 878
161 191
162 742
162 781
162 489
162 860
163 923
163 167
163 967
163 187
164 432
165 195
165 211
165 911
165 401
165 215
165 762
165 188
165 654
166 384
166 640
166 389
166 552
166 427
166 401
166 178
166 350
166 539
166 956
166 733
166 254
167 773
167 522
167 523
167 204
167 205
167 465
167 818
167 276
167 631
167 472
167 569
168 547
168 774
168 469
168 368
168 181
168 442
168 479
169 711
169 424
169 233
169 274
170 771
170 390
170 777
170 522
170 495
170 211
170 342
171 843
171 309
171 215
171 728
171 380
171 201
171 443
171 222
172 320
172 649
172 372
172 251
173 644
173 358
173 568
173 747
173 561
173 216
173 933
174 835
174 807
174 301
174 533
175 461
175 373
176 337
176 850
176 567
176 669
177 933
177 939
178 409
178 198
178 793
178 446
178 536
178 187
178 220
178 190
179 440
179 398
179 433
179 180
179 663
179 285
180 901
180 330
180 452
180 250
180 734
180 287
181 322
181 203
181 810
181 525
181 206
181 557
181 208
181 945
181 467
181 601
181 719
181 834
181 445
181 510
181 191
182 674
182 518
182 455
182 746
182 563
182 855
182 825
183 199
183 458
183 597
183 310
183 923
184 768
184 422
184 300
184 944
184 500
184 190
185 224
185 581
185 459
185 461
185 213
185 918
187 545
187 196
187 648
187 425
187 963
187 577
188 194
188 423
188 552
188 590
188 531
188 341
188 406
188 312
188 570
188 796
189 291
189 438
189 584
189 468
189 244
189 361
189 217
189 541
190 233
190 534
190 410
190 508
191 514
191 835
191 610
191 491
191 753
192 583
192 456
192 969
192 212
192 412
192 990
193 480
193 353
193 311
193 665
193 794
193 924
193 285
194 322
194 646
194 328
194 700
194 523
194 699
195 420
195 785
195 553
195 364
195 344
195 946
195 470
195 599
195 452
195 250
196 345
196 861
197 514
197 732
197 421
197 238
197 336
197 997
197 389
198 866
198 844
198 559
198 219
198 733
199 496
199 902
199 826
200 976
200 592
200 920
200 886
201 804
201 504
201 454
201 551
201 392
201 204
201 787
201 564
201 631
201 408
201 762
201 798
202 227
202 935
202 630
202 249
203 622
204 346
205 604
205 702
206 611
206 453
206 839
206 307
206 473
207 992
207 980
207 229
207 878
207 451
207 276
207 278
207 890
207 348
207 767
208 544
208 547
208 452
208 994
208 557
208 653
208 304
208 660
208 249
209 643
209 677
209 977
209 441
209 298
210 609
210 994
210 899
210 780
210 784
210 411
211 976
211 884
211 597
211 407
211 664
211 988
211 349
212 673
213 624
213 782
213 629
213 465
213 947
213 915
213 405
213 411
213 509
213 766
214 330
214 399
214 496
214 233
214 959
214 446
214 255
215 353
215 323
215 932
215 870
215 327
215 332
215 530
215 245
215 965
216 708
216 485
216 455
216 839
216 560
216 689
216 248
216 221
217 352
217 956
217 694
217 856
217 380
218 961
218 539
218 497
218 521
218 268
218 635
218 611
218 245
218 657
218 347
218 767
219 488
219 740
220 714
220 455
220 432
220 241
220 568
221 299
221 814
221 402
221 280
222 961
222 325
222 917
222 280
222 251
223 224
223 358
223 481
223 813
224 512
224 695
224 567
225 620
225 982
225 727
225 281
226 999
226 430
226 792
226 381
227 429
227 559
228 791
228 237
228 654
228 953
228 251
229 352
229 784
229 451
229 360
229 503
229 269
229 240
229 533
229 982
229 316
230 977
230 951
231 687
231 443
232 546
232 263
232 297
232 458
232 630
232 734
233 401
234 481
234 803
234 811
234 524
234 397
234 337
234 533
234 342
234 606
235 800
235 270
235 976
235 919
235 575
235 318
235 405
236 257
236 801
236 907
236 717
236 471
236 857
236 698
236 929
237 950
238 374
239 994
239 356
239 998
239 753
239 437
239 797
240 367
240 435
242 261
242 335
242 734
242 613
243 681
243 975
243 700
245 972
245 845
245 606
247 512
247 261
247 941
247 821
247 956
247 989
248 788
248 727
248 573
249 897
249 360
249 685
249 462
249 500
249 330
249 405
250 292
250 421
250 255
251 288
251 343
252 972
252 914
253 324
253 455
253 858
254 373
254 412
254 383
255 964
255 905
257 384
257 289
257 386
257 897
257 449
257 908
257 578
257 532
257 349
257 287
258 903
258 309
258 383
259 556
260 584
260 885
260 919
260 378
261 293
261 402
261 824
261 862
262 827
262 495
262 934
262 276
262 696
262 378
262 571
262 540
262 762
263 451
263 759
263 780
263 755
263 310
263 315
264 594
264 392
264 338
264 854
265 302
265 406
265 346
265 700
266 671
267 651
267 888
267 974
267 763
268 722
268 626
268 502
268 895
269 730
269 361
269 620
269 365
269 913
269 658
269 346
270 737
270 585
270 393
270 719
270 894
270 407
271 714
272 458
272 355
272 365
273 623
273 851
273 725
273 927
273 735
275 769
275 610
275 996
275 297
275 498
275 343
275 377
275 669
276 710
276 488
276 345
276 805
277 376
277 411
278 872
278 368
278 509
279 417
279 546
279 325
279 914
280 773
280 791
280 399
280 926
280 415
280 383
281 546
281 424
281 393
281 642
282 305
282 335
282 766
282 895
283 502
284 289
284 487
284 424
284 426
284 370
284 950
285 685
285 373
285 571
286 321
286 837
286 821
286 627
286 341
286 379
287 848
287 688
287 928
287 565
288 608
288 675
288 862
288 314
288 445
288 318
289 874
289 366
289 925
289 503
289 573
290 891
291 811
291 530
292 295
292 917
292 981
293 599
293 986
294 802
294 296
294 722
294 371
295 645
295 582
295 965
296 299
296 991
297 391
297 935
297 529
297 892
298 833
298 674
298 998
298 941
298 834
298 460
298 690
298 494
298 463
298 502
298 380
299 596
299 949
299 662
300 501
300 537
300 445
301 613
301 326
301 819
301 645
302 675
302 406
302 673
302 877
302 782
302 848
302 854
302 374
302 315
302 741
303 330
303 695
304 656
304 359
304 726
305 724
305 375
306 450
306 746
306 364
306 845
306 655
306 434
306 377
306 981
308 851
309 651
310 801
310 867
310 723
310 568
312 932
313 929
313 400
313 983
314 506
315 584
315 695
316 770
316 611
316 439
317 321
317 328
317 618
318 488
318 336
318 491
320 801
320 679
320 944
320 675
320 602
321 996
321 427
321 748
321 626
321 883
322 910
322 526
323 598
323 710
323 903
323 521
323 790
323 403
325 675
325 807
325 936
325 364
325 527
325 340
325 664
325 655
326 361
326 876
327 621
327 371
329 550
329 618
329 619
329 652
329 775
329 499
329 981
329 476
329 351
330 617
330 909
331 903
331 727
331 408
332 932
332 583
333 749
333 379
335 778
336 492
336 756
336 349
337 499
337 762
337 507
338 783
338 504
338 850
340 525
341 771
341 389
341 842
341 831
343 897
344 503
345 968
345 778
345 878
346 419
346 516
346 731
346 638
347 445
347 730
349 571
350 744
351 864
351 781
351 431
351 595
351 509
352 954
352 860
354 484
354 698
356 815
356 513
356 756
356 922
356 699
356 637
357 515
357 767
358 708
358 380
358 733
359 843
360 667
360 852
360 539
361 450
361 788
361 734
361 382
362 637
362 574
362 639
363 904
363 823
363 717
363 978
363 761
363 731
364 495
364 535
364 991
365 486
365 941
366 678
366 493
366 402
366 659
366 698
367 613
367 487
367 456
367 687
367 531
368 895
369 521
369 976
369 442
369 670
370 920
371 955
371 419
371 589
371 948
371 411
372 873
373 847
373 459
373 410
373 507
373 671
375 516
375 943
375 638
376 548
376 396
376 668
377 421
377 425
377 683
378 457
378 506
379 532
380 409
380 581
380 904
380 789
380 535
382 743
382 692
384 480
384 522
384 680
384 458
384 797
385 526
385 764
386 625
386 795
386 510
386 415
387 583
387 433
387 689
388 928
388 457
389 586
389 702
391 484
391 397
391 594
391 628
391 824
392 752
392 853
393 899
393 905
393 823
393 765
394 838
394 504
394 574
395 433
395 466
396 845
396 947
397 738
397 995
397 691
397 443
398 709
398 592
398 886
399 715
399 751
399 511
400 993
400 489
401 930
401 876
402 681
402 442
403 594
403 948
403 764
404 574
405 555
405 889
406 592
406 493
406 890
406 475
407 923
407 423
407 620
407 588
407 624
407 754
408 596
410 931
410 615
410 688
410 828
411 524
411 891
414 681
414 696
415 526
416 463
418 586
418 497
418 894
418 810
419 453
419 615
419 939
419 507
420 506
420 542
420 607
421 723
422 517
422 486
422 457
422 818
422 916
422 508
422 618
423 656
423 820
423 701
425 904
425 444
426 720
426 676
426 587
427 472
428 978
428 479
428 541
429 705
429 872
430 818
432 845
432 950
432 695
433 544
433 518
433 945
433 667
434 992
434 902
434 693
435 916
435 821
436 972
436 492
437 711
438 704
439 612
440 816
440 474
440 830
441 949
441 726
441 984
442 678
442 909
442 792
442 473
442 605
443 538
444 515
444 614
444 777
445 549
445 652
445 842
445 573
446 832
446 609
446 591
446 852
446 921
447 576
447 901
447 520
447 650
447 652
447 632
447 732
448 865
448 665
448 746
448 575
450 609
450 898
450 536
450 858
451 775
451 748
451 840
452 742
453 589
453 721
453 505
453 635
455 672
455 465
456 643
457 480
457 779
460 644
460 765
462 613
462 622
462 603
466 526
467 951
467 955
468 935
468 892
468 716
469 761
470 841
470 880
470 889
471 608
471 750
471 606
471 543
472 506
473 969
473 571
473 574
474 731
475 600
476 808
476 701
477 879
478 962
478 591
478 881
479 685
479 776
479 730
481 493
481 944
481 853
482 640
482 888
484 888
484 828
485 847
485 851
487 497
488 513
488 933
488 510
489 804
489 911
489 788
489 853
490 829
491 553
491 979
493 719
493 816
493 603
494 837
496 548
496 784
497 770
497 934
497 743
497 660
497 854
497 537
498 896
498 993
501 709
501 758
501 689
501 949
503 548
503 669
504 939
504 651
504 525
504 529
507 960
508 846
508 570
510 579
510 618
510 575
511 615
512 517
512 752
517 625
518 673
518 775
519 769
519 680
521 882
521 729
522 919
525 862
526 702
527 851
529 708
530 723
531 751
532 616
532 629
532 624
533 780
533 818
533 597
534 960
535 646
535 632
536 954
538 614
538 617
540 636
541 872
541 650
542 879
544 704
544 559
544 852
546 802
546 943
547 858
548 768
549 707
549 586
549 589
549 753
549 819
549 995
550 710
550 937
550 563
554 850
555 736
555 781
555 560
555 922
555 701
556 846
556 623
557 797
558 815
559 564
560 836
560 983
561 659
561 725
562 813
562 696
562 761
563 800
563 598
563 849
563 790
564 813
564 628
566 724
566 730
567 859
569 849
569 883
569 760
571 636
571 796
572 842
573 666
575 585
575 751
575 660
577 978
578 974
581 881
581 911
582 678
582 871
582 623
584 785
584 759
585 985
587 961
587 745
588 806
588 621
588 653
588 616
588 980
588 601
588 638
593 990
593 822
593 639
594 881
595 884
595 703
596 679
597 632
597 892
598 630
599 872
599 632
600 916
601 906
602 950
603 922
604 917
605 682
605 912
605 920
606 722
607 609
607 739
608 912
608 945
608 874
610 686
611 648
612 626
612 668
613 680
615 799
616 879
616 952
618 746
618 957
619 628
620 970
622 674
622 625
622 731
623 921
623 893
624 915
626 768
627 801
628 644
628 647
629 740
631 850
632 736
632 875
632 887
632 948
635 969
636 799
637 804
637 814
638 720
638 880
638 792
639 641
639 689
639 975
640 735
641 835
642 842
643 756
643 988
644 737
644 963
646 960
648 935
648 750
648 690
649 817
651 966
653 707
654 802
654 940
654 913
655 760
655 958
657 907
657 760
659 679
659 809
659 781
659 726
659 991
660 866
661 865
663 943
663 724
664 681
667 900
668 970
668 757
668 821
670 786
671 804
677 748
678 938
679 684
679 988
680 789
682 864
682 789
682 856
683 684
688 822
688 728
689 809
689 729
690 866
690 720
692 971
693 728
695 977
699 749
701 997
702 771
702 985
703 798
707 759
707 890
708 902
709 967
709 918
710 962
710 761
711 944
714 841
714 721
716 832
716 806
716 810
717 800
720 741
720 747
723 972
723 982
724 942
727 929
729 870
729 957
730 839
730 750
733 773
733 847
733 917
733 759
737 930
737 953
738 739
740 869
740 855
744 840
744 936
746 836
751 817
753 898
753 884
756 758
757 928
759 819
762 870
765 863
769 854
771 942
773 802
773 882
777 980
778 959
779 811
781 897
781 905
784 898
785 807
790 952
797 812
801 927
807 846
808 869
808 868
810 827
817 981
818 958
819 926
819 823
819 894
820 938
823 970
824 952
828 905
829 852
830 910
831 962
831 934
834 967
844 930
844 963
844 880
847 948
850 911
853 997
856 937
859 937
859 913
860 983
861 977
861 985
868 896
868 901
878 924
880 999
896 901
906 958
917 992
935 987
939 984
950 990
956 964
963 968
965 996
