1000 7936
0 769
0 260
0 8
0 9
0 10
0 395
0 12
0 398
0 15
0 17
0 407
0 410
0 542
0 415
0 290
0 934
0 39
0 45
0 945
0 51
0 54
0 60
0 446
0 63
0 192
0 608
0 451
0 69
0 968
0 335
0 723
0 86
0 728
0 603
0 478
0 523
0 482
0 99
0 615
0 111
0 628
1 8
1 9
1 10
1 11
1 13
1 14
1 15
1 16
1 18
1 19
1 20
1 22
1 23
1 536
1 25
1 26
1 36
1 39
1 40
1 43
1 44
1 48
1 52
1 68
1 70
1 73
1 87
1 88
1 89
1 602
1 92
1 605
1 98
1 103
1 616
1 105
1 107
1 108
1 115
1 117
1 120
1 122
1 123
1 124
1 127
1 647
1 153
1 666
1 155
1 668
1 164
1 170
1 171
1 173
1 688
1 180
1 799
1 196
1 893
1 719
1 211
1 221
1 751
1 754
1 757
1 260
1 774
1 556
1 268
1 270
1 278
1 287
1 801
1 313
1 828
1 318
1 321
1 333
1 356
1 872
1 381
1 385
1 386
1 390
1 404
1 918
1 411
1 924
1 950
1 959
1 972
1 976
1 987
1 489
1 500
1 502
1 505
1 682
2 736
2 609
2 785
2 67
2 644
2 982
2 753
2 8
2 9
2 274
2 144
2 744
2 82
2 195
2 598
2 56
2 25
2 251
2 764
2 541
3 513
3 520
3 9
3 10
3 11
3 13
3 14
3 16
3 18
3 20
3 21
3 25
3 26
3 28
3 541
3 33
3 35
3 36
3 37
3 40
3 42
3 43
3 44
3 47
3 8
3 50
3 51
3 55
3 58
3 62
3 64
3 72
3 73
3 589
3 590
3 87
3 94
3 97
3 103
3 622
3 114
3 116
3 631
3 130
3 131
3 654
3 143
3 657
3 658
3 672
3 161
3 163
3 677
3 168
3 690
3 186
3 700
3 199
3 715
3 205
3 211
3 724
3 232
3 233
3 234
3 237
3 254
3 770
3 779
3 283
3 286
3 293
3 817
3 810
3 305
3 309
3 317
3 844
3 845
3 334
3 851
3 344
3 356
3 369
3 574
3 888
3 383
3 386
3 395
3 908
3 912
3 401
3 414
3 416
3 421
3 431
3 433
3 954
3 476
3 480
3 507
4 514
4 132
4 8
4 9
4 266
4 11
4 813
4 528
4 17
4 904
4 660
4 22
4 151
4 24
4 28
4 158
4 33
4 475
4 420
4 423
4 40
4 171
4 685
4 47
4 816
4 456
4 180
4 56
4 188
4 446
4 453
4 200
4 201
4 460
4 84
4 598
4 505
4 473
4 219
4 92
4 353
4 356
4 358
4 103
4 104
4 364
4 365
4 872
4 243
4 894
4 119
4 120
4 212
4 250
4 254
5 256
5 641
5 130
5 515
5 976
5 902
5 263
5 8
5 9
5 10
5 395
5 12
5 14
5 15
5 16
5 657
5 21
5 150
5 151
5 28
5 413
5 544
5 673
5 35
5 804
5 293
5 678
5 41
5 43
5 46
5 607
5 179
5 52
5 54
5 695
5 57
5 314
5 249
5 60
5 330
5 63
5 620
5 66
5 69
5 329
5 202
5 503
5 476
5 336
5 291
5 215
5 216
5 985
5 348
5 479
5 97
5 443
5 100
5 489
5 236
5 493
5 239
5 242
5 375
5 121
5 122
5 191
6 503
6 611
6 771
6 772
6 774
6 135
6 8
6 307
6 10
6 11
6 12
6 269
6 14
6 499
6 17
6 531
6 276
6 21
6 22
6 664
6 666
6 28
6 925
6 31
6 160
6 33
6 34
6 36
6 950
6 38
6 156
6 682
6 519
6 44
6 946
6 430
6 688
6 520
6 50
6 51
6 437
6 182
6 312
6 59
6 60
6 845
6 832
6 544
6 709
6 776
6 140
6 203
6 482
6 589
6 336
6 339
6 596
6 782
6 875
6 91
6 92
6 609
6 354
6 483
6 294
6 489
6 362
6 491
6 720
6 878
6 893
6 115
6 500
6 245
6 886
6 119
6 252
6 509
6 277
7 515
7 8
7 9
7 10
7 11
7 12
7 13
7 16
7 18
7 19
7 21
7 24
7 537
7 26
7 27
7 29
7 33
7 40
7 553
7 43
7 48
7 49
7 50
7 568
7 58
7 571
7 75
7 77
7 78
7 82
7 84
7 601
7 106
7 125
7 533
7 137
7 138
7 144
7 148
7 668
7 159
7 673
7 679
7 680
7 169
7 175
7 688
7 178
7 188
7 702
7 703
7 711
7 204
7 209
7 722
7 214
7 223
7 238
7 245
7 259
7 262
7 776
7 777
7 268
7 294
7 819
7 311
7 832
7 834
7 327
7 350
7 357
7 364
7 896
7 920
7 924
7 925
7 933
7 423
7 439
7 447
7 964
7 458
7 459
7 972
7 984
7 478
7 992
7 500
7 502
7 506
7 511
8 9
8 10
8 11
8 12
8 13
8 14
8 15
8 16
8 17
8 18
8 19
8 20
8 533
8 23
8 24
8 25
8 27
8 30
8 31
8 32
8 34
8 35
8 36
8 37
8 38
8 945
8 41
8 47
8 560
8 51
8 53
8 61
8 63
8 64
8 864
8 614
8 581
8 71
8 74
8 79
8 531
8 82
8 83
8 85
8 89
8 527
8 94
8 96
8 97
8 99
8 101
8 102
8 105
8 618
8 111
8 113
8 115
8 117
8 630
8 635
8 124
8 642
8 131
8 132
8 647
8 653
8 659
8 660
8 150
8 155
8 156
8 161
8 162
8 625
8 171
8 686
8 687
8 176
8 178
8 691
8 183
8 696
8 697
8 193
8 713
8 714
8 204
8 546
8 888
8 214
8 216
8 217
8 730
8 221
8 229
8 977
8 236
8 237
8 761
8 251
8 765
8 255
8 260
8 777
8 778
8 779
8 781
8 782
8 277
8 278
8 729
8 283
8 798
8 293
8 814
8 304
8 313
8 319
8 833
8 847
8 337
8 340
8 350
8 352
8 359
8 366
8 371
8 376
8 890
8 893
8 917
8 903
8 394
8 395
8 400
8 405
8 923
8 925
8 429
8 433
8 954
8 450
8 455
8 462
8 465
8 466
8 716
8 484
8 485
8 486
9 10
9 11
9 12
9 13
9 14
9 15
9 16
9 600
9 19
9 24
9 26
9 27
9 540
9 31
9 544
9 33
9 34
9 37
9 38
9 45
9 46
9 560
9 52
9 565
9 55
9 56
9 57
9 59
9 60
9 61
9 63
9 578
9 68
9 71
9 72
9 524
9 77
9 591
9 596
9 87
9 88
9 770
9 91
9 604
9 95
9 102
9 110
9 112
9 635
9 132
9 133
9 135
9 141
9 143
9 658
9 156
9 158
9 182
9 183
9 698
9 701
9 709
9 199
9 715
9 210
9 211
9 742
9 744
9 747
9 748
9 257
9 258
9 261
9 777
9 267
9 786
9 277
9 278
9 280
9 281
9 794
9 798
9 287
9 289
9 292
9 806
9 297
9 298
9 814
9 905
9 317
9 318
9 832
9 323
9 327
9 334
9 335
9 850
9 343
9 860
9 354
9 571
9 869
9 358
9 362
9 875
9 368
9 883
9 372
9 383
9 898
9 388
9 393
9 909
9 398
9 400
9 913
9 922
9 412
9 928
9 422
9 936
9 940
9 645
9 945
9 434
9 972
9 463
9 475
9 485
10 11
10 12
10 13
10 14
10 15
10 16
10 17
10 18
10 19
10 22
10 24
10 28
10 30
10 32
10 33
10 34
10 36
10 39
10 41
10 42
10 46
10 52
10 53
10 521
10 56
10 58
10 60
10 62
10 575
10 576
10 66
10 67
10 71
10 76
10 77
10 83
10 101
10 614
10 104
10 512
10 114
10 628
10 119
10 127
10 128
10 132
10 646
10 647
10 146
10 150
10 964
10 154
10 160
10 173
10 176
10 692
10 183
10 192
10 194
10 198
10 712
10 206
10 208
10 212
10 213
10 727
10 217
10 227
10 244
10 553
10 760
10 249
10 762
10 554
10 776
10 265
10 266
10 275
10 821
10 312
10 316
10 837
10 331
10 856
10 858
10 867
10 356
10 364
10 367
10 368
10 372
10 574
10 888
10 890
10 891
10 892
10 895
10 391
10 392
10 394
10 399
10 913
10 414
10 418
10 934
10 428
10 448
10 672
10 452
10 454
10 457
10 759
10 460
10 463
10 469
10 478
10 488
10 491
10 495
10 499
11 512
11 12
11 13
11 15
11 17
11 18
11 19
11 20
11 21
11 22
11 23
11 27
11 540
11 30
11 34
11 547
11 40
11 43
11 49
11 54
11 55
11 60
11 65
11 67
11 68
11 581
11 70
11 81
11 82
11 86
11 90
11 92
11 93
11 96
11 99
11 616
11 107
11 108
11 624
11 117
11 532
11 123
11 124
11 642
11 644
11 138
11 143
11 145
11 147
11 149
11 663
11 153
11 167
11 682
11 177
11 182
11 185
11 701
11 191
11 705
11 707
11 709
11 200
11 206
11 210
11 723
11 216
11 220
11 229
11 552
11 244
11 766
11 266
11 788
11 796
11 290
11 291
11 292
11 299
11 303
11 820
11 837
11 331
11 334
11 336
11 344
11 347
11 350
11 863
11 353
11 866
11 867
11 364
11 365
11 366
11 367
11 369
11 950
11 894
11 577
11 397
11 912
11 916
11 411
11 924
11 418
11 931
11 582
11 438
11 445
11 964
11 453
11 969
11 465
11 466
11 467
11 980
11 471
11 479
11 484
11 504
11 510
12 129
12 130
12 259
12 13
12 408
12 20
12 512
12 279
12 152
12 25
12 721
12 28
12 30
12 393
12 33
12 803
12 262
12 38
12 935
12 552
12 938
12 593
12 46
12 48
12 776
12 432
12 52
12 693
12 311
12 698
12 188
12 702
12 63
12 65
12 579
12 161
12 73
12 503
12 78
12 208
12 376
12 84
12 341
12 984
12 861
12 95
12 738
12 483
12 166
12 465
12 872
12 495
12 240
12 242
12 499
12 849
12 118
12 247
12 120
12 276
12 980
12 253
12 894
13 14
13 15
13 20
13 21
13 22
13 25
13 26
13 27
13 29
13 30
13 31
13 38
13 39
13 41
13 44
13 48
13 561
13 562
13 563
13 565
13 54
13 56
13 58
13 572
13 61
13 574
13 64
13 66
13 76
13 77
13 97
13 100
13 101
13 108
13 114
13 115
13 122
13 123
13 128
13 650
13 142
13 144
13 147
13 667
13 163
13 164
13 626
13 174
13 693
13 186
13 192
13 195
13 202
13 209
13 724
13 221
13 228
13 237
13 238
13 245
13 270
13 274
13 278
13 285
13 295
13 814
13 51
13 820
13 310
13 311
13 325
13 840
13 338
13 855
13 352
13 865
13 357
13 60
13 369
13 886
13 897
13 578
13 407
13 411
13 929
13 931
13 954
13 957
13 461
13 478
13 996
13 489
13 495
13 496
13 506
13 511
14 139
14 398
14 16
14 17
14 18
14 131
14 661
14 22
14 23
14 29
14 389
14 162
14 134
14 166
14 39
14 296
14 426
14 44
14 669
14 49
14 690
14 265
14 572
14 61
14 190
14 319
14 322
14 71
14 328
14 202
14 715
14 334
14 856
14 450
14 593
14 534
14 902
14 216
14 219
14 861
14 94
14 344
14 98
14 227
14 231
14 618
14 935
14 112
14 936
14 883
14 373
14 630
14 248
14 121
14 254
15 643
15 263
15 142
15 144
15 17
15 402
15 19
15 21
15 23
15 794
15 157
15 706
15 543
15 36
15 165
15 497
15 40
15 41
15 171
15 300
15 690
15 779
15 306
15 871
15 181
15 999
15 56
15 445
15 316
15 394
15 191
15 320
15 736
15 522
15 139
15 68
15 966
15 71
15 712
15 457
15 714
15 663
15 470
15 505
15 216
15 907
15 93
15 480
15 400
15 994
15 612
15 741
15 506
15 273
15 232
15 359
15 728
15 109
15 239
15 624
15 113
15 755
15 116
15 502
15 119
15 632
15 249
15 250
15 254
16 644
16 267
16 141
16 677
16 400
16 531
16 686
16 612
16 23
16 27
16 924
16 413
16 31
16 32
16 161
16 34
16 292
16 293
16 422
16 679
16 168
16 988
16 42
16 683
16 300
16 301
16 558
16 349
16 385
16 178
16 51
16 308
16 645
16 290
16 57
16 314
16 187
16 316
16 573
16 288
16 66
16 452
16 581
16 991
16 200
16 837
16 77
16 81
16 852
16 726
16 548
16 474
16 672
16 732
16 93
16 606
16 95
16 571
16 228
16 741
16 241
16 498
16 373
16 502
16 375
16 635
16 298
17 519
17 524
17 18
17 19
17 20
17 24
17 29
17 30
17 32
17 35
17 37
17 39
17 46
17 50
17 565
17 63
17 577
17 68
17 70
17 72
17 588
17 78
17 79
17 81
17 594
17 85
17 86
17 89
17 94
17 96
17 101
17 102
17 105
17 111
17 532
17 122
17 131
17 651
17 140
17 146
17 165
17 686
17 176
17 180
17 704
17 198
17 711
17 203
17 212
17 727
17 731
17 225
17 237
17 755
17 248
17 250
17 772
17 273
17 275
17 791
17 810
17 309
17 843
17 340
17 341
17 343
17 386
17 65
17 396
17 412
17 938
17 944
17 444
17 958
17 447
17 451
17 969
17 464
17 980
17 591
17 82
18 20
18 23
18 24
18 28
18 541
18 32
18 37
18 555
18 54
18 61
18 69
18 74
18 98
18 595
18 85
18 88
18 610
18 100
18 104
18 109
18 622
18 112
18 115
18 629
18 532
18 125
18 127
18 135
18 648
18 144
18 152
18 708
18 158
18 166
18 170
18 184
18 185
18 191
18 706
18 196
18 204
18 719
18 210
18 733
18 251
18 254
18 43
18 276
18 281
18 287
18 813
18 309
18 329
18 846
18 847
18 852
18 345
18 656
18 874
18 881
18 377
18 390
18 399
18 933
18 425
18 427
18 428
18 941
18 955
18 449
18 452
18 453
18 458
18 974
18 981
18 989
18 998
18 499
18 506
18 511
19 130
19 132
19 134
19 578
19 797
19 691
19 24
19 29
19 670
19 31
19 32
19 161
19 475
19 36
19 805
19 38
19 39
19 552
19 41
19 44
19 562
19 46
19 47
19 136
19 50
19 648
19 906
19 314
19 799
19 189
19 245
19 449
19 194
19 139
19 325
19 974
19 778
19 462
19 629
19 80
19 979
19 718
19 86
19 676
19 474
19 91
19 990
19 351
19 523
19 783
19 610
19 739
19 145
19 106
19 829
19 238
19 509
19 880
19 113
19 627
19 117
19 374
19 119
19 362
19 127
20 256
20 958
20 534
20 769
20 137
20 648
20 399
20 21
20 22
20 279
20 152
20 25
20 26
20 239
20 29
20 901
20 832
20 33
20 34
20 35
20 454
20 38
20 39
20 169
20 199
20 411
20 431
20 49
20 434
20 435
20 311
20 58
20 59
20 188
20 317
20 574
20 637
20 458
20 67
20 581
20 70
20 71
20 74
20 76
20 334
20 338
20 979
20 139
20 342
20 980
20 868
20 218
20 604
20 850
20 228
20 742
20 358
20 359
20 233
20 490
20 487
20 621
20 750
20 111
20 582
20 371
20 651
20 633
20 124
20 125
20 126
20 455
21 129
21 825
21 260
21 136
21 364
21 648
21 516
21 146
21 403
21 23
21 25
21 26
21 27
21 30
21 31
21 133
21 555
21 34
21 547
21 936
21 423
21 40
21 41
21 170
21 43
21 172
21 302
21 943
21 520
21 437
21 55
21 313
21 442
21 159
21 319
21 193
21 66
21 963
21 353
21 72
21 73
21 970
21 843
21 461
21 78
21 337
21 466
21 803
21 84
21 462
21 599
21 472
21 852
21 220
21 221
21 734
21 479
21 225
21 315
21 486
21 102
21 108
21 749
21 613
21 496
21 424
21 498
21 887
21 248
21 724
21 634
21 831
21 298
21 597
22 391
22 652
22 301
22 153
22 158
22 45
22 690
22 52
22 436
22 948
22 62
22 579
22 454
22 459
22 206
22 336
22 86
22 88
22 346
22 219
22 997
22 225
22 651
22 357
22 614
22 487
22 941
22 875
22 109
22 111
22 240
22 890
22 893
23 512
23 387
23 516
23 909
23 665
23 26
23 27
23 286
23 560
23 162
23 667
23 294
23 423
23 171
23 45
23 48
23 520
23 752
23 53
23 329
23 884
23 570
23 59
23 61
23 840
23 73
23 971
23 463
23 80
23 84
23 471
23 92
23 939
23 231
23 914
23 238
23 240
23 372
23 373
23 247
23 249
23 507
23 764
24 134
24 431
24 286
24 417
24 35
24 37
24 43
24 47
24 54
24 265
24 184
24 953
24 186
24 317
24 66
24 67
24 455
24 456
24 201
24 462
24 56
24 340
24 343
24 344
24 91
24 101
24 102
24 106
24 402
24 829
24 752
24 275
25 522
25 273
25 146
25 175
25 28
25 687
25 670
25 927
25 420
25 421
25 38
25 753
25 284
25 713
25 434
25 47
25 178
25 819
25 53
25 55
25 58
25 315
25 318
25 926
25 195
25 196
25 197
25 967
25 329
25 75
25 973
25 203
25 761
25 229
25 232
25 364
25 113
25 562
25 628
25 404
25 125
25 255
26 273
26 151
26 792
26 539
26 412
26 681
26 42
26 263
26 184
26 189
26 63
26 64
26 279
26 583
26 589
26 593
26 338
26 83
26 85
26 471
26 216
26 990
26 894
26 102
26 637
26 115
26 501
26 148
26 170
26 638
27 896
27 394
27 143
27 450
27 665
27 412
27 29
27 30
27 31
27 32
27 809
27 810
27 172
27 45
27 157
27 433
27 187
27 62
27 704
27 65
27 194
27 964
27 197
27 799
27 72
27 969
27 160
27 77
27 653
27 336
27 81
27 211
27 88
27 475
27 93
27 869
27 736
27 528
27 482
27 355
27 101
27 360
27 105
27 880
27 246
27 937
27 378
27 767
27 125
27 149
28 641
28 775
28 556
28 267
28 397
28 387
28 409
28 408
28 900
28 539
28 29
28 389
28 474
28 673
28 547
28 676
28 326
28 167
28 168
28 300
28 882
28 49
28 946
28 55
28 442
28 955
28 444
28 138
28 62
28 800
28 451
28 69
28 70
28 72
28 74
28 715
28 209
28 213
28 966
28 90
28 859
28 817
28 95
28 613
28 870
28 721
28 232
28 899
28 238
28 114
28 510
28 869
28 504
28 635
28 380
28 509
28 382
28 597
29 469
29 385
29 770
29 726
29 871
29 858
29 172
29 266
29 912
29 985
29 576
29 153
29 538
29 285
29 546
29 35
29 37
29 167
29 424
29 169
29 171
29 44
29 46
29 943
29 176
29 49
29 179
29 854
29 440
29 57
29 186
29 315
29 957
29 318
29 64
29 193
29 194
29 792
29 582
29 177
29 842
29 75
29 78
29 79
29 82
29 339
29 578
29 142
29 86
29 87
29 761
29 90
29 477
29 627
29 864
29 763
29 945
29 103
29 639
29 489
29 746
29 747
29 877
29 110
29 403
29 118
29 119
29 120
29 121
29 916
29 383
29 125
29 638
29 127
30 258
30 771
30 261
30 902
30 870
30 921
30 797
30 158
30 159
30 32
30 545
30 35
30 550
30 552
30 291
30 45
30 46
30 47
30 456
30 50
30 675
30 309
30 438
30 999
30 223
30 317
30 949
30 741
30 160
30 66
30 200
30 202
30 80
30 81
30 83
30 342
30 89
30 851
30 347
30 95
30 763
30 230
30 102
30 615
30 616
30 106
30 743
30 364
30 749
30 370
30 339
30 425
30 123
30 253
30 126
30 149
31 256
31 640
31 391
31 266
31 669
31 768
31 581
31 165
31 40
31 42
31 45
31 304
31 305
31 50
31 436
31 53
31 182
31 55
31 57
31 956
31 62
31 192
31 452
31 197
31 74
31 695
31 335
31 597
31 216
31 719
31 93
31 99
31 613
31 359
31 105
31 238
31 751
31 310
31 680
31 372
31 446
31 121
31 251
31 124
32 256
32 258
32 261
32 137
32 392
32 268
32 706
32 270
32 529
32 405
32 534
32 154
32 410
32 288
32 752
32 37
32 297
32 42
32 733
32 48
32 49
32 755
32 181
32 310
32 695
32 185
32 188
32 842
32 576
32 321
32 450
32 195
32 69
32 583
32 908
32 330
32 332
32 207
32 337
32 466
32 339
32 470
32 90
32 988
32 476
32 221
32 864
32 482
32 100
32 614
32 487
32 104
32 233
32 108
32 274
32 240
32 579
32 147
32 501
32 633
33 384
33 129
33 642
33 136
33 525
33 145
33 149
33 973
33 298
33 811
33 305
33 53
33 649
33 573
33 190
33 320
33 835
33 199
33 140
33 843
33 205
33 207
33 81
33 467
33 352
33 380
33 767
34 129
34 814
34 388
34 625
34 135
34 142
34 274
34 835
34 280
34 943
34 158
34 674
34 931
34 36
34 646
34 369
34 948
34 41
34 42
34 302
34 564
34 48
34 177
34 434
34 180
34 777
34 440
34 185
34 699
34 492
34 191
34 193
34 67
34 582
34 712
34 329
34 332
34 590
34 79
34 80
34 81
34 211
34 725
34 87
34 267
34 910
34 817
34 351
34 97
34 98
34 867
34 651
34 233
34 490
34 807
34 208
34 697
34 113
34 370
34 243
34 532
34 250
34 508
34 766
35 384
35 640
35 649
35 138
35 907
35 911
35 282
35 387
35 534
35 154
35 923
35 668
35 671
35 944
35 162
35 164
35 165
35 167
35 426
35 173
35 48
35 50
35 437
35 695
35 312
35 825
35 59
35 650
35 830
35 575
35 192
35 66
35 73
35 401
35 83
35 469
35 89
35 220
35 293
35 996
35 231
35 743
35 620
35 878
35 239
35 116
36 257
36 142
36 277
36 160
36 801
36 573
36 845
36 99
36 729
36 271
36 860
36 227
36 359
36 490
37 519
37 266
37 911
37 407
37 543
37 198
37 679
37 903
37 45
37 558
37 186
37 447
37 193
37 195
37 69
37 70
37 595
37 605
37 478
37 614
37 120
37 379
37 255
38 897
38 802
38 166
38 604
38 175
38 53
38 822
38 393
38 57
38 458
38 446
38 181
38 960
38 322
38 200
38 73
38 330
38 823
38 76
38 834
38 355
38 185
38 473
38 220
38 222
38 223
38 608
38 99
38 732
38 319
38 243
38 116
38 629
38 123
39 644
39 136
39 157
39 548
39 558
39 712
39 694
39 956
39 190
39 961
39 72
39 851
39 860
39 229
39 363
39 754
39 627
39 501
39 119
39 508
40 258
40 513
40 136
40 778
40 275
40 772
40 641
40 155
40 285
40 411
40 292
40 305
40 296
40 169
40 42
40 321
40 815
40 49
40 52
40 56
40 57
40 319
40 64
40 65
40 197
40 198
40 711
40 459
40 77
40 207
40 345
40 591
40 271
40 604
40 992
40 100
40 102
40 106
40 551
40 364
40 241
40 885
40 120
40 889
40 635
40 764
40 426
41 898
41 900
41 265
41 526
41 272
41 402
41 151
41 669
41 133
41 168
41 940
41 47
41 432
41 904
41 693
41 633
41 72
41 761
41 80
41 342
41 87
41 345
41 485
41 231
41 745
41 746
41 107
41 501
41 377
41 507
41 789
42 129
42 135
42 435
42 529
42 131
42 149
42 406
42 539
42 156
42 549
42 294
42 809
42 683
42 429
42 175
42 176
42 689
42 818
42 51
42 54
42 567
42 59
42 65
42 322
42 196
42 839
42 328
42 74
42 78
42 976
42 593
42 853
42 544
42 219
42 348
42 609
42 482
42 259
42 621
42 296
42 116
42 758
42 760
42 378
42 254
43 384
43 770
43 644
43 812
43 409
43 907
43 164
43 169
43 135
43 44
43 307
43 180
43 182
43 183
43 58
43 59
43 62
43 448
43 322
43 779
43 940
43 79
43 81
43 851
43 347
43 479
43 226
43 357
43 487
43 492
43 881
43 373
43 761
43 510
43 639
44 136
44 140
44 110
44 535
44 668
44 288
44 545
44 753
44 424
44 177
44 52
44 606
44 187
44 833
44 840
44 329
44 718
44 732
44 94
44 871
44 235
44 366
44 113
44 244
44 376
44 661
45 129
45 643
45 389
45 134
45 652
45 653
45 877
45 579
45 404
45 277
45 408
45 153
45 156
45 674
45 547
45 909
45 174
45 51
45 53
45 183
45 569
45 314
45 187
45 60
45 61
45 195
45 327
45 460
45 77
45 845
45 80
45 979
45 84
45 87
45 602
45 91
45 350
45 293
45 96
45 357
45 107
45 109
45 445
45 626
45 373
45 252
46 571
46 209
46 931
46 210
46 841
46 905
46 848
46 140
46 734
46 278
46 55
46 378
46 91
47 265
47 276
47 154
47 413
47 410
47 162
47 164
47 294
47 295
47 304
47 179
47 822
47 952
47 826
47 460
47 930
47 615
48 750
48 137
48 469
48 910
48 405
48 410
48 289
48 424
48 426
48 818
48 308
48 197
48 326
48 330
48 849
48 83
48 85
48 602
48 91
48 220
48 869
48 866
48 483
48 485
48 110
48 118
48 759
48 632
48 127
49 130
49 676
49 166
49 302
49 309
49 323
49 246
49 723
49 93
49 934
49 486
49 107
49 243
49 758
49 252
50 392
50 402
50 151
50 537
50 646
50 551
50 942
50 431
50 305
50 180
50 54
50 585
50 702
50 964
50 201
50 717
50 466
50 870
50 234
50 747
50 112
50 659
50 762
50 635
51 512
51 132
51 526
51 301
51 785
51 533
51 420
51 422
51 476
51 969
51 181
51 183
51 462
51 59
51 572
51 448
51 193
51 863
51 585
51 75
51 78
51 269
51 721
51 83
51 213
51 463
51 220
51 94
51 607
51 590
51 355
51 104
51 617
51 618
51 619
51 494
51 884
51 245
51 377
51 122
51 255
52 387
52 263
52 139
52 782
52 984
52 798
52 960
52 299
52 257
52 561
52 437
52 64
52 961
52 195
52 836
52 75
52 205
52 338
52 88
52 488
52 109
52 239
52 240
52 371
52 119
52 504
52 889
52 122
53 513
53 899
53 525
53 654
53 145
53 323
53 917
53 410
53 155
53 163
53 369
53 860
53 298
53 432
53 57
53 444
53 445
53 65
53 67
53 466
53 825
53 600
53 217
53 90
53 92
53 95
53 226
53 998
53 871
53 232
53 494
53 957
53 241
53 117
53 507
53 125
53 255
54 129
54 142
54 58
54 61
54 62
54 63
54 267
54 335
54 82
54 90
54 95
54 225
54 99
54 230
54 743
54 748
54 274
54 503
55 132
55 214
55 780
55 141
55 301
55 528
55 765
55 131
55 664
55 154
55 431
55 285
55 161
55 420
55 710
55 284
55 170
55 172
55 173
55 175
55 306
55 179
55 820
55 440
55 698
55 575
55 64
55 139
55 70
55 328
55 329
55 586
55 75
55 76
55 79
55 80
55 210
55 469
55 203
55 88
55 473
55 602
55 603
55 220
55 598
55 991
55 716
55 225
55 98
55 995
55 360
55 106
55 491
55 492
55 877
55 971
55 111
55 659
55 884
55 425
55 506
55 298
55 892
55 234
55 631
55 426
56 515
56 133
56 390
56 654
56 143
56 271
56 279
56 772
56 155
56 389
56 539
56 551
56 170
56 559
56 695
56 441
56 699
56 316
56 322
56 323
56 580
56 199
56 970
56 75
56 923
56 208
56 209
56 867
56 742
56 230
56 617
56 111
56 500
56 121
56 938
56 126
57 899
57 526
57 534
57 367
57 557
57 925
57 565
57 189
57 449
57 464
57 728
57 89
57 221
57 736
57 98
57 612
57 103
57 111
57 118
57 634
58 262
58 387
58 150
58 525
58 885
58 197
58 203
58 335
58 981
58 611
58 361
58 107
58 108
58 501
58 895
59 171
59 392
59 525
59 142
59 272
59 529
59 643
59 662
59 153
59 414
59 162
59 518
59 419
59 943
59 798
59 567
59 699
59 65
59 69
59 759
59 204
59 79
59 977
59 291
59 474
59 975
59 477
59 351
59 105
59 236
59 549
59 368
59 625
59 489
60 128
60 132
60 264
60 272
60 786
60 787
60 407
60 920
60 282
60 795
60 924
60 157
60 960
60 732
60 904
60 566
60 320
60 452
60 73
60 205
60 80
60 84
60 603
60 92
60 606
60 224
60 97
60 357
60 358
60 622
60 497
60 116
60 375
60 250
60 126
60 511
61 128
61 134
61 391
61 279
61 796
61 545
61 419
61 295
61 826
61 193
61 195
61 708
61 535
61 201
61 590
61 848
61 82
61 212
61 85
61 90
61 738
61 236
61 530
61 980
61 123
61 213
62 264
62 855
62 144
62 146
62 157
62 416
62 547
62 167
62 168
62 301
62 179
62 440
62 826
62 576
62 68
62 566
62 866
62 207
62 599
62 93
62 784
62 354
62 100
62 101
62 230
62 876
62 880
62 250
63 387
63 390
63 983
63 784
63 259
63 537
63 815
63 966
63 166
63 679
63 169
63 429
63 175
63 184
63 577
63 67
63 70
63 633
63 457
63 889
63 505
63 352
63 488
63 233
63 108
63 623
63 121
63 378
63 765
63 963
64 257
64 907
64 685
64 272
64 152
64 280
64 913
64 553
64 429
64 950
64 190
64 320
64 326
64 341
64 603
64 477
64 871
64 495
64 883
64 507
64 508
64 382
65 86
65 263
65 521
65 400
65 539
65 422
65 583
65 429
65 179
65 950
65 224
65 961
65 68
65 71
65 74
65 843
65 589
65 79
65 376
65 850
65 84
65 214
65 96
65 97
65 226
65 867
65 356
65 229
65 885
65 248
66 259
66 144
66 785
66 155
66 261
66 432
66 677
66 939
66 559
66 304
66 179
66 311
66 68
66 454
66 75
66 460
66 781
66 468
66 215
66 92
66 98
66 228
66 358
66 360
66 366
66 622
66 120
66 251
66 125
67 128
67 896
67 875
67 134
67 137
67 143
67 145
67 150
67 286
67 554
67 939
67 498
67 435
67 181
67 438
67 951
67 500
67 442
67 906
67 194
67 324
67 454
67 71
67 201
67 586
67 461
67 721
67 595
67 853
67 220
67 570
67 222
67 863
67 864
67 100
67 813
67 913
67 363
67 114
67 372
67 631
67 126
67 383
68 130
68 390
68 136
68 194
68 145
68 147
68 148
68 345
68 964
68 282
68 883
68 540
68 453
68 416
68 801
68 934
68 167
68 168
68 172
68 264
68 690
68 179
68 952
68 323
68 708
68 69
68 753
68 716
68 588
68 846
68 849
68 597
68 726
68 217
68 271
68 96
68 992
68 974
68 618
68 107
68 623
68 240
68 424
68 371
68 374
68 632
69 130
69 643
69 778
69 273
69 404
69 789
69 937
69 682
69 688
69 819
69 317
69 448
69 83
69 87
69 857
69 347
69 933
69 873
70 772
70 646
70 272
70 150
70 279
70 152
70 410
70 543
70 173
70 176
70 958
70 704
70 962
70 76
70 74
70 332
70 981
70 106
70 880
70 626
70 500
70 631
70 889
70 383
71 133
71 523
71 925
71 159
71 550
71 649
71 553
71 816
71 178
71 94
71 567
71 522
71 457
71 340
71 86
71 471
71 527
71 143
71 222
71 507
71 105
71 874
71 875
71 365
71 379
72 196
72 428
72 147
72 260
72 349
73 262
73 392
73 138
73 270
73 783
73 856
73 792
73 153
73 289
73 518
73 430
73 175
73 520
73 178
73 311
73 194
73 206
73 337
73 211
73 854
73 855
73 472
73 218
73 987
73 232
73 745
73 500
73 375
73 250
73 380
74 646
74 265
74 810
74 396
74 141
74 147
74 277
74 154
74 289
74 163
74 549
74 808
74 690
74 184
74 186
74 671
74 829
74 76
74 675
74 599
74 989
74 606
74 355
74 746
74 893
74 241
74 244
74 634
74 381
75 385
75 491
75 268
75 664
75 150
75 791
75 152
75 287
75 417
75 804
75 690
75 579
75 199
75 76
75 78
75 464
75 852
75 206
75 88
75 986
75 91
75 605
75 741
75 101
75 615
75 104
75 107
75 365
75 242
75 117
76 130
76 771
76 388
76 763
76 915
76 540
76 799
76 432
76 947
76 569
76 314
76 249
76 828
76 447
76 587
76 502
76 585
76 333
76 592
76 121
76 349
76 95
76 354
76 443
76 740
76 104
76 493
76 497
76 114
76 374
76 148
76 379
77 328
77 593
77 334
77 241
77 338
77 952
77 148
77 917
77 498
77 760
77 234
78 561
78 935
78 939
78 165
78 936
78 109
78 205
78 167
78 625
78 397
78 761
78 859
78 85
79 256
79 131
79 134
79 135
79 527
79 671
79 675
79 646
79 806
79 168
79 310
79 959
79 454
79 712
79 215
79 103
79 495
79 775
79 886
79 249
80 386
80 771
80 401
80 922
80 797
80 112
80 938
80 174
80 440
80 325
80 696
80 725
80 857
80 346
80 488
80 624
80 766
81 640
81 683
81 578
81 526
81 399
81 404
81 149
81 280
81 797
81 163
81 548
81 935
81 554
81 556
81 685
81 817
81 314
81 191
81 450
81 630
81 801
81 610
81 719
81 976
81 213
81 342
81 676
81 527
81 222
81 352
81 354
81 998
81 745
81 620
81 878
81 757
81 502
81 507
81 254
82 262
82 138
82 270
82 406
82 924
82 670
82 288
82 549
82 550
82 903
82 429
82 303
82 904
82 116
82 698
82 830
82 583
82 722
82 526
82 472
82 89
82 90
82 96
82 483
82 228
82 934
82 103
82 490
82 876
82 365
82 244
82 629
83 523
83 651
83 454
83 203
83 403
83 205
83 207
83 212
83 966
83 379
83 133
84 128
84 773
84 650
84 141
84 271
84 725
84 148
84 155
84 163
84 294
84 681
84 519
84 433
84 569
84 573
84 716
84 460
84 206
84 721
84 852
84 85
84 557
84 94
84 99
84 488
84 235
84 115
84 246
84 247
84 634
84 277
85 411
85 673
85 296
85 945
85 822
85 185
85 192
85 325
85 333
85 337
85 602
85 489
85 759
85 253
86 137
86 493
86 557
86 208
86 657
86 437
86 343
86 344
86 89
86 641
87 261
87 140
87 941
87 281
87 496
87 682
87 437
87 315
87 573
87 865
87 201
87 844
87 211
87 348
87 222
87 97
87 739
87 612
87 230
87 363
87 236
87 109
87 112
87 851
87 117
87 251
88 900
88 139
88 399
88 794
88 283
88 158
88 415
88 815
88 936
88 174
88 564
88 688
88 313
88 186
88 319
88 838
88 328
88 202
88 972
88 475
88 225
88 611
88 614
88 747
88 748
88 112
88 113
88 246
88 762
88 380
88 383
89 653
89 539
89 543
89 816
89 306
89 990
89 607
89 444
89 735
89 191
89 450
89 843
89 972
89 470
89 862
89 351
89 745
89 747
89 749
89 118
89 247
89 123
89 126
90 134
90 321
90 797
90 799
90 164
90 811
90 441
90 443
90 160
90 584
90 331
90 976
90 472
90 475
90 872
90 235
90 117
90 251
91 768
91 131
91 516
91 778
91 139
91 536
91 149
91 154
91 560
91 418
91 549
91 303
91 306
91 308
91 310
91 183
91 191
91 834
91 331
91 198
91 212
91 98
91 611
91 997
91 103
91 234
91 109
91 367
91 250
91 635
91 636
92 645
92 399
92 788
92 921
92 410
92 800
92 680
92 303
92 451
92 839
92 219
92 988
92 93
92 96
92 226
92 100
92 763
92 766
93 129
93 136
93 908
93 141
93 153
93 288
93 752
93 293
93 167
93 684
93 177
93 564
93 200
93 269
93 209
93 215
93 742
93 359
93 237
93 110
93 368
93 639
94 385
94 260
94 133
94 783
94 659
94 773
94 645
94 290
94 562
94 564
94 439
94 698
94 703
94 323
94 586
94 204
94 723
94 729
94 475
94 734
94 229
94 913
94 106
94 760
94 596
94 382
94 511
95 782
95 919
95 667
95 286
95 287
95 163
95 429
95 946
95 565
95 283
95 829
95 583
95 488
95 876
95 112
95 763
95 510
96 385
96 173
96 159
96 166
96 839
96 264
96 180
96 445
96 327
96 328
96 843
96 208
96 466
96 655
96 477
96 362
96 748
96 750
96 113
96 124
97 160
97 973
97 538
97 197
98 387
98 902
98 146
98 659
98 533
98 919
98 538
98 285
98 415
98 929
98 164
98 168
98 297
98 809
98 684
98 157
98 944
98 181
98 959
98 713
98 458
98 587
98 546
98 980
98 982
98 732
98 609
98 613
98 616
98 108
98 110
98 744
98 787
98 247
99 389
99 648
99 137
99 396
99 914
99 307
99 901
99 187
99 907
99 709
99 848
99 339
99 853
99 986
99 988
99 613
99 739
99 422
99 486
99 104
99 361
99 110
99 745
99 596
99 892
99 767
100 833
100 258
100 362
100 599
100 141
100 145
100 276
100 214
100 439
100 313
100 413
101 400
101 230
101 359
101 105
101 777
101 176
101 393
101 120
102 653
102 152
102 283
102 924
102 548
102 115
102 312
102 118
102 326
102 591
102 217
102 605
102 110
102 243
102 758
102 763
102 892
103 128
103 903
103 146
103 147
103 673
103 859
103 551
103 557
103 178
103 181
103 441
103 464
103 469
103 728
103 228
103 818
103 362
103 530
103 370
103 246
103 634
103 123
103 382
104 962
104 246
104 177
104 780
104 499
104 145
104 118
104 657
104 835
104 667
104 807
105 140
105 909
105 400
105 914
105 275
105 535
105 155
105 805
105 298
105 430
105 689
105 863
105 458
105 209
105 213
105 859
105 421
105 866
105 355
106 258
106 133
106 386
106 151
106 281
106 285
106 419
106 647
106 428
106 816
106 817
106 568
106 189
106 830
106 996
106 122
107 644
107 525
107 654
107 143
107 662
107 409
107 300
107 437
107 116
107 315
107 834
107 451
107 197
107 714
107 781
107 212
107 729
107 861
107 613
107 232
107 372
107 124
107 639
108 750
108 137
108 655
108 531
108 148
108 819
108 417
108 177
108 435
108 317
108 318
108 962
108 836
108 715
108 717
108 212
108 727
108 601
108 238
108 374
108 637
109 150
109 135
109 393
109 400
109 275
109 532
109 149
109 407
109 666
109 542
109 421
109 178
109 310
109 952
109 322
109 201
109 271
109 733
109 745
109 114
109 243
109 375
110 384
110 904
110 523
110 397
110 621
110 151
110 930
110 290
110 164
110 565
110 311
110 835
110 586
110 205
110 591
110 982
110 344
110 603
110 604
110 748
110 237
110 366
110 368
110 891
110 765
111 193
111 354
111 993
111 516
111 358
111 369
111 759
111 995
111 731
111 190
112 259
112 904
112 265
112 922
112 414
112 160
112 163
112 421
112 814
112 687
112 944
112 184
112 826
112 315
112 316
112 288
112 327
112 207
112 675
112 636
112 786
112 242
112 745
112 122
112 124
113 267
113 525
113 274
113 275
113 284
113 157
113 554
113 811
113 434
113 883
113 820
113 606
113 700
113 573
113 449
113 962
113 579
113 713
113 206
113 781
113 978
113 211
113 724
113 222
113 735
113 356
113 361
113 490
113 114
113 243
113 963
113 121
113 634
113 382
114 786
114 278
114 806
114 425
114 307
114 443
114 189
114 708
114 587
114 590
114 720
114 620
114 367
114 118
115 775
115 395
115 536
115 281
115 412
115 806
115 156
115 172
115 174
115 562
115 567
115 441
115 448
115 580
115 204
115 719
115 611
115 735
115 227
115 490
115 495
115 247
115 126
116 768
116 516
116 774
116 263
116 520
116 138
116 276
116 218
116 158
116 519
116 188
116 630
116 966
116 327
116 331
116 346
116 735
116 492
116 751
116 752
116 374
116 509
117 142
117 430
117 151
117 540
117 169
117 426
117 302
117 175
117 188
117 189
117 654
117 980
117 597
117 363
117 376
117 380
117 810
118 560
118 610
118 805
118 199
118 521
118 203
118 335
118 624
118 600
118 852
118 126
119 192
119 608
119 678
119 169
119 235
119 172
119 754
119 342
119 184
119 641
119 831
119 476
119 127
120 669
120 833
120 297
120 530
120 639
120 157
120 360
120 517
120 602
120 473
120 591
120 223
120 414
121 799
121 623
121 425
121 303
121 383
121 213
121 985
121 218
121 252
122 128
122 987
122 428
122 266
122 271
122 656
122 273
122 284
122 560
122 803
122 582
122 678
122 170
122 427
122 300
122 174
122 176
122 566
122 185
122 314
122 701
122 198
122 673
122 202
122 846
122 966
122 346
122 783
122 349
122 223
122 614
122 358
122 997
122 677
122 370
122 379
123 544
123 642
123 394
123 302
123 239
123 561
123 147
123 564
123 533
123 665
123 152
123 295
124 537
124 284
124 296
124 553
124 264
124 563
124 320
124 839
124 845
124 856
124 346
124 348
124 230
124 375
125 384
125 264
125 395
125 653
125 409
125 283
125 540
125 285
125 292
125 950
125 702
125 481
125 877
125 625
125 371
125 510
126 182
126 424
126 585
126 299
126 890
126 694
126 569
126 773
126 247
126 442
126 475
126 381
126 127
127 640
127 523
127 399
127 804
127 304
127 184
127 448
127 587
127 588
127 531
127 337
127 217
127 655
127 733
127 231
127 235
127 371
127 505
128 512
128 993
128 182
128 140
128 541
128 401
128 154
128 408
128 283
129 398
129 430
129 411
129 547
129 294
129 296
129 300
129 174
129 943
129 816
129 818
129 187
129 455
129 162
129 347
129 867
129 233
129 620
129 240
129 503
129 255
130 588
130 165
130 831
130 720
130 148
130 792
130 570
130 223
130 524
131 389
131 524
131 397
131 259
131 538
131 517
131 680
131 172
131 181
131 311
131 312
131 962
131 780
131 470
131 471
131 218
131 880
131 891
132 641
132 518
132 290
132 678
132 811
132 173
132 563
132 185
132 159
132 138
132 210
132 344
132 253
132 884
132 765
132 383
133 272
133 261
133 215
133 461
133 144
133 721
133 530
133 513
133 790
133 159
134 517
134 141
134 655
134 420
134 299
134 307
134 182
134 441
134 578
134 340
134 335
134 224
134 240
134 371
135 395
135 530
135 663
135 415
135 347
135 557
135 563
135 460
135 204
135 345
135 463
135 349
135 864
135 616
135 379
136 516
136 904
136 940
136 270
136 658
136 324
136 900
136 156
136 928
136 291
136 676
136 992
136 835
136 199
136 332
136 343
136 350
136 864
136 358
136 743
136 496
136 374
136 376
136 892
136 638
137 774
137 520
137 650
137 984
137 406
137 159
137 808
137 177
137 826
137 319
137 544
137 459
137 973
137 213
137 216
137 866
137 227
137 241
137 253
138 353
138 614
138 262
138 559
138 993
138 663
138 751
138 677
139 546
139 633
139 744
139 233
139 490
139 983
139 470
139 218
139 351
140 566
140 417
140 522
140 269
140 589
140 306
140 174
140 352
140 312
140 601
140 736
140 606
140 917
141 645
141 146
141 409
141 162
141 646
141 697
141 827
141 323
141 991
141 209
141 854
141 479
141 482
141 873
141 241
141 499
141 377
142 997
142 713
142 258
142 937
142 316
142 863
143 481
143 214
143 300
143 461
143 792
143 786
143 203
143 355
143 381
143 606
144 226
144 734
144 694
144 793
144 506
144 927
145 394
145 288
145 171
145 444
145 190
145 703
145 333
145 720
145 996
145 863
145 659
145 756
145 575
145 894
146 192
146 161
146 867
146 422
146 520
146 583
146 365
146 499
146 787
146 187
146 861
146 287
147 269
147 582
147 237
147 488
147 180
147 982
147 823
147 968
147 485
148 272
148 754
148 196
148 668
148 666
148 414
149 902
149 519
149 521
149 405
149 286
149 930
149 165
149 431
149 304
149 968
149 439
149 954
149 190
149 451
149 161
149 200
149 587
149 332
149 207
149 218
149 732
149 523
149 227
149 752
149 244
149 938
150 256
150 260
150 156
150 413
150 326
150 436
150 566
150 575
150 324
150 330
150 207
150 341
150 726
150 215
150 677
150 486
150 703
151 636
151 750
151 993
151 360
151 300
151 840
151 948
151 695
151 292
151 188
152 588
152 227
152 679
152 521
152 778
152 946
152 711
152 675
152 608
152 929
153 194
153 459
153 553
153 417
153 598
153 201
153 954
153 828
154 421
154 528
154 657
154 498
154 371
154 854
154 342
154 921
154 510
155 705
155 452
155 391
155 680
155 780
155 270
155 463
155 946
155 985
155 340
155 410
155 636
155 689
156 257
156 401
156 916
156 535
156 166
156 552
156 555
156 566
156 698
156 189
156 327
156 972
156 734
156 738
156 242
156 632
157 861
157 444
157 935
157 427
157 541
157 254
157 823
157 281
157 445
157 309
158 875
158 517
158 518
158 267
158 524
158 910
158 937
158 438
158 325
158 846
158 976
158 476
158 226
158 235
158 891
159 610
159 363
159 198
159 648
159 923
159 398
159 305
159 882
159 979
159 574
160 219
160 486
160 488
160 425
160 652
160 302
160 687
160 766
160 759
161 660
161 918
161 296
161 683
161 438
161 186
161 324
161 652
161 330
161 462
161 335
161 866
161 615
161 361
161 234
161 239
161 625
161 243
161 643
161 245
162 627
162 514
162 196
162 518
162 294
162 449
162 268
162 563
162 547
162 693
162 630
162 947
162 805
163 165
163 233
163 173
163 306
163 749
163 503
163 397
163 244
163 987
163 917
164 908
164 526
164 271
164 412
164 289
164 170
164 703
164 967
164 329
164 205
164 726
164 617
164 880
164 245
164 631
165 821
165 225
165 394
165 427
165 941
165 850
165 981
165 221
165 222
166 224
166 290
166 571
166 580
166 289
166 264
166 508
166 811
166 416
166 511
166 608
166 187
166 957
167 522
167 779
167 910
167 401
167 708
167 282
167 927
167 811
167 822
167 575
167 461
167 210
167 730
167 501
168 800
168 257
168 761
168 653
168 302
168 597
168 790
168 439
168 708
169 731
169 580
169 582
169 393
169 575
169 284
169 670
170 388
170 704
170 546
170 308
170 571
170 828
170 445
170 320
170 449
170 450
170 463
170 345
170 737
170 443
170 872
170 242
170 631
170 506
171 465
171 585
171 769
172 242
172 278
172 632
173 776
173 652
173 912
173 787
173 644
173 667
173 806
173 812
173 830
173 703
173 204
173 589
173 349
173 607
173 877
173 366
174 295
174 493
174 491
174 974
174 465
174 217
174 251
174 767
174 784
174 671
175 256
175 808
175 491
175 367
175 656
175 338
175 319
176 396
176 273
176 275
176 406
176 408
176 795
176 803
176 420
176 822
176 570
176 189
176 578
176 707
176 724
176 229
176 879
176 753
176 882
176 887
176 380
177 390
177 403
177 405
177 918
177 279
177 921
177 412
177 422
177 305
177 265
177 190
177 831
177 224
177 226
177 489
177 255
178 388
178 780
178 536
178 414
178 287
178 545
178 418
178 551
178 839
178 815
178 436
178 313
178 838
178 206
178 208
178 728
178 884
178 760
179 611
179 999
179 202
179 183
179 983
179 770
179 304
179 888
179 342
179 280
180 931
180 198
180 202
180 942
180 564
180 598
180 228
181 712
181 334
181 217
182 680
182 682
182 236
182 877
182 435
182 773
182 286
182 219
182 491
183 267
183 269
183 720
183 764
184 361
184 567
184 589
184 406
184 252
185 950
185 281
186 288
186 454
186 359
186 555
186 541
186 592
186 372
186 309
186 599
186 473
186 443
186 608
186 901
187 258
187 998
187 920
187 591
187 466
187 467
187 660
187 789
187 528
187 440
187 697
187 411
187 979
188 768
188 392
188 215
188 269
188 911
188 794
188 286
188 547
188 292
188 947
188 501
188 758
188 908
188 331
188 718
188 847
188 803
188 599
188 989
188 224
188 354
188 237
188 630
188 509
189 736
189 290
189 731
189 901
189 697
189 667
189 223
190 200
190 956
190 224
190 449
190 755
190 532
190 598
190 377
190 345
190 828
190 222
190 533
191 647
191 985
191 281
191 932
191 301
191 440
191 830
191 196
191 965
191 326
191 967
191 719
191 862
191 360
191 623
191 497
191 630
191 504
191 894
192 679
192 840
192 971
192 282
193 691
193 268
193 208
193 378
193 639
194 515
194 798
194 554
194 432
194 433
194 563
194 951
194 459
194 337
194 215
194 987
194 492
194 381
194 504
194 253
195 321
195 231
195 648
195 692
195 448
196 960
196 453
196 295
196 284
196 321
196 563
196 756
196 697
196 760
196 346
196 891
196 252
196 474
197 386
197 388
197 261
197 272
197 403
197 645
197 435
197 447
197 576
197 321
197 849
197 347
197 870
197 621
198 610
198 347
198 991
198 584
198 436
198 317
198 968
198 467
198 793
198 847
198 234
198 218
199 453
199 417
199 298
199 598
199 565
199 405
199 813
199 859
199 245
199 441
199 683
199 363
199 287
200 775
200 266
200 919
200 917
200 301
200 815
200 692
200 312
200 576
200 724
200 354
200 231
200 743
200 492
200 468
200 378
200 636
200 789
201 263
201 781
201 273
201 674
201 426
201 299
201 587
201 467
201 852
201 470
201 225
201 486
201 758
201 249
202 908
202 365
202 295
202 561
202 568
202 436
202 318
202 833
202 719
202 342
202 983
202 483
202 877
202 494
202 760
203 352
203 416
203 226
203 228
203 263
203 842
203 696
203 514
203 370
203 692
203 248
204 555
204 219
204 552
204 710
204 232
204 235
204 248
204 793
204 378
204 221
204 231
205 642
205 278
205 545
205 444
205 316
205 684
205 496
205 214
205 361
205 494
205 730
205 283
206 293
206 953
206 809
206 820
206 795
206 988
207 907
207 937
207 823
207 210
207 468
207 727
207 916
208 324
208 901
208 584
208 684
208 322
208 303
208 616
208 804
208 580
208 458
209 402
209 920
209 413
209 416
209 308
209 833
209 969
209 887
209 332
209 334
209 978
209 600
209 474
209 732
209 478
209 223
209 244
209 503
209 381
210 257
210 642
210 394
210 236
210 497
210 868
210 602
210 444
210 477
210 540
211 913
211 229
211 555
211 743
211 682
211 236
211 398
211 710
211 339
211 457
211 348
212 385
212 235
212 949
212 214
213 931
213 550
213 617
213 285
213 242
213 660
213 886
213 986
213 783
213 542
214 675
214 529
214 910
214 681
214 462
214 472
214 481
214 725
214 280
214 348
214 833
214 255
215 384
215 744
215 338
215 471
215 313
215 461
216 391
216 613
216 952
216 340
216 277
216 248
217 224
217 955
217 309
217 373
217 425
217 847
217 366
217 341
218 577
218 308
218 840
218 564
218 656
218 721
218 572
218 895
219 951
219 303
219 535
219 388
219 261
220 470
220 257
220 617
220 918
220 497
220 246
221 256
221 536
221 289
221 678
221 427
221 776
221 314
221 582
221 337
221 599
221 570
221 227
221 230
221 249
221 764
222 363
222 398
222 678
222 276
222 862
222 986
223 241
223 654
223 304
223 530
223 343
224 931
224 874
224 428
224 429
224 526
224 308
224 504
224 253
225 408
225 965
225 600
225 330
225 525
225 726
225 757
225 468
225 628
225 869
225 253
225 469
226 871
226 865
226 810
226 622
226 318
226 472
226 282
226 981
227 896
227 481
227 259
227 758
227 831
227 987
227 296
227 891
227 239
227 438
227 539
227 252
227 533
228 592
228 502
228 685
228 269
228 595
228 789
228 374
228 247
228 926
230 264
230 784
230 790
230 802
230 551
230 299
230 303
230 688
230 949
230 825
230 960
230 322
230 835
230 970
230 851
230 981
230 807
230 759
231 535
231 368
231 597
231 920
231 348
232 790
232 792
232 794
232 289
232 292
232 302
232 436
232 452
232 348
232 356
232 485
232 361
232 234
232 494
232 370
232 509
232 382
233 740
233 679
233 802
233 457
233 525
233 434
233 790
233 415
234 546
234 356
234 545
234 748
234 596
235 642
235 633
235 238
235 911
235 905
235 692
235 990
235 790
235 568
235 671
236 627
236 995
236 420
236 841
236 297
236 557
236 558
236 424
236 824
236 849
237 577
237 550
237 327
237 299
237 845
237 725
237 566
237 603
238 548
238 297
238 622
238 798
238 478
239 609
239 641
239 837
240 310
240 332
240 320
240 368
240 326
240 408
240 660
240 955
240 892
240 733
241 432
241 726
241 268
241 561
241 246
241 472
241 666
241 458
241 446
242 552
242 970
242 887
242 297
242 315
242 508
242 831
243 262
243 307
243 601
243 423
244 608
244 369
244 268
244 939
244 339
244 855
244 409
244 346
245 519
245 341
245 248
246 964
246 262
246 722
246 595
246 469
246 505
246 890
246 996
246 574
247 673
247 724
247 280
247 884
248 994
248 664
248 495
248 720
248 788
249 513
249 895
249 338
249 279
249 333
249 987
249 306
249 645
250 325
250 531
250 600
250 869
251 657
251 493
251 305
251 341
251 689
251 252
252 550
252 936
252 650
252 299
252 460
252 902
253 496
253 340
253 393
254 465
254 336
255 544
255 550
255 819
255 604
255 702
256 385
256 482
257 586
257 619
257 396
257 274
257 693
257 854
258 769
258 325
258 977
258 754
258 916
258 662
258 260
258 618
259 691
259 432
259 900
259 619
259 437
259 568
259 601
259 784
260 689
260 418
260 343
260 280
260 857
260 865
260 735
261 960
261 328
261 972
261 493
261 717
261 274
261 979
261 500
261 949
261 898
262 353
262 961
262 855
262 665
262 313
263 993
263 585
263 487
263 524
263 592
263 306
263 339
263 521
264 897
264 973
264 398
264 817
264 402
265 560
265 770
265 995
265 837
265 961
265 755
265 750
265 378
265 367
266 898
266 291
266 583
266 957
266 549
266 861
266 433
266 888
266 665
266 927
266 284
267 320
267 740
267 758
267 295
267 360
267 714
267 711
267 584
267 530
267 686
267 447
267 415
268 995
268 945
268 556
268 270
268 307
268 310
268 663
268 600
268 537
268 282
268 542
269 325
269 775
269 426
269 850
269 690
269 662
269 581
270 994
270 515
270 996
270 357
270 783
270 717
270 447
270 473
270 989
270 421
271 933
271 629
272 514
272 451
272 360
272 655
272 572
272 527
272 765
273 353
273 867
273 842
273 438
273 681
273 894
274 419
274 584
274 459
274 464
274 595
274 276
274 663
274 623
274 669
275 384
275 481
275 291
275 747
275 492
275 402
275 307
275 999
275 282
275 380
276 998
276 392
276 618
276 779
276 301
276 818
276 700
277 771
277 906
277 396
277 403
277 404
277 795
277 936
277 556
277 827
277 330
277 586
277 725
277 476
277 487
277 881
277 377
278 672
278 546
278 812
278 423
278 616
278 341
278 927
278 607
279 849
279 391
279 812
279 455
279 749
279 622
279 468
279 692
279 409
279 542
279 946
280 487
280 935
280 407
280 403
280 529
280 661
280 940
280 958
281 672
281 483
281 727
281 559
282 384
282 456
282 927
282 355
282 526
282 465
282 756
282 651
282 807
282 739
282 921
282 859
282 865
283 577
283 386
283 484
283 485
283 332
283 494
283 536
283 483
283 757
283 966
283 346
283 479
284 897
284 738
284 820
284 941
284 788
284 953
284 666
284 479
285 517
285 647
285 532
285 543
285 443
285 324
285 969
285 459
285 333
285 467
285 474
285 350
285 612
285 872
285 374
285 362
286 673
286 843
286 631
286 431
286 515
286 465
286 643
286 793
286 975
286 947
287 899
287 599
287 787
287 543
287 418
287 552
287 297
287 560
287 953
287 445
287 977
287 343
287 731
287 497
287 755
287 376
287 511
288 770
288 531
288 405
288 412
288 801
288 423
288 430
288 318
288 581
288 336
288 351
288 749
288 369
288 755
288 379
289 912
289 291
289 753
289 626
289 569
289 601
290 464
290 430
290 439
291 331
291 774
291 623
291 942
291 499
291 787
291 312
291 559
291 485
292 351
293 928
293 912
293 516
293 477
293 643
293 891
293 621
294 484
294 747
294 562
294 380
294 639
295 323
295 922
295 379
295 396
295 816
295 424
295 718
295 365
295 461
296 838
296 697
296 315
296 686
297 557
297 853
298 324
298 584
298 336
298 626
298 705
298 955
299 609
299 994
299 929
299 780
299 686
299 638
299 885
299 357
300 768
300 439
300 326
300 874
300 589
300 435
300 661
300 592
300 925
300 517
301 419
301 617
301 521
301 533
301 666
301 349
302 324
302 679
302 892
302 842
302 524
302 493
302 944
302 822
302 953
302 834
303 321
303 805
303 737
303 782
303 963
303 664
304 609
304 771
304 420
304 517
304 769
304 997
304 903
304 333
304 718
304 308
304 361
304 793
304 687
305 929
305 593
305 556
305 627
305 407
305 350
306 585
306 456
306 567
306 331
306 978
306 404
306 382
306 632
306 701
306 350
307 746
307 623
307 377
307 573
307 390
308 965
308 714
308 813
308 498
308 495
308 586
309 870
309 710
309 650
309 743
309 367
309 702
309 345
309 316
310 832
310 805
310 860
310 362
310 529
310 791
310 767
311 900
311 774
311 715
311 527
311 656
311 529
311 692
311 593
311 505
311 751
312 769
312 823
312 527
312 765
312 945
312 405
312 439
312 484
312 687
312 522
313 480
313 741
313 746
313 428
313 328
313 868
313 349
314 480
314 418
314 649
314 618
314 493
314 978
314 536
314 921
315 865
316 353
316 809
316 403
316 723
316 873
316 431
316 956
317 422
317 729
317 665
317 637
317 703
318 816
318 594
318 505
318 382
319 517
319 813
319 841
319 409
320 928
320 815
320 443
320 381
321 386
321 907
321 659
321 545
321 674
321 806
321 685
321 434
321 832
321 716
321 730
321 353
321 886
321 413
321 894
322 519
322 397
322 838
322 399
322 829
322 542
322 549
323 627
323 603
324 842
324 724
324 344
324 569
325 844
325 974
326 837
326 839
326 821
326 830
327 944
327 738
327 689
327 722
327 457
327 920
328 390
328 744
328 333
328 531
329 419
329 998
329 583
329 392
329 396
329 554
329 669
330 578
330 366
330 513
330 637
330 638
330 718
331 898
331 671
331 373
331 427
331 510
331 442
332 649
332 588
332 873
332 980
332 407
332 762
332 733
332 661
333 748
333 597
333 841
333 479
334 768
334 774
334 655
334 515
334 376
334 757
335 456
335 559
335 677
335 594
335 351
335 538
336 363
336 902
336 467
336 666
337 355
337 740
337 764
337 395
337 620
337 530
337 696
337 572
338 808
338 471
338 663
338 438
338 922
339 455
339 781
339 413
339 824
340 720
340 715
340 587
340 368
340 375
340 601
340 538
340 670
341 913
341 610
341 419
341 391
341 619
341 951
342 874
342 370
342 670
342 637
342 415
343 918
343 492
343 788
343 885
343 388
343 900
343 954
344 997
344 586
344 906
345 783
345 401
346 416
346 961
346 450
346 914
346 983
346 762
347 811
347 417
347 838
347 442
347 605
348 406
348 873
348 692
348 661
348 474
348 541
348 958
349 769
349 883
349 372
350 484
350 844
350 812
350 591
350 630
350 606
351 352
351 555
351 594
351 498
351 788
351 739
351 888
351 655
351 669
352 802
352 749
352 742
352 897
352 717
353 373
354 513
354 615
354 951
354 791
355 944
355 408
355 954
356 522
356 616
356 939
356 706
356 751
356 563
356 534
357 387
357 664
357 381
358 807
358 823
358 370
358 804
358 660
358 507
359 514
359 839
359 967
359 717
359 436
359 767
360 640
360 699
360 706
360 821
360 918
360 543
360 605
361 611
361 754
361 435
361 404
362 901
362 556
362 964
362 945
362 628
362 952
362 932
362 699
362 700
362 574
363 996
363 453
363 751
363 757
363 446
363 501
363 683
363 571
364 610
364 613
364 838
364 558
364 772
365 714
365 657
365 377
365 650
366 480
366 580
366 457
366 829
366 784
366 497
366 693
366 797
366 702
366 447
367 577
367 882
367 375
367 922
369 704
369 556
369 858
369 847
369 986
370 790
370 746
370 756
371 612
371 722
371 676
371 889
372 906
372 664
373 726
374 480
374 640
374 419
374 389
374 737
374 558
374 879
374 624
374 498
374 638
374 905
374 975
374 478
375 718
375 433
375 975
375 414
376 515
376 593
376 971
376 808
376 948
376 794
377 740
377 628
377 888
378 640
378 833
378 916
378 537
378 802
378 931
378 934
378 812
378 434
378 393
378 825
378 442
378 701
378 963
378 849
378 857
378 604
378 756
378 938
379 872
379 402
380 546
380 803
380 524
380 504
380 585
381 836
381 807
381 621
381 822
381 576
382 691
382 446
382 753
383 929
383 642
383 741
383 584
383 651
383 866
383 797
383 658
383 537
383 634
384 676
384 389
384 955
384 542
384 831
385 514
385 899
385 712
385 970
385 890
385 401
385 574
385 406
385 762
386 544
386 652
386 654
386 943
386 607
387 416
387 840
387 717
387 661
387 701
388 675
388 452
388 976
388 442
388 842
388 543
389 423
389 808
389 636
389 592
389 817
389 925
390 440
390 965
390 999
390 975
390 464
390 698
391 776
391 754
391 821
391 446
392 795
392 646
392 502
392 468
392 989
393 785
393 722
394 480
394 397
394 568
394 959
395 615
396 708
396 711
396 815
396 468
396 536
396 542
397 896
397 868
397 754
397 637
398 451
398 705
398 791
398 428
398 903
398 789
398 553
398 825
398 858
399 706
399 855
399 795
400 794
401 934
401 713
401 594
401 800
402 707
402 455
403 624
403 595
403 596
404 548
404 427
404 681
404 959
405 923
405 992
405 496
405 942
405 882
405 406
405 473
405 795
406 512
406 638
407 433
407 594
407 823
407 538
407 858
407 762
408 584
409 449
409 418
409 665
409 572
409 713
409 430
409 494
409 628
409 538
410 421
410 476
410 490
410 940
410 812
410 535
411 427
411 998
411 731
411 509
412 482
412 675
412 581
412 588
412 528
412 759
412 664
412 665
413 898
413 710
413 417
413 684
413 477
413 415
414 800
414 652
414 590
414 441
414 508
415 813
415 914
415 827
416 720
416 802
416 456
416 425
416 994
416 528
416 569
416 537
416 540
416 947
416 991
417 619
417 685
417 468
417 969
418 539
418 462
418 686
419 773
419 710
419 971
419 668
420 684
420 791
421 804
421 711
421 605
421 700
421 926
422 976
422 849
422 649
422 619
422 846
422 617
423 800
423 995
423 516
423 763
424 464
425 618
425 624
426 838
426 649
426 685
426 628
426 793
427 481
427 741
428 448
428 907
429 688
429 621
429 496
429 755
429 884
429 826
430 523
431 648
431 471
431 559
431 472
431 861
432 709
432 876
432 914
433 481
433 884
433 959
434 896
434 619
434 713
434 567
434 681
434 467
434 782
434 508
434 570
435 740
435 550
435 487
435 735
436 484
436 752
436 869
436 570
436 957
436 734
437 484
437 746
437 529
437 728
437 441
437 862
438 772
438 881
438 899
439 906
439 455
439 881
439 750
439 456
439 700
439 511
440 480
440 672
440 709
440 626
440 830
441 864
441 834
441 915
441 920
441 572
441 703
442 626
443 963
443 870
443 779
443 793
443 463
444 992
444 740
444 734
444 671
445 870
446 790
446 477
447 620
447 873
447 949
447 731
448 844
448 691
448 853
448 568
448 761
449 739
449 548
449 683
449 971
449 504
449 858
450 879
450 793
451 706
451 491
451 878
451 930
451 979
451 506
451 923
451 862
451 607
452 827
452 453
452 652
452 620
453 742
453 841
453 527
454 707
454 914
454 926
455 736
456 743
456 553
456 786
456 571
457 555
458 486
458 559
459 802
459 857
459 895
460 848
460 737
460 592
460 631
461 696
462 548
462 470
462 674
462 708
462 701
463 865
463 683
463 854
464 483
464 551
464 554
464 942
464 696
464 509
465 481
465 879
465 662
465 567
466 763
466 694
466 535
467 518
467 551
467 680
467 647
467 669
467 869
470 868
470 691
471 742
471 494
471 670
472 722
472 473
472 797
473 513
473 919
473 812
473 914
473 892
473 702
473 639
474 929
475 859
475 522
475 588
475 909
476 636
477 624
477 696
478 937
478 917
478 503
479 807
479 785
480 930
480 841
480 983
480 957
480 766
481 512
481 932
481 707
481 622
482 813
482 824
483 576
483 549
483 876
483 626
483 658
484 752
484 764
484 607
485 580
485 663
485 739
485 857
485 541
486 518
487 534
487 807
487 656
487 632
487 564
487 659
487 689
488 779
488 658
488 862
488 510
489 705
489 875
489 978
490 737
490 649
490 558
490 528
490 846
490 873
491 694
491 621
491 977
492 805
492 602
493 514
493 804
493 684
493 973
493 656
493 532
493 885
493 604
494 580
494 999
494 844
494 721
494 662
496 836
496 876
497 640
497 742
498 698
499 705
499 711
499 719
500 800
500 816
501 619
501 868
502 906
503 908
503 825
504 932
504 704
504 783
504 725
504 696
505 653
506 808
506 796
506 508
507 773
507 671
508 545
508 518
508 736
508 636
508 605
509 768
509 514
509 756
510 573
510 594
510 886
511 961
511 767
513 994
513 565
514 579
514 521
515 737
515 643
515 814
515 919
515 825
515 821
516 991
516 691
516 668
516 709
517 808
517 747
517 941
517 879
517 594
517 739
517 887
518 738
519 865
519 947
519 853
519 901
519 796
520 677
520 658
521 651
521 590
521 828
522 928
522 709
522 562
523 926
524 868
524 686
524 681
524 568
524 981
525 896
525 723
526 627
526 561
526 658
526 817
527 608
527 644
527 680
528 837
528 668
528 716
528 590
528 722
528 661
528 856
529 791
529 748
529 941
529 575
530 554
530 780
530 824
531 992
531 818
531 883
532 534
533 836
534 737
535 882
536 946
536 878
536 925
536 561
536 990
537 558
537 660
537 878
538 601
538 557
538 566
540 746
540 688
541 960
541 629
541 827
541 895
542 953
543 710
543 735
544 944
544 977
545 864
545 645
545 592
545 792
546 994
546 791
547 924
548 706
548 920
550 562
550 710
550 796
550 787
551 579
552 587
552 990
553 615
555 875
555 781
555 687
555 819
555 972
556 771
556 901
556 617
556 569
557 662
557 874
557 596
558 801
558 978
558 873
558 778
559 729
560 970
560 657
561 870
561 939
561 879
561 725
562 635
563 785
564 773
565 962
565 634
566 749
567 611
567 612
567 840
567 596
567 788
567 570
568 577
568 687
568 656
568 595
569 909
569 612
569 858
570 728
571 768
571 712
571 756
571 699
572 834
572 932
572 828
572 830
573 926
573 603
574 800
574 854
574 650
574 935
574 707
574 730
575 699
576 853
577 951
577 919
578 957
578 985
579 837
579 848
579 965
580 674
582 993
582 678
582 782
582 629
582 948
582 917
584 965
584 970
584 820
584 730
585 695
585 600
587 968
587 701
588 682
588 734
589 992
589 741
589 984
589 850
590 705
590 776
590 953
591 927
591 806
591 913
591 684
591 943
591 633
591 735
592 693
592 764
592 730
593 777
593 727
593 911
593 762
594 609
594 647
595 598
595 910
595 827
596 676
596 846
596 625
596 700
597 678
597 681
597 629
597 905
598 926
598 942
598 693
599 862
600 905
600 829
601 694
601 774
601 717
601 757
601 662
601 820
601 632
601 633
601 885
603 910
604 723
604 949
604 916
605 731
605 729
606 930
606 809
606 921
607 872
607 947
608 714
608 942
608 638
609 674
610 928
610 967
611 821
611 796
611 863
612 707
612 766
613 926
614 802
615 836
615 716
615 898
615 784
615 809
616 637
617 940
617 814
617 623
617 824
618 966
619 933
619 777
620 685
620 826
621 929
621 811
623 991
623 785
623 625
623 937
623 700
624 704
624 994
624 974
625 733
626 846
626 860
627 990
627 674
627 958
627 670
628 654
628 796
628 798
629 973
629 718
629 667
630 911
630 946
630 729
630 794
630 975
631 655
633 773
636 697
637 733
637 819
638 978
639 856
639 707
639 694
640 641
640 836
640 715
641 672
641 770
641 986
641 911
642 728
643 704
643 876
644 727
644 921
646 903
646 941
646 982
648 975
649 874
650 672
650 781
651 959
651 854
651 760
651 923
651 732
652 689
652 819
652 879
653 667
654 843
654 882
654 786
655 810
655 757
655 853
656 801
657 694
658 785
658 861
659 835
659 777
659 822
659 863
660 750
660 958
661 868
661 786
661 730
661 699
661 893
662 963
663 839
665 871
665 887
665 788
666 996
667 889
667 955
668 705
670 968
670 842
670 908
670 856
670 874
672 880
673 855
674 950
675 897
675 847
676 984
677 882
677 889
679 772
679 714
679 723
679 954
680 809
681 953
682 810
684 716
684 851
684 695
684 836
685 900
685 745
685 880
685 787
685 826
686 866
687 857
687 856
687 727
688 848
689 832
689 775
691 895
692 967
693 949
694 771
695 943
696 832
698 999
698 956
698 782
702 982
703 978
703 919
706 969
707 738
707 899
707 737
710 930
711 799
712 850
714 753
714 911
717 904
717 821
717 796
717 799
718 744
720 765
721 934
721 751
721 885
721 758
722 952
722 962
722 827
722 744
722 775
722 948
722 795
723 801
723 940
724 971
724 973
724 983
725 995
725 878
725 767
726 937
726 956
726 959
727 897
728 841
728 778
731 844
731 983
733 932
733 918
733 988
734 738
734 886
735 829
736 769
736 740
736 935
736 881
736 789
738 997
738 780
739 909
739 860
740 928
740 848
740 859
741 848
741 805
741 948
742 845
742 756
743 775
745 803
746 835
747 902
749 974
750 806
751 938
753 887
754 857
755 995
755 824
758 890
760 915
761 915
761 895
763 834
765 956
765 766
766 998
766 841
767 784
769 883
770 823
771 965
772 871
772 915
775 845
775 982
775 798
776 968
776 903
777 803
777 915
778 831
780 838
780 827
780 792
781 789
781 860
782 881
782 847
784 844
784 975
786 927
788 877
789 923
789 958
795 818
798 982
800 814
801 815
801 804
802 879
803 818
803 918
803 979
805 993
805 922
806 952
806 890
807 889
808 824
809 947
809 949
814 951
814 828
815 824
821 933
823 878
823 851
824 967
824 948
824 956
824 862
825 891
825 858
827 912
828 955
830 962
834 905
837 960
838 928
839 999
839 850
839 987
841 855
846 896
846 886
848 852
849 938
849 888
850 915
851 988
852 981
853 970
856 881
857 933
858 930
860 932
860 893
862 876
864 905
864 893
864 985
865 968
867 993
868 977
872 915
878 936
878 887
881 898
883 977
883 933
883 897
883 985
886 899
890 974
890 989
892 965
892 919
894 984
898 909
900 922
901 912
904 906
905 910
905 989
908 961
915 916
923 942
925 971
925 997
927 932
933 939
934 967
934 991
943 951
946 984
946 986
947 990
955 989
962 963
969 988
971 986
