1000 9900
0 130
0 899
0 136
0 10
0 139
0 909
0 272
0 17
0 18
0 275
0 20
0 21
0 473
0 26
0 879
0 550
0 946
0 51
0 56
0 313
0 187
0 832
0 480
0 455
0 721
0 341
0 217
0 224
0 102
0 104
0 621
0 111
0 113
0 115
0 375
0 120
0 892
0 893
0 405
1 128
1 129
1 642
1 131
1 260
1 261
1 904
1 940
1 10
1 11
1 12
1 13
1 14
1 15
1 16
1 17
1 18
1 275
1 20
1 23
1 28
1 285
1 30
1 389
1 160
1 34
1 35
1 37
1 38
1 39
1 296
1 297
1 682
1 44
1 626
1 176
1 972
1 51
1 912
1 543
1 931
1 190
1 525
1 580
1 396
1 586
1 782
1 204
1 205
1 461
1 81
1 867
1 398
1 719
1 220
1 607
1 604
1 97
1 98
1 99
1 100
1 975
1 401
1 146
1 750
1 112
1 370
1 531
1 643
1 502
1 123
1 663
1 638
1 895
2 521
2 10
2 11
2 12
2 13
2 18
2 19
2 532
2 21
2 22
2 24
2 26
2 32
2 35
2 36
2 37
2 39
2 41
2 44
2 49
2 54
2 57
2 64
2 68
2 694
2 583
2 590
2 80
2 81
2 96
2 100
2 101
2 614
2 107
2 109
2 113
2 114
2 116
2 117
2 124
2 126
2 128
2 131
2 132
2 705
2 136
2 144
2 658
2 157
2 160
2 684
2 174
2 175
2 182
2 696
2 628
2 193
2 195
2 197
2 201
2 211
2 214
2 217
2 228
2 232
2 240
2 248
2 761
2 772
2 556
2 778
2 281
2 284
2 798
2 801
2 806
2 811
2 812
2 814
2 308
2 311
2 321
2 326
2 840
2 352
2 362
2 999
2 365
2 372
2 380
2 381
2 898
2 390
2 906
2 907
2 403
2 425
2 435
2 948
2 954
2 963
2 460
2 468
2 78
2 479
2 484
2 997
2 998
2 487
2 503
3 546
3 10
3 11
3 781
3 462
3 112
3 21
3 440
3 866
3 245
4 10
4 11
4 12
4 14
4 17
4 18
4 19
4 26
4 28
4 31
4 33
4 34
4 547
4 38
4 551
4 45
4 46
4 51
4 53
4 568
4 58
4 63
4 65
4 97
4 72
4 73
4 76
4 589
4 79
4 80
4 90
4 95
4 609
4 617
4 110
4 112
4 113
4 629
4 119
4 132
4 727
4 139
4 143
4 145
4 146
4 661
4 153
4 669
4 166
4 689
4 690
4 692
4 183
4 184
4 543
4 701
4 117
4 704
4 706
4 714
4 203
4 209
4 211
4 726
4 215
4 222
4 234
4 236
4 239
4 253
4 261
4 267
4 286
4 288
4 801
4 296
4 310
4 312
4 827
4 317
4 326
4 328
4 333
4 334
4 860
4 570
4 862
4 881
4 891
4 383
4 390
4 393
4 397
4 416
4 418
4 422
4 423
4 938
4 428
4 947
4 458
4 468
4 846
4 470
4 490
4 493
5 128
5 768
5 131
5 772
5 959
5 262
5 519
5 648
5 137
5 10
5 11
5 12
5 13
5 14
5 15
5 16
5 145
5 147
5 20
5 661
5 662
5 23
5 24
5 26
5 687
5 34
5 603
5 36
5 421
5 294
5 168
5 169
5 941
5 349
5 433
5 50
5 437
5 438
5 949
5 59
5 317
5 62
5 447
5 192
5 581
5 583
5 72
5 140
5 74
5 75
5 460
5 205
5 83
5 676
5 91
5 93
5 94
5 992
5 738
5 99
5 485
5 657
5 619
5 108
5 112
5 211
5 244
5 446
5 376
5 890
5 251
5 125
5 382
5 127
6 10
6 11
6 12
6 13
6 14
6 15
6 16
6 18
6 19
6 23
6 27
6 36
6 37
6 41
6 42
6 46
6 568
6 58
6 60
6 62
6 576
6 66
6 67
6 75
6 77
6 79
6 84
6 88
6 89
6 100
6 107
6 111
6 115
6 124
6 130
6 535
6 140
6 142
6 657
6 661
6 152
6 160
6 169
6 170
6 172
6 174
6 687
6 690
6 182
6 700
6 193
6 203
6 211
6 548
6 221
6 740
6 237
6 239
6 752
6 242
6 255
6 261
6 774
6 814
6 217
6 280
6 287
6 289
6 292
6 302
6 307
6 823
6 315
6 318
6 837
6 327
6 331
6 849
6 340
6 853
6 345
6 366
6 386
6 908
6 399
6 402
6 404
6 919
6 932
6 934
6 436
6 443
6 448
6 843
6 989
6 992
6 481
6 506
6 507
7 130
7 993
7 236
7 10
7 11
7 12
7 13
7 14
7 15
7 17
7 19
7 20
7 149
7 22
7 175
7 158
7 31
7 552
7 41
7 46
7 47
7 49
7 414
7 823
7 440
7 62
7 565
7 978
7 578
7 267
7 70
7 71
7 908
7 824
7 82
7 218
7 609
7 610
7 867
7 101
7 104
7 619
7 108
7 850
7 498
7 169
7 253
8 768
8 642
8 387
8 537
8 342
8 519
8 10
8 11
8 12
8 13
8 15
8 16
8 274
8 643
8 276
8 149
8 22
8 151
8 917
8 25
8 751
8 158
8 453
8 288
8 534
8 36
8 37
8 38
8 39
8 552
8 425
8 42
8 171
8 406
8 49
8 819
8 437
8 54
8 183
8 683
8 188
8 61
8 318
8 191
8 64
8 325
8 582
8 329
8 330
8 331
8 663
8 333
8 206
8 970
8 722
8 83
8 84
8 853
8 86
8 471
8 89
8 93
8 734
8 95
8 685
8 868
8 806
8 106
8 110
8 573
8 369
8 882
8 372
8 120
8 468
8 250
8 234
8 126
8 277
9 131
9 773
9 134
9 10
9 11
9 12
9 13
9 14
9 15
9 147
9 22
9 28
9 32
9 432
9 167
9 297
9 815
9 48
9 53
9 697
9 186
9 316
9 573
9 62
9 160
9 67
9 202
9 206
9 591
9 85
9 855
9 986
9 91
9 732
9 221
9 478
9 95
9 224
9 742
9 489
9 746
9 368
9 745
10 11
10 12
10 13
10 14
10 16
10 17
10 19
10 20
10 21
10 22
10 23
10 24
10 25
10 31
10 33
10 547
10 36
10 37
10 550
10 42
10 775
10 47
10 49
10 53
10 55
10 56
10 57
10 58
10 60
10 62
10 64
10 68
10 70
10 74
10 77
10 79
10 81
10 82
10 83
10 84
10 85
10 89
10 98
10 611
10 104
10 105
10 107
10 108
10 549
10 622
10 116
10 120
10 128
10 129
10 135
10 136
10 139
10 141
10 143
10 151
10 153
10 158
10 159
10 674
10 163
10 677
10 166
10 169
10 517
10 175
10 693
10 185
10 189
10 702
10 705
10 195
10 545
10 202
10 203
10 208
10 212
10 213
10 214
10 215
10 223
10 226
10 752
10 753
10 255
10 260
10 261
10 641
10 269
10 782
10 784
10 276
10 985
10 289
10 292
10 294
10 809
10 298
10 811
10 303
10 305
10 307
10 310
10 565
10 838
10 337
10 854
10 859
10 860
10 351
10 356
10 360
10 878
10 917
10 385
10 899
10 904
10 906
10 396
10 915
10 610
10 665
10 514
10 924
10 416
10 417
10 419
10 933
10 426
10 429
10 431
10 671
10 448
10 928
10 964
10 714
10 969
10 974
10 465
10 979
10 473
10 474
10 988
10 478
10 479
10 481
10 994
10 484
10 490
10 491
10 594
10 498
10 499
10 509
10 510
11 12
11 13
11 14
11 15
11 16
11 17
11 18
11 19
11 20
11 21
11 22
11 24
11 25
11 26
11 27
11 29
11 32
11 33
11 34
11 548
11 39
11 40
11 519
11 45
11 47
11 48
11 561
11 50
11 606
11 572
11 574
11 65
11 66
11 580
11 70
11 72
11 524
11 75
11 76
11 78
11 80
11 82
11 596
11 87
11 527
11 92
11 94
11 546
11 97
11 610
11 101
11 104
11 617
11 110
11 623
11 114
11 118
11 119
11 120
11 121
11 128
11 129
11 645
11 137
11 139
11 143
11 145
11 146
11 622
11 663
11 152
11 157
11 678
11 167
11 185
11 544
11 710
11 545
11 712
11 631
11 205
11 215
11 729
11 218
11 805
11 225
11 235
11 751
11 242
11 756
11 248
11 249
11 763
11 765
11 255
11 259
11 260
11 264
11 271
11 784
11 276
11 559
11 284
11 286
11 290
11 804
11 293
11 295
11 811
11 562
11 989
11 304
11 306
11 307
11 820
11 834
11 334
11 342
11 343
11 608
11 348
11 863
11 354
11 870
11 872
11 361
11 366
11 371
11 886
11 379
11 897
11 391
11 392
11 396
11 664
11 924
11 925
11 928
11 417
11 421
11 538
11 440
11 442
11 448
11 457
11 461
11 464
11 985
11 986
11 477
11 478
11 993
11 505
11 511
12 13
12 14
12 15
12 16
12 17
12 18
12 19
12 21
12 23
12 24
12 25
12 538
12 30
12 31
12 33
12 36
12 551
12 43
12 44
12 45
12 48
12 50
12 52
12 53
12 54
12 55
12 59
12 60
12 575
12 69
12 71
12 589
12 82
12 596
12 90
12 97
12 100
12 107
12 111
12 112
12 117
12 122
12 125
12 132
12 137
12 139
12 653
12 658
12 147
12 148
12 663
12 152
12 153
12 156
12 709
12 164
12 679
12 680
12 171
12 176
12 542
12 187
12 197
12 716
12 719
12 208
12 216
12 228
12 519
12 745
12 752
12 244
12 759
12 249
12 251
12 252
12 766
12 771
12 781
12 728
12 985
12 285
12 560
12 305
12 312
12 825
12 826
12 320
12 851
12 348
12 349
12 354
12 357
12 362
12 363
12 884
12 373
12 609
12 890
12 383
12 385
12 411
12 412
12 413
12 930
12 923
12 424
12 938
12 939
12 429
12 946
12 452
12 967
12 457
12 970
12 473
12 475
12 484
12 485
12 491
12 494
12 499
12 504
12 507
12 509
13 14
13 15
13 16
13 17
13 18
13 19
13 529
13 533
13 22
13 23
13 25
13 26
13 27
13 28
13 29
13 31
13 33
13 34
13 547
13 36
13 38
13 40
13 41
13 43
13 44
13 46
13 47
13 48
13 568
13 59
13 574
13 65
13 67
13 79
13 87
13 88
13 601
13 90
13 91
13 97
13 99
13 102
13 103
13 107
13 108
13 119
13 120
13 121
13 127
13 642
13 136
13 140
13 142
13 792
13 147
13 154
13 160
13 674
13 675
13 602
13 165
13 167
13 168
13 169
13 173
13 179
13 180
13 185
13 187
13 188
13 196
13 201
13 632
13 213
13 220
13 221
13 223
13 229
13 231
13 233
13 240
13 979
13 553
13 257
13 264
13 781
13 280
13 284
13 800
13 304
13 305
13 312
13 327
13 855
13 741
13 571
13 796
13 366
13 884
13 377
13 384
13 394
13 395
13 403
13 414
13 929
13 953
13 973
13 462
13 463
13 467
13 993
13 994
13 579
13 508
14 514
14 15
14 16
14 17
14 18
14 20
14 21
14 26
14 28
14 29
14 30
14 31
14 32
14 33
14 35
14 37
14 554
14 46
14 563
14 53
14 55
14 56
14 57
14 58
14 60
14 573
14 576
14 67
14 68
14 76
14 77
14 78
14 525
14 593
14 84
14 85
14 606
14 613
14 96
14 529
14 103
14 115
14 116
14 117
14 119
14 632
14 122
14 123
14 641
14 132
14 140
14 142
14 658
14 150
14 159
14 673
14 163
14 164
14 540
14 175
14 688
14 178
14 693
14 695
14 544
14 706
14 197
14 711
14 713
14 204
14 717
14 207
14 217
14 730
14 634
14 225
14 743
14 744
14 239
14 248
14 768
14 260
14 264
14 777
14 269
14 729
14 796
14 291
14 293
14 296
14 815
14 565
14 320
14 323
14 737
14 652
14 850
14 343
14 347
14 863
14 864
14 366
14 367
14 880
14 371
14 897
14 906
14 407
14 411
14 424
14 942
14 947
14 440
14 466
14 472
14 569
14 500
14 508
15 512
15 515
15 16
15 529
15 19
15 20
15 21
15 24
15 25
15 26
15 27
15 540
15 29
15 31
15 32
15 34
15 603
15 37
15 40
15 43
15 560
15 562
15 53
15 54
15 55
15 59
15 575
15 64
15 66
15 67
15 75
15 77
15 78
15 80
15 81
15 87
15 89
15 91
15 93
15 95
15 528
15 98
15 99
15 106
15 114
15 116
15 117
15 118
15 120
15 121
15 122
15 126
15 640
15 133
15 648
15 146
15 659
15 159
15 672
15 165
15 678
15 681
15 171
15 684
15 541
15 688
15 178
15 698
15 543
15 191
15 192
15 207
15 632
15 210
15 212
15 214
15 732
15 225
15 743
15 744
15 234
15 236
15 241
15 244
15 765
15 766
15 259
15 726
15 776
15 780
15 274
15 281
15 287
15 807
15 809
15 316
15 835
15 327
15 849
15 344
15 523
15 353
15 873
15 880
15 369
15 371
15 401
15 403
15 919
15 408
15 922
15 927
15 928
15 434
15 951
15 756
15 799
15 460
15 982
15 472
15 987
15 476
15 502
16 17
16 18
16 19
16 21
16 23
16 24
16 27
16 28
16 29
16 30
16 31
16 38
16 42
16 555
16 44
16 45
16 49
16 56
16 59
16 63
16 65
16 66
16 67
16 71
16 73
16 76
16 78
16 525
16 89
16 90
16 93
16 94
16 607
16 96
16 100
16 101
16 103
16 106
16 621
16 110
16 113
16 533
16 641
16 132
16 645
16 647
16 137
16 141
16 143
16 147
16 148
16 150
16 152
16 153
16 585
16 625
16 686
16 184
16 543
16 189
16 196
16 709
16 201
16 202
16 716
16 207
16 220
16 228
16 746
16 235
16 242
16 247
16 762
16 763
16 253
16 767
16 895
16 772
16 261
16 264
16 272
16 276
16 797
16 798
16 289
16 292
16 293
16 294
16 807
16 304
16 817
16 821
16 824
16 316
16 829
16 834
16 327
16 328
16 845
16 848
16 337
16 343
16 345
16 351
16 864
16 708
16 871
16 828
16 363
16 365
16 379
16 382
16 383
16 387
16 388
16 389
16 390
16 405
16 665
16 409
16 436
16 439
16 461
16 612
16 474
16 998
16 497
17 518
17 20
17 28
17 541
17 30
17 36
17 43
17 47
17 49
17 50
17 54
17 61
17 580
17 72
17 76
17 78
17 85
17 87
17 93
17 612
17 108
17 110
17 624
17 626
17 116
17 117
17 130
17 138
17 143
17 151
17 156
17 112
17 162
17 676
17 680
17 682
17 171
17 172
17 178
17 187
17 189
17 192
17 194
17 709
17 199
17 200
17 719
17 722
17 738
17 238
17 241
17 243
17 757
17 250
17 270
17 277
17 799
17 804
17 303
17 305
17 854
17 387
17 663
17 912
17 914
17 921
17 68
17 922
17 943
17 434
17 439
17 444
17 450
17 966
17 462
17 473
17 480
17 996
17 999
18 554
18 135
18 392
18 265
18 271
18 152
18 531
18 276
18 150
18 24
18 542
18 155
18 29
18 30
18 304
18 35
18 37
18 40
18 297
18 42
18 43
18 44
18 48
18 49
18 52
18 309
18 948
18 571
18 189
18 565
18 880
18 130
18 454
18 268
18 715
18 333
18 525
18 693
18 723
18 980
18 216
18 399
18 93
18 862
18 263
18 225
18 408
18 871
18 232
18 105
18 366
18 240
18 400
18 762
18 251
18 298
18 639
19 20
19 22
19 27
19 31
19 33
19 38
19 40
19 45
19 47
19 48
19 49
19 50
19 51
19 52
19 57
19 61
19 64
19 581
19 76
19 590
19 81
19 98
19 100
19 109
19 628
19 630
19 124
19 637
19 642
19 644
19 134
19 143
19 144
19 148
19 150
19 151
19 664
19 154
19 157
19 158
19 179
19 196
19 545
19 200
19 212
19 213
19 215
19 891
19 228
19 744
19 750
19 239
19 246
19 251
19 256
19 276
19 791
19 795
19 808
19 303
19 315
19 321
19 322
19 323
19 331
19 846
19 569
19 355
19 361
19 379
19 388
19 152
19 404
19 407
19 933
19 434
19 454
19 456
19 469
19 470
19 593
19 497
19 502
20 515
20 21
20 22
20 23
20 24
20 25
20 26
20 27
20 28
20 32
20 34
20 39
20 40
20 41
20 42
20 43
20 44
20 45
20 605
20 560
20 562
20 52
20 54
20 55
20 569
20 59
20 60
20 62
20 63
20 577
20 66
20 69
20 70
20 695
20 79
20 592
20 82
20 93
20 95
20 96
20 103
20 621
20 113
20 114
20 116
20 636
20 126
20 127
20 133
20 136
20 649
20 535
20 143
20 146
20 150
20 664
20 667
20 158
20 161
20 162
20 164
20 534
20 693
20 183
20 193
20 713
20 215
20 236
20 753
20 638
20 247
20 639
20 555
20 265
20 779
20 780
20 271
20 274
20 280
20 285
20 801
20 291
20 294
20 299
20 307
20 607
20 556
20 836
20 328
20 850
20 608
20 866
20 868
20 357
20 658
20 380
20 894
20 384
20 385
20 906
20 399
20 917
20 416
20 423
20 965
20 463
20 976
20 465
20 469
20 479
20 994
20 594
20 496
20 497
21 22
21 23
21 24
21 27
21 29
21 33
21 34
21 35
21 36
21 41
21 556
21 45
21 47
21 48
21 50
21 51
21 522
21 65
21 66
21 69
21 582
21 587
21 81
21 84
21 86
21 89
21 606
21 616
21 701
21 624
21 113
21 116
21 142
21 143
21 156
21 677
21 680
21 169
21 176
21 690
21 181
21 184
21 189
21 711
21 204
21 717
21 213
21 215
21 216
21 217
21 732
21 228
21 743
21 756
21 761
21 258
21 772
21 778
21 268
21 270
21 557
21 785
21 786
21 787
21 789
21 792
21 797
21 291
21 296
21 562
21 819
21 827
21 352
21 353
21 884
21 889
21 393
21 394
21 400
21 922
21 412
21 927
21 947
21 441
21 958
21 962
21 453
21 972
21 973
21 249
21 985
21 475
21 489
22 772
22 938
22 272
22 785
22 23
22 25
22 27
22 31
22 544
22 828
22 34
22 292
22 293
22 38
22 39
22 40
22 41
22 170
22 43
22 428
22 325
22 303
22 179
22 53
22 950
22 313
22 764
22 187
22 60
22 266
22 63
22 64
22 66
22 451
22 68
22 69
22 586
22 503
22 462
22 79
22 595
22 83
22 919
22 725
22 953
22 219
22 915
22 605
22 94
22 656
22 612
22 294
22 103
22 360
22 700
22 490
22 167
22 211
22 374
22 247
22 634
22 281
22 554
23 523
23 25
23 26
23 35
23 39
23 42
23 556
23 46
23 560
23 50
23 57
23 693
23 67
23 81
23 85
23 86
23 89
23 92
23 94
23 95
23 610
23 613
23 104
23 106
23 108
23 119
23 124
23 637
23 135
23 139
23 653
23 142
23 151
23 157
23 161
23 679
23 168
23 173
23 691
23 181
23 185
23 699
23 702
23 703
23 704
23 198
23 199
23 208
23 722
23 212
23 214
23 220
23 736
23 248
23 252
23 258
23 780
23 787
23 788
23 793
23 292
23 322
23 839
23 850
23 339
23 346
23 350
23 863
23 353
23 357
23 359
23 378
23 388
23 391
23 919
23 936
23 944
23 945
23 995
23 968
23 460
23 466
23 469
23 483
23 486
24 513
24 516
24 25
24 29
24 32
24 35
24 39
24 44
24 45
24 46
24 49
24 51
24 564
24 54
24 58
24 577
24 76
24 81
24 83
24 93
24 94
24 95
24 102
24 104
24 111
24 114
24 121
24 126
24 130
24 647
24 138
24 143
24 144
24 146
24 150
24 537
24 155
24 158
24 161
24 164
24 167
24 171
24 685
24 183
24 704
24 714
24 717
24 206
24 718
24 727
24 730
24 221
24 222
24 223
24 738
24 229
24 551
24 243
24 244
24 248
24 762
24 254
24 257
24 556
24 778
24 275
24 283
24 799
24 293
24 302
24 306
24 308
24 824
24 315
24 323
24 328
24 332
24 344
24 345
24 860
24 352
24 999
24 879
24 882
24 889
24 380
24 894
24 390
24 391
24 392
24 912
24 404
24 920
24 924
24 417
24 421
24 422
24 426
24 429
24 438
24 956
24 447
24 963
24 454
24 458
24 463
24 467
24 593
24 500
24 509
25 385
25 133
25 647
25 521
25 921
25 284
25 29
25 30
25 287
25 164
25 37
25 683
25 432
25 51
25 181
25 445
25 62
25 706
25 587
25 204
25 976
25 467
25 84
25 216
25 676
25 91
25 101
25 103
25 233
25 885
25 250
25 127
26 524
26 534
26 516
26 27
26 28
26 29
26 30
26 32
26 545
26 35
26 177
26 40
26 47
26 53
26 56
26 59
26 575
26 577
26 66
26 69
26 598
26 599
26 93
26 101
26 105
26 619
26 122
26 363
26 650
26 86
26 654
26 144
26 660
26 149
26 666
26 669
26 168
26 170
26 686
26 689
26 182
26 183
26 205
26 207
26 209
26 218
26 227
26 238
26 247
26 248
26 259
26 772
26 780
26 800
26 807
26 809
26 832
26 840
26 332
26 338
26 852
26 857
26 350
26 355
26 356
26 875
26 890
26 892
26 896
26 396
26 399
26 411
26 419
26 422
26 455
26 476
27 256
27 515
27 391
27 324
27 236
27 522
27 985
27 196
27 539
27 28
27 157
27 30
27 163
27 262
27 166
27 39
27 703
27 41
27 562
27 302
27 175
27 619
27 50
27 611
27 52
27 649
27 59
27 60
27 61
27 377
27 449
27 779
27 68
27 325
27 838
27 72
27 778
27 78
27 591
27 464
27 872
27 594
27 547
27 213
27 87
27 88
27 729
27 348
27 221
27 997
27 315
27 356
27 101
27 102
27 231
27 360
27 615
27 108
27 237
27 445
27 497
27 114
27 629
27 118
27 690
27 632
27 148
27 999
27 379
27 636
27 443
27 126
28 130
28 271
28 725
28 280
28 704
28 913
28 33
28 292
28 38
28 686
28 47
28 177
28 436
28 696
28 57
28 64
28 322
28 910
28 841
28 77
28 397
28 341
28 87
28 621
28 990
28 479
28 912
28 615
28 363
28 237
28 657
28 124
28 469
29 512
29 542
29 133
29 650
29 657
29 925
29 30
29 32
29 752
29 297
29 430
29 816
29 179
29 350
29 828
29 835
29 581
29 73
29 334
29 338
29 85
29 86
29 88
29 474
29 91
29 222
29 996
29 359
29 744
29 108
29 237
29 112
29 499
29 124
29 382
29 661
30 132
30 129
30 649
30 653
30 399
30 144
30 33
30 931
30 165
30 487
30 882
30 309
30 54
30 67
30 840
30 201
30 336
30 82
30 467
30 345
30 859
30 221
30 990
30 99
30 145
30 105
30 235
30 400
31 537
31 540
31 32
31 546
31 35
31 36
31 38
31 39
31 40
31 42
31 43
31 44
31 46
31 50
31 51
31 54
31 56
31 58
31 62
31 949
31 65
31 72
31 596
31 526
31 598
31 88
31 92
31 105
31 107
31 119
31 122
31 125
31 639
31 130
31 131
31 649
31 140
31 653
31 656
31 666
31 162
31 676
31 679
31 173
31 176
31 185
31 207
31 724
31 225
31 739
31 231
31 232
31 241
31 249
31 253
31 254
31 767
31 769
31 294
31 295
31 810
31 812
31 318
31 831
31 840
31 844
31 851
31 345
31 347
31 355
31 869
31 372
31 377
31 905
31 394
31 911
31 402
31 406
31 929
31 937
31 430
31 433
31 437
31 442
31 455
31 457
31 991
31 480
31 494
31 506
32 388
32 517
32 262
32 135
32 898
32 914
32 279
32 35
32 807
32 54
32 443
32 444
32 191
32 193
32 68
32 838
32 75
32 663
32 291
32 980
32 782
32 505
32 989
32 479
32 571
32 100
32 232
32 876
32 501
32 374
32 249
32 63
32 981
33 128
33 652
33 875
33 278
33 646
33 263
33 392
33 137
33 789
33 150
33 535
33 155
33 287
33 161
33 34
33 292
33 37
33 817
33 389
33 43
33 300
33 142
33 48
33 177
33 573
33 469
33 820
33 935
33 438
33 55
33 184
33 57
33 58
33 59
33 61
33 63
33 458
33 650
33 71
33 73
33 74
33 971
33 76
33 206
33 397
33 888
33 82
33 83
33 212
33 85
33 214
33 471
33 349
33 293
33 97
33 98
33 355
33 235
33 620
33 365
33 367
33 752
33 424
33 204
33 632
33 633
33 969
33 764
33 125
33 277
34 771
34 392
34 664
34 388
34 282
34 495
34 543
34 677
34 406
34 534
34 301
34 689
34 50
34 307
34 53
34 57
34 318
34 63
34 705
34 194
34 309
34 70
34 74
34 978
34 854
34 223
34 96
34 485
34 874
34 364
34 111
34 240
34 883
34 884
34 507
35 128
35 683
35 133
35 137
35 862
35 523
35 192
35 614
35 400
35 408
35 275
35 148
35 546
35 475
35 804
35 679
35 40
35 41
35 43
35 175
35 560
35 52
35 821
35 566
35 393
35 312
35 315
35 64
35 449
35 194
35 715
35 709
35 731
35 71
35 329
35 75
35 588
35 77
35 847
35 80
35 722
35 600
35 91
35 478
35 95
35 352
35 97
35 739
35 357
35 102
35 487
35 488
35 234
35 108
35 809
35 111
35 856
35 881
35 882
35 531
35 628
35 967
35 375
35 376
35 127
36 128
36 263
36 265
36 139
36 147
36 278
36 153
36 166
36 423
36 170
36 44
36 557
36 46
36 47
36 562
36 180
36 567
36 550
36 961
36 451
36 68
36 396
36 333
36 334
36 210
36 852
36 725
36 214
36 87
36 354
36 651
36 357
36 104
36 366
36 241
36 892
36 298
36 744
37 768
37 259
37 391
37 521
37 215
37 707
37 406
37 408
37 283
37 796
37 907
37 159
37 682
37 134
37 38
37 41
37 42
37 171
37 242
37 303
37 138
37 58
37 839
37 60
37 61
37 63
37 267
37 837
37 910
37 71
37 968
37 73
37 715
37 332
37 335
37 297
37 980
37 341
37 87
37 186
37 94
37 608
37 353
37 482
37 742
37 359
37 519
37 828
37 107
37 236
37 750
37 509
37 368
37 114
37 169
37 376
37 477
37 298
37 767
38 392
38 774
38 905
38 146
38 149
38 285
38 165
38 945
38 168
38 45
38 174
38 413
38 944
38 136
38 434
38 585
38 186
38 571
38 735
38 447
38 69
38 70
38 200
38 329
38 269
38 80
38 857
38 218
38 975
38 733
38 222
38 784
38 955
38 103
38 105
38 234
38 494
38 680
38 558
38 124
38 125
38 766
38 789
39 662
39 390
39 385
39 777
39 675
39 274
39 789
39 836
39 673
39 163
39 584
39 42
39 391
39 685
39 46
39 48
39 177
39 306
39 437
39 311
39 184
39 185
39 59
39 61
39 693
39 960
39 705
39 324
39 838
39 200
39 202
39 972
39 974
39 721
39 419
39 569
39 88
39 90
39 91
39 92
39 477
39 315
39 228
39 742
39 614
39 359
39 872
39 233
39 490
39 108
39 238
39 637
39 859
39 246
39 633
39 123
39 125
40 518
40 193
40 778
40 140
40 528
40 278
40 729
40 412
40 416
40 421
40 988
40 174
40 311
40 863
40 318
40 960
40 65
40 451
40 454
40 974
40 207
40 919
40 89
40 220
40 349
40 607
40 609
40 745
40 629
40 121
40 511
41 651
41 270
41 730
41 286
41 545
41 858
41 986
41 52
41 53
41 61
41 65
41 708
41 965
41 198
41 839
41 585
41 842
41 459
41 846
41 847
41 208
41 163
41 343
41 90
41 989
41 98
41 230
41 750
41 239
41 627
41 121
41 251
42 898
42 269
42 273
42 410
42 796
42 669
42 675
42 552
42 685
42 687
42 136
42 436
42 566
42 57
42 186
42 580
42 843
42 504
42 82
42 86
42 313
42 867
42 235
42 808
42 115
42 376
42 767
43 520
43 408
43 409
43 154
43 294
43 48
43 306
43 51
43 55
43 189
43 958
43 200
43 202
43 844
43 595
43 340
43 85
43 87
43 97
43 357
43 536
43 638
44 387
44 260
44 134
44 300
44 394
44 271
44 450
44 707
44 151
44 933
44 298
44 172
44 45
44 942
44 943
44 49
44 52
44 182
44 55
44 313
44 957
44 62
44 885
44 320
44 322
44 451
44 69
44 737
44 73
44 76
44 718
44 79
44 80
44 338
44 339
44 356
44 208
44 98
44 310
44 100
44 230
44 363
44 916
44 369
44 638
44 505
44 506
44 959
44 510
45 769
45 517
45 135
45 522
45 534
45 279
45 132
45 284
45 420
45 295
45 681
45 172
45 302
45 561
45 521
45 183
45 56
45 445
45 319
45 962
45 67
45 70
45 268
45 207
45 348
45 224
45 225
45 226
45 99
45 422
45 507
45 367
45 244
45 246
45 506
45 383
45 252
45 254
45 149
46 386
46 131
46 536
46 916
46 413
46 518
46 426
46 431
46 947
46 181
46 311
46 700
46 829
46 833
46 78
46 466
46 216
46 898
46 351
46 995
46 116
46 638
47 129
47 131
47 645
47 530
47 147
47 155
47 786
47 682
47 813
47 175
47 856
47 883
47 52
47 313
47 314
47 192
47 193
47 630
47 584
47 713
47 973
47 335
47 337
47 594
47 953
47 344
47 771
47 58
47 610
47 995
47 486
47 488
47 105
47 431
47 493
47 368
47 370
47 349
47 632
47 766
47 383
48 901
48 300
48 282
48 420
48 169
48 172
48 691
48 137
48 56
48 314
48 330
48 577
48 67
48 70
48 289
48 72
48 74
48 459
48 984
48 732
48 733
48 350
48 224
48 146
48 240
48 369
48 754
48 253
49 131
49 516
49 404
49 154
49 284
49 677
49 166
49 551
49 171
49 177
49 51
49 862
49 438
49 64
49 197
49 80
49 210
49 469
49 347
49 734
49 805
49 224
49 356
49 741
49 104
49 792
49 111
49 123
49 766
50 897
50 391
50 136
50 812
50 877
50 532
50 891
50 154
50 156
50 670
50 544
50 816
50 180
50 166
50 295
50 424
50 405
50 684
50 687
50 304
50 306
50 52
50 437
50 182
50 56
50 57
50 186
50 60
50 63
50 578
50 453
50 71
50 712
50 930
50 335
50 976
50 209
50 594
50 723
50 88
50 719
50 223
50 611
50 484
50 101
50 232
50 105
50 619
50 748
50 109
50 494
50 115
50 119
50 255
50 149
51 134
51 257
51 392
51 141
51 256
51 660
51 156
51 413
51 159
51 220
51 559
51 55
51 440
51 320
51 260
51 203
51 452
51 69
51 584
51 842
51 75
51 79
51 213
51 344
51 731
51 92
51 962
51 227
51 358
51 860
51 747
51 239
51 752
51 884
51 377
51 762
51 251
51 126
52 918
52 139
52 656
52 278
52 159
52 672
52 549
52 176
52 177
52 180
52 822
52 55
52 708
52 590
52 211
52 219
52 92
52 226
52 361
52 490
52 627
52 244
53 129
53 770
53 133
53 774
53 257
53 651
53 269
53 579
53 148
53 366
53 409
53 155
53 926
53 927
53 931
53 165
53 477
53 499
53 478
53 183
53 641
53 186
53 735
53 60
53 61
53 608
53 63
53 320
53 65
53 66
53 195
53 458
53 71
53 200
53 329
53 74
53 290
53 79
53 851
53 352
53 83
53 85
53 86
53 343
53 89
53 346
53 603
53 476
53 93
53 222
53 223
53 96
53 98
53 570
53 612
53 870
53 743
53 619
53 902
53 109
53 238
53 189
53 625
53 243
53 886
53 553
53 933
53 447
53 636
54 750
54 515
54 263
54 138
54 141
54 526
54 528
54 148
54 149
54 324
54 421
54 423
54 391
54 174
54 435
54 201
54 56
54 442
54 68
54 453
54 73
54 202
54 75
54 386
54 975
54 209
54 722
54 213
54 215
54 986
54 348
54 349
54 280
54 95
54 227
54 998
54 742
54 361
54 935
54 109
54 238
54 111
54 881
54 373
54 502
54 887
54 126
54 533
55 896
55 683
55 519
55 272
55 664
55 281
55 543
55 546
55 420
55 817
55 552
55 172
55 176
55 177
55 178
55 862
55 577
55 266
55 443
55 189
55 62
55 65
55 66
55 246
55 204
55 78
55 760
55 210
55 212
55 598
55 983
55 857
55 477
55 222
55 362
55 466
55 111
55 884
55 190
55 118
55 248
55 124
55 893
56 776
56 137
56 779
56 403
56 148
56 535
56 792
56 154
56 283
56 291
56 935
56 555
56 440
56 58
56 446
56 70
56 865
56 73
56 212
56 97
56 104
56 235
56 236
56 616
56 117
56 916
56 382
57 385
57 258
57 774
57 521
57 524
57 274
57 406
57 153
57 538
57 157
57 159
57 166
57 167
57 168
57 668
57 690
57 797
57 560
57 308
57 184
57 782
57 130
57 842
57 716
57 333
57 461
57 592
57 340
57 270
57 728
57 603
57 935
57 658
57 366
57 627
57 379
57 125
57 767
58 135
58 655
58 913
58 286
58 422
58 551
58 810
58 310
58 956
58 61
58 959
58 193
58 69
58 71
58 588
58 592
58 82
58 398
58 727
58 344
58 858
58 91
58 482
58 739
58 550
58 161
58 362
58 492
58 115
58 501
58 119
58 673
58 126
59 384
59 512
59 897
59 136
59 401
59 579
59 155
59 924
59 282
59 670
59 389
59 160
59 168
59 809
59 557
59 944
59 177
59 543
59 188
59 458
59 800
59 962
59 323
59 196
59 198
59 161
59 200
59 74
59 141
59 980
59 88
59 207
59 783
59 737
59 99
59 472
59 229
59 231
59 488
59 728
59 928
59 417
59 659
60 129
60 534
60 523
60 269
60 527
60 144
60 402
60 252
60 408
60 155
60 944
60 423
60 892
60 170
60 427
60 816
60 180
60 764
60 188
60 445
60 134
60 181
60 64
60 193
60 450
60 715
60 196
60 309
60 390
60 456
60 652
60 75
60 81
60 851
60 84
60 86
60 473
60 219
60 606
60 209
60 872
60 105
60 620
60 628
60 382
60 119
60 124
60 254
61 896
61 514
61 520
61 651
61 781
61 542
61 162
61 439
61 321
61 74
61 83
61 889
61 860
61 94
61 607
61 913
61 114
61 761
61 508
62 311
62 721
62 260
62 141
62 782
62 144
62 785
62 915
62 661
62 921
62 153
62 154
62 794
62 158
62 547
62 261
62 806
62 938
62 181
62 438
62 441
62 188
62 189
62 592
62 959
62 321
62 971
62 965
62 72
62 203
62 460
62 80
62 504
62 981
62 343
62 217
62 219
62 92
62 336
62 98
62 940
62 102
62 359
62 932
62 490
62 747
62 317
62 497
62 243
62 120
62 505
62 250
62 123
62 252
62 381
63 899
63 264
63 268
63 274
63 287
63 167
63 682
63 811
63 172
63 180
63 694
63 952
63 308
63 309
63 68
63 74
63 716
63 205
63 84
63 474
63 102
63 109
63 246
63 375
63 378
63 127
64 260
64 141
64 968
64 151
64 453
64 930
64 326
64 689
64 300
64 799
64 266
64 69
64 70
64 72
64 850
64 85
64 602
64 92
64 99
64 998
64 106
64 875
64 109
64 112
64 626
64 118
64 890
64 253
65 134
65 265
65 652
65 664
65 919
65 152
65 541
65 393
65 301
65 303
65 178
65 436
65 828
65 194
65 707
65 198
65 71
65 73
65 466
65 84
65 597
65 982
65 88
65 217
65 90
65 732
65 734
65 99
65 102
65 233
65 364
65 112
65 680
65 631
65 853
66 128
66 772
66 134
66 942
66 533
66 526
66 536
66 149
66 280
66 795
66 415
66 161
66 291
66 164
66 423
66 841
66 181
66 824
66 321
66 194
66 907
66 452
66 201
66 339
66 345
66 92
66 734
66 99
66 359
66 873
66 748
66 110
66 893
66 370
66 500
66 121
66 252
66 381
67 128
67 771
67 263
67 651
67 140
67 273
67 163
67 421
67 167
67 936
67 555
67 558
67 559
67 176
67 945
67 611
67 308
67 182
67 185
67 190
67 837
67 457
67 518
67 971
67 76
67 354
67 849
67 338
67 211
67 342
67 984
67 480
67 400
67 226
67 251
67 685
67 551
67 109
67 882
67 339
67 245
67 123
68 150
68 395
68 524
68 527
68 559
68 282
68 667
68 550
68 168
68 942
68 431
68 308
68 823
68 313
68 318
68 708
68 325
68 198
68 583
68 75
68 460
68 77
68 803
68 398
68 86
68 600
68 164
68 222
68 702
68 864
68 483
68 487
68 616
68 361
68 748
68 923
68 851
68 984
68 373
68 760
68 575
68 250
68 379
68 918
69 644
69 907
69 398
69 158
69 431
69 312
69 187
69 705
69 195
69 327
69 584
69 73
69 77
69 80
69 81
69 979
69 84
69 599
69 868
69 474
69 612
69 849
69 106
69 107
69 115
69 532
69 916
69 405
70 387
70 524
70 407
70 281
70 666
70 156
70 157
70 287
70 161
70 675
70 413
70 182
70 671
70 188
70 317
70 522
70 78
70 593
70 980
70 590
70 983
70 599
70 728
70 989
70 230
70 106
70 494
70 885
70 120
70 249
70 541
71 257
71 642
71 264
71 405
71 535
71 793
71 282
71 540
71 794
71 272
71 938
71 321
71 176
71 385
71 568
71 188
71 202
71 821
71 322
71 451
71 417
71 72
71 74
71 332
71 77
71 461
71 465
71 973
71 980
71 471
71 591
71 92
71 442
71 350
71 608
71 97
71 482
71 656
71 358
71 362
71 749
71 110
71 113
71 979
71 244
71 247
71 120
71 889
71 634
72 514
72 262
72 519
72 147
72 542
72 133
72 162
72 933
72 423
72 680
72 775
72 670
72 823
72 962
72 118
72 718
72 339
72 213
72 86
72 600
72 347
72 860
72 96
72 481
72 610
72 483
72 101
72 230
72 617
72 246
72 247
72 122
73 775
73 271
73 144
73 786
73 691
73 388
73 799
73 290
73 423
73 938
73 427
73 431
73 435
73 184
73 698
73 191
73 225
73 591
73 720
73 598
73 473
73 90
73 347
73 96
73 229
73 975
73 103
73 875
73 493
73 110
73 116
73 967
73 120
73 634
73 123
73 509
73 127
74 256
74 514
74 393
74 266
74 268
74 143
74 406
74 795
74 517
74 164
74 166
74 559
74 564
74 138
74 905
74 700
74 190
74 321
74 587
74 964
74 582
74 459
74 418
74 340
74 356
74 346
74 736
74 96
74 228
74 294
74 358
74 360
74 747
74 116
74 759
74 377
74 250
74 126
75 257
75 771
75 324
75 138
75 398
75 887
75 985
75 281
75 415
75 165
75 169
75 171
75 556
75 301
75 174
75 434
75 314
75 188
75 262
75 488
75 839
75 200
75 331
75 419
75 950
75 729
75 527
75 442
75 351
75 993
75 101
75 487
75 232
75 623
75 113
75 115
75 361
75 121
75 383
76 141
76 271
76 788
76 666
76 418
76 813
76 946
76 819
76 951
76 312
76 698
76 191
76 77
76 980
76 761
76 858
76 733
76 478
76 96
76 231
76 762
76 620
76 750
76 113
76 114
76 499
76 657
76 506
76 382
77 578
77 151
77 580
77 318
77 322
77 587
77 79
77 720
77 83
77 357
77 107
77 626
77 376
78 256
78 129
78 389
78 513
78 787
78 512
78 537
78 156
78 548
78 326
78 807
78 424
78 826
78 319
78 320
78 197
78 993
78 695
78 717
78 83
78 853
78 736
78 225
78 739
78 360
78 233
78 243
78 633
79 146
79 286
79 419
79 165
79 426
79 437
79 956
79 720
79 90
79 94
79 484
79 623
79 245
80 137
80 138
80 145
80 152
80 283
80 156
80 162
80 932
80 936
80 284
80 815
80 818
80 179
80 313
80 578
80 523
80 714
80 587
80 802
80 845
80 87
80 90
80 480
80 227
80 362
80 749
80 240
80 937
81 259
81 389
81 904
81 652
81 258
81 150
81 731
81 553
81 778
81 972
81 82
81 770
81 91
81 348
81 607
81 609
81 738
81 233
81 110
81 766
82 384
82 721
82 133
82 646
82 905
82 655
82 528
82 147
82 148
82 601
82 920
82 793
82 282
82 930
82 549
82 811
82 303
82 817
82 286
82 182
82 695
82 735
82 829
82 190
82 325
82 839
82 840
82 203
82 204
82 592
82 472
82 89
82 220
82 95
82 912
82 230
82 465
82 368
82 369
82 822
82 446
82 638
83 130
83 144
83 145
83 402
83 407
83 802
83 184
83 185
83 587
83 331
83 219
83 997
83 487
83 744
83 364
83 755
84 131
84 132
84 135
84 265
84 653
84 400
84 145
84 853
84 159
84 427
84 600
84 816
84 695
84 782
84 202
84 208
84 597
84 88
84 219
84 862
84 507
84 357
84 104
84 236
84 238
84 360
84 123
84 894
84 277
85 192
85 642
85 685
85 281
85 932
85 428
85 429
85 816
85 305
85 183
85 181
85 224
85 106
85 619
85 494
85 242
85 626
86 898
86 136
86 779
86 653
86 528
86 273
86 659
86 532
86 152
86 687
86 417
86 165
86 550
86 296
86 681
86 172
86 431
86 439
86 441
86 571
86 191
86 841
86 567
86 720
86 510
86 94
86 100
86 489
86 109
86 117
86 759
86 378
86 319
86 254
87 129
87 138
87 153
87 296
87 829
87 318
87 327
87 969
87 461
87 854
87 859
87 221
87 354
87 111
87 121
88 704
88 389
88 145
88 537
88 794
88 158
88 288
88 880
88 309
88 448
88 346
88 106
88 493
88 624
89 769
89 135
89 407
89 408
89 964
89 160
89 161
89 162
89 172
89 174
89 303
89 883
89 820
89 624
89 324
89 503
89 590
89 341
89 216
89 912
89 227
89 233
89 749
89 112
89 627
89 375
89 121
89 637
90 519
90 142
90 275
90 536
90 410
90 155
90 669
90 672
90 803
90 680
90 173
90 566
90 700
90 702
90 832
90 586
90 214
90 480
90 997
90 237
90 496
90 497
90 117
90 250
90 125
90 510
91 256
91 129
91 515
91 647
91 899
91 661
91 790
91 283
91 415
91 432
91 178
91 182
91 827
91 197
91 456
91 970
91 587
91 339
91 855
91 349
91 98
91 995
91 229
91 102
91 105
91 372
91 118
91 254
91 895
92 960
92 900
92 517
92 520
92 271
92 274
92 155
92 454
92 295
92 171
92 824
92 198
92 465
92 483
92 103
92 110
92 113
92 123
93 131
93 142
93 157
93 291
93 548
93 678
93 174
93 559
93 177
93 564
93 578
93 457
93 208
93 606
93 226
93 867
93 230
93 871
93 372
93 117
93 634
93 127
94 651
94 913
94 551
94 435
94 834
94 201
94 472
94 847
94 480
94 484
94 869
94 743
94 505
95 640
95 102
95 114
95 657
95 339
95 308
95 122
95 602
96 773
96 139
96 407
96 412
96 800
96 420
96 924
96 170
96 811
96 556
96 173
96 180
96 571
96 586
96 831
96 706
96 203
96 334
96 791
96 209
96 216
96 949
96 859
96 868
96 236
96 115
96 635
97 641
97 401
97 928
97 293
97 312
97 194
97 207
97 210
97 341
97 350
97 486
97 125
98 262
98 385
98 300
98 267
98 142
98 786
98 275
98 665
98 964
98 416
98 422
98 936
98 815
98 496
98 521
98 315
98 316
98 266
98 190
98 324
98 929
98 713
98 403
98 467
98 228
98 349
98 354
98 100
98 485
98 103
98 107
98 493
98 368
99 269
99 149
99 282
99 672
99 548
99 299
99 824
99 313
99 957
99 887
99 588
99 591
99 209
99 595
99 804
99 218
99 482
99 593
99 751
99 759
100 273
100 658
100 535
100 287
100 557
100 304
100 671
100 449
100 707
100 325
100 198
100 346
100 989
100 145
100 118
101 771
101 263
101 138
101 140
101 272
101 662
101 170
101 951
101 440
101 833
101 836
101 201
101 356
101 505
101 636
101 255
102 134
102 775
102 791
102 749
102 400
102 407
102 153
102 539
102 302
102 833
102 315
102 205
102 976
102 984
102 348
102 656
102 911
102 109
102 757
102 250
102 125
103 161
103 685
103 175
103 816
103 309
103 825
103 450
103 801
103 204
103 718
103 525
103 467
103 476
103 861
103 233
103 106
103 501
104 769
104 258
104 278
104 776
104 305
104 562
104 676
104 283
105 812
105 909
105 142
105 277
105 410
105 536
105 154
105 672
105 805
105 684
105 432
105 315
105 138
105 323
105 196
105 457
105 203
105 463
105 331
105 733
105 614
105 234
105 115
105 246
105 122
105 123
105 541
106 640
106 261
106 270
106 281
106 286
106 420
106 648
106 178
106 566
106 312
106 715
106 718
106 223
106 623
106 757
106 376
106 895
106 127
107 269
107 782
107 527
107 276
107 150
107 156
107 290
107 164
107 553
107 939
107 990
107 566
107 671
107 446
107 833
107 459
107 460
107 977
107 341
107 854
107 898
107 224
107 745
107 494
107 502
107 251
107 981
108 790
108 281
108 406
108 810
108 685
108 444
108 703
108 961
108 963
108 324
108 733
108 997
108 485
108 360
108 489
108 496
108 891
109 133
109 390
109 401
109 663
109 412
109 645
109 800
109 470
109 435
109 437
109 951
109 442
109 572
109 706
109 694
109 326
109 209
109 211
109 218
109 603
109 491
109 195
110 513
110 389
110 521
110 394
110 268
110 528
110 538
110 284
110 544
110 561
110 957
110 651
110 589
110 717
110 342
110 857
110 477
110 484
110 230
110 617
110 237
110 884
111 311
111 516
111 727
111 215
111 528
111 787
111 415
111 680
111 682
111 305
111 309
111 696
111 628
111 543
111 192
111 523
111 327
111 331
111 334
111 977
111 483
111 982
111 219
111 227
111 878
111 808
111 371
111 500
111 118
111 892
111 637
112 132
112 521
112 269
112 320
112 278
112 796
112 672
112 299
112 686
112 563
112 180
112 438
112 186
112 959
112 199
112 586
112 205
112 975
112 208
112 977
112 225
112 741
112 273
112 233
112 743
112 370
112 755
112 374
112 617
112 122
113 259
113 263
113 393
113 140
113 386
113 270
113 147
113 151
113 152
113 540
113 157
113 162
113 427
113 176
113 183
113 956
113 198
113 328
113 524
113 970
113 642
113 987
113 736
113 866
113 358
113 236
113 515
113 118
113 631
113 404
113 252
114 642
114 564
114 318
114 321
114 456
114 847
114 464
114 421
114 364
114 367
114 502
114 127
115 393
115 266
115 661
115 928
115 176
115 561
115 194
115 588
115 330
115 459
115 332
115 991
115 865
115 495
115 241
115 249
115 763
116 259
116 408
116 201
116 411
116 156
116 154
116 671
116 288
116 457
116 808
116 425
116 815
116 311
116 696
116 448
116 450
116 235
116 496
116 375
116 124
117 261
117 528
117 279
117 536
117 409
117 517
117 163
117 683
117 434
117 448
117 579
117 582
117 206
117 466
117 219
117 476
117 870
117 490
117 210
117 374
117 119
117 765
117 639
118 259
118 265
118 268
118 270
118 159
118 675
118 166
118 681
118 584
118 193
118 208
118 733
118 481
118 231
118 622
119 256
119 643
119 728
119 280
119 285
119 542
119 295
119 822
119 197
119 199
119 719
119 472
119 474
119 218
119 122
119 509
120 514
120 133
120 649
120 398
120 785
120 836
120 708
120 410
120 943
120 541
120 688
120 526
120 548
120 165
120 170
120 303
120 560
120 564
120 654
120 314
120 187
120 828
120 191
120 321
120 196
120 586
120 717
120 849
120 339
120 326
120 399
120 861
120 979
120 783
120 609
120 226
120 484
120 864
120 233
120 748
120 237
120 239
120 241
120 882
120 911
120 372
120 629
120 761
120 378
120 831
120 508
120 511
121 896
121 132
121 137
121 522
121 397
121 658
121 148
121 674
121 298
121 430
121 943
121 180
121 183
121 698
121 828
121 395
121 602
121 747
121 876
122 389
122 661
122 667
122 550
122 426
122 441
122 443
122 189
122 961
122 199
122 503
122 332
122 205
122 334
122 339
122 340
122 363
122 757
122 252
123 903
123 776
123 777
123 141
123 531
123 154
123 162
123 302
123 178
123 905
123 698
123 834
123 196
123 197
123 199
123 847
123 210
123 975
123 490
123 492
124 371
124 141
124 813
124 537
124 286
124 429
124 307
124 181
124 440
124 955
124 574
124 962
124 971
124 335
124 592
124 952
124 720
124 622
124 243
124 760
125 641
125 260
125 134
125 520
125 270
125 819
125 411
125 157
125 297
125 298
125 939
125 435
125 323
125 200
125 330
125 588
125 333
125 974
125 335
125 465
125 470
125 697
125 601
125 220
125 232
125 746
125 628
126 539
126 376
126 163
126 265
126 459
126 268
126 432
126 145
126 696
126 819
126 255
127 135
127 943
127 677
127 274
127 575
127 819
128 751
128 773
128 812
128 879
128 185
128 324
128 327
128 163
128 267
128 613
128 359
128 365
128 239
128 502
129 388
129 429
129 402
129 538
129 299
129 173
129 948
129 822
129 441
129 198
129 840
129 330
129 853
129 610
129 956
130 427
130 393
130 534
130 922
130 411
130 160
130 546
130 547
130 935
130 540
130 554
130 299
130 837
130 672
130 325
130 199
130 202
130 994
130 354
130 485
130 373
130 630
130 251
131 774
131 266
131 268
131 655
131 413
131 160
131 496
131 675
131 810
131 301
131 203
131 335
131 849
131 211
131 344
131 481
131 486
131 361
131 239
131 240
131 888
132 266
132 779
132 783
132 659
132 516
132 296
132 171
132 180
132 798
132 692
132 314
132 187
132 317
132 190
132 195
132 908
132 332
132 597
132 218
132 442
132 955
132 340
132 907
132 621
132 243
132 374
133 160
133 415
133 454
133 455
133 645
133 776
133 835
133 185
133 602
133 221
133 245
134 772
134 135
134 407
134 140
134 530
134 277
134 279
134 900
134 283
134 287
134 289
134 539
134 799
134 191
134 417
134 201
134 458
134 889
134 464
134 338
134 599
134 472
134 729
134 218
134 987
134 673
134 485
134 237
134 495
134 377
134 511
135 266
135 527
135 662
135 279
135 409
135 291
135 549
135 424
135 170
135 299
135 306
135 948
135 950
135 823
135 450
135 314
135 352
135 364
135 914
135 317
135 883
135 375
136 384
136 392
136 546
136 302
136 563
136 957
136 574
136 258
136 203
136 214
136 220
136 607
136 227
136 626
137 939
137 262
137 274
137 810
137 299
137 428
137 815
137 817
137 818
137 701
137 395
137 929
137 908
137 463
137 163
137 352
137 618
137 238
137 381
137 767
138 139
138 788
138 151
138 411
138 290
138 547
138 166
138 175
138 179
138 310
138 826
138 574
138 960
138 328
138 716
138 994
138 725
138 726
138 473
138 987
138 221
138 485
138 866
138 791
138 767
138 639
139 539
139 925
139 295
139 427
139 186
139 191
139 960
139 608
139 329
139 330
139 337
139 346
139 862
139 613
140 258
140 983
140 144
140 274
140 195
140 809
140 590
140 303
140 948
140 951
140 184
140 698
140 827
140 188
140 452
140 584
140 202
140 206
140 872
140 334
140 214
140 343
140 728
140 989
140 805
140 993
140 226
140 488
140 745
140 323
140 363
140 530
140 622
140 275
140 245
140 251
141 987
141 972
141 371
141 397
141 366
141 414
141 593
141 213
142 256
142 515
142 900
142 267
142 146
142 534
142 795
142 158
142 159
142 422
142 167
142 297
142 812
142 173
142 306
142 191
142 194
142 651
142 326
142 973
142 873
142 856
142 818
142 367
142 247
142 633
142 575
142 383
143 153
143 941
143 186
143 650
143 194
143 395
143 452
143 585
143 595
143 341
143 355
143 228
143 742
143 657
143 759
143 380
143 253
144 396
144 920
144 283
144 811
144 304
144 689
144 336
144 597
144 604
144 870
144 979
144 376
145 288
145 240
145 692
145 657
145 600
145 870
145 941
145 174
145 531
145 612
145 629
146 635
146 829
146 583
146 504
146 855
146 496
146 599
146 687
147 659
147 276
147 712
147 187
147 322
147 709
147 714
147 596
147 420
147 230
147 368
147 632
147 249
147 254
148 384
148 513
148 402
148 404
148 149
148 425
148 299
148 174
148 307
148 182
148 570
148 955
148 524
148 595
148 350
148 484
148 231
148 745
148 723
148 374
148 873
149 644
149 982
149 785
149 279
149 921
149 288
149 162
149 168
149 428
149 942
149 436
149 581
149 199
149 841
149 971
149 973
149 976
149 342
149 351
149 352
149 353
149 229
149 744
149 877
149 255
150 512
150 770
150 391
150 399
150 533
150 410
150 155
150 292
150 677
150 647
150 300
150 958
150 319
150 193
150 329
150 340
150 465
150 231
150 494
150 496
150 245
150 247
150 509
151 773
151 940
151 660
151 667
151 415
151 678
151 295
151 173
151 177
151 564
151 566
151 569
151 927
151 317
151 326
151 241
151 204
151 721
151 466
151 595
151 600
151 347
151 881
151 869
151 353
151 611
151 741
151 234
151 167
151 365
151 659
151 244
151 264
152 288
152 195
152 310
152 737
152 498
152 375
152 921
152 683
152 319
152 700
153 554
153 427
153 684
153 181
153 950
153 577
153 582
153 968
153 219
153 223
153 737
153 511
154 642
154 773
154 521
154 656
154 410
154 901
154 289
154 164
154 945
154 300
154 686
154 175
154 178
154 694
154 571
154 580
154 582
154 841
154 715
154 980
154 474
154 347
154 762
154 478
154 618
154 364
154 239
154 240
154 627
154 629
154 250
154 383
155 276
155 664
155 287
155 550
155 920
155 348
155 691
155 442
155 316
155 713
155 458
155 975
155 608
155 955
155 612
155 242
155 756
155 250
156 750
156 770
156 901
156 909
156 606
156 670
156 752
156 301
156 820
156 222
156 969
156 317
156 318
156 449
156 835
156 396
156 626
156 843
156 563
156 350
156 238
156 893
156 368
156 370
156 190
156 374
156 763
156 253
156 277
157 397
157 543
157 673
157 200
157 192
157 328
157 845
157 848
157 724
157 216
157 730
157 235
157 627
158 897
158 525
158 671
158 934
158 553
158 426
158 555
158 556
158 709
158 179
158 990
158 568
158 442
158 700
158 455
158 346
158 604
158 222
158 732
158 621
158 241
158 245
159 691
159 278
159 978
159 443
159 704
159 298
159 933
159 869
160 282
160 801
160 552
160 170
160 173
160 179
160 565
160 455
160 713
160 330
160 207
160 210
160 979
160 728
160 605
160 736
160 737
160 617
160 491
160 365
160 501
161 514
161 518
161 272
161 917
161 419
161 932
161 326
161 168
161 951
161 445
161 446
161 325
161 198
161 929
161 585
161 205
161 471
161 165
161 443
161 996
161 293
161 625
161 375
161 508
162 976
162 482
162 443
162 841
162 172
162 431
162 210
162 179
162 984
162 414
163 976
163 779
163 761
163 624
163 872
163 638
163 670
163 169
163 297
164 899
164 517
164 919
164 428
164 817
164 690
164 703
164 199
164 846
164 720
164 334
164 636
165 985
165 419
165 297
165 943
165 565
165 566
165 445
165 446
165 326
165 845
165 726
165 217
165 991
165 367
165 630
165 319
165 765
166 768
166 387
166 264
166 650
166 405
166 662
166 280
166 670
166 803
166 292
166 425
166 299
166 815
166 816
166 886
166 335
166 987
166 620
167 386
167 527
167 535
167 926
167 544
167 290
167 558
167 701
167 196
167 992
167 999
167 875
168 512
168 386
168 985
168 412
168 668
168 173
168 835
168 397
168 721
168 979
168 980
168 983
168 857
168 719
168 226
168 355
168 359
168 234
168 366
168 498
168 252
169 512
169 517
169 787
169 406
169 418
169 297
169 686
169 950
169 522
169 330
169 646
169 222
169 229
169 492
169 505
170 674
170 899
170 188
170 877
170 973
170 545
170 442
171 512
171 513
171 386
171 392
171 291
171 695
171 317
171 574
171 832
171 706
171 907
171 452
171 581
171 457
171 844
171 845
171 419
171 212
171 347
171 348
171 237
171 240
171 506
172 257
172 556
172 916
172 789
172 553
172 948
172 311
172 575
172 583
172 475
172 224
172 739
172 493
172 243
172 637
173 276
173 802
173 291
173 439
173 186
173 192
173 712
173 970
173 845
173 462
173 419
173 860
173 477
173 223
173 224
173 225
173 354
173 360
173 491
173 237
174 654
174 279
174 926
174 422
174 684
174 825
174 583
174 972
174 209
174 217
174 481
174 849
174 622
174 624
174 375
174 508
174 638
175 262
175 904
175 395
175 258
175 399
175 661
175 666
175 289
175 298
175 301
175 700
175 574
175 885
175 578
175 323
175 586
175 336
175 210
175 931
175 483
175 230
175 907
175 497
175 702
175 381
175 382
176 854
176 267
176 271
176 290
176 931
176 967
176 558
176 178
176 179
176 699
176 190
176 456
176 418
176 335
176 720
176 504
176 722
176 726
176 395
176 227
176 742
176 365
176 495
176 628
176 501
176 248
177 270
177 532
177 283
177 414
177 555
177 316
177 573
177 190
177 206
177 212
177 470
177 487
177 499
177 885
177 631
178 482
178 908
178 492
178 628
178 184
178 444
179 901
179 401
179 294
179 554
179 557
179 430
179 945
179 192
179 581
179 711
179 332
179 852
179 744
179 245
179 255
180 582
180 362
180 567
180 238
180 301
180 404
180 926
180 246
180 954
180 589
181 513
181 874
181 278
181 412
181 689
181 956
181 304
181 561
181 243
181 461
181 857
181 730
181 234
181 370
181 371
181 636
181 362
182 316
182 557
182 187
182 283
182 252
182 338
183 643
183 399
183 579
183 806
183 425
183 571
183 195
183 199
183 338
183 728
183 602
183 741
183 507
184 256
184 266
184 527
184 530
184 301
184 695
184 576
184 709
184 333
184 345
184 480
184 229
184 879
184 242
184 631
185 385
185 908
185 659
185 302
185 561
185 831
185 320
185 455
185 329
185 716
185 592
185 212
185 469
185 854
185 990
185 483
185 740
185 618
185 235
185 760
185 253
186 848
186 481
186 194
186 801
186 300
186 339
186 714
187 384
187 195
187 859
187 846
187 206
187 957
187 469
187 602
187 507
187 666
188 384
188 640
188 929
188 284
188 673
188 475
188 556
188 821
188 957
188 909
188 336
188 731
188 732
188 868
188 486
188 743
188 360
188 235
188 254
189 304
189 197
189 230
189 369
189 741
189 888
189 216
189 234
189 447
189 218
190 387
190 272
190 401
190 658
190 683
190 691
190 564
190 436
190 827
190 727
190 217
190 228
190 486
190 362
190 879
190 243
190 632
190 894
191 650
191 267
191 909
191 558
191 841
191 432
191 264
191 969
191 345
191 992
191 620
191 623
191 373
192 258
192 263
192 904
192 396
192 273
192 275
192 529
192 420
192 953
192 314
192 652
192 982
192 343
192 858
192 220
192 738
192 746
192 878
192 501
192 634
192 763
193 644
193 625
193 630
193 780
193 226
193 369
193 531
193 501
193 856
193 285
193 287
194 640
194 227
194 776
194 809
194 778
194 529
194 597
194 342
194 367
194 826
194 949
195 775
195 514
195 280
195 403
195 541
195 304
195 564
195 950
195 394
195 832
195 206
195 209
195 594
195 600
195 994
195 878
195 242
195 531
195 249
196 257
196 460
196 197
196 603
196 387
196 440
196 786
196 545
196 433
196 515
196 784
197 357
197 358
197 904
197 582
197 883
197 942
197 205
197 206
197 306
197 259
197 510
198 584
198 426
198 951
198 211
198 500
198 740
198 417
199 363
199 231
199 937
199 364
199 558
199 527
199 850
199 814
199 538
199 491
199 319
200 783
200 418
200 227
200 872
200 204
200 910
200 947
200 692
200 438
200 247
200 615
201 320
201 931
201 903
201 518
201 494
201 286
201 805
201 279
201 639
202 909
202 673
202 546
202 295
202 553
202 815
202 265
202 322
202 454
202 585
202 976
202 850
202 723
202 213
202 214
202 472
202 604
202 993
202 613
202 242
202 759
202 633
203 421
203 364
203 309
203 972
204 388
204 777
204 524
204 397
204 941
204 784
204 448
204 412
204 285
204 548
204 805
204 679
204 938
204 557
204 432
204 697
204 570
204 320
204 450
204 710
204 652
204 591
204 337
204 215
204 601
204 861
204 351
204 867
204 362
204 491
204 499
204 504
205 404
205 965
205 682
205 566
205 312
205 825
205 572
205 448
205 327
205 456
205 333
205 464
205 342
205 219
205 988
205 208
205 232
205 694
205 241
206 344
206 588
206 737
206 967
206 749
206 466
206 244
206 585
206 277
207 832
207 260
207 648
207 275
207 921
207 925
207 418
207 829
207 576
207 328
207 597
207 855
207 472
207 229
207 486
207 232
207 623
207 400
207 755
207 381
208 258
208 263
208 911
208 788
208 411
208 540
208 426
208 822
208 396
208 226
208 746
208 371
208 247
209 513
209 877
209 784
209 539
209 282
209 415
209 427
209 300
209 433
209 439
209 964
209 331
209 482
209 356
209 486
209 495
209 625
209 249
209 894
210 385
210 268
210 834
210 533
210 824
210 706
210 460
210 723
210 731
210 991
210 738
210 634
210 255
211 669
211 231
211 431
211 216
211 495
211 445
212 616
212 238
212 746
213 518
213 648
213 270
213 273
213 415
213 879
213 315
213 717
213 464
213 338
213 736
213 955
213 356
213 785
213 491
213 623
213 627
213 503
214 224
214 843
214 486
214 555
214 690
214 285
214 796
215 269
215 398
215 528
215 285
215 929
215 935
215 301
215 823
215 344
215 221
215 355
215 876
215 254
215 510
215 277
216 256
216 430
216 534
216 289
216 425
216 818
216 306
216 701
216 319
216 864
216 458
216 618
216 492
216 573
217 768
217 300
217 272
217 273
217 402
217 681
217 428
217 949
217 314
217 842
217 774
217 526
217 223
217 229
217 232
217 382
217 789
218 257
218 265
218 908
218 661
218 549
218 941
218 311
218 570
218 716
218 590
218 855
218 678
218 747
218 503
218 892
218 405
219 449
219 724
219 261
219 246
219 614
219 263
219 633
219 558
219 473
219 506
219 703
220 578
220 489
220 644
220 677
220 321
220 242
220 381
220 500
220 641
220 705
220 923
221 343
221 379
221 296
221 973
221 776
221 275
221 468
221 918
221 500
221 282
222 770
222 554
222 697
222 298
222 588
222 398
222 367
222 370
222 886
223 505
223 293
223 711
223 812
223 622
223 570
223 314
223 591
223 380
224 480
224 642
224 841
224 878
224 617
224 872
224 462
224 489
224 892
224 381
224 949
225 865
225 331
225 965
225 861
225 615
225 635
225 503
225 494
225 463
225 253
226 777
226 685
226 451
226 408
226 539
226 292
226 563
226 309
226 316
226 607
226 744
226 828
226 875
226 749
227 388
227 653
227 789
227 474
227 290
227 424
227 370
227 697
227 991
227 831
227 343
227 730
227 989
227 479
227 615
227 498
227 760
228 647
228 394
228 792
228 926
228 672
228 561
228 952
228 703
228 846
228 868
228 615
228 758
228 248
228 378
229 513
229 514
229 783
229 289
229 567
229 828
229 830
229 589
229 599
229 600
229 986
229 623
229 241
229 372
229 379
229 277
230 770
230 518
230 908
230 279
230 710
230 813
230 944
230 735
230 833
230 327
230 863
230 353
230 755
231 799
231 740
231 426
231 622
231 621
231 490
231 475
232 363
232 379
232 434
232 499
232 953
233 897
233 645
233 296
233 860
233 561
233 625
233 245
233 668
234 261
234 775
234 791
234 926
234 686
234 693
234 454
234 329
234 336
234 337
234 341
234 359
234 488
234 371
234 502
234 375
234 255
235 579
235 582
235 423
235 361
235 248
235 338
235 409
235 839
236 257
236 290
236 536
236 846
236 289
236 814
236 308
236 310
236 695
236 858
236 966
237 481
237 646
237 337
237 872
237 273
237 563
237 718
237 609
237 910
238 906
238 529
238 658
238 280
238 285
238 307
238 432
238 305
238 435
238 329
238 474
238 603
238 479
238 992
238 482
238 245
238 893
238 895
239 359
239 844
239 944
239 622
239 662
240 288
240 613
240 358
240 643
240 244
240 674
240 803
240 573
241 611
241 603
241 616
241 891
241 808
241 596
241 463
242 288
242 336
242 609
242 495
242 838
242 692
242 879
242 591
243 609
243 387
243 278
243 369
243 490
243 272
243 938
243 246
243 856
244 774
244 406
244 665
244 548
244 421
244 821
244 918
244 308
244 460
244 380
244 627
244 764
245 513
245 836
245 662
245 886
245 493
245 368
245 785
245 526
245 803
245 605
245 597
246 649
246 415
246 307
246 749
246 848
246 657
246 952
246 265
247 896
247 833
247 649
247 278
247 795
247 796
247 940
247 313
247 480
247 452
247 581
247 714
247 345
247 352
247 356
247 880
248 704
248 583
248 665
248 495
248 467
248 310
248 890
248 963
249 843
249 422
249 969
249 330
249 333
249 855
249 790
249 439
249 696
249 933
250 520
250 399
250 296
250 433
250 563
250 567
250 314
250 712
250 332
250 992
250 878
250 639
251 271
251 273
251 917
251 674
251 427
251 302
251 825
251 837
251 328
251 930
251 979
251 372
251 501
251 254
251 639
252 526
252 529
252 531
252 917
252 921
252 823
252 572
252 449
252 466
252 597
252 726
252 377
252 984
252 618
252 493
252 505
253 898
253 523
253 530
253 817
253 702
253 831
253 710
253 330
253 858
253 489
253 492
253 496
253 382
254 264
254 810
254 791
254 526
254 547
254 595
254 373
255 630
255 519
255 585
255 717
255 414
255 358
256 384
256 516
256 517
256 262
256 393
256 655
256 404
256 415
256 987
256 294
256 306
256 820
256 444
256 322
256 610
257 769
257 386
257 259
257 915
257 792
257 324
257 924
257 286
257 927
257 431
257 443
257 565
257 437
257 605
257 614
258 336
258 785
258 905
258 535
258 925
258 978
258 950
258 378
258 413
258 799
259 262
259 397
259 407
259 325
259 804
259 824
259 570
259 449
259 963
259 453
259 390
259 463
259 469
259 348
259 990
259 618
259 373
259 887
259 378
259 764
260 902
260 897
260 551
260 595
260 844
260 429
260 936
260 288
260 633
260 495
261 802
261 328
261 427
261 954
261 301
261 717
261 927
261 794
261 341
262 783
262 663
262 616
262 369
262 734
262 374
262 459
262 591
262 907
262 382
262 639
263 701
263 295
263 745
263 874
263 826
263 461
263 591
263 982
263 538
263 445
263 319
264 352
264 267
264 575
264 323
264 308
264 334
264 462
264 468
264 890
264 954
265 267
265 656
265 281
265 669
265 424
265 444
265 847
265 851
265 351
265 353
265 876
265 503
266 279
266 401
266 344
266 475
267 394
267 683
267 434
267 589
267 402
267 887
267 553
267 411
268 416
268 676
268 893
268 465
268 781
268 724
268 570
268 463
268 477
269 646
269 783
269 942
269 284
269 928
269 546
269 796
269 302
269 697
269 570
269 581
269 843
269 337
269 978
269 597
269 606
269 871
270 546
270 552
270 708
270 873
270 446
271 899
271 645
271 530
271 822
271 914
271 569
271 574
271 319
271 604
271 492
271 367
271 880
271 757
271 631
272 580
272 983
272 464
273 968
273 396
273 557
274 939
274 420
274 299
274 365
274 405
274 373
274 793
274 312
275 774
275 769
275 378
275 530
275 418
275 879
275 567
275 559
275 335
276 416
276 710
276 379
276 436
276 739
276 890
277 800
277 610
277 412
277 452
277 900
277 978
277 974
277 537
277 358
277 541
277 357
278 355
278 488
278 551
278 585
278 451
278 946
278 885
278 819
278 762
278 413
278 784
279 512
279 451
279 907
279 333
279 611
279 654
279 985
279 346
279 655
279 730
279 638
280 732
280 394
280 310
280 435
280 699
280 671
280 293
281 780
282 806
282 742
282 443
282 616
282 738
282 445
282 579
282 380
283 773
283 777
283 398
283 800
283 545
283 290
283 429
283 697
283 961
283 578
283 581
283 454
283 369
283 506
284 395
284 668
285 354
285 537
285 653
285 376
285 345
285 699
285 377
286 669
286 364
286 368
286 531
286 825
286 394
286 816
287 676
287 715
287 635
287 489
287 455
287 626
287 530
287 659
287 377
287 568
288 787
288 408
288 837
288 419
288 678
288 433
288 305
288 324
288 453
288 713
288 341
288 741
288 536
288 619
288 625
289 911
289 711
289 529
289 307
289 724
289 543
289 701
289 499
289 351
290 836
290 456
290 846
290 822
290 809
291 548
291 528
291 807
291 839
291 662
291 759
291 539
291 316
292 512
292 409
292 541
292 672
292 937
292 949
292 311
292 719
292 336
292 725
292 624
292 625
293 536
293 922
293 349
293 317
293 452
293 340
293 599
293 733
293 613
293 999
293 746
293 763
294 912
294 529
294 533
294 409
294 668
294 804
294 445
294 835
294 589
294 342
294 740
294 755
295 668
295 771
295 788
295 935
295 414
296 391
296 644
296 428
296 435
296 313
296 444
296 654
296 706
296 398
296 727
296 472
296 878
296 881
296 500
297 898
297 388
297 703
297 810
297 776
297 381
297 447
298 550
298 807
298 305
298 741
298 788
298 631
299 551
299 694
299 323
299 848
299 596
299 856
299 475
299 353
299 743
299 364
299 498
299 499
299 764
300 707
300 416
300 497
300 329
300 403
301 705
301 746
301 365
301 593
301 855
301 871
301 634
301 699
301 589
302 513
302 773
302 777
302 400
302 786
302 684
302 943
302 310
302 462
302 857
302 347
302 862
302 363
302 498
303 896
303 519
303 652
303 531
303 941
303 573
303 446
303 838
303 338
303 468
303 344
303 867
304 992
304 360
304 779
304 808
304 953
304 571
304 720
305 390
305 558
305 409
305 803
305 422
305 941
305 430
305 325
305 966
305 458
305 467
305 474
305 611
306 342
306 522
306 856
306 786
306 537
306 410
306 670
306 804
306 806
306 414
306 567
306 830
306 465
306 598
306 736
306 958
306 361
306 885
306 489
306 507
307 540
307 753
307 478
307 350
308 731
308 524
308 497
308 594
308 761
308 316
309 433
309 532
309 757
309 735
309 798
309 703
310 582
310 402
310 797
310 378
310 686
310 569
311 560
311 646
311 331
311 368
311 647
311 410
312 647
312 659
312 533
312 926
312 426
312 818
312 575
312 708
312 839
312 845
312 595
312 468
312 475
312 998
312 747
312 886
312 374
312 511
313 322
313 497
313 611
313 404
313 917
313 766
314 417
314 806
314 713
314 717
314 660
314 960
315 967
315 547
315 631
315 380
316 342
316 596
316 787
316 663
316 340
316 730
316 598
316 350
317 643
317 390
317 778
317 788
317 920
317 811
317 818
317 832
317 964
317 846
317 729
317 482
317 995
317 618
317 509
318 901
318 585
318 844
318 450
318 633
318 635
319 425
319 918
319 336
319 529
320 384
320 963
320 649
320 335
320 700
321 600
321 819
322 380
322 656
322 566
322 602
322 735
323 367
323 386
323 587
323 675
323 712
323 430
323 407
323 476
324 587
324 438
324 842
324 749
324 686
324 801
324 403
324 597
324 665
324 759
324 981
325 337
325 951
325 910
325 387
325 601
325 765
325 383
326 521
326 337
326 530
327 395
327 372
327 853
327 631
327 670
328 376
328 340
328 511
329 937
329 722
329 798
329 949
330 332
330 464
330 371
331 835
331 837
331 487
331 949
331 856
331 606
332 666
332 488
332 492
332 881
332 766
332 511
333 441
333 453
333 718
333 688
334 576
334 805
334 393
334 525
334 725
334 791
335 612
335 492
335 859
335 779
335 483
335 861
335 794
335 527
335 542
335 637
336 705
336 803
336 380
336 835
336 599
336 409
336 346
336 762
337 347
337 964
337 882
337 902
337 888
337 378
337 766
338 904
338 844
338 892
338 432
338 817
338 858
338 755
338 440
338 667
338 346
339 771
339 526
339 802
339 436
339 439
339 441
339 569
339 351
339 614
339 872
339 372
339 510
340 358
340 361
340 562
340 936
340 370
340 867
340 745
340 923
340 890
341 523
341 518
341 794
341 619
341 626
341 447
341 437
341 470
341 921
341 607
341 349
342 678
342 354
342 986
342 774
343 754
343 753
343 370
343 355
343 468
343 696
343 859
343 508
343 946
344 934
344 873
344 749
344 464
344 568
344 430
344 502
344 746
344 383
345 358
345 904
345 542
345 470
345 377
345 444
346 641
346 643
346 614
346 446
346 478
346 765
347 353
347 555
347 982
347 402
347 566
347 680
348 991
348 933
348 429
348 803
348 476
348 702
348 511
349 620
349 459
349 947
349 599
350 461
350 462
350 626
350 763
350 351
351 734
351 802
351 389
351 934
351 990
351 970
351 470
351 894
351 795
351 893
352 650
352 771
352 444
352 510
353 544
353 365
354 374
354 524
354 355
354 469
354 894
355 653
355 929
355 449
355 403
355 461
355 721
355 754
355 437
355 889
355 604
355 801
356 603
356 424
356 651
356 650
356 405
356 485
356 823
356 882
356 726
356 414
356 373
357 640
357 630
357 943
357 470
357 939
357 572
357 477
358 995
358 436
358 730
358 618
359 861
359 937
359 522
359 397
359 392
359 605
359 674
359 943
359 732
360 688
360 674
360 613
360 617
360 988
360 457
360 999
360 786
360 471
360 738
361 903
361 400
361 554
361 946
361 435
361 441
361 449
361 834
361 838
361 986
361 755
361 938
362 934
362 876
362 655
362 433
362 758
362 447
363 930
363 836
363 748
363 682
363 694
363 841
364 640
364 741
364 456
364 679
364 590
364 473
364 413
365 601
365 395
365 916
365 420
365 421
365 560
365 951
365 944
365 967
365 719
365 466
365 857
365 677
365 488
365 381
366 800
366 865
366 516
366 618
366 584
366 822
366 754
367 577
367 808
367 592
367 401
367 511
368 971
368 780
368 610
368 473
368 572
369 411
369 996
369 549
369 639
370 645
370 769
370 786
370 793
370 544
370 679
370 681
370 432
370 439
370 952
370 825
370 447
370 581
370 975
370 471
370 616
371 901
371 902
371 520
371 687
371 648
371 958
371 842
371 715
371 596
371 476
371 736
371 741
371 876
371 493
371 373
372 873
372 715
372 403
372 451
372 976
372 456
372 916
372 695
372 698
373 552
373 520
373 969
373 903
373 967
373 433
374 577
374 743
374 572
374 865
374 386
374 625
374 915
374 697
374 637
374 734
374 533
375 580
375 601
375 559
375 515
375 416
375 662
375 535
375 447
376 675
376 417
376 516
376 908
376 561
376 643
376 542
376 869
376 574
377 708
377 969
377 465
377 725
377 886
377 857
378 960
378 865
378 657
378 652
378 428
378 589
378 441
378 827
378 668
379 588
379 973
379 548
379 946
379 758
379 793
379 666
380 799
380 635
380 927
380 504
380 940
380 401
380 818
380 787
380 790
380 668
380 687
381 732
381 748
381 476
381 959
382 962
382 998
382 453
383 775
383 588
383 753
383 798
383 479
384 500
384 603
384 558
384 817
384 565
384 953
384 791
384 989
384 414
385 648
385 482
385 496
385 921
385 853
385 508
385 714
386 681
386 622
386 958
387 900
387 406
387 542
387 673
387 418
387 563
387 568
387 569
387 833
387 458
387 802
387 595
387 740
387 617
387 495
387 885
387 765
388 425
388 504
388 428
388 670
388 895
389 961
389 420
389 932
389 777
389 455
389 429
389 430
389 857
389 538
390 652
390 723
390 471
391 416
391 502
391 525
391 621
391 562
391 405
391 508
392 487
392 457
392 877
392 643
392 988
393 620
393 504
393 441
393 763
393 608
393 959
394 866
394 894
394 877
394 784
394 593
394 434
394 666
394 509
395 944
395 963
395 932
395 723
395 598
395 851
395 958
395 751
396 418
396 785
396 873
396 906
396 693
396 452
396 410
396 624
397 768
397 898
397 459
397 430
397 656
397 456
397 707
397 740
397 726
397 615
398 471
398 922
398 754
398 724
398 540
398 890
399 944
399 534
399 811
399 560
399 825
399 476
399 613
400 798
400 942
400 756
400 916
400 945
400 729
400 526
400 842
401 942
401 578
401 667
401 645
401 425
401 555
401 910
401 688
401 821
401 410
402 799
402 579
402 827
402 554
402 943
403 906
403 891
403 654
403 630
403 637
404 869
404 684
405 691
405 902
405 412
405 734
406 434
406 759
406 925
406 446
407 520
407 802
407 761
407 861
409 640
409 912
409 424
409 481
409 707
409 737
409 508
410 945
410 586
410 721
410 939
410 413
410 492
410 991
411 444
412 559
412 983
412 760
412 475
413 646
413 615
413 459
413 450
413 784
413 836
413 803
413 604
413 893
414 485
414 743
414 848
414 754
414 751
415 710
415 463
415 726
415 506
415 798
416 471
416 851
416 479
417 737
417 813
417 893
418 467
418 822
418 874
419 602
419 448
419 793
419 541
419 958
420 760
420 486
420 455
420 753
420 742
420 532
420 501
420 576
420 703
420 798
420 453
421 838
421 471
421 889
422 423
422 915
422 758
422 958
423 844
423 514
423 467
423 701
424 904
424 655
424 912
424 794
424 549
424 688
424 701
424 973
424 870
424 498
424 887
424 637
425 617
425 600
425 839
425 604
426 449
426 510
426 886
426 858
426 725
427 544
427 608
427 876
427 462
427 729
427 884
428 864
428 545
428 518
428 909
428 847
428 699
428 831
429 646
429 902
429 951
429 676
429 748
430 904
430 660
430 535
430 668
430 678
430 565
430 439
430 700
430 957
430 961
430 970
430 601
430 731
430 785
430 751
430 625
430 788
430 887
430 532
431 715
431 433
431 767
432 868
432 837
432 614
432 932
432 523
432 557
432 624
432 883
432 754
433 968
433 694
433 532
433 438
433 911
434 450
434 971
434 946
434 733
434 669
435 448
435 438
435 601
435 927
436 802
436 609
436 713
436 530
436 934
436 891
436 865
437 522
437 537
437 505
437 510
438 998
438 990
438 821
438 567
438 688
438 573
439 961
439 840
439 781
439 503
439 767
440 840
440 745
440 664
441 646
441 683
441 620
441 786
441 632
441 972
442 837
442 757
442 516
442 900
443 961
443 733
444 549
444 781
444 536
445 616
445 916
446 454
446 647
446 489
446 752
446 561
446 825
446 719
446 797
447 451
447 935
447 549
447 621
447 945
447 500
447 724
447 607
447 850
448 974
448 504
448 468
448 874
449 763
449 814
449 572
450 644
450 517
450 758
451 611
451 679
451 877
451 975
451 885
451 924
452 498
452 470
452 623
453 481
453 816
453 704
454 870
454 915
454 669
454 632
454 506
455 967
455 681
455 491
456 768
456 636
456 937
456 759
456 664
456 852
457 580
457 710
457 727
457 702
458 660
458 606
459 848
459 968
459 654
459 983
459 919
460 523
460 978
460 464
460 635
460 477
460 709
461 618
461 721
461 895
462 881
462 643
462 468
462 691
463 930
463 522
463 692
463 601
463 538
464 544
464 640
464 699
464 933
464 654
464 825
464 722
464 757
465 918
465 635
465 735
466 491
466 676
466 655
466 739
466 501
467 720
467 949
467 539
468 483
468 829
468 583
468 663
468 819
469 853
469 950
470 769
470 866
470 827
470 780
470 805
470 479
470 478
471 516
471 584
471 627
471 552
471 576
472 809
472 959
472 553
472 716
472 525
472 883
472 895
473 666
474 994
474 615
474 648
474 653
474 655
474 483
474 629
475 744
475 910
475 745
475 875
475 797
475 895
476 864
476 520
476 682
476 619
476 851
476 754
476 920
477 846
477 840
477 687
477 594
477 788
478 587
478 484
478 646
478 592
479 773
479 678
479 487
479 572
479 563
479 947
480 855
480 691
480 564
481 804
481 651
481 757
481 917
481 991
481 996
481 805
482 946
482 688
482 540
483 525
483 614
483 860
483 683
483 676
483 794
483 671
484 868
484 871
484 520
484 553
484 636
485 608
485 493
485 694
486 875
486 971
487 488
487 711
487 623
487 754
487 630
487 859
488 679
488 812
488 692
489 812
489 586
489 999
489 874
489 746
489 624
489 753
489 681
489 760
490 577
490 848
491 580
491 999
491 498
491 596
491 905
491 792
491 629
492 677
492 726
493 711
493 680
493 590
493 856
493 562
493 727
493 996
493 988
493 981
494 993
494 893
494 557
494 910
494 621
494 946
494 605
496 937
496 689
497 964
497 820
497 554
497 567
497 922
497 889
497 794
498 880
498 748
498 656
498 820
498 633
498 567
499 576
499 854
499 598
499 905
499 820
499 507
499 702
500 925
500 503
500 559
501 507
501 934
501 620
501 813
501 797
502 896
502 576
503 515
503 910
503 583
503 654
503 699
504 905
504 826
505 770
505 807
506 871
506 797
507 667
507 941
508 648
508 509
508 826
508 634
508 879
508 673
509 654
509 920
509 533
509 889
510 704
510 877
510 563
511 931
511 892
511 633
511 923
511 605
512 630
512 881
512 532
512 718
512 538
512 863
513 861
513 731
513 829
514 978
514 887
514 605
515 966
516 742
516 855
516 723
517 590
517 861
517 723
517 772
517 922
518 865
518 650
518 555
518 843
518 605
519 977
519 758
520 648
522 731
522 848
522 599
522 572
523 932
523 660
523 697
524 939
524 628
524 956
525 696
526 592
526 876
526 727
528 598
528 877
528 771
529 838
529 647
529 689
529 578
529 820
529 570
529 575
530 576
531 955
531 549
531 690
532 714
532 977
532 687
532 571
533 707
533 996
533 776
533 558
534 579
534 977
534 948
535 779
535 966
535 649
535 923
535 888
535 757
535 539
535 574
536 620
536 550
536 801
536 978
536 869
536 697
536 565
537 897
537 910
537 594
537 573
538 961
538 552
538 681
538 913
539 806
539 876
539 912
539 722
539 660
539 547
540 848
540 777
540 842
540 728
540 911
541 640
541 675
541 764
542 945
542 986
543 709
543 674
543 691
543 545
543 568
543 953
543 606
544 957
546 747
546 552
547 854
547 598
548 641
548 937
548 783
548 983
549 644
549 784
550 674
550 806
550 615
550 875
550 659
551 766
551 588
551 751
551 579
551 596
551 693
551 735
552 754
552 690
552 854
553 635
554 909
555 667
555 911
555 791
555 764
556 775
556 699
557 843
557 781
557 858
558 709
558 778
558 568
558 970
559 770
559 936
559 593
559 586
559 602
560 685
560 869
560 778
560 899
560 698
560 860
560 564
561 690
561 790
561 889
562 665
563 974
563 724
563 629
563 669
564 720
564 940
564 852
564 693
564 950
565 667
565 658
565 707
565 569
566 961
566 913
566 887
567 992
567 903
567 782
567 901
568 577
568 739
569 613
569 790
570 705
570 583
570 616
571 871
571 712
571 650
573 589
574 724
575 677
576 738
576 886
576 920
576 972
576 696
576 795
576 733
576 671
577 584
577 716
577 989
578 667
578 817
578 765
579 929
579 971
579 612
579 665
580 928
580 673
580 655
580 978
580 721
581 808
582 705
582 903
582 689
583 769
583 958
583 645
584 644
584 593
584 698
584 927
584 991
584 762
584 703
585 866
585 867
585 612
585 974
585 952
585 644
586 867
586 769
587 594
587 793
588 711
588 923
588 913
589 895
589 971
589 740
589 635
589 956
589 869
590 755
590 604
591 959
591 954
591 780
592 737
592 774
592 907
592 688
592 849
592 719
593 838
593 701
593 670
593 731
594 919
594 934
594 948
594 604
595 678
595 942
595 868
596 752
596 793
596 730
596 931
597 714
597 972
597 878
597 694
597 698
598 712
599 682
599 873
599 986
599 955
600 941
600 750
600 954
600 931
601 830
602 801
602 795
602 631
602 977
602 789
603 781
603 794
604 641
604 917
605 899
605 873
605 800
607 905
607 810
607 692
607 628
607 981
607 763
608 832
608 665
609 627
609 864
609 850
609 712
610 819
610 798
611 750
612 930
612 779
612 662
612 756
612 852
612 892
612 829
613 783
614 710
614 782
615 634
615 908
615 725
615 758
615 760
615 740
615 982
616 966
616 914
616 665
616 987
617 880
617 758
617 891
618 696
618 756
619 672
619 716
620 752
621 888
622 747
622 837
622 793
623 742
625 802
625 852
625 638
625 671
627 764
628 629
629 832
629 965
630 835
630 824
630 926
631 998
631 724
631 788
631 636
633 706
633 884
633 636
634 675
635 814
636 718
636 975
637 964
638 668
640 880
640 807
640 773
640 852
641 722
641 713
641 792
642 882
643 679
643 952
643 734
643 735
644 832
644 900
644 828
644 906
644 976
644 692
645 967
645 692
645 885
645 758
645 649
646 747
646 755
646 863
647 875
647 947
647 734
648 748
651 962
652 882
652 761
653 736
653 770
653 944
653 664
653 660
654 833
654 747
654 941
654 914
654 729
654 926
655 815
655 660
656 962
656 812
656 777
658 877
659 866
659 827
659 728
659 963
660 739
663 833
663 684
663 725
663 981
663 925
663 831
664 699
664 804
664 984
664 843
664 814
664 753
664 862
665 933
665 710
665 845
666 966
666 695
666 830
668 708
669 706
669 773
669 874
670 753
670 931
670 823
671 814
672 902
672 839
672 900
672 789
672 918
672 990
673 711
673 835
673 762
674 830
675 689
675 756
675 919
675 830
676 936
678 818
678 761
679 775
679 686
679 814
679 862
681 712
681 765
682 876
682 684
682 790
683 903
684 992
684 849
684 753
684 923
685 780
685 751
685 888
685 984
685 764
686 768
686 807
687 868
687 723
688 965
688 937
688 969
689 867
689 708
689 704
690 939
691 960
691 810
691 970
692 997
692 829
693 727
693 940
693 750
693 890
694 787
695 845
695 791
695 702
696 718
697 859
697 963
698 711
698 914
699 940
700 813
700 863
701 707
701 997
701 955
701 795
702 843
702 710
702 760
702 796
703 932
703 797
706 913
707 883
708 966
708 775
708 813
708 948
710 751
710 735
711 739
711 840
711 911
711 948
711 894
712 845
712 748
712 749
712 881
712 821
715 977
715 789
717 898
717 936
718 874
719 994
719 790
720 965
720 842
720 804
722 918
722 756
722 765
722 816
723 803
723 983
724 887
724 830
725 983
725 852
725 981
725 922
726 822
726 888
727 934
727 787
727 826
728 928
728 870
728 902
728 830
729 871
729 755
730 738
730 740
731 800
731 815
732 736
732 963
732 891
734 974
736 834
736 821
737 955
738 982
739 903
739 888
740 880
740 830
740 767
741 836
741 883
742 772
743 993
743 782
743 998
743 810
743 852
744 792
745 850
745 821
745 797
746 968
746 792
746 920
747 870
747 826
748 871
749 969
749 831
750 768
750 902
750 914
750 756
751 891
752 864
752 827
753 781
753 909
753 758
754 836
754 776
754 883
754 826
754 925
756 956
757 844
758 960
758 974
758 818
759 896
759 847
761 842
761 920
762 790
766 808
766 790
767 770
767 851
768 870
769 980
769 858
769 914
770 813
770 945
771 982
771 830
772 847
772 869
772 866
774 811
775 861
775 856
775 795
777 999
778 833
778 930
780 783
780 913
780 831
781 806
781 808
782 994
783 879
784 874
784 901
785 899
785 900
785 805
785 796
786 820
788 834
788 814
791 990
791 987
791 863
792 916
792 925
793 952
793 874
793 927
795 984
798 959
798 884
798 930
799 995
800 960
800 834
801 865
801 938
802 896
804 813
805 809
805 849
806 896
806 834
807 886
807 991
809 935
810 901
810 902
810 823
813 865
813 903
814 900
814 818
815 844
815 924
816 918
818 903
819 881
821 897
821 824
822 847
823 841
825 917
827 924
829 906
829 939
831 984
832 965
832 950
832 953
833 947
834 888
835 913
835 853
837 928
837 965
837 901
840 977
840 915
841 995
841 940
844 970
844 924
845 878
845 981
846 863
848 926
851 996
854 993
855 968
858 897
859 995
859 954
861 909
862 864
864 866
864 935
865 878
865 986
866 952
867 921
868 929
869 923
871 953
872 915
872 934
872 914
872 954
875 996
875 952
879 985
883 966
883 954
884 915
885 962
886 906
887 940
889 956
891 894
893 911
896 977
897 954
898 992
898 947
899 988
901 964
901 981
903 918
907 922
909 998
912 995
914 923
922 994
923 957
928 988
928 997
929 936
929 968
933 987
934 966
937 957
958 979
970 996
978 988
985 988
990 997
996 997
