1000 8000
694 951
109 365
219 469
539 882
38 918
152 649
355 898
62 75
531 903
255 933
751 800
510 982
21 937
190 976
397 978
804 852
696 949
643 750
238 828
338 834
800 979
147 876
813 819
26 615
173 660
249 342
322 410
184 487
848 958
443 626
8 181
102 821
166 410
117 504
653 876
191 829
165 850
390 953
456 709
115 584
858 992
361 712
417 750
125 958
6 632
503 946
577 589
814 914
491 603
241 780
393 551
245 521
712 978
654 789
162 495
328 987
976 999
538 882
53 215
68 901
381 746
112 961
132 634
565 716
163 632
293 905
441 685
320 889
375 797
176 509
142 678
627 725
790 973
314 984
548 913
651 765
213 452
397 701
420 738
22 645
243 834
265 356
450 696
610 922
647 815
136 407
579 909
636 874
268 652
394 979
255 268
477 770
524 605
71 366
365 589
277 539
499 615
689 747
692 970
95 501
79 784
154 505
136 580
503 880
89 548
214 719
2 181
496 738
244 832
858 964
550 762
524 993
54 880
63 738
11 911
841 972
589 598
145 965
497 646
224 986
150 310
797 905
409 888
690 731
358 437
34 343
151 844
560 819
444 838
599 754
802 848
50 717
163 822
850 932
65 740
58 179
133 803
190 428
634 878
393 910
437 912
103 673
4 528
189 524
25 603
411 574
436 923
682 927
69 967
217 876
535 814
13 512
394 514
385 845
243 689
83 964
299 643
138 527
454 813
200 860
352 803
186 787
62 166
179 454
201 514
196 771
472 491
19 478
347 957
494 700
207 397
374 406
106 528
13 196
362 422
153 961
830 901
465 951
36 906
239 653
404 694
277 416
4 424
443 920
745 776
317 959
835 958
297 563
649 678
236 704
628 706
19 922
519 621
560 610
78 301
16 244
749 894
93 875
224 998
421 820
215 312
201 410
2 733
721 723
573 658
216 933
12 422
340 811
453 756
366 815
168 892
427 985
449 545
531 543
600 782
180 294
789 844
296 996
501 750
51 563
87 177
580 712
273 541
54 442
347 428
630 837
351 364
747 975
169 567
368 748
367 828
21 916
338 972
78 718
356 404
433 689
35 837
899 940
131 310
39 737
821 927
522 540
412 676
496 509
109 277
299 794
770 933
398 610
148 881
10 894
66 594
141 314
16 419
308 907
443 932
106 790
69 162
18 608
232 832
163 434
331 888
872 880
708 943
728 756
413 550
250 632
215 510
783 952
276 354
519 742
315 460
449 882
140 817
750 992
110 515
383 565
467 714
296 527
44 149
12 507
181 476
440 730
183 354
25 832
153 315
871 945
86 619
93 529
208 293
501 928
372 472
376 539
509 705
506 569
276 789
406 844
525 870
74 916
310 572
178 694
526 920
85 229
218 262
22 766
632 776
464 650
377 671
277 804
518 674
558 655
373 843
155 392
139 783
106 694
143 667
61 62
765 790
247 580
770 905
41 195
44 678
61 256
62 555
139 634
191 909
244 877
205 582
103 107
40 291
594 886
297 660
905 981
379 812
250 668
325 334
702 912
23 539
712 836
271 525
572 816
152 187
23 648
552 700
129 157
224 797
652 741
231 634
125 211
789 930
290 379
315 551
55 569
420 772
266 368
592 822
556 913
694 771
56 147
221 807
402 899
355 929
270 691
450 774
35 908
498 570
317 470
618 795
50 656
571 959
203 467
114 746
231 385
515 660
308 702
183 546
826 831
131 159
174 803
377 405
602 678
753 786
627 777
442 603
334 549
144 161
161 773
934 952
3 102
274 666
176 530
106 991
698 763
371 465
870 917
376 441
66 606
628 751
496 626
465 645
274 849
680 831
671 994
33 586
380 615
70 495
607 668
353 697
7 474
384 902
104 609
712 864
98 879
707 935
802 849
479 531
100 324
274 557
706 719
76 477
392 484
363 907
863 974
169 726
134 148
660 964
510 781
639 996
547 586
420 688
562 841
198 517
199 212
5 427
199 247
85 157
90 261
143 317
91 612
442 938
39 764
433 741
342 919
736 922
535 636
299 928
89 500
52 744
438 705
22 896
355 409
339 892
59 397
791 948
614 761
446 947
218 818
631 682
514 519
469 739
257 979
420 441
11 726
425 517
616 784
585 807
123 864
110 778
150 241
577 667
64 370
374 595
98 529
172 488
763 801
16 772
435 890
98 896
279 693
396 631
901 990
25 875
322 776
254 918
93 524
120 406
366 377
768 956
534 663
497 796
86 814
432 897
254 624
311 987
751 921
458 528
55 918
21 546
260 302
851 879
68 515
111 670
761 778
838 902
29 281
415 992
274 416
182 900
811 825
19 396
493 701
139 883
421 433
5 562
390 832
62 445
670 828
822 839
415 663
684 860
176 587
452 680
179 880
589 985
454 458
827 940
205 976
153 845
70 250
438 894
421 612
279 394
177 192
31 229
732 918
589 827
112 539
83 234
345 919
491 625
261 753
98 565
229 269
196 474
607 724
663 710
392 719
101 323
305 326
183 381
135 510
2 593
298 680
725 783
82 259
62 277
531 570
310 787
189 706
358 559
52 334
556 942
406 845
411 761
319 976
604 930
94 592
651 723
856 927
48 620
216 510
367 565
83 782
389 819
216 365
511 670
622 932
259 360
99 105
192 773
105 792
17 430
329 492
290 890
330 959
494 650
27 117
134 811
377 504
244 584
796 807
108 143
109 610
130 489
4 466
168 860
211 238
356 973
305 853
254 304
44 566
250 443
178 428
879 916
184 805
192 368
233 388
469 780
296 718
239 267
180 987
676 992
160 625
55 485
292 467
629 768
124 418
154 982
86 517
177 351
34 160
423 470
121 650
267 810
711 739
43 323
927 983
290 504
38 634
60 902
65 568
66 275
284 734
609 911
4 717
368 521
428 541
338 362
347 407
510 865
553 804
472 836
843 855
627 716
276 520
83 810
337 622
263 770
161 728
346 724
114 664
385 912
123 426
142 224
347 851
518 542
304 762
670 741
675 989
554 834
209 373
69 327
640 807
369 665
520 812
541 874
671 719
124 808
527 683
93 99
478 551
11 816
174 220
103 142
343 767
325 400
219 949
625 650
455 781
41 617
225 260
154 955
343 477
101 554
15 623
767 938
806 814
147 415
398 407
160 530
582 629
16 598
312 333
21 299
161 184
492 558
102 537
56 193
402 853
293 856
556 773
209 502
265 420
639 884
142 930
807 916
132 156
248 775
468 788
420 919
222 287
406 710
70 723
201 512
130 540
166 198
852 993
97 960
39 989
126 597
748 921
311 509
187 691
95 346
80 673
101 793
50 73
641 938
594 650
269 826
128 690
143 865
577 745
170 833
413 748
157 825
793 817
645 816
380 533
1 326
572 923
59 72
174 363
417 502
84 497
645 978
109 135
180 915
823 955
148 241
242 756
133 611
244 325
68 72
659 743
881 907
509 842
132 685
190 511
247 802
271 794
20 26
845 856
445 531
156 426
37 875
103 711
186 608
53 240
0 996
186 979
208 903
391 804
375 485
472 828
739 862
19 464
320 496
709 890
47 775
105 658
218 467
367 758
373 885
263 987
123 338
290 855
312 643
28 199
184 445
619 931
286 886
35 562
102 462
322 710
387 616
438 972
149 663
792 986
173 369
32 890
11 747
710 939
418 747
275 846
383 721
205 561
279 506
202 741
386 508
775 890
194 693
68 142
345 775
841 906
771 979
673 854
854 896
376 831
102 648
710 740
287 829
590 958
125 205
587 869
586 688
24 680
721 991
781 957
350 662
55 580
8 749
368 699
259 572
100 194
234 776
312 978
114 482
226 680
523 540
381 856
97 701
412 484
506 507
605 797
92 880
231 560
456 923
74 342
315 779
593 626
522 574
463 888
134 808
504 903
765 788
312 526
187 385
425 785
430 482
88 245
680 793
537 749
73 240
723 778
135 904
83 427
352 408
24 682
6 526
598 824
512 911
272 328
555 867
516 763
414 498
418 977
573 615
97 124
392 748
157 436
488 885
719 818
99 925
210 286
284 569
309 410
310 845
202 842
21 278
263 441
410 799
12 767
414 831
181 208
510 644
578 580
206 701
651 784
393 992
587 926
552 875
38 970
656 825
414 985
329 883
20 304
114 439
411 885
584 683
307 772
221 854
498 937
583 648
431 495
705 794
618 793
986 997
53 458
471 879
208 621
134 645
302 491
285 743
416 890
239 916
585 606
325 859
1 701
375 761
580 967
247 554
305 743
566 954
218 860
314 543
633 827
524 702
27 894
18 535
239 731
261 901
309 667
858 963
508 712
658 967
127 950
101 957
421 571
153 181
488 548
314 992
166 833
121 474
175 765
323 780
776 868
181 481
275 612
224 844
298 591
410 593
287 757
436 721
76 584
646 836
371 956
135 449
730 765
379 409
492 664
517 569
497 886
333 456
7 779
655 943
91 186
128 416
353 549
9 355
251 816
270 378
164 985
578 731
781 854
215 714
574 791
118 435
265 427
48 565
30 741
240 269
359 524
714 749
773 916
226 963
669 835
174 611
507 982
0 726
131 364
683 939
386 971
14 443
547 999
687 912
193 340
172 742
236 398
226 729
519 827
97 816
193 343
723 996
389 718
680 977
402 586
23 153
616 643
126 308
254 329
174 867
615 880
27 715
434 715
219 611
135 865
317 670
677 994
21 138
392 838
101 476
763 803
558 928
215 324
658 717
183 234
422 870
228 977
319 506
146 860
275 640
572 762
7 73
129 219
58 933
600 866
487 790
185 220
738 816
355 652
132 460
502 604
391 605
509 540
546 974
0 171
548 823
403 480
8 464
137 140
229 542
639 875
439 442
346 794
4 932
235 750
515 560
895 979
466 500
208 565
209 780
361 805
692 879
291 526
339 794
896 967
467 878
524 759
317 879
191 874
50 106
54 397
365 675
575 800
443 953
120 794
541 672
266 594
326 790
18 607
115 993
560 690
465 690
546 893
448 896
488 749
163 439
185 723
58 323
205 560
741 974
140 861
452 991
399 752
457 807
258 304
159 208
578 812
225 444
36 508
388 645
63 773
279 840
140 530
146 979
789 907
617 908
30 97
638 794
324 326
368 990
15 121
149 413
405 515
548 629
364 554
117 878
29 40
510 843
160 168
200 697
293 324
60 689
367 567
133 171
161 306
290 918
61 857
652 796
744 965
578 668
252 740
278 474
139 768
548 991
558 765
647 852
869 964
160 340
622 644
348 521
64 240
641 864
218 889
112 204
224 502
604 668
633 798
546 959
219 653
239 710
334 750
486 997
344 958
418 669
218 923
64 269
231 947
253 855
664 716
650 931
137 844
136 793
720 803
258 276
755 811
276 496
629 782
413 809
91 435
73 668
682 754
225 585
44 805
427 917
391 886
127 540
609 675
438 473
142 571
279 780
57 481
345 478
276 820
481 814
651 864
158 432
397 552
347 489
208 945
467 732
433 796
19 123
536 783
185 359
556 690
13 617
179 321
289 385
477 636
316 958
9 770
799 947
108 440
454 852
22 520
43 559
304 877
285 742
201 763
141 895
315 420
390 895
302 347
382 901
112 153
347 962
134 932
640 825
849 993
460 818
465 984
248 280
728 994
532 649
201 934
18 532
2 177
166 612
580 742
567 691
253 906
81 537
7 305
12 201
567 793
491 938
184 946
353 845
392 939
289 549
309 682
131 634
336 760
10 329
229 323
124 639
140 756
668 918
300 498
945 995
250 913
176 191
266 440
552 972
54 176
544 906
210 402
161 190
396 771
203 551
149 469
189 520
6 454
1 519
267 566
79 799
894 922
218 219
350 948
561 671
696 898
259 644
385 664
513 589
843 962
346 694
58 525
429 733
468 901
126 889
361 737
27 142
531 765
895 911
212 924
153 596
18 472
65 352
123 662
235 944
128 312
442 634
459 680
517 818
120 656
317 842
126 426
277 428
98 347
597 883
374 692
236 685
328 613
286 622
121 155
693 997
286 581
408 467
214 827
127 944
150 359
157 601
33 619
42 779
45 132
284 860
249 537
379 582
552 744
845 861
77 307
94 518
410 690
470 994
203 741
607 915
24 48
281 391
135 292
236 531
373 597
160 943
358 518
60 840
276 893
704 880
134 375
158 377
734 792
54 446
458 543
238 892
449 496
310 665
164 845
838 901
255 541
886 913
27 253
134 691
341 405
330 902
464 960
106 737
622 745
809 972
277 750
782 921
382 989
438 595
208 745
442 542
408 738
27 904
196 513
45 68
60 475
5 977
602 959
124 580
328 488
606 991
532 934
407 690
158 620
175 598
435 701
366 659
563 697
295 514
41 679
266 772
250 759
573 622
284 928
374 860
148 151
578 860
211 625
431 800
547 971
453 724
650 762
538 650
725 780
337 955
436 825
155 979
122 674
734 869
61 517
190 251
217 831
215 796
256 461
129 625
556 824
595 674
912 980
101 163
53 210
403 957
613 778
543 979
20 914
83 896
268 534
198 467
346 622
191 602
213 254
51 207
217 251
36 665
809 927
813 959
464 940
622 645
826 918
352 717
389 756
139 737
532 868
13 205
55 653
706 723
128 717
145 289
18 561
58 514
934 995
3 159
79 936
364 450
541 820
447 517
150 188
270 945
917 946
519 710
245 611
567 764
103 325
474 647
115 139
8 847
44 117
483 687
335 918
343 427
257 452
148 798
224 785
160 521
12 618
16 621
458 994
544 879
300 301
121 888
142 568
234 569
163 639
828 891
247 301
176 498
122 553
912 929
587 609
381 536
458 599
556 796
315 886
68 582
414 622
570 896
389 788
82 806
411 996
513 608
660 753
155 507
289 376
328 553
5 742
227 298
861 951
308 553
518 940
265 986
566 952
456 663
774 929
41 803
633 825
250 363
14 622
623 942
170 872
447 936
305 967
35 298
400 989
679 985
13 256
505 648
550 590
275 904
188 907
512 621
318 953
201 481
681 943
353 558
551 618
402 543
75 276
721 891
580 612
105 238
142 613
237 985
559 808
565 811
234 541
825 918
475 797
595 636
122 730
747 841
237 251
453 974
151 719
81 279
635 936
85 327
583 584
747 998
198 750
125 582
91 858
419 963
196 330
80 201
639 881
41 306
373 749
265 314
117 210
47 221
48 789
17 474
437 909
414 752
511 945
511 692
174 835
486 753
287 480
369 553
387 406
260 936
451 747
658 775
165 789
114 895
357 765
28 563
545 671
602 984
0 790
519 987
331 706
280 624
580 731
637 918
667 797
279 467
2 782
12 238
750 862
284 814
607 764
301 793
339 410
733 822
71 947
845 860
58 126
413 784
163 985
177 316
850 901
284 611
46 902
621 966
77 256
271 606
501 888
105 347
290 319
539 876
130 756
116 637
572 643
267 597
181 903
119 223
104 172
159 848
199 295
402 967
577 819
66 120
234 930
42 241
209 608
195 533
252 706
454 770
104 473
109 856
181 635
226 816
131 330
298 441
523 800
446 625
952 982
412 663
619 932
840 855
348 466
456 576
49 602
28 480
451 711
770 849
737 802
306 337
219 720
588 639
330 347
611 934
379 918
801 898
481 503
241 905
594 911
41 533
35 115
71 881
129 490
304 595
832 855
138 328
47 389
231 879
141 579
185 947
2 779
223 815
349 736
48 85
72 91
862 934
56 559
538 651
358 592
648 738
115 381
152 497
150 844
565 867
54 488
302 790
216 595
60 955
171 221
47 966
88 525
285 845
90 423
46 232
543 746
484 578
88 811
690 778
515 558
341 846
147 882
352 992
518 679
762 823
433 545
52 829
365 466
238 544
244 549
99 250
446 621
106 706
398 976
187 655
294 673
351 912
482 833
508 961
4 658
636 657
35 416
680 939
158 574
611 962
98 755
335 883
266 854
33 929
180 816
16 817
219 986
521 980
297 808
120 133
550 781
257 426
188 917
99 817
73 642
96 365
479 570
371 933
46 591
177 684
626 917
387 709
279 991
638 820
217 632
604 892
314 510
100 387
284 730
431 549
177 910
159 522
327 660
8 652
299 511
798 983
151 539
76 912
428 680
583 756
700 816
313 408
316 969
262 393
377 717
30 543
222 295
369 849
235 680
683 832
99 137
122 234
549 791
537 887
443 660
425 993
120 519
762 954
198 222
753 789
184 632
97 809
107 144
342 729
218 859
40 87
295 897
351 517
154 451
143 777
183 844
41 947
650 867
286 623
14 542
73 98
71 539
187 486
461 763
119 995
400 877
239 442
365 907
461 844
27 526
266 842
383 635
295 453
131 636
120 161
375 699
180 955
551 660
533 827
845 951
901 997
287 758
293 885
49 909
521 722
258 536
6 154
642 887
472 744
859 916
76 474
516 911
320 812
651 928
202 942
86 775
876 989
401 621
294 496
320 859
543 743
752 894
88 954
498 735
7 554
621 660
256 438
419 962
540 670
319 869
51 507
15 92
165 335
352 842
39 362
8 390
228 289
467 619
428 803
60 490
632 837
79 708
54 226
382 709
40 902
60 345
596 635
485 974
304 779
361 846
326 508
442 649
278 371
174 832
321 796
605 612
164 382
274 746
97 821
616 631
156 714
35 491
217 460
878 923
40 51
24 856
204 766
435 562
177 223
831 853
297 582
262 464
343 671
89 804
456 481
241 893
594 827
81 916
194 685
266 878
175 658
224 478
500 576
590 823
439 793
724 953
180 927
343 509
578 886
225 518
33 331
529 718
271 753
703 722
392 566
733 983
155 969
363 874
324 764
119 297
428 594
290 687
534 906
21 557
189 411
172 591
259 948
180 264
421 749
385 818
540 738
428 880
531 993
175 311
296 494
761 766
482 489
229 620
14 120
365 493
60 381
458 755
282 803
528 983
736 810
218 753
184 577
299 784
305 723
308 994
221 351
792 943
641 906
110 969
435 481
588 745
727 783
204 738
44 591
118 888
193 599
866 886
61 472
444 448
546 888
810 849
171 997
454 527
3 164
474 574
520 710
724 878
174 395
394 570
261 525
82 474
564 874
31 407
0 489
409 683
450 457
241 468
116 956
65 678
561 793
300 331
194 962
289 958
73 967
772 957
538 571
781 953
694 910
273 610
113 867
260 376
243 416
337 859
448 547
341 883
98 222
302 646
32 358
360 787
87 448
420 757
78 701
842 995
308 386
464 640
263 938
51 160
423 544
338 716
528 932
766 788
30 962
515 702
237 262
351 770
377 387
305 622
1 853
257 707
476 497
39 298
187 654
369 615
23 508
571 740
753 761
24 865
135 631
139 624
42 785
109 750
314 758
316 328
465 514
482 928
286 624
567 897
103 329
679 823
79 91
322 968
434 654
520 531
7 351
3 460
33 529
289 655
755 812
716 849
578 821
163 771
413 881
239 244
466 944
368 878
20 111
516 916
760 820
86 760
397 835
163 609
337 822
363 818
270 354
716 758
552 879
129 546
229 881
12 928
61 664
189 451
100 226
582 974
293 357
886 940
317 383
579 852
247 974
48 924
575 682
665 803
117 530
188 355
122 235
675 883
394 986
164 500
18 881
408 685
133 739
287 415
740 997
421 810
331 728
443 994
282 428
33 866
50 128
73 563
2 63
165 593
150 239
387 747
101 595
118 723
340 713
112 600
496 967
171 557
23 964
67 748
853 917
326 639
44 196
0 290
148 218
43 388
427 869
46 990
768 807
396 984
43 277
483 602
102 816
582 622
255 718
90 203
475 799
51 732
595 751
263 703
103 956
34 645
164 852
570 819
164 699
4 972
851 951
800 931
252 696
420 924
480 943
77 515
333 921
88 996
549 697
238 622
244 751
5 695
251 481
736 783
184 422
4 369
425 988
101 947
27 48
279 332
230 537
384 704
857 961
40 165
404 718
134 903
30 40
98 306
308 958
257 932
205 806
352 358
188 212
83 502
179 907
231 805
1 447
199 564
426 932
667 878
64 473
13 304
476 996
115 950
297 581
135 861
62 967
546 708
430 875
16 235
783 941
81 907
188 937
620 996
125 450
72 210
590 820
223 821
31 434
257 401
25 877
305 429
379 845
517 648
590 982
314 341
214 506
6 22
544 937
102 687
43 809
216 633
247 388
13 716
747 964
327 492
350 919
260 443
800 848
674 889
434 636
78 721
672 950
88 849
382 414
539 591
8 50
490 572
203 401
95 135
79 514
687 963
382 625
109 999
240 922
830 985
134 976
602 664
554 775
518 874
356 983
486 866
16 410
24 949
520 794
797 950
407 862
230 359
168 602
102 301
230 502
106 160
527 750
931 977
239 396
59 250
222 602
831 840
231 792
589 646
435 815
448 674
270 843
551 718
435 860
716 926
167 854
8 805
617 999
64 993
62 757
56 561
509 873
293 780
850 871
409 603
112 823
105 164
39 233
467 998
29 947
66 440
29 36
394 483
185 478
143 767
252 258
53 223
146 403
476 910
60 589
96 894
583 675
15 151
535 988
95 965
152 943
799 987
584 914
118 153
579 921
386 887
813 956
451 903
736 823
240 902
402 493
117 448
644 889
22 829
460 778
460 651
148 643
616 735
283 688
141 306
355 423
314 870
444 485
282 504
102 201
374 610
141 387
41 631
44 338
63 758
814 922
136 797
11 923
430 931
720 807
93 827
42 831
327 850
111 843
572 719
258 643
297 959
281 290
104 667
327 995
681 961
332 955
298 743
371 935
792 956
101 242
105 247
30 65
462 556
156 495
111 271
578 752
262 775
856 978
432 734
587 610
259 543
110 986
142 968
250 367
313 428
83 816
320 398
462 889
416 913
414 764
22 669
403 653
579 996
87 709
182 983
0 719
565 937
97 589
60 439
170 275
13 476
9 663
416 895
199 924
627 865
294 707
443 775
5 628
465 835
139 526
359 427
291 859
204 724
111 836
66 661
571 624
240 640
149 714
25 340
121 131
379 995
228 708
176 887
269 754
127 770
457 786
46 284
598 857
58 502
24 314
277 365
45 156
449 819
232 445
339 387
497 527
63 968
33 685
359 832
111 988
224 816
189 802
135 316
831 849
750 765
287 641
146 535
261 358
134 252
444 956
85 610
565 808
927 945
694 964
282 318
663 859
47 666
46 843
656 907
694 887
21 535
225 932
228 461
601 621
414 697
415 868
181 834
41 311
669 941
337 588
817 890
269 287
209 650
142 198
233 242
43 849
493 722
22 552
813 883
549 572
37 101
135 664
692 775
519 822
175 670
575 586
210 746
268 398
93 191
184 645
35 43
443 912
226 256
83 505
675 733
69 182
644 704
684 917
394 854
541 840
193 762
858 928
50 165
328 351
483 957
496 996
72 211
720 751
58 394
97 352
318 600
449 799
84 602
180 921
823 945
183 278
367 501
578 884
542 971
237 553
203 665
572 614
719 753
371 780
85 518
30 409
146 650
328 761
531 926
116 632
138 870
158 381
489 586
842 974
501 615
747 967
199 288
972 992
652 998
235 596
74 602
97 683
43 594
189 379
263 832
69 709
678 929
368 450
276 701
795 839
144 947
382 743
290 849
94 187
79 525
195 820
65 401
255 460
132 661
304 759
95 291
100 767
374 458
144 849
313 914
633 773
589 978
112 308
188 249
283 727
495 896
645 653
725 797
117 190
14 980
249 735
124 989
98 475
399 767
71 882
168 403
426 699
107 180
474 687
24 370
354 969
599 733
399 413
914 979
646 886
318 711
268 886
271 727
328 823
954 983
133 722
261 301
169 646
122 686
85 538
565 864
272 957
699 998
319 985
398 488
346 985
293 631
725 731
208 857
743 971
631 691
21 801
173 890
120 787
377 679
235 705
109 168
181 555
113 173
188 345
243 798
799 875
446 641
325 976
57 614
334 934
13 179
964 981
518 964
452 612
566 976
18 666
75 983
120 716
697 784
19 764
390 577
379 966
91 867
118 757
4 874
384 409
274 869
426 780
541 929
339 377
124 993
250 676
90 689
40 724
375 720
659 839
491 739
298 597
150 402
33 640
419 495
409 645
600 688
257 329
497 844
337 923
96 590
582 802
342 455
556 905
406 957
694 795
347 492
534 944
583 753
252 295
324 980
75 294
238 886
319 723
235 540
108 294
144 748
583 791
145 197
200 952
511 776
186 842
74 372
299 729
342 621
37 209
757 834
429 807
340 390
417 935
849 996
131 933
408 734
503 843
97 743
236 326
679 836
400 977
827 858
137 770
174 231
457 785
495 809
172 508
706 836
121 476
50 992
400 559
538 957
48 129
157 481
59 771
617 813
431 887
470 987
271 670
439 980
99 959
392 541
449 604
233 933
362 707
863 929
129 866
189 658
315 603
262 966
530 686
103 728
4 537
264 678
506 633
660 972
371 829
21 534
155 524
330 570
534 860
61 698
246 766
263 718
468 684
886 910
902 931
687 715
543 919
88 887
604 647
131 453
549 679
271 481
78 917
212 399
32 253
113 454
278 374
338 549
352 649
408 651
504 820
247 516
486 836
913 966
684 775
334 696
80 823
176 566
28 527
835 937
805 833
22 862
3 219
116 368
188 434
737 996
128 983
182 286
387 598
154 887
358 511
239 328
598 981
343 510
215 989
201 385
419 470
791 979
276 437
205 505
81 171
79 416
11 128
753 756
233 897
609 750
150 676
372 636
467 972
29 941
358 571
685 738
530 549
454 725
385 646
596 998
647 682
134 507
281 853
347 468
834 990
372 897
786 861
19 182
458 506
556 631
49 783
428 770
198 488
94 297
118 892
769 843
376 395
166 229
173 567
305 583
213 854
394 912
532 734
585 889
113 482
244 636
425 830
139 760
88 224
325 797
236 488
442 539
80 644
106 908
503 642
236 383
109 519
149 656
408 534
662 990
210 862
248 341
546 772
490 510
400 906
218 897
727 820
875 993
931 979
182 331
664 758
37 604
40 304
44 360
245 281
180 856
948 962
645 942
45 82
104 530
140 810
470 545
276 474
81 774
153 401
121 517
72 95
282 460
388 643
776 945
51 971
470 771
424 647
3 768
337 958
634 828
48 439
552 999
94 830
350 708
263 483
121 976
539 844
704 849
302 794
18 309
128 285
402 916
220 947
6 274
100 201
315 396
200 703
330 626
20 394
648 851
373 560
464 756
838 986
347 673
259 707
226 786
498 527
514 855
667 950
22 614
557 959
276 372
493 665
514 928
83 741
464 929
528 566
17 55
53 657
437 882
120 606
303 857
107 168
718 888
593 789
316 468
361 549
144 205
461 578
633 913
413 767
71 563
349 397
615 950
62 818
283 547
418 774
330 458
168 481
116 479
231 830
750 794
487 656
434 540
340 918
621 872
16 979
719 827
28 976
146 561
309 483
422 642
538 747
480 639
7 796
138 221
927 991
646 659
828 880
333 430
601 742
251 813
199 346
51 483
472 844
665 951
795 992
373 532
122 788
993 995
243 844
52 878
169 206
334 784
812 864
359 711
201 765
443 680
425 997
27 41
503 548
307 457
218 692
662 717
826 951
576 782
494 793
122 456
164 213
662 700
593 881
301 364
191 936
286 704
128 686
67 947
185 668
149 825
317 627
211 496
49 509
323 746
430 850
162 692
239 454
165 559
295 624
909 928
223 978
810 935
470 617
626 723
18 38
44 86
10 194
157 401
391 440
202 774
6 158
137 733
67 412
587 853
820 960
336 427
466 546
789 830
115 313
33 126
219 459
260 580
169 622
341 808
103 953
610 739
129 700
313 335
117 977
686 904
39 358
77 687
133 237
364 925
386 539
7 341
52 834
147 686
353 453
5 692
433 621
144 984
779 830
339 775
66 981
343 855
205 850
791 975
26 327
641 930
187 312
689 926
212 221
175 459
98 492
254 368
305 966
44 502
176 646
943 982
412 798
1 301
55 150
554 723
322 606
22 453
280 740
172 338
101 628
905 907
540 595
68 259
144 307
36 225
276 336
336 587
48 223
124 554
250 733
89 857
642 880
132 774
149 160
98 776
617 776
29 650
402 636
186 423
263 361
376 521
233 896
733 979
863 900
204 263
171 470
134 222
235 632
85 516
357 495
108 939
215 897
113 891
169 569
8 761
172 948
30 302
733 757
411 645
177 859
548 830
458 616
95 861
800 851
70 533
368 373
242 402
80 313
65 139
377 649
69 707
660 694
4 50
151 829
765 919
326 333
588 944
131 177
494 759
144 964
496 503
278 710
930 942
97 853
292 954
477 591
382 854
992 998
130 397
173 361
466 501
175 495
178 385
166 678
366 661
404 946
336 920
499 500
392 922
270 991
306 428
132 964
520 714
45 81
637 663
712 850
362 983
608 899
201 467
367 410
208 497
297 832
479 674
672 884
383 908
203 452
206 772
72 431
242 716
110 363
561 797
46 935
285 437
802 817
320 872
281 534
67 229
730 815
206 728
445 928
467 856
359 798
50 369
381 526
266 499
207 922
445 785
285 840
582 998
894 980
57 793
407 469
209 566
507 841
324 769
860 883
169 832
464 644
28 29
29 500
37 987
364 997
683 859
80 436
522 599
27 223
88 991
490 543
127 326
473 875
916 931
477 819
773 870
133 455
602 712
143 530
718 974
518 954
351 927
300 675
429 961
378 795
109 601
148 799
257 711
404 641
442 572
796 943
546 950
175 274
13 403
520 825
66 544
567 925
26 81
11 783
598 705
103 157
602 780
399 684
71 707
366 689
168 482
900 947
482 670
824 921
141 529
441 463
439 812
29 592
502 882
50 589
162 371
436 598
58 64
668 905
375 579
157 396
175 967
348 695
105 244
642 939
241 500
538 744
43 186
263 433
15 304
0 23
475 823
538 539
225 812
119 380
781 985
158 296
149 621
368 576
372 804
323 504
678 690
220 912
356 368
138 911
587 756
181 875
536 790
129 704
665 950
85 112
639 697
605 889
369 805
474 822
173 749
151 659
473 839
4 153
633 737
779 789
190 676
545 939
252 391
624 940
87 804
469 647
4 296
782 859
72 766
217 507
382 799
98 334
61 314
28 549
662 812
116 286
170 850
597 713
157 812
567 993
827 860
171 912
88 448
434 686
461 839
172 510
724 819
430 962
162 292
2 861
441 491
392 801
409 837
46 658
512 530
106 409
642 877
468 984
177 370
721 893
725 861
372 491
358 642
324 374
81 111
798 834
200 686
168 937
691 835
324 532
91 803
128 343
241 242
385 696
122 599
323 468
384 624
96 842
502 874
238 784
26 640
189 340
0 575
34 471
325 517
161 620
282 339
99 168
49 963
826 985
188 498
528 639
196 901
213 801
457 503
230 748
47 430
240 848
97 185
227 554
451 638
839 979
438 872
577 736
49 399
417 675
606 885
61 115
672 907
521 902
667 896
366 984
911 976
249 546
287 832
386 725
367 502
555 577
224 735
189 835
691 721
0 648
599 792
113 745
612 645
78 281
357 494
305 515
825 948
241 269
385 619
561 978
428 591
76 217
834 941
47 552
481 714
234 797
256 407
428 877
273 820
77 245
47 255
514 736
515 585
860 910
187 520
60 378
351 789
8 133
464 967
2 447
113 480
44 806
101 979
162 825
45 434
205 885
494 982
706 710
735 849
244 796
545 701
675 762
353 940
58 331
261 854
227 804
909 918
326 552
111 706
44 249
46 347
380 673
37 700
99 795
347 760
664 773
646 885
3 757
43 448
340 850
253 399
881 942
538 661
432 968
17 830
568 762
224 618
544 969
4 723
756 760
268 856
105 458
481 907
189 442
100 203
468 631
151 610
579 895
543 984
253 512
39 297
77 630
613 644
579 780
543 873
342 890
346 617
256 657
614 962
233 716
302 468
196 831
34 807
256 768
278 333
134 801
156 873
735 919
83 340
50 439
338 378
343 911
288 639
219 645
680 913
438 929
40 496
25 380
106 881
75 566
224 236
727 730
529 845
452 916
79 215
12 172
34 468
16 823
128 913
435 783
278 747
414 507
292 531
702 878
719 916
133 529
64 594
323 959
305 408
676 889
148 178
577 670
312 443
241 491
663 962
503 917
151 596
0 232
863 991
665 746
47 642
472 560
56 815
111 267
57 821
7 572
194 197
656 818
200 590
419 812
596 792
249 736
838 949
278 885
652 937
559 748
394 741
235 529
256 718
60 435
722 992
50 377
178 770
57 647
247 908
14 343
217 329
718 811
499 627
80 703
541 606
65 269
507 656
934 951
151 443
265 812
435 476
746 754
250 485
111 548
81 529
27 663
452 904
235 264
590 690
594 849
154 798
357 821
231 860
897 958
645 996
690 719
512 531
271 618
242 710
573 642
297 927
216 981
379 547
234 354
254 865
37 965
707 801
634 771
121 684
711 857
362 718
185 207
132 578
480 541
462 669
120 500
86 793
33 387
217 606
576 582
333 974
665 710
190 299
29 119
164 962
471 710
25 720
582 924
422 521
767 943
230 955
43 980
561 663
263 715
70 559
437 756
26 641
851 954
195 574
344 484
90 264
381 791
464 589
184 316
341 362
490 596
622 725
888 959
351 833
248 606
13 248
508 912
218 662
830 945
305 826
822 993
109 544
408 573
106 806
288 679
71 612
725 785
317 548
22 475
6 572
202 759
758 960
378 423
48 209
12 372
20 863
352 644
167 728
17 200
28 714
283 779
158 933
710 758
180 613
237 660
625 910
612 928
134 218
198 980
659 753
161 787
115 327
663 778
412 626
138 147
52 375
12 696
513 997
143 166
9 134
337 881
394 456
471 746
642 690
169 584
535 838
39 439
242 257
635 826
686 938
381 842
838 871
131 405
424 681
584 635
325 599
201 601
632 871
443 963
736 945
347 868
480 951
204 939
37 305
333 777
762 909
339 692
417 713
30 891
558 601
192 978
641 787
588 656
684 855
163 320
770 808
2 222
554 915
176 667
701 960
560 732
334 667
522 962
689 777
1 271
234 823
75 666
404 956
831 887
44 363
447 638
183 761
698 920
174 397
158 886
417 698
201 465
150 394
45 224
581 958
12 495
366 868
183 374
477 857
881 941
223 714
573 827
190 385
194 988
752 990
15 734
384 876
721 981
410 944
548 638
436 944
128 353
113 869
864 955
263 621
730 988
214 229
91 874
21 587
595 682
323 431
327 463
169 821
562 772
526 923
817 821
12 216
420 578
259 708
400 414
553 744
40 949
522 597
199 951
146 193
130 730
302 324
268 364
97 774
443 766
145 392
143 909
151 406
524 652
139 630
162 321
153 822
171 345
482 954
175 397
303 696
185 645
537 728
741 920
450 676
50 873
606 818
184 927
82 150
10 459
430 932
306 590
783 992
241 831
292 909
224 971
586 873
91 285
295 536
45 196
449 628
106 325
183 459
564 618
581 692
414 805
487 849
200 401
552 966
264 654
109 324
436 916
128 333
458 716
220 995
223 460
321 348
657 730
506 720
837 892
364 662
310 532
136 215
82 911
502 780
213 471
342 788
438 717
89 123
223 755
494 706
62 262
70 893
397 483
610 798
135 691
65 403
196 931
442 623
65 268
925 958
89 646
273 319
537 786
131 825
575 930
130 328
447 835
321 555
305 878
178 500
827 993
22 77
11 732
486 958
274 818
81 528
11 813
555 808
168 448
44 307
650 839
119 798
102 968
21 85
399 416
440 559
116 220
284 992
86 572
893 932
50 766
569 598
312 489
55 371
444 970
677 984
39 151
336 430
392 400
634 883
466 545
677 937
102 723
99 641
480 909
283 545
394 469
52 265
74 833
552 817
122 699
212 983
13 674
621 653
252 464
713 834
403 462
151 564
355 969
377 513
798 837
160 233
17 688
221 944
687 727
337 583
416 946
294 951
173 702
129 559
269 363
304 484
28 246
585 663
342 530
623 647
147 544
151 248
580 926
528 625
384 705
641 822
331 714
446 959
303 786
162 898
221 485
407 816
72 619
697 844
22 105
425 625
27 709
565 636
107 403
469 856
625 722
155 741
84 641
236 580
205 659
172 476
154 883
484 895
266 873
207 887
68 157
361 429
112 713
96 206
131 577
940 985
841 868
716 880
367 496
130 829
850 893
284 635
462 634
823 850
33 865
155 974
218 360
142 760
290 311
298 986
321 363
263 520
158 358
395 837
734 769
424 908
441 719
501 610
229 947
142 794
471 602
114 501
540 761
152 554
338 961
627 691
14 208
311 790
367 650
174 538
91 548
57 988
186 824
795 858
470 724
687 969
377 488
622 758
218 760
95 274
260 997
190 610
126 636
204 650
723 906
10 867
67 878
471 922
199 641
383 484
408 538
597 798
835 905
585 894
728 850
608 696
258 407
900 986
831 886
335 871
14 840
55 100
611 652
121 605
284 778
836 879
158 887
492 933
63 958
624 746
401 883
36 486
419 502
241 461
186 326
590 857
51 840
487 812
24 132
25 621
208 577
66 434
583 635
345 377
642 663
203 887
259 553
134 475
47 974
85 263
267 710
790 930
132 200
151 636
601 985
35 927
243 884
557 955
27 208
139 826
657 825
87 684
42 546
312 682
174 800
766 878
161 923
19 549
493 550
406 487
580 982
527 901
162 859
568 714
142 477
554 997
224 384
740 968
193 411
451 683
41 863
425 568
106 895
754 879
383 766
103 239
380 592
1 155
383 591
612 795
31 483
470 577
276 506
72 127
507 646
279 870
360 442
396 898
642 934
241 489
203 567
371 858
285 406
12 754
108 863
825 897
57 495
107 781
388 897
189 867
551 812
556 902
206 571
635 903
221 826
441 945
501 602
164 654
71 392
790 846
609 869
373 528
30 519
450 904
705 791
688 707
179 504
143 349
259 432
535 732
421 492
688 801
16 314
218 688
386 964
227 674
670 864
467 891
248 290
249 975
323 597
295 782
611 921
62 835
608 753
166 749
758 843
210 949
304 332
249 809
534 824
215 452
49 66
531 873
235 411
122 898
228 544
124 625
127 850
918 965
478 988
444 852
176 218
366 797
668 799
488 547
405 976
815 841
651 984
393 952
224 532
211 782
632 671
169 594
596 975
463 689
209 337
434 508
104 185
32 310
90 500
346 922
221 798
332 409
186 924
462 812
104 200
126 901
610 622
222 376
795 960
234 966
27 235
32 131
549 674
346 559
14 390
84 206
670 717
303 940
162 784
101 446
404 725
913 953
182 582
383 451
580 701
541 721
357 740
250 404
141 227
953 997
439 450
645 659
819 928
170 821
27 257
417 672
788 913
71 759
827 893
153 158
858 861
37 564
97 265
25 197
500 865
197 975
189 242
335 593
427 983
135 286
231 411
167 905
349 806
411 635
255 848
159 714
21 565
228 495
912 994
307 984
660 860
700 769
185 308
522 861
317 335
809 995
63 319
929 949
35 883
507 798
131 140
184 363
218 771
83 607
726 951
48 810
748 795
86 342
329 483
330 908
442 706
390 875
26 389
522 526
869 981
160 323
403 937
133 763
108 152
917 964
494 981
615 683
211 225
483 634
754 761
740 932
374 750
141 263
326 781
364 464
148 613
168 379
297 537
188 321
608 697
112 520
282 286
2 913
242 554
393 645
581 956
285 367
17 776
125 193
785 824
881 931
110 367
422 667
573 825
354 805
279 946
56 850
11 352
205 820
459 482
449 648
177 921
15 329
665 700
481 799
686 746
691 956
548 719
76 248
186 520
665 675
259 710
192 739
800 994
237 365
476 683
499 890
62 360
325 986
113 304
649 812
486 551
857 913
161 922
19 548
781 828
126 409
53 781
455 617
5 938
27 878
546 946
84 117
446 884
71 409
53 958
537 557
404 636
210 831
598 618
395 851
254 396
323 757
378 616
71 703
118 638
563 671
470 727
89 868
607 686
7 484
319 470
103 383
201 499
23 670
211 678
937 956
612 634
133 687
351 581
768 962
419 610
690 923
178 639
237 892
509 759
347 525
247 295
730 783
397 972
199 448
350 564
99 756
221 825
557 619
373 622
320 534
172 527
356 380
747 901
147 955
739 821
8 403
669 962
255 538
485 673
14 137
56 452
234 995
790 830
41 365
221 588
762 848
84 324
717 972
283 454
71 465
782 940
633 854
779 870
13 34
239 894
520 842
79 993
254 345
168 594
336 838
151 293
603 792
286 596
348 949
554 760
288 892
880 966
832 889
577 939
97 878
140 751
327 815
149 151
479 752
261 589
79 458
376 899
306 850
55 333
116 845
279 901
431 994
422 675
25 955
155 996
923 926
216 758
677 855
297 899
121 915
159 721
143 252
4 662
78 547
82 990
114 463
27 460
200 764
377 752
428 788
412 433
195 547
363 453
15 212
610 990
21 867
632 846
91 424
247 487
804 994
252 551
400 472
451 951
183 532
190 580
566 995
576 879
102 479
49 673
153 569
621 983
236 273
202 886
549 912
28 692
452 856
533 593
262 457
407 528
413 595
42 879
60 163
569 918
487 727
309 659
324 432
327 787
54 73
315 671
707 881
267 784
340 826
113 540
725 893
284 629
147 311
703 810
212 791
711 719
682 979
405 612
464 480
587 594
272 999
458 514
539 791
77 876
425 475
502 731
639 910
177 862
57 768
385 777
522 858
807 943
665 882
622 922
291 732
769 988
369 784
138 677
359 693
17 444
471 811
476 631
575 689
522 527
83 719
669 684
2 443
106 797
83 700
89 339
382 968
143 938
97 872
374 380
35 398
297 399
672 717
32 620
118 651
805 879
351 725
228 235
106 168
24 603
317 694
763 874
128 905
275 970
37 727
261 739
67 684
339 467
361 399
333 659
188 564
281 334
635 895
349 509
223 678
371 979
159 506
250 569
668 832
457 862
86 725
384 554
436 780
163 588
275 390
629 705
212 811
431 523
54 486
170 227
116 603
65 991
212 922
618 741
565 922
180 440
66 68
262 674
145 534
665 989
583 667
252 383
117 517
504 694
639 640
105 889
661 762
408 956
523 745
545 785
398 815
669 688
782 977
93 478
221 265
757 887
459 668
248 409
416 585
697 936
499 520
740 970
335 438
795 924
399 917
28 589
14 520
366 715
746 813
434 647
594 873
283 982
90 696
49 885
629 865
284 872
348 359
168 517
668 902
7 116
67 281
128 179
293 839
760 974
9 400
542 778
211 534
730 746
253 431
38 741
242 896
530 837
147 367
275 418
77 978
439 751
278 414
506 620
60 779
260 325
420 817
411 723
798 989
13 699
181 965
384 617
243 564
798 876
642 782
159 786
660 789
437 668
42 44
360 903
70 598
187 854
427 450
118 322
105 853
239 959
13 190
369 984
632 930
108 451
330 965
97 950
153 580
64 185
762 960
209 832
244 615
213 776
70 899
112 149
503 723
204 716
154 457
182 491
199 587
93 196
106 849
32 660
253 926
145 651
6 596
63 653
401 708
563 845
400 871
205 748
334 496
16 781
148 380
349 653
138 310
577 859
253 677
823 986
332 983
617 935
154 687
47 437
116 138
863 942
241 395
350 759
149 360
225 722
501 806
864 992
393 958
552 933
391 620
17 907
56 207
207 212
61 578
433 987
68 542
808 825
56 190
635 786
428 646
17 693
200 765
847 873
618 991
294 317
9 810
528 854
105 817
198 278
146 245
443 605
178 802
348 598
420 891
131 816
408 867
300 721
355 390
265 914
161 833
350 399
154 442
156 732
378 860
217 474
348 884
22 253
846 900
5 993
689 912
32 577
222 980
831 974
170 819
192 263
892 948
262 462
79 80
148 417
444 532
512 580
586 861
551 733
529 555
24 397
602 827
180 528
149 283
206 804
372 468
29 821
752 950
459 504
106 251
116 977
284 741
551 865
932 997
405 611
526 609
591 721
462 927
19 78
536 804
475 528
95 859
178 533
86 138
513 564
643 741
347 602
395 526
191 453
817 926
748 902
400 438
302 445
557 997
251 388
308 581
257 765
735 958
41 70
403 939
302 576
571 722
37 146
460 799
356 984
692 914
348 856
295 835
277 468
465 540
156 599
175 501
72 906
398 652
45 937
887 934
157 751
412 888
931 984
241 902
37 581
90 677
144 277
400 567
575 910
58 455
702 996
296 592
137 940
500 976
693 751
225 463
470 939
2 689
811 941
542 901
157 339
419 584
93 609
404 508
122 208
634 839
51 938
289 948
396 872
551 948
76 276
149 416
156 412
284 713
682 948
129 988
95 665
78 489
85 403
108 532
0 815
114 389
385 763
885 904
138 917
307 822
154 528
16 572
310 703
155 378
195 621
536 943
117 516
338 819
55 776
29 462
359 587
804 980
640 669
290 794
31 741
131 147
60 283
511 936
675 814
179 191
753 870
4 306
633 696
597 989
523 982
287 429
4 449
558 859
170 888
796 980
376 429
672 746
405 940
611 975
351 712
107 348
111 636
383 763
455 798
645 890
278 893
335 836
482 664
283 937
434 535
589 673
145 968
362 821
698 811
435 899
776 965
10 297
104 644
211 680
893 924
505 843
289 886
401 860
272 612
225 766
183 342
186 502
393 816
30 63
180 329
910 926
253 287
626 795
932 942
76 312
315 932
410 912
215 839
212 829
302 825
237 835
530 612
44 630
15 476
330 526
220 878
169 900
226 751
99 327
562 853
264 912
105 570
397 684
273 870
4 978
117 631
604 699
22 682
955 963
543 840
235 677
41 508
4 240
812 863
118 242
134 887
252 908
511 897
369 936
562 665
623 732
212 940
13 32
165 869
369 650
478 500
317 938
805 853
398 725
827 997
408 597
649 697
801 982
40 352
278 942
82 231
211 505
420 507
106 225
399 654
129 446
112 594
166 883
10 491
407 639
763 789
802 927
163 203
276 298
295 510
244 486
245 587
121 597
174 457
841 844
295 335
315 373
254 874
150 545
111 444
203 581
298 851
74 540
466 541
163 519
501 793
601 715
86 909
677 806
18 485
418 459
220 963
155 516
69 950
307 961
13 596
534 852
501 571
200 766
437 767
902 923
81 921
518 715
342 773
575 671
78 925
339 671
545 984
657 774
411 466
127 260
532 706
22 912
408 868
689 693
286 773
29 628
369 549
614 745
357 656
283 341
269 986
657 961
37 334
442 510
32 578
205 941
571 903
300 903
413 672
452 858
144 411
1 294
275 835
202 353
421 961
478 638
641 758
612 847
232 426
101 462
410 485
487 721
110 628
37 642
97 383
103 385
159 371
188 641
231 605
659 756
113 530
106 488
57 559
51 868
889 953
586 655
42 673
302 919
233 794
401 582
241 263
651 854
410 968
34 844
164 995
20 271
406 800
82 960
378 475
324 901
129 657
367 545
351 492
652 927
296 473
571 846
263 955
32 51
216 272
903 959
117 720
274 344
470 776
74 293
274 291
304 710
79 532
9 726
88 121
166 364
248 639
134 974
287 456
100 730
532 853
292 466
149 567
757 770
619 801
309 817
699 825
49 348
175 500
353 934
792 879
50 894
309 979
317 692
12 134
793 911
284 774
341 560
224 915
940 953
82 465
564 893
102 916
234 276
81 143
124 299
470 795
254 930
631 750
160 617
595 984
215 973
56 938
328 655
96 577
521 608
573 935
437 484
7 982
276 917
378 511
30 668
323 402
273 889
311 961
722 724
428 847
195 620
108 315
661 663
104 402
578 659
454 858
311 743
152 808
339 742
252 617
126 525
329 365
38 327
443 757
338 485
106 601
359 441
930 973
473 526
438 520
97 138
437 489
178 461
71 410
145 685
55 166
202 342
274 971
23 836
139 331
33 972
141 441
193 810
519 527
720 785
93 817
776 887
767 977
188 797
208 468
103 457
231 532
203 715
93 723
96 377
668 823
190 471
234 411
396 958
146 553
510 548
46 970
306 911
227 772
552 971
578 599
48 730
30 478
604 999
200 485
330 660
43 81
445 989
122 570
213 353
696 773
475 554
189 472
445 846
143 443
200 707
19 137
475 603
132 168
502 944
289 403
347 645
938 992
242 469
647 904
429 747
86 290
23 311
117 648
122 254
840 957
422 812
628 772
221 762
726 877
106 554
183 674
477 897
204 639
98 470
190 574
568 746
718 860
616 662
178 497
179 952
199 581
431 440
35 217
491 779
24 614
261 775
10 537
607 638
594 843
701 741
46 298
515 557
48 186
46 661
775 960
600 742
275 738
721 886
4 11
208 335
617 933
393 851
211 564
57 414
534 664
169 692
25 952
281 550
711 740
582 756
472 611
414 778
256 356
275 448
60 954
502 579
618 680
143 249
368 611
322 498
333 796
319 792
177 823
522 933
119 127
380 393
259 754
167 293
669 931
194 453
289 447
332 379
423 524
463 995
51 229
566 708
57 564
134 848
359 739
325 927
256 974
153 550
252 768
109 905
93 260
233 952
368 501
283 340
162 927
697 998
187 304
26 254
343 589
344 981
128 642
71 610
257 802
22 98
94 197
620 825
749 987
330 443
25 431
738 787
357 962
429 437
268 457
461 868
176 924
193 786
338 463
295 413
119 761
146 599
49 243
326 737
664 816
862 951
353 581
154 542
439 563
711 827
241 437
612 652
243 291
552 899
699 980
539 891
349 851
747 800
52 234
510 862
4 885
807 987
55 790
243 750
32 453
786 850
498 627
373 837
325 994
127 426
128 346
700 722
80 607
352 575
446 973
106 610
578 734
537 932
149 566
153 947
340 455
692 924
495 549
102 329
175 503
477 938
546 652
478 751
483 963
140 844
41 657
98 962
374 831
146 800
564 894
506 770
146 431
275 685
646 876
63 778
287 690
616 846
38 764
388 539
337 949
500 615
375 917
431 935
267 910
125 846
607 635
111 143
449 652
87 246
270 402
478 508
915 952
265 459
885 997
484 898
171 973
54 404
100 242
47 981
85 258
146 390
610 675
437 645
761 821
522 893
463 645
172 694
379 814
665 851
179 483
182 966
164 629
62 364
51 221
397 505
256 775
310 432
133 463
457 988
50 479
274 366
109 960
256 950
87 905
239 870
196 466
176 536
818 939
75 606
121 236
384 484
241 767
6 623
196 265
322 988
71 699
519 679
387 520
563 739
196 408
344 683
291 484
383 586
560 939
49 170
145 863
634 903
448 707
48 509
121 665
582 638
110 271
183 449
305 523
453 843
310 972
223 421
122 712
94 186
694 870
453 988
369 401
596 807
118 423
48 569
52 81
493 961
129 728
60 612
78 741
604 693
214 389
4 99
423 619
437 955
599 856
406 698
62 264
139 861
143 573
213 789
183 701
207 299
429 797
239 494
52 516
532 782
112 231
338 345
374 699
59 337
116 358
723 822
88 511
148 537
311 481
373 482
598 741
118 944
608 869
607 633
706 858
144 351
81 110
512 746
435 993
572 742
521 844
298 575
399 479
276 620
439 558
86 673
33 299
57 413
39 213
206 894
82 696
52 352
586 760
259 838
439 716
704 867
138 841
466 682
86 899
97 174
599 958
428 754
358 887
61 688
372 951
125 713
97 644
96 817
104 348
216 310
75 77
32 575
541 700
35 368
443 606
734 804
632 961
282 976
437 768
745 963
527 843
236 510
183 641
644 917
266 635
597 915
321 664
623 867
662 849
184 656
41 777
558 806
602 938
697 854
336 806
10 683
349 460
405 735
429 436
749 875
491 903
366 625
448 594
91 298
485 513
116 143
466 842
12 450
453 592
3 641
599 675
253 483
24 63
703 705
409 587
581 741
475 535
487 774
55 706
520 632
246 903
358 561
78 400
116 579
264 844
604 936
8 369
171 239
281 803
191 224
32 343
324 903
203 222
340 513
613 775
195 626
476 813
309 638
29 487
198 486
813 827
134 674
329 486
228 303
179 744
778 913
212 437
395 767
86 474
260 995
579 711
925 975
430 471
37 159
576 847
469 937
412 597
474 894
297 499
248 351
232 804
728 937
31 838
322 838
199 524
404 980
291 706
154 191
232 691
491 516
149 888
121 305
750 772
497 738
229 315
715 848
767 908
197 575
129 823
578 990
155 819
341 548
144 928
307 748
147 343
133 872
544 961
104 984
301 674
33 76
401 544
368 605
354 512
355 809
332 919
227 419
445 808
397 645
718 947
540 731
902 982
674 675
235 557
695 773
476 817
100 977
428 984
109 157
311 737
726 757
681 787
35 739
188 499
26 466
38 325
791 921
445 678
66 530
395 616
164 187
633 814
818 936
261 302
261 912
98 274
412 808
72 937
92 308
597 685
267 400
70 359
92 427
111 633
383 740
130 136
261 690
724 800
49 88
529 982
150 318
244 397
551 742
914 923
210 380
780 816
158 996
349 583
91 556
125 224
38 537
760 833
228 255
72 323
102 611
713 734
273 569
310 636
60 775
8 698
691 927
475 556
265 446
178 585
344 353
531 951
256 599
282 731
583 891
180 190
114 646
229 727
88 789
804 971
342 926
394 454
826 859
259 438
302 504
451 990
476 571
779 780
171 779
412 767
680 855
105 454
305 790
735 768
404 686
46 223
28 574
309 887
491 892
826 874
649 702
120 866
157 803
196 735
527 645
732 953
92 280
440 873
387 404
103 184
196 366
533 937
114 934
168 455
188 922
136 805
139 198
909 982
235 401
292 936
121 602
270 783
681 920
82 407
375 574
655 664
512 666
106 273
733 852
555 604
131 672
392 520
245 874
48 410
435 950
535 879
439 606
595 924
320 826
158 226
253 288
56 868
195 379
358 997
87 185
180 461
583 708
481 858
924 988
29 224
268 792
648 886
61 719
548 915
216 311
804 920
130 635
296 399
4 64
252 572
166 244
361 459
649 798
78 992
136 423
528 985
356 706
361 824
183 531
593 937
904 940
523 898
93 258
208 759
115 758
555 847
313 898
210 734
3 386
692 954
913 947
348 880
165 774
495 515
701 948
407 841
141 285
158 895
754 862
555 674
117 174
407 702
572 796
107 392
754 945
258 394
345 904
211 263
174 377
72 223
237 763
611 742
25 207
175 785
372 417
103 531
90 926
789 902
45 406
181 246
57 440
152 771
314 457
27 177
509 698
115 287
86 940
517 814
299 309
377 949
85 364
88 512
394 579
696 831
277 670
240 459
52 740
367 546
557 686
834 981
346 747
627 662
463 592
181 731
244 673
248 676
274 312
89 436
566 678
398 852
477 805
353 511
170 735
190 666
304 805
213 859
476 483
925 974
19 76
519 782
666 718
114 771
633 785
447 819
818 901
627 818
218 997
250 434
18 588
644 680
258 511
282 489
283 961
654 752
171 608
140 733
586 893
181 391
418 987
349 753
336 688
10 305
138 458
86 524
270 711
586 972
160 898
419 511
383 950
8 978
785 818
328 803
275 284
116 898
30 86
324 695
254 560
50 607
294 587
321 328
13 658
51 611
199 363
284 491
610 673
536 772
350 892
133 154
82 818
601 802
144 749
700 914
113 200
20 184
363 384
53 452
139 819
71 639
468 973
71 224
498 740
183 603
311 390
37 178
23 99
5 916
541 738
178 456
567 614
75 592
5 805
413 756
585 771
22 40
427 568
875 966
14 956
224 232
370 514
478 856
797 944
45 918
529 614
253 952
630 751
223 880
650 690
867 904
634 901
284 916
362 832
44 408
111 975
349 582
99 911
239 389
391 865
162 658
30 434
307 715
215 978
476 924
216 439
638 694
513 805
18 509
441 770
117 926
315 321
165 459
118 421
337 706
104 211
282 363
4 990
179 336
52 962
579 979
342 927
98 243
192 884
33 602
129 500
619 972
455 698
300 633
670 875
50 80
314 557
98 324
575 938
54 571
550 668
611 926
741 851
135 990
732 954
148 394
181 392
645 970
983 984
286 376
185 907
292 535
603 685
15 971
20 819
205 457
336 376
634 921
711 963
91 663
366 804
3 820
208 322
445 683
82 295
621 978
863 917
78 267
34 949
95 588
59 618
367 920
99 278
428 748
414 555
61 718
83 874
686 919
263 706
584 761
132 143
523 598
833 890
126 799
938 963
476 617
522 533
579 604
293 773
446 980
433 491
255 428
365 540
593 825
45 670
196 542
142 412
432 774
616 757
451 616
503 803
269 807
589 946
701 804
353 926
151 327
456 546
178 355
107 395
434 761
182 379
460 681
517 555
157 695
853 970
749 873
189 682
185 935
426 724
581 961
339 426
489 505
396 611
516 828
668 971
379 454
289 818
94 959
516 963
721 855
43 367
673 916
51 872
290 476
95 531
243 292
411 624
456 689
405 622
651 791
220 931
533 662
794 894
7 639
195 743
142 994
200 655
898 976
93 159
786 849
495 543
364 869
471 963
285 923
736 987
277 795
160 491
281 699
198 375
476 589
57 597
903 968
553 872
527 824
147 580
117 244
353 367
390 820
675 902
13 19
107 184
273 366
352 673
135 512
619 805
359 486
201 924
112 289
644 794
482 943
677 748
35 261
420 457
336 772
98 767
300 871
384 394
330 474
206 329
120 914
512 950
171 611
297 828
418 708
512 549
505 961
418 984
42 988
234 272
146 942
102 795
216 918
250 998
569 662
56 575
368 881
221 886
24 29
383 731
530 859
130 173
238 410
28 989
811 846
212 817
229 253
431 529
220 528
705 737
544 673
228 394
252 272
165 423
510 968
313 396
226 695
57 859
263 778
22 643
72 356
622 830
748 999
511 669
757 960
593 615
61 73
196 944
493 542
408 672
26 275
779 901
317 784
100 640
9 995
130 536
118 804
123 397
116 269
351 678
796 977
50 143
683 776
336 992
378 627
567 775
900 934
577 599
962 991
448 621
68 334
180 768
14 812
188 615
101 258
897 985
767 989
110 560
167 667
79 511
210 378
67 287
103 453
324 502
113 589
572 588
63 811
216 882
396 954
0 115
9 491
202 928
195 496
125 879
452 481
601 754
581 588
293 564
77 861
61 568
635 927
484 929
203 386
108 629
34 880
346 910
475 558
348 541
333 644
307 793
164 694
817 840
415 775
152 921
709 815
255 467
35 816
400 499
826 857
596 631
123 303
93 395
403 633
98 99
340 361
826 955
334 574
190 546
339 996
10 803
637 784
326 829
148 693
300 920
413 727
106 859
32 682
44 405
482 710
235 258
649 976
521 919
278 786
797 994
500 998
802 920
362 899
182 190
600 635
249 531
109 613
246 951
780 982
3 459
383 841
828 970
28 400
284 616
677 975
497 795
189 677
100 448
392 409
363 894
694 982
419 660
349 843
29 77
381 602
93 182
596 983
243 617
206 543
873 994
506 765
808 831
583 712
67 202
350 821
152 582
268 632
394 655
75 78
847 996
60 506
117 711
498 587
191 572
69 612
198 264
420 786
259 404
126 766
307 384
493 597
169 423
460 610
135 654
117 848
122 385
106 522
549 908
328 579
28 493
197 482
737 789
53 149
196 686
107 509
89 538
370 873
206 451
832 958
110 799
489 525
616 916
124 975
430 890
89 820
491 632
2 901
480 503
334 470
625 811
516 686
650 760
603 648
551 680
738 765
229 486
157 329
431 798
654 935
179 652
104 848
102 719
160 578
233 908
237 940
458 811
538 567
194 865
30 395
233 797
783 840
596 900
358 903
359 931
462 993
696 961
635 820
66 73
625 950
144 643
0 916
181 680
222 348
618 829
359 605
167 582
0 534
368 496
423 556
636 841
322 385
237 274
311 527
421 475
32 790
415 765
2 434
554 871
95 261
633 678
11 986
796 808
17 215
438 545
365 767
60 83
482 829
112 680
619 804
196 627
365 656
3 149
633 896
533 817
196 642
208 705
222 954
227 960
572 793
163 424
435 655
3 435
193 833
672 842
508 626
310 440
560 899
105 863
211 293
334 703
181 389
272 495
185 962
239 371
171 755
479 684
34 169
208 380
25 858
536 575
819 832
345 565
141 852
94 920
59 695
354 829
225 675
246 887
581 710
33 464
436 779
57 474
100 408
502 540
581 599
553 794
203 913
789 890
829 957
651 873
51 613
68 717
397 561
85 270
268 802
700 829
717 889
902 981
833 867
56 491
632 798
394 839
78 943
571 854
190 805
697 727
15 60
848 933
207 418
179 818
735 809
44 652
442 587
516 885
351 673
361 673
70 203
440 848
461 710
444 500
258 368
291 488
276 284
375 678
232 479
2 623
300 392
376 990
57 389
99 542
506 516
626 789
280 315
39 130
703 875
206 657
320 832
466 706
547 759
397 964
458 754
596 956
8 701
68 545
534 834
208 932
562 847
212 564
363 576
215 675
699 766
97 205
161 739
4 111
584 957
126 880
198 301
1 999
627 961
442 787
653 727
13 888
718 903
114 615
5 724
687 904
161 958
787 990
234 756
117 437
118 918
364 477
154 464
136 635
19 806
44 519
373 381
176 663
158 523
288 773
76 944
486 951
392 975
140 897
34 412
608 889
440 987
297 746
750 963
306 616
291 388
349 646
103 411
103 488
486 496
0 417
220 260
234 504
306 989
404 939
21 326
655 955
509 659
682 999
882 948
488 498
694 838
0 894
366 503
325 396
338 918
100 182
130 967
665 926
32 45
15 220
769 968
347 740
522 640
249 438
135 255
41 282
91 763
40 887
79 574
177 397
720 796
408 874
925 999
205 666
433 489
145 445
524 767
126 473
788 836
404 589
222 844
80 805
689 905
348 994
45 958
36 135
275 841
27 588
150 266
278 456
316 891
346 481
897 919
810 908
188 552
119 756
328 955
396 632
43 464
391 794
487 941
310 878
516 973
632 913
206 815
347 772
108 777
141 896
0 60
811 868
78 357
342 430
345 506
146 765
424 999
8 742
781 789
103 835
125 903
642 649
402 930
4 882
186 637
761 947
9 28
781 870
268 831
234 671
367 559
319 648
90 320
386 577
313 487
529 693
622 781
697 698
48 455
518 971
580 913
120 592
523 931
430 475
527 939
641 872
93 355
79 816
653 961
636 671
822 984
698 730
165 807
594 603
22 144
427 966
175 498
303 681
348 966
280 606
425 603
887 959
13 324
625 756
116 457
172 299
541 942
266 928
563 650
440 915
41 660
392 790
154 861
591 685
712 863
295 444
8 838
413 849
586 971
83 136
681 981
785 951
711 901
233 990
509 761
685 699
2 571
404 507
759 921
531 646
489 757
237 911
186 319
264 669
561 921
177 912
142 674
694 927
169 512
298 932
595 710
742 939
156 266
138 781
185 494
15 118
290 563
627 710
740 922
35 905
380 462
308 403
700 941
294 922
255 878
27 317
87 561
552 853
19 337
316 789
231 394
195 880
398 823
93 421
378 957
416 722
456 543
38 377
494 783
139 530
679 873
692 974
53 788
792 924
83 465
196 592
641 997
145 278
101 733
12 66
602 878
396 481
418 681
275 784
121 352
413 610
533 913
383 736
655 862
337 456
470 748
6 898
138 282
690 735
358 433
162 388
112 779
248 903
140 595
287 780
372 853
733 844
133 662
264 603
105 231
396 948
220 720
64 844
410 872
34 940
133 840
247 318
211 892
341 949
147 228
541 673
21 515
388 794
255 992
562 844
252 310
256 555
61 792
173 830
489 813
96 921
118 346
523 700
304 898
256 841
795 796
84 333
476 567
3 477
10 975
622 692
451 736
669 922
269 943
487 734
115 240
266 544
95 493
361 755
623 955
112 363
774 807
560 671
79 921
870 956
67 929
49 414
124 822
108 340
548 807
836 907
448 988
92 395
20 728
148 405
333 906
495 830
500 992
211 367
802 918
89 847
115 186
386 433
85 943
448 762
936 960
733 831
127 528
257 388
133 633
124 762
332 975
501 960
444 989
341 631
16 700
471 500
99 573
292 559
86 789
159 587
901 967
663 875
431 715
270 335
95 734
441 803
82 983
198 326
898 971
244 731
584 764
548 927
171 269
717 768
152 584
504 647
285 948
549 711
604 662
181 707
459 993
522 641
338 754
122 173
263 989
947 948
571 992
181 628
75 209
210 624
762 893
339 676
2 580
195 840
514 640
108 122
204 522
373 909
619 941
342 664
322 716
658 882
151 467
524 847
83 393
88 305
438 869
206 449
214 988
178 286
567 984
435 693
64 345
157 692
124 969
479 934
625 856
21 165
513 853
559 677
104 549
488 900
572 784
63 911
525 678
811 953
3 644
668 966
387 869
581 863
285 306
371 879
444 993
436 817
919 932
538 565
690 856
414 872
56 772
39 69
65 970
137 453
543 693
401 456
226 575
333 761
405 732
132 223
226 686
32 475
144 645
556 820
821 838
548 640
443 512
562 713
213 871
951 985
421 426
688 995
291 946
18 678
495 690
340 461
336 872
408 613
233 496
13 688
606 947
667 861
740 829
136 899
88 444
288 846
519 697
763 869
323 656
75 379
64 724
455 881
538 964
388 739
81 887
120 235
410 627
603 662
287 811
236 833
76 558
79 405
362 763
55 652
53 293
34 905
141 931
551 940
510 642
332 870
323 603
243 434
280 424
95 790
207 872
882 984
262 667
696 991
18 183
346 856
535 894
132 179
133 248
190 856
179 489
847 990
196 812
821 971
545 921
268 352
251 440
295 551
22 851
153 992
207 349
72 752
88 850
149 596
22 194
792 925
300 544
106 979
16 503
277 496
230 304
344 915
737 972
370 687
240 779
82 251
228 551
192 327
238 920
512 998
602 798
168 464
667 982
814 939
905 973
841 975
720 776
276 286
297 797
617 656
928 965
232 434
586 925
236 790
702 795
775 981
130 427
180 545
72 106
612 620
74 376
119 556
211 545
235 882
915 927
42 721
91 348
52 394
113 684
663 838
691 885
147 712
565 852
147 231
298 921
280 388
941 945
267 654
713 850
158 985
243 575
652 975
372 857
428 667
713 803
564 789
886 946
243 684
299 654
70 591
530 997
414 749
53 435
167 399
583 775
705 925
365 431
605 764
2 457
883 943
300 736
27 38
144 807
193 451
287 393
240 802
519 850
297 445
184 873
187 410
831 989
575 807
64 463
541 883
244 600
527 640
496 922
25 468
797 846
465 749
136 859
126 236
606 794
645 838
7 429
91 122
357 824
125 460
676 940
760 854
402 643
370 437
232 430
289 697
162 425
20 831
426 498
141 366
427 855
581 890
93 665
332 968
78 156
45 429
449 556
358 700
30 402
267 972
306 938
42 324
119 342
85 482
11 451
159 731
307 969
414 559
293 678
206 743
77 719
264 948
86 103
325 725
472 823
489 895
296 485
39 279
139 913
179 432
15 222
386 746
60 501
614 903
43 638
305 587
40 776
561 994
17 232
24 828
443 818
631 797
106 920
268 447
89 750
370 789
301 321
374 665
446 826
175 472
72 919
37 455
116 320
926 991
413 696
451 509
112 487
119 976
13 987
712 726
52 821
125 606
96 107
168 424
119 833
676 960
606 641
239 344
59 974
228 975
466 836
158 918
112 852
8 827
520 596
335 602
113 522
21 503
3 788
155 813
376 536
180 648
310 799
21 344
59 541
315 631
816 944
39 68
158 338
384 699
441 830
226 572
354 489
445 798
228 402
184 223
373 556
265 505
30 571
217 976
143 504
847 852
170 422
522 723
56 321
259 356
83 616
579 943
433 553
415 617
622 787
610 875
80 598
647 862
669 674
174 768
123 744
710 874
500 502
62 597
395 578
225 672
61 259
623 909
171 808
245 471
31 844
732 975
434 774
202 314
478 583
249 893
603 858
692 697
383 718
227 400
706 877
8 179
111 720
521 940
59 987
222 731
245 666
33 538
219 883
625 980
467 643
719 902
119 730
530 949
505 950
702 719
224 794
6 198
58 145
42 762
315 546
621 918
638 780
534 603
115 337
47 764
673 805
471 800
354 538
122 558
656 964
517 781
337 729
543 569
329 729
203 240
158 971
373 512
85 252
416 903
143 476
338 808
523 739
429 528
231 388
485 916
1 777
113 301
386 837
562 746
174 796
74 464
537 792
203 316
166 384
294 725
558 902
355 457
361 900
351 868
774 942
465 998
173 301
269 794
407 652
28 583
693 903
400 998
384 507
3 259
336 996
23 860
245 348
887 925
67 596
54 882
23 973
357 771
413 529
145 967
426 652
86 836
672 816
676 792
366 930
529 746
392 530
626 792
379 386
21 303
663 976
206 869
927 975
472 655
479 820
371 727
565 851
547 760
142 700
91 212
163 739
97 961
868 932
337 692
51 578
53 144
330 567
113 909
220 871
539 681
522 905
49 281
446 988
74 560
539 582
26 703
864 935
16 494
613 682
446 707
1 606
584 928
269 378
291 670
53 547
331 391
80 399
389 545
195 878
87 836
94 96
408 785
5 721
389 690
184 524
120 650
88 168
59 505
352 365
205 878
304 448
13 424
344 961
187 413
870 946
317 530
892 938
280 664
119 975
192 420
28 730
124 935
250 614
149 954
426 721
335 803
609 776
659 773
288 998
393 633
729 797
470 633
73 705
371 996
559 993
46 524
620 657
309 422
112 952
320 897
582 605
413 634
703 827
9 267
651 980
626 820
458 642
55 612
690 773
820 884
557 670
20 380
37 602
747 973
592 906
129 652
630 758
372 958
138 594
13 550
216 398
14 193
53 357
40 604
665 867
339 584
800 950
85 180
450 883
72 878
255 740
47 915
113 139
43 736
246 489
467 492
268 715
235 888
326 337
106 743
527 803
456 970
324 876
706 757
62 949
588 753
37 373
176 757
672 700
303 662
261 567
474 788
606 981
844 986
62 875
383 516
249 864
343 570
339 533
455 840
594 916
327 863
137 813
689 872
11 836
693 864
641 717
658 677
382 407
386 480
361 408
453 456
296 525
724 981
564 866
232 395
315 323
275 665
318 729
733 946
312 402
183 401
132 645
626 969
55 731
483 504
411 631
226 586
225 869
318 394
377 974
109 511
191 233
285 884
327 473
865 978
117 901
243 758
479 561
74 584
420 604
238 831
921 977
204 251
756 824
613 657
579 769
178 922
51 344
899 902
98 197
652 758
429 555
787 829
570 695
130 712
147 730
95 240
499 795
857 897
159 483
571 895
329 376
60 213
142 466
515 852
473 569
917 968
89 713
697 778
383 491
22 151
5 971
407 875
374 762
79 83
254 495
326 904
45 48
214 873
749 840
129 509
81 996
345 799
72 225
8 841
465 470
236 835
111 945
681 986
8 984
850 963
130 480
263 300
547 993
76 447
357 418
52 432
290 509
272 784
4 563
59 568
225 784
397 631
391 537
453 992
368 596
761 995
116 686
224 538
431 653
553 943
27 847
548 834
346 806
57 809
136 184
501 506
29 339
113 194
442 904
245 836
557 797
373 688
584 901
121 195
443 558
298 487
100 943
139 809
218 574
31 874
352 612
227 292
782 988
532 643
202 234
26 284
818 976
395 861
614 686
109 421
46 202
585 948
344 998
109 730
499 642
45 882
118 680
31 803
692 751
589 885
55 185
274 960
560 581
241 856
3 403
832 873
712 751
219 801
629 886
345 891
327 831
272 463
578 795
23 658
340 790
132 718
168 671
105 228
113 721
646 979
59 727
958 961
371 809
132 174
104 940
251 847
880 932
253 277
38 611
20 565
739 754
94 468
436 781
324 544
290 368
366 479
411 684
583 594
105 407
454 514
632 687
445 837
570 922
790 859
807 923
540 822
498 977
484 748
583 880
566 582
386 516
518 741
654 704
83 946
28 113
268 544
632 941
385 932
675 871
330 968
238 721
80 543
335 377
377 435
451 852
605 619
71 339
797 924
169 479
210 757
619 851
287 395
290 990
169 360
188 220
193 626
284 785
3 209
637 924
361 641
602 833
434 719
55 157
628 705
97 399
560 609
278 932
192 421
368 455
174 245
508 583
520 547
262 360
175 661
90 611
676 942
36 333
32 137
466 631
612 812
496 890
560 847
957 963
140 739
254 769
257 409
150 588
603 720
249 562
16 544
910 977
246 477
368 958
204 383
47 710
565 773
487 875
219 457
355 793
211 797
394 455
256 492
39 51
660 845
83 880
281 495
216 399
133 220
420 904
238 915
187 911
429 710
69 623
444 810
398 835
338 640
780 908
348 553
204 517
888 974
464 858
473 988
284 620
44 705
378 867
589 987
348 847
538 664
740 949
157 879
230 367
486 965
182 450
183 959
439 465
689 798
600 890
53 719
546 720
380 574
98 488
345 770
606 647
410 538
84 629
197 946
716 870
552 735
422 763
318 734
177 654
501 929
266 460
105 188
214 270
699 894
590 975
78 361
190 359
172 790
