1000 4000
23 846
205 598
74 569
196 290
159 165
431 913
331 535
682 972
742 870
25 158
41 418
606 837
75 929
787 986
320 701
12 771
436 479
373 665
97 556
437 538
25 234
425 993
358 983
154 925
300 915
509 869
686 891
957 976
396 805
402 822
77 375
287 423
180 796
82 328
207 933
338 771
643 740
128 245
507 542
687 959
714 960
505 765
296 666
233 648
38 997
158 234
0 411
669 708
98 820
217 500
117 130
744 823
413 689
71 830
276 905
420 497
166 906
430 879
28 617
252 406
15 79
166 237
592 661
220 786
577 912
839 933
218 838
261 426
187 383
40 596
79 239
419 586
700 722
777 817
757 950
269 493
61 187
23 618
18 567
56 495
161 198
450 662
254 929
618 846
147 535
44 865
880 966
650 980
130 434
306 765
224 380
863 868
79 726
230 478
789 939
394 401
12 338
7 722
236 574
370 442
384 482
143 266
15 668
142 265
63 275
323 738
80 503
50 881
238 855
52 185
375 584
126 178
402 613
75 254
613 822
363 583
498 750
254 887
176 637
525 595
583 804
550 991
372 971
116 416
531 697
377 540
329 733
80 529
177 564
15 140
42 169
327 822
663 934
443 543
690 847
744 943
67 264
372 815
845 865
44 845
463 849
316 720
366 806
132 596
301 636
686 734
218 902
252 728
271 793
364 612
124 671
895 940
356 914
61 383
399 588
40 132
30 662
749 763
108 641
7 700
127 352
218 575
336 713
405 453
256 635
96 640
359 509
234 404
777 930
297 997
507 613
629 663
442 536
189 507
422 832
256 566
299 412
41 649
235 703
14 311
712 716
223 257
715 802
136 842
726 801
111 490
491 574
575 989
34 946
468 844
387 948
237 906
344 559
478 656
218 989
583 640
313 803
487 620
574 932
363 640
238 739
887 929
306 505
395 434
167 781
207 839
96 242
657 814
140 239
230 656
101 315
305 760
318 764
180 260
853 898
484 621
54 857
181 227
219 514
761 824
216 351
87 446
266 610
245 773
838 989
573 654
79 140
66 429
417 925
77 584
502 625
569 624
147 331
320 721
63 422
615 778
471 965
189 542
572 956
359 869
430 737
585 892
107 641
257 791
189 613
121 435
674 845
271 369
224 989
533 659
107 718
510 610
620 827
549 563
453 521
147 886
679 866
376 844
1 962
45 47
242 804
852 881
778 819
275 422
544 786
171 373
490 880
38 960
126 390
503 529
861 908
370 536
167 298
584 790
260 796
98 945
87 339
95 419
68 164
854 886
823 943
25 404
143 610
307 451
539 918
547 728
409 633
389 602
342 748
532 826
604 834
40 887
30 450
551 985
222 479
499 711
575 838
26 866
774 980
154 417
65 807
17 90
194 228
429 897
681 789
149 638
293 796
706 819
642 667
439 745
739 855
435 926
734 891
32 693
482 809
296 656
38 297
697 843
310 559
236 238
74 624
274 526
577 588
230 762
1 13
63 978
670 812
347 614
15 239
158 420
136 618
283 494
17 765
0 759
406 558
240 837
239 726
781 899
818 959
95 127
456 581
699 709
18 227
150 298
147 879
10 441
145 458
231 459
210 639
339 446
131 941
68 810
804 867
92 205
299 461
382 880
298 781
227 567
303 893
83 818
355 492
365 813
294 520
241 325
460 677
17 306
197 337
577 675
207 910
205 371
756 782
8 139
492 746
241 616
148 681
213 731
294 349
706 998
366 428
325 616
225 856
484 687
51 53
186 209
243 465
59 886
97 528
46 461
100 374
290 503
361 724
95 967
121 926
112 422
133 616
185 530
133 392
247 361
188 880
302 684
224 575
122 607
229 584
567 932
205 751
418 649
524 565
487 827
6 871
283 670
701 721
900 983
416 676
157 755
400 424
92 598
199 215
800 931
112 832
375 790
66 976
196 503
153 526
553 998
323 452
217 651
188 966
354 690
86 169
75 887
50 982
15 726
152 946
28 852
156 727
25 420
309 775
100 947
636 766
382 788
399 876
212 421
783 834
369 793
332 945
548 642
127 505
652 929
588 675
395 441
217 398
95 505
335 369
268 437
406 728
327 613
117 434
910 996
664 795
433 625
102 918
488 824
494 939
118 787
27 341
399 675
820 945
79 801
333 916
460 493
81 842
478 666
292 726
371 598
89 772
598 751
858 936
429 976
96 583
19 829
398 651
555 582
22 250
400 909
435 816
549 989
897 976
752 964
897 957
268 581
586 613
368 889
535 886
158 404
464 628
243 464
314 447
548 667
116 676
540 657
743 961
18 932
308 643
549 838
9 262
149 304
118 986
581 851
524 536
685 705
554 717
222 922
788 806
84 644
327 402
687 818
429 957
434 673
230 625
330 576
133 325
437 851
507 822
381 672
396 443
269 853
69 771
271 335
183 321
214 325
588 876
274 302
140 668
621 687
292 563
13 476
371 751
268 538
252 868
281 963
242 583
189 402
247 855
16 776
537 651
79 668
590 849
77 790
242 867
195 984
285 720
611 759
222 436
255 481
204 646
604 783
332 337
580 881
99 845
240 606
494 663
334 702
268 851
694 810
259 389
494 934
298 899
214 616
365 589
192 692
248 754
310 411
229 342
637 701
451 489
572 953
656 666
263 483
451 560
582 631
817 930
135 258
675 912
168 518
50 188
288 467
165 697
304 638
812 874
133 214
476 783
238 574
381 480
575 902
445 526
542 613
646 924
869 951
200 911
478 625
331 886
360 970
189 822
235 875
131 176
866 944
296 478
250 873
62 877
121 392
136 846
150 752
642 954
32 836
130 673
960 997
491 932
73 924
679 696
327 507
779 941
246 809
838 902
476 920
427 888
232 914
59 854
308 975
57 862
490 966
115 808
62 365
89 692
310 344
334 407
352 505
405 521
879 886
64 469
92 371
242 386
212 470
363 804
123 704
603 799
741 926
29 148
622 787
96 386
38 714
96 363
737 879
122 517
979 995
109 666
270 645
498 911
54 530
150 647
588 912
39 115
508 683
269 460
70 159
434 441
15 801
661 915
368 612
180 293
121 741
317 859
430 886
358 900
16 91
171 665
236 932
101 594
354 847
967 990
402 586
147 430
552 913
162 988
307 489
348 942
428 806
69 338
543 775
112 919
226 282
729 808
685 854
652 887
533 947
370 524
295 351
399 577
103 432
384 809
137 716
550 962
411 759
188 382
516 958
566 635
203 754
72 208
10 908
622 986
380 575
379 807
80 369
411 559
23 136
35 525
655 721
767 945
728 868
36 915
273 636
408 806
729 986
530 857
94 113
144 355
462 932
768 841
91 674
122 324
579 802
175 793
600 765
157 217
66 957
81 173
39 808
170 644
363 386
488 761
243 992
438 515
551 556
110 718
40 929
419 505
143 510
134 973
629 939
151 445
252 558
394 544
204 410
32 994
654 985
597 667
692 944
379 795
450 839
608 683
303 432
450 933
1 550
96 804
141 973
193 617
329 944
128 773
70 165
157 500
242 640
236 491
910 933
402 507
91 99
244 504
283 934
446 887
539 935
269 898
111 880
197 945
111 966
13 58
403 999
386 804
281 865
366 408
359 951
97 551
398 500
174 467
148 789
199 968
35 595
241 768
319 956
313 916
309 415
75 652
197 767
151 153
473 858
40 652
434 604
408 758
640 804
159 697
46 270
292 875
63 832
124 757
589 813
371 713
1 476
266 510
273 766
228 480
493 898
118 729
494 629
285 316
109 296
528 556
727 871
760 992
234 420
234 633
2 546
52 952
279 816
76 464
51 718
300 661
56 975
155 955
489 560
417 588
19 922
443 805
306 600
369 696
443 775
428 788
410 646
374 947
423 968
44 99
680 732
815 971
210 872
287 968
306 352
37 831
53 718
518 990
319 580
85 209
202 884
42 858
412 464
239 292
546 831
275 978
154 733
77 229
478 502
505 600
35 711
432 898
312 562
547 868
92 886
130 395
444 699
70 843
238 491
153 445
59 653
278 893
502 666
243 628
493 853
337 945
883 917
276 439
902 989
342 440
592 767
637 721
386 583
120 125
232 356
81 136
401 438
191 270
592 820
623 931
797 937
675 907
320 637
130 441
255 811
184 731
28 319
395 604
286 897
197 332
12 69
13 900
333 779
627 928
13 962
95 586
250 821
59 92
484 959
252 547
42 473
75 879
419 967
795 884
629 934
664 807
671 757
202 490
509 951
486 502
22 141
4 104
850 874
196 696
639 872
643 975
64 921
138 934
658 936
275 832
572 617
540 578
380 989
269 953
446 652
22 873
55 707
358 392
207 996
254 446
378 900
353 462
36 611
714 997
140 726
7 599
301 766
17 505
703 875
34 152
308 740
422 978
376 468
389 458
163 812
220 544
170 902
348 601
659 747
839 996
99 674
553 987
50 852
102 555
108 719
561 730
648 730
630 885
42 86
484 831
555 918
92 430
251 897
227 790
569 638
609 732
436 643
121 816
223 791
244 482
128 525
36 739
254 652
230 502
580 806
251 848
792 935
573 872
45 764
279 983
371 935
111 884
696 793
640 741
60 766
211 214
132 887
392 816
819 852
190 522
478 762
592 915
42 940
59 935
453 963
114 943
319 460
164 810
549 575
637 943
59 415
57 695
518 557
216 784
202 979
596 887
172 550
377 657
26 329
839 910
495 635
196 679
251 286
326 357
183 264
681 939
86 307
68 694
158 497
355 746
308 658
369 503
462 773
84 363
661 820
335 793
484 818
286 366
155 457
335 594
705 941
24 61
636 840
236 855
74 638
431 552
464 465
172 466
260 293
36 300
127 895
650 774
733 925
660 785
79 292
178 390
10 187
93 492
403 814
306 895
745 969
352 765
479 643
254 952
437 581
229 790
393 970
829 922
229 748
105 733
203 248
127 306
251 429
538 851
645 988
469 470
233 730
290 679
102 539
229 375
315 594
40 254
750 831
39 810
286 806
344 411
173 921
693 709
314 628
117 907
419 600
382 490
427 514
826 901
409 720
281 780
29 780
319 617
108 770
218 224
21 311
108 232
473 940
832 919
84 386
111 848
47 764
46 299
94 458
324 517
684 977
842 846
618 842
588 925
392 616
5 892
224 549
319 572
685 941
53 330
50 580
386 798
671 896
12 172
127 765
134 911
386 605
259 602
188 286
59 430
44 674
596 652
674 865
131 779
495 975
494 789
496 931
740 975
188 881
382 966
496 731
3 760
176 701
498 831
200 498
340 541
219 310
184 800
305 413
252 863
329 866
78 219
296 502
26 679
58 754
330 558
88 549
615 819
158 633
819 998
497 571
403 769
165 843
624 638
157 651
462 574
528 934
277 411
404 794
506 840
452 738
454 913
64 281
8 854
480 672
232 641
629 789
565 822
95 765
580 788
531 843
101 335
668 801
456 851
696 866
61 441
80 335
52 530
490 884
729 787
95 352
299 974
627 707
250 431
66 897
96 741
218 549
733 944
364 368
500 651
92 147
70 222
50 382
706 778
586 822
245 462
834 972
466 991
279 358
425 515
49 923
84 170
956 976
147 854
835 876
393 489
528 639
253 833
542 822
528 663
319 493
25 497
138 528
189 327
5 570
407 702
114 637
327 542
164 694
546 750
533 747
597 998
386 640
87 652
547 678
291 853
535 879
230 296
142 497
170 798
0 277
84 435
172 771
150 167
219 559
168 359
704 709
277 525
585 833
703 989
83 959
567 790
617 852
93 144
247 526
419 765
290 696
442 524
163 670
476 962
33 116
586 967
242 363
188 580
237 761
2 831
462 491
295 387
261 418
62 364
262 437
723 959
637 744
239 668
239 801
699 947
129 144
656 762
264 457
268 730
76 628
128 564
533 709
310 514
264 955
40 75
59 685
100 123
344 378
87 705
246 482
401 609
881 982
279 435
125 707
327 370
225 648
668 726
279 926
107 108
117 441
88 380
854 879
168 967
536 586
272 647
289 661
230 666
382 428
606 626
85 352
301 678
36 361
685 779
277 378
142 736
621 959
274 964
682 834
265 420
590 707
813 930
483 689
99 865
46 191
19 70
23 842
454 984
428 979
106 889
600 940
43 231
117 673
155 210
240 321
956 957
404 420
1 172
92 535
486 618
538 581
709 947
283 812
213 867
641 718
0 310
226 354
302 964
553 677
127 168
515 993
245 525
167 899
136 486
123 947
174 328
470 921
701 744
594 671
352 860
415 430
6 727
83 510
496 623
402 524
160 769
366 788
199 287
224 838
448 916
405 762
92 935
84 96
66 291
43 459
16 891
611 739
121 640
719 914
502 656
402 565
422 919
563 726
236 739
545 975
84 640
187 441
473 600
56 936
879 929
352 895
381 621
370 822
225 233
532 981
224 644
191 293
563 875
96 345
189 586
322 334
599 722
302 977
524 822
31 491
56 635
623 873
446 929
182 282
166 824
240 626
84 345
85 186
415 685
402 536
382 806
244 384
631 864
300 361
195 821
317 624
69 499
465 937
431 454
45 318
157 398
343 764
392 983
54 185
419 613
267 585
705 779
265 497
55 501
297 960
440 684
112 275
386 867
406 868
3 314
203 626
933 996
121 133
80 290
553 706
285 520
611 631
172 991
483 527
93 984
28 572
741 773
291 303
194 221
246 784
163 758
283 663
247 724
202 591
88 794
583 867
156 904
559 920
780 963
380 644
208 993
778 852
92 331
275 919
81 570
181 790
599 700
98 767
80 196
320 655
233 259
438 993
74 194
171 511
233 581
377 578
25 633
183 841
181 832
327 565
304 624
10 61
345 798
728 863
169 307
237 824
55 849
357 698
159 843
463 655
124 950
458 648
167 647
11 385
336 371
425 438
397 883
77 342
262 517
783 920
139 331
426 828
6 554
286 880
428 490
300 592
67 626
634 888
457 772
142 420
560 895
539 792
320 744
474 506
58 203
272 298
589 616
165 479
876 925
547 763
271 665
722 921
471 472
8 779
574 855
670 758
8 333
430 854
211 698
55 511
94 225
662 839
224 321
73 677
243 760
819 881
567 574
266 959
399 925
579 729
156 871
204 924
396 543
207 303
395 673
700 921
128 177
66 893
309 443
262 851
172 499
165 531
793 928
161 219
691 853
750 911
98 592
459 555
361 915
185 857
470 585
149 569
471 985
113 458
580 852
676 814
51 356
315 961
678 942
358 378
0 559
271 373
663 939
179 385
472 965
168 557
285 409
306 940
603 938
507 586
88 224
27 477
597 642
399 912
53 107
672 927
504 724
53 576
135 350
767 991
159 479
439 949
412 974
94 648
625 656
58 834
83 687
71 850
396 792
433 502
291 976
504 915
140 801
549 703
402 542
99 449
533 950
229 440
269 319
653 792
208 425
889 930
444 475
467 762
137 455
501 849
106 620
28 881
100 799
300 752
298 647
403 657
350 899
127 419
119 216
17 600
93 355
596 929
509 919
439 969
547 749
358 525
869 919
3 992
235 549
635 971
301 547
12 466
757 947
817 889
288 656
454 723
548 597
698 805
95 168
23 708
11 772
545 740
240 816
756 958
578 657
46 974
521 963
106 354
589 920
626 837
49 971
303 933
397 521
62 368
536 822
441 908
187 907
200 723
528 562
253 267
432 893
292 801
670 874
519 650
133 241
332 767
349 882
641 770
279 837
513 876
413 760
60 348
139 535
235 989
596 873
281 845
65 261
397 902
335 503
510 818
128 595
74 149
98 332
625 762
459 864
167 272
44 281
250 913
767 820
36 855
139 873
130 604
52 254
653 935
313 448
708 846
154 588
70 697
383 907
28 193
310 877
36 247
624 782
412 461
457 692
92 879
26 696
67 772
605 721
107 110
245 595
576 863
42 936
816 837
379 664
117 383
521 780
543 805
336 862
713 862
307 560
757 896
803 916
56 971
26 407
233 538
382 580
267 892
84 926
124 594
247 964
165 740
207 450
661 767
183 768
435 644
266 723
97 138
491 855
49 785
461 974
463 590
392 435
28 819
65 379
396 698
55 590
75 430
176 320
150 272
406 547
152 797
476 900
48 608
479 740
675 876
19 520
705 854
194 569
166 761
370 402
344 920
447 996
198 219
102 862
123 709
88 563
679 944
573 985
137 571
159 740
783 962
338 347
649 973
467 656
615 632
19 878
505 895
18 181
439 905
429 893
671 950
798 883
59 792
402 419
595 890
311 970
333 448
260 683
67 955
504 661
455 903
598 713
205 713
420 571
195 367
592 945
170 575
778 998
430 535
655 744
18 574
431 873
470 722
81 618
415 737
200 750
354 523
736 871
625 666
505 586
260 508
710 812
268 530
454 552
178 711
247 274
379 884
482 774
255 753
159 222
133 211
687 723
161 514
90 765
91 845
84 798
301 868
401 544
175 696
424 909
309 512
436 740
59 879
200 973
435 741
321 380
112 431
388 830
1 991
71 388
608 731
139 623
378 920
284 840
586 600
273 795
399 513
597 706
662 933
295 948
463 501
404 633
238 247
276 826
721 744
31 35
51 280
214 589
415 854
163 874
47 318
548 706
494 758
720 999
150 899
244 809
725 978
98 661
795 807
57 336
117 682
78 395
465 992
117 187
494 670
27 954
117 395
9 510
123 603
604 682
127 967
14 566
121 279
13 783
331 879
55 125
159 531
41 261
414 890
273 840
85 168
227 832
92 751
181 567
501 529
20 89
647 752
349 520
734 736
37 546
466 771
591 880
394 438
467 478
216 295
350 977
97 639
178 595
2 132
58 783
737 751
62 612
860 951
75 446
59 147
417 577
457 955
214 241
473 936
176 721
887 952
632 954
276 901
736 875
150 781
286 966
128 462
654 872
44 688
621 818
652 800
70 878
109 967
341 477
312 703
303 853
234 409
263 413
302 526
283 874
634 774
31 595
116 814
235 563
279 392
300 504
487 943
185 952
27 642
470 833
323 534
264 772
598 725
568 894
261 664
608 681
370 613
499 983
816 926
291 893
273 301
345 386
278 432
947 950
95 306
309 543
408 428
405 433
324 607
290 529
515 776
536 613
234 497
267 570
262 538
333 653
28 956
748 844
168 990
247 739
146 477
769 999
322 407
49 372
230 467
153 274
170 397
405 963
169 940
125 627
530 737
533 699
618 963
243 314
276 949
617 953
250 454
503 696
658 858
532 901
5 267
617 956
601 619
693 836
283 939
406 678
184 931
468 968
417 876
52 75
560 940
233 268
51 110
160 902
535 854
112 913
131 637
378 983
327 524
170 218
243 305
63 112
873 931
212 812
97 663
630 651
651 755
196 369
206 601
205 430
259 648
82 414
139 333
165 222
225 362
399 417
177 245
175 271
92 737
225 538
97 934
232 901
33 894
135 899
415 792
478 542
21 785
339 512
358 595
392 900
4 511
77 567
548 954
165 643
51 914
316 390
178 890
283 758
936 971
398 537
579 715
353 773
605 867
274 752
231 555
314 992
75 854
443 792
14 86
94 233
711 983
304 569
643 815
885 918
893 897
64 470
230 405
678 763
449 734
177 653
90 110
271 696
557 791
26 944
146 892
185 309
319 852
325 768
359 860
154 329
303 898
541 604
594 961
224 703
87 254
9 851
622 910
329 925
263 689
413 483
962 991
678 728
155 183
547 863
74 859
777 889
52 415
24 340
563 838
571 716
89 457
353 890
394 609
188 490
127 860
78 198
199 587
328 414
540 814
249 742
289 820
836 994
432 853
380 549
378 392
148 939
20 692
65 664
55 823
72 578
347 771
422 725
621 927
518 593
348 766
108 914
135 150
252 678
576 868
569 782
8 705
463 823
35 277
484 927
173 708
788 995
85 127
168 352
188 982
85 359
563 736
82 922
493 953
321 816
361 526
238 932
293 848
604 972
529 654
636 678
205 737
794 801
658 975
83 517
953 956
196 529
172 711
299 464
28 580
322 702
245 564
518 967
218 380
286 580
50 880
217 630
779 854
28 778
221 228
600 895
235 838
769 838
605 804
159 643
477 906
209 753
655 701
693 704
249 464
486 625
595 711
199 423
189 967
184 796
604 673
151 695
48 683
134 859
249 870
214 827
519 537
351 387
18 790
382 591
96 867
72 894
111 202
60 253
382 881
281 453
342 584
319 881
408 788
62 559
591 966
605 655
797 992
81 846
838 999
149 770
501 654
104 714
69 711
431 821
254 339
139 147
563 703
45 523
331 854
478 507
546 988
383 441
440 748
19 222
720 794
297 714
365 920
9 83
652 873
318 802
495 971
907 912
563 989
949 969
574 739
457 841
576 811
139 854
8 652
114 176
169 970
430 598
788 979
130 682
326 918
35 358
292 549
369 529
156 903
411 514
162 645
179 813
653 779
250 623
154 399
259 581
436 815
90 306
765 895
428 880
309 857
556 663
415 879
588 907
233 458
95 600
378 476
62 813
253 585
277 759
601 942
201 829
612 889
316 794
219 411
10 130
360 393
375 567
374 699
860 895
53 811
325 392
240 279
266 818
53 914
224 902
87 800
149 719
124 947
331 448
578 894
269 572
615 706
466 550
184 496
40 446
55 463
435 640
239 717
178 279
106 827
274 445
417 912
641 914
4 343
446 800
259 458
45 946
490 591
659 709
115 810
404 409
132 652
105 154
457 944
24 541
303 839
547 828
195 454
235 449
308 436
87 887
491 567
684 790
128 574
151 526
130 907
107 232
184 213
3 305
58 476
109 478
103 278
271 594
264 321
301 749
106 226
109 990
776 903
864 877
954 995
335 529
127 940
205 725
481 753
366 382
108 149
569 859
415 857
493 677
53 641
70 479
449 769
366 508
385 417
368 877
788 880
71 710
286 490
2 750
10 117
9 517
370 565
18 236
217 755
226 817
419 536
87 929
139 886
155 264
892 921
296 625
818 831
558 728
452 885
285 294
591 884
285 794
463 556
247 445
475 691
16 515
52 309
109 656
155 192
179 589
3 694
144 492
382 995
853 953
552 723
201 923
469 688
701 943
358 711
326 396
473 658
272 752
0 344
448 932
624 859
270 461
82 174
227 375
10 383
36 724
710 830
372 936
332 991
665 793
530 730
176 941
283 629
31 890
61 117
115 694
123 533
227 932
198 514
74 304
146 341
306 419
76 412
36 238
485 687
298 752
586 765
613 967
276 532
676 762
290 369
103 303
18 448
557 990
132 929
641 719
42 895
821 919
23 81
404 497
372 975
11 264
31 525
796 974
121 363
507 967
118 123
485 621
629 681
318 715
693 747
251 957
165 436
94 145
33 416
185 415
89 944
232 719
858 940
202 880
230 433
138 663
163 421
331 430
382 979
169 858
286 508
750 988
598 737
128 491
178 926
35 172
104 960
405 625
84 121
346 675
349 414
505 940
35 499
529 896
595 773
149 624
114 363
829 878
1 900
114 744
361 855
326 443
288 397
709 747
286 382
533 757
491 739
685 886
173 963
276 969
726 794
265 769
677 987
392 926
361 504
473 895
84 583
24 441
479 922
233 437
130 908
189 419
344 877
123 799
80 271
50 819
236 567
215 424
184 260
106 690
199 424
56 372
745 949
278 303
0 514
128 277
378 559
618 708
211 325
69 172
421 548
102 582
416 433
873 913
109 542
406 863
8 886
770 981
279 606
226 889
50 966
75 596
367 492
575 644
545 643
348 678
137 712
410 939
145 389
51 107
10 861
606 816
185 730
292 736
287 587
559 877
721 867
57 630
169 473
482 980
854 929
114 325
131 211
259 456
150 258
93 221
163 548
289 592
582 634
336 598
365 877
419 473
75 952
685 792
36 759
514 559
307 393
653 886
504 592
126 279
80 501
254 596
192 457
74 782
763 942
124 896
188 788
149 981
111 286
900 920
271 928
418 426
378 411
452 775
377 894
631 759
421 995
692 772
678 766
215 968
409 999
429 742
126 926
10 395
75 147
710 874
305 992
380 435
580 819
638 719
389 648
327 536
270 988
593 970
901 949
321 644
245 574
652 854
172 338
415 886
487 637
408 677
159 436
142 769
188 806
484 498
3 628
205 336
35 983
468 748
70 922
175 335
519 630
749 828
319 953
147 737
15 292
721 943
449 891
236 462
268 456
274 350
421 470
310 759
442 586
23 669
254 879
16 686
178 358
328 922
424 977
655 823
396 941
427 631
365 559
246 980
430 929
142 563
532 905
556 934
342 375
627 841
911 973
114 487
612 817
848 966
384 774
0 611
24 383
249 412
184 608
455 522
663 789
326 792
305 689
826 981
283 789
497 801
474 833
336 751
326 805
249 447
380 838
10 434
100 622
5 585
64 173
173 669
203 606
39 729
114 583
415 935
640 926
20 192
170 345
710 850
542 967
335 696
541 834
537 885
832 978
339 705
266 552
70 829
304 782
59 535
426 664
363 435
60 601
644 989
378 525
163 710
692 733
370 586
112 331
301 840
318 579
437 456
522 716
269 291
68 802
73 472
30 933
486 963
734 903
60 619
171 594
653 685
293 974
346 907
24 187
525 983
459 582
236 448
437 510
341 954
469 670
536 565
729 802
119 784
826 905
791 803
134 200
160 218
101 961
731 867
852 982
555 631
9 437
16 438
703 838
160 453
176 943
105 329
469 921
253 979
821 913
73 646
410 683
514 631
7 921
179 673
283 688
64 688
715 729
308 479
404 801
29 883
521 917
52 737
274 361
192 944
7 830
538 648
50 788
495 545
29 469
423 587
265 571
357 864
130 187
74 317
64 780
213 496
934 939
14 635
117 604
673 861
67 183
244 724
929 952
551 654
905 969
134 649
519 980
937 992
737 857
656 917
449 686
834 962
222 829
141 649
576 840
88 989
11 67
147 205
133 816
291 493
289 504
130 383
606 900
549 875
505 967
498 546
806 880
361 752
688 934
577 876
241 816
242 345
140 717
669 846
776 891
121 358
296 917
88 575
235 312
369 707
154 876
637 823
699 747
632 819
429 870
101 175
147 598
317 569
22 454
85 95
128 236
360 593
71 812
725 832
463 744
542 586
273 506
377 568
875 904
585 921
14 256
204 655
67 457
160 449
138 556
357 918
721 804
377 814
525 773
320 943
256 495
29 681
823 849
632 778
713 751
581 730
693 994
470 892
563 801
62 219
117 908
453 865
752 915
59 331
75 87
175 407
193 953
1 783
102 935
542 990
202 428
612 930
160 838
442 822
610 818
448 653
691 898
652 931
659 947
407 835
701 823
321 768
852 956
112 313
918 935
52 929
384 724
514 759
65 426
166 477
327 586
58 962
432 493
175 369
158 265
18 832
92 713
132 254
117 972
540 633
737 886
176 487
180 184
561 602
286 428
38 104
524 613
825 860
76 299
538 730
337 767
139 652
535 598
145 648
577 925
612 813
556 639
339 887
175 702
76 243
37 818
563 794
100 124
14 21
421 979
643 658
833 979
80 696
4 823
173 281
421 833
245 491
734 769
773 916
765 940
338 466
185 737
30 836
261 828
8 213
893 976
263 305
577 907
84 741
444 747
434 682
419 822
202 382
471 551
0 219
850 965
787 799
85 505
837 900
590 943
172 962
170 224
63 725
812 850
510 959
333 854
109 507
62 310
558 868
300 647
30 839
83 122
67 240
373 793
63 919
332 820
360 400
79 563
168 509
695 862
78 340
463 551
871 903
251 870
366 490
467 542
758 939
724 915
361 964
313 333
46 412
327 625
18 77
447 992
802 810
218 235
233 389
127 600
366 580
358 499
91 891
115 729
107 330
581 648
382 982
345 741
500 755
94 856
178 983
667 954
444 691
83 621
83 484
273 884
768 816
77 227
205 535
16 735
170 989
528 629
258 647
538 856
412 465
701 714
460 898
277 344
402 442
434 834
460 553
310 864
177 698
88 240
653 854
60 273
368 817
217 537
422 913
329 692
138 283
18 375
715 797
145 527
88 316
13 920
373 594
140 292
17 352
813 889
59 737
326 452
281 521
661 945
1 58
321 703
570 842
462 567
160 403
120 928
148 629
740 815
114 721
86 451
130 861
792 805
282 817
711 890
344 365
687 831
539 885
319 976
312 639
788 881
433 486
176 804
96 121
344 589
655 849
120 665
158 409
22 973
241 589
582 864
286 957
733 866
537 630
65 645
609 674
73 460
522 712
335 671
363 605
291 957
310 631
616 816
476 834
799 938
12 347
284 330
241 392
556 849
143 552
638 859
501 985
753 811
394 786
37 484
249 628
196 335
320 823
163 408
330 718
265 736
803 919
520 829
69 349
37 927
61 130
372 643
555 885
534 738
363 867
212 710
3 243
212 670
120 627
26 733
251 966
830 850
14 970
343 523
304 770
289 295
441 861
482 634
53 356
189 990
221 492
410 508
279 380
523 764
558 576
214 392
333 886
234 794
147 929
118 622
202 273
694 992
223 753
409 794
521 883
419 507
97 985
201 740
75 886
417 733
332 550
143 959
40 873
688 845
138 471
597 615
460 953
14 971
595 983
23 486
150 964
95 895
507 666
766 840
205 879
486 917
678 749
442 613
536 600
571 712
855 964
686 769
706 788
336 695
266 687
351 784
327 442
58 606
215 587
138 874
316 999
86 566
312 528
145 689
758 874
125 943
731 931
352 359
501 896
316 409
16 99
71 688
655 943
548 998
8 931
48 681
218 703
376 593
246 384
116 680
780 865
64 865
371 737
145 483
824 906
486 846
78 161
74 221
183 457
455 716
111 382
286 429
880 884
446 952
837 983
180 974
366 880
392 741
436 658
363 741
233 456
129 485
27 166
75 737
565 613
170 380
274 684
542 666
375 557
693 699
339 952
494 556
775 857
92 653
58 900
154 577
112 535
246 774
268 648
284 558
111 188
42 307
13 983
436 922
10 907
583 605
174 542
493 572
94 527
278 897
118 704
331 598
971 975
884 966
47 343
82 748
612 777
276 745
472 874
104 343
664 884
427 634
261 807
381 484
78 783
180 870
98 197
171 271
138 494
319 677
229 684
496 608
133 378
561 648
63 181
621 672
444 709
644 902
54 730
110 232
78 559
269 956
191 974
575 999
169 451
227 584
499 771
433 762
160 521
414 614
374 757
431 535
696 928
381 927
264 626
277 564
8 685
792 918
113 259
815 975
92 854
495 936
782 958
291 956
207 893
205 935
891 993
320 714
135 298
239 563
132 723
57 713
269 677
453 780
168 593
778 881
77 557
556 985
274 977
240 380
197 991
137 686
44 64
578 716
28 998
264 841
399 907
376 518
52 857
422 431
11 626
521 762
169 936
420 801
302 350
313 919
20 955
345 640
85 509
18 462
95 990
142 571
493 956
137 734
54 309
319 957
327 676
758 812
24 395
411 611
194 480
593 860
173 618
291 898
780 883
35 466
131 804
490 979
701 960
610 959
150 274
690 805
448 574
872 985
277 595
119 244
503 679
302 440
485 959
460 617
461 546
365 612
455 993
97 494
111 251
159 829
816 983
205 331
434 908
632 982
364 365
448 535
598 879
611 915
735 776
651 885
23 963
25 409
358 816
230 288
780 917
700 892
596 723
76 305
441 604
181 422
334 835
395 783
202 995
453 762
470 700
130 972
22 596
22 623
118 579
808 986
125 590
11 841
144 485
479 815
481 506
424 684
49 815
176 744
194 516
525 711
89 192
876 907
243 447
62 344
326 690
197 592
360 468
320 960
161 427
279 900
617 819
169 895
218 999
645 750
315 335
512 937
36 964
326 847
144 984
235 292
425 455
111 379
245 741
805 941
591 982
434 783
936 975
282 523
88 726
236 245
562 934
441 673
89 733
339 652
2 461
281 674
123 787
456 538
297 910
865 963
327 478
300 724
262 456
637 804
430 751
292 703
896 950
759 767
139 931
225 437
640 867
48 379
509 821
326 539
707 849
352 940
160 865
251 976
347 890
120 930
615 998
490 848
205 886
517 607
160 397
809 980
440 790
212 585
137 903
761 906
465 628
907 908
434 861
59 371
722 892
452 534
557 803
39 694
528 551
156 776
371 430
433 478
163 212
636 868
417 772
476 559
105 925
141 200
469 833
288 478
659 693
646 758
591 995
222 643
174 288
609 680
590 823
360 424
16 734
104 997
56 658
901 905
372 495
188 251
2 37
13 550
241 841
583 741
126 890
668 794
644 926
98 337
102 357
126 711
384 980
257 803
580 956
881 956
875 955
309 792
226 523
820 948
600 858
31 964
357 792
658 815
212 833
64 845
96 926
75 415
617 881
112 821
605 798
309 685
18 491
192 955
261 649
587 968
232 718
148 474
415 775
61 907
58 248
673 813
711 771
240 264
719 863
301 763
79 794
61 434
236 564
546 645
551 849
331 333
8 623
181 375
14 169
13 172
78 604
171 182
369 928
251 742
80 707
371 539
189 436
722 830
97 463
621 831
57 519
230 521
100 699
90 505
184 683
100 709
138 551
220 599
213 931
808 910
642 706
556 629
905 949
582 611
129 984
11 457
510 538
275 869
342 790
689 760
339 929
53 255
29 789
579 810
177 211
84 242
54 775
352 419
101 271
548 710
81 708
549 902
706 954
89 955
644 798
331 431
652 879
239 554
567 584
41 426
420 633
67 321
207 662
549 794
193 572
33 680
376 748
5 173
29 629
616 768
401 732
727 904
617 778
481 486
0 378
859 911
139 916
139 313
767 915
500 630
224 563
247 752
83 266
293 870
197 820
291 429
458 602
618 669
572 852
283 469
380 816
2 498
490 788
86 858
20 717
219 427
62 78
598 886
115 910
628 992
580 880
541 783
118 808
242 741
182 373
113 233
846 963
111 428
553 819
855 932
526 964
828 868
52 54
606 983
45 152
378 616
509 791
100 533
424 968
126 316
98 289
110 356
209 791
673 783
218 644
987 998
75 132
785 923
77 440
2 200
289 647
131 705
397 656
524 586
358 926
831 959
207 622
46 645
302 752
5 921
490 806
133 435
345 926
539 555
114 590
252 301
231 582
8 331
312 989
788 819
286 788
60 267
127 586
501 551
196 866
363 644
235 736
521 865
550 767
329 679
28 953
721 823
66 303
48 508
288 296
633 657
92 448
473 586
43 582
97 629
373 511
288 762
173 842
62 589
330 406
678 868
217 885
447 628
124 511
185 268
175 315
135 781
380 926
13 834
218 769
327 416
243 937
397 798
380 902
815 936
188 897
56 256
43 864
481 811
744 849
22 200
221 569
622 729
108 718
430 935
321 435
966 982
176 583
41 973
58 972
15 794
100 603
62 889
448 803
83 610
25 265
469 780
82 990
107 914
271 503
723 818
209 223
314 464
243 249
502 762
368 930
55 80
734 776
359 557
448 462
669 963
179 241
462 803
211 827
598 935
535 913
706 852
777 813
28 460
290 335
169 560
13 378
141 931
305 628
124 374
106 847
372 658
831 927
609 845
183 955
421 642
499 900
496 800
188 957
86 936
103 204
121 583
9 143
465 797
534 602
397 917
159 878
874 965
507 990
7 470
181 584
90 280
166 341
347 466
61 395
572 976
141 873
49 660
115 996
119 351
886 935
558 863
562 663
395 834
212 469
821 869
113 648
231 885
215 360
187 434
748 968
91 438
234 265
52 430
314 694
312 644
460 853
142 801
286 976
79 88
78 514
136 173
686 993
191 848
454 821
437 730
95 613
249 465
203 837
125 487
97 849
325 827
365 673
142 158
396 685
736 769
718 914
303 450
549 999
219 344
182 665
11 179
297 996
86 311
198 340
8 147
114 823
301 728
123 659
103 893
647 781
85 765
321 989
5 81
216 246
325 816
492 984
51 811
357 396
8 535
110 641
28 706
325 589
636 795
95 473
186 356
301 863
356 718
612 861
580 706
772 944
214 344
121 983
32 704
366 758
35 890
511 823
491 964
75 339
421 812
347 414
56 545
114 804
449 736
886 929
44 91
121 325
877 889
514 864
70 436
59 779
47 523
553 597
370 507
607 856
178 499
766 942
77 932
66 742
397 762
66 251
880 982
302 445
135 274
54 561
313 331
827 889
645 973
580 617
93 195
597 778
154 772
224 235
47 152
688 865
323 775
340 395
713 935
300 964
353 595
243 412
176 211
255 506
529 573
125 823
460 580
106 282
560 860
377 843
13 499
438 544
89 154
