1000 10000
579 949
56 655
557 755
53 342
800 813
322 607
28 900
165 255
416 956
106 414
222 562
265 689
109 657
181 337
494 511
735 832
9 918
519 568
261 467
15 46
87 222
850 878
108 841
582 801
319 477
527 623
31 573
500 641
754 943
331 779
76 895
149 637
298 780
112 346
501 771
348 799
369 983
352 747
962 963
27 764
670 933
311 507
152 752
715 726
242 927
71 600
127 358
488 512
588 748
207 712
701 747
231 331
50 647
18 555
678 906
27 360
248 765
740 988
317 945
72 608
411 770
324 471
47 342
14 660
781 894
173 375
545 548
398 996
179 687
286 822
531 579
140 368
613 782
362 535
648 863
124 208
275 439
619 898
379 908
604 740
17 986
82 250
126 247
382 905
39 636
12 766
275 987
631 657
17 423
56 425
232 491
878 879
474 558
369 740
168 450
415 979
586 877
527 829
205 775
369 604
531 949
443 551
230 974
472 925
760 902
222 681
561 908
850 879
94 175
439 987
344 960
121 940
526 813
87 562
138 304
544 660
875 946
213 941
410 693
812 825
2 510
425 655
47 53
563 960
381 825
139 530
329 417
248 396
727 735
239 242
253 478
40 230
211 231
505 706
286 603
521 952
405 580
663 769
263 653
309 835
288 912
716 957
443 779
526 800
36 594
114 826
577 867
452 610
624 875
358 874
774 775
123 543
163 619
313 687
292 550
816 967
191 706
624 946
562 681
604 988
183 601
408 911
658 908
94 952
280 512
20 233
520 654
212 243
742 989
332 882
418 809
132 488
52 584
40 893
945 958
280 421
344 563
468 566
309 423
842 850
303 895
61 293
352 424
617 905
329 569
260 525
174 248
605 725
150 634
7 520
121 474
673 733
374 554
135 968
175 521
356 469
259 416
206 618
256 260
725 962
333 953
519 831
851 966
424 467
74 790
718 741
720 768
91 737
145 778
443 809
315 967
423 986
238 871
697 781
163 898
387 682
52 98
171 273
338 702
148 652
603 822
319 872
158 605
422 818
121 524
551 809
81 831
283 597
632 819
842 879
474 940
132 858
330 446
194 711
433 785
239 508
54 165
559 887
60 229
105 112
172 653
654 669
4 746
274 643
40 974
352 701
360 852
738 759
338 586
431 784
483 707
702 947
310 349
103 421
596 760
700 874
423 438
346 461
153 620
105 461
379 561
268 825
14 544
284 640
182 197
333 969
426 642
763 978
38 765
245 337
397 849
412 466
204 546
328 354
714 950
331 443
166 794
17 438
186 654
568 831
58 446
542 808
524 917
382 400
78 961
106 995
84 503
261 747
162 858
99 176
61 63
396 765
223 716
493 556
241 869
699 723
360 764
33 919
633 866
604 983
50 716
234 780
226 271
692 890
278 437
259 956
94 521
69 268
220 930
459 903
189 588
316 921
93 980
599 613
822 962
108 873
615 772
645 972
286 962
350 931
407 482
740 983
563 630
212 874
268 881
850 921
953 969
732 902
253 477
366 452
499 529
239 927
704 830
4 602
192 707
179 313
512 858
230 893
206 689
37 120
453 479
174 744
136 314
25 910
565 796
262 741
373 607
45 554
344 630
316 956
65 77
296 543
717 721
87 681
19 284
475 824
575 846
179 628
587 731
132 162
268 381
205 885
365 496
842 878
90 738
232 385
231 779
679 934
92 240
398 899
452 663
171 840
714 785
176 595
211 331
424 894
165 828
109 631
44 727
83 900
234 298
558 693
189 748
198 723
118 638
487 884
628 687
567 674
536 729
170 759
546 977
128 584
581 958
558 940
488 858
97 236
25 936
42 171
251 667
603 962
214 789
263 380
62 783
191 505
315 816
601 622
414 995
291 880
418 443
115 499
574 788
520 669
677 944
112 461
157 884
420 489
418 551
725 963
53 209
204 518
402 787
300 862
295 460
635 746
467 747
6 368
32 421
660 921
455 539
435 861
533 596
264 381
663 667
172 836
127 874
218 447
253 997
336 632
725 822
282 870
273 840
207 292
139 244
31 749
623 829
209 342
151 313
73 514
264 837
369 988
364 497
117 761
210 937
466 999
299 668
146 391
205 774
329 455
44 735
347 584
220 337
224 918
644 916
743 816
184 621
727 832
335 902
775 885
176 734
792 955
134 162
424 747
324 691
352 467
707 728
474 693
213 853
54 255
532 668
21 110
524 940
862 992
639 809
52 128
175 952
280 488
236 257
139 536
444 699
538 684
11 943
839 930
456 540
44 832
151 339
71 468
52 347
794 973
356 518
290 984
180 974
226 565
785 873
235 391
37 262
47 490
53 853
86 889
627 907
184 274
834 898
389 396
417 539
66 293
21 51
100 688
568 801
220 245
121 558
39 333
244 530
17 309
227 302
418 686
243 874
105 346
261 352
434 728
207 550
444 723
893 974
136 538
781 856
343 634
36 427
339 543
476 733
357 440
455 757
111 878
459 889
42 840
261 424
27 852
192 728
413 923
115 529
335 596
24 436
162 488
608 778
132 512
406 892
505 703
477 478
596 902
30 480
40 361
85 925
81 519
465 696
417 455
48 786
662 952
528 784
585 950
833 965
172 263
99 595
191 703
280 858
69 825
119 711
351 384
95 532
233 469
243 726
431 448
285 606
670 939
377 907
135 148
394 610
477 997
486 589
123 296
338 435
98 584
255 828
120 262
212 358
241 652
382 617
97 745
572 883
551 779
178 528
342 853
7 120
84 150
805 864
910 936
383 550
251 769
35 57
517 647
614 964
32 280
500 787
366 663
286 963
148 968
595 734
17 591
647 716
317 958
366 610
224 646
312 951
697 894
395 843
119 555
81 323
265 898
379 658
435 702
582 599
438 986
217 936
179 611
278 343
24 595
121 917
384 930
130 803
627 696
597 767
514 562
848 892
47 359
76 303
115 546
411 566
892 980
94 662
222 514
160 626
278 634
195 955
338 861
86 459
237 586
223 957
127 288
617 645
643 650
300 549
363 523
638 983
218 618
346 855
181 245
28 83
677 796
51 648
200 835
564 859
227 512
174 765
348 975
120 520
166 973
169 395
322 373
115 362
75 317
316 416
570 870
215 495
380 646
72 504
591 986
61 913
528 644
313 611
203 394
381 812
70 685
22 470
83 385
237 861
461 855
91 395
678 793
542 678
667 769
276 779
466 799
33 323
138 143
151 509
266 809
249 390
711 849
118 250
477 872
292 712
318 960
214 730
258 695
7 654
256 525
879 921
88 353
120 654
404 768
302 488
338 947
616 723
8 51
240 625
739 889
162 512
20 41
539 745
517 957
352 894
302 512
75 945
92 625
332 679
316 850
163 265
577 713
521 765
617 972
180 399
822 963
144 263
264 292
797 867
312 624
206 265
497 797
221 998
67 253
650 661
321 692
270 762
145 954
198 751
202 400
418 664
235 590
78 388
250 638
730 971
122 944
18 485
244 970
620 820
647 957
252 942
122 876
751 987
169 843
290 743
518 546
13 534
410 591
447 618
954 964
842 921
573 868
223 754
158 510
146 289
439 751
79 691
186 669
113 574
196 282
535 847
781 904
408 802
2 855
403 531
192 483
400 905
98 347
307 516
664 686
95 770
565 876
15 836
174 396
151 179
423 835
54 101
360 517
879 959
335 760
700 777
192 763
933 939
276 443
223 802
238 413
544 921
389 437
342 359
84 634
126 749
633 688
417 569
67 478
746 774
198 444
305 494
764 852
616 699
578 677
231 443
37 186
123 508
451 625
318 563
448 870
283 749
737 868
122 677
301 499
799 975
203 390
435 947
406 681
334 560
447 894
691 696
186 880
886 942
211 662
590 614
234 764
211 639
50 957
10 698
599 801
39 797
335 732
323 919
356 560
74 169
79 888
276 331
407 753
26 317
313 509
163 689
367 609
296 339
558 848
379 382
82 638
665 909
621 625
758 887
630 845
38 521
91 868
145 608
517 716
35 646
878 921
308 778
516 672
399 974
96 855
123 239
32 541
127 212
212 670
645 905
14 794
209 359
729 970
615 924
142 568
91 348
860 872
416 536
583 601
212 726
605 644
203 610
299 463
167 354
183 622
87 514
211 779
217 911
68 432
492 556
256 665
243 715
1 179
433 485
363 694
433 714
276 409
87 101
261 701
421 858
841 873
555 711
434 707
115 204
802 957
158 725
696 888
281 733
395 737
583 890
198 439
307 915
184 650
382 645
437 634
802 911
60 530
542 793
67 477
157 487
46 159
264 825
124 321
37 654
31 572
0 287
811 866
788 924
385 491
350 947
249 769
150 343
82 291
102 124
630 960
4 587
71 566
551 686
689 898
151 687
84 105
362 847
50 517
266 443
46 420
27 517
80 646
14 973
613 851
253 319
235 614
686 809
266 639
164 961
324 465
340 597
169 790
367 926
697 904
561 658
305 616
128 347
237 877
84 112
704 748
178 784
144 653
814 892
378 949
171 373
426 705
336 819
630 798
510 822
305 321
791 902
864 888
211 443
379 905
547 917
110 674
1 611
186 291
283 883
158 644
9 224
127 243
903 931
656 871
187 629
468 600
33 370
255 865
730 891
540 820
38 248
458 507
592 852
264 812
214 971
217 408
90 194
53 359
525 944
697 856
366 667
66 409
42 273
127 912
415 985
421 541
68 201
54 828
738 865
93 289
181 220
26 839
566 600
713 861
295 593
572 573
307 583
14 166
568 582
123 339
410 722
418 639
166 660
247 749
639 744
310 602
447 701
180 182
101 255
581 808
349 731
107 286
746 935
4 774
312 946
19 458
732 791
286 725
516 569
6 140
151 611
402 994
252 682
357 628
265 619
495 653
406 814
81 568
47 853
692 854
169 588
348 868
532 770
421 512
129 622
268 812
33 278
73 184
8 457
351 648
72 145
256 944
485 504
136 684
451 643
310 731
431 528
440 628
388 961
524 547
333 931
983 988
64 392
303 306
57 188
227 488
200 309
327 661
772 924
374 867
143 304
60 244
362 529
244 729
115 549
129 497
122 565
525 924
113 553
518 519
343 437
603 963
12 515
80 380
282 431
158 822
107 510
101 165
5 805
309 438
141 301
458 992
281 476
919 961
716 754
177 403
661 885
70 422
70 749
13 641
203 452
111 850
632 993
312 372
834 948
172 215
69 881
29 123
199 806
259 530
599 782
672 915
22 403
404 720
243 358
224 609
296 440
418 779
23 857
402 500
296 357
61 66
519 801
693 814
49 354
438 790
526 913
29 564
141 827
507 992
603 725
316 878
359 490
447 747
316 544
482 541
573 749
360 592
319 997
63 437
224 666
618 907
111 371
509 687
605 822
2 158
541 571
419 503
443 639
515 585
452 769
17 835
15 82
606 782
251 663
309 986
318 783
747 894
282 448
96 644
276 486
118 384
86 153
49 394
281 668
52 130
92 732
49 328
283 572
319 478
63 293
101 808
6 499
198 699
89 598
230 361
4 731
69 561
2 107
273 373
95 209
266 744
396 437
451 621
26 118
323 831
329 539
129 329
378 579
342 490
899 996
703 706
149 566
204 549
133 424
646 918
331 551
533 715
110 877
438 558
476 673
441 573
372 951
58 330
212 933
74 588
614 954
618 781
734 941
308 457
381 837
8 75
31 441
411 532
466 975
49 390
330 841
7 559
364 622
435 636
103 280
765 952
146 235
7 393
88 882
132 280
916 999
550 712
774 885
424 701
358 700
226 876
0 366
107 537
492 493
326 920
102 208
37 880
12 585
145 308
14 921
285 782
168 372
190 723
67 319
121 406
89 804
47 209
406 848
412 672
605 962
100 633
184 643
146 865
122 256
113 483
49 135
231 409
318 630
581 945
639 662
324 440
559 758
86 273
602 911
565 909
467 701
15 250
338 877
67 207
80 263
311 977
308 590
152 592
321 547
72 778
308 391
472 580
39 969
665 675
719 830
539 757
779 809
24 176
593 683
549 599
274 621
26 930
385 872
19 640
351 638
159 995
565 665
6 922
536 956
112 855
281 853
713 867
440 471
300 827
142 519
306 732
279 703
248 744
357 509
232 449
272 737
471 691
464 884
619 834
397 994
318 344
0 667
566 637
5 357
752 896
491 928
177 773
242 508
666 795
51 457
301 458
209 853
289 980
11 754
117 823
252 886
637 815
722 981
206 856
412 999
102 494
806 973
671 676
931 953
518 552
274 451
125 174
298 771
73 854
635 935
19 157
435 904
351 863
202 576
260 677
821 888
332 934
423 790
516 915
337 930
140 922
272 547
749 767
810 990
397 711
321 335
142 535
473 996
54 514
547 692
498 944
40 399
372 946
347 480
10 404
163 856
62 698
610 663
69 812
618 894
600 754
63 409
302 682
566 770
613 966
215 653
611 687
46 836
589 951
430 592
586 702
424 781
260 944
276 551
314 538
318 698
591 739
237 338
315 567
742 759
614 906
122 796
629 932
819 993
605 963
112 503
280 302
272 940
167 683
924 944
661 775
460 683
96 916
618 856
216 993
225 359
20 503
13 500
433 873
345 347
691 888
529 768
201 234
103 541
602 746
236 724
447 467
202 620
129 569
284 992
447 781
183 693
396 634
75 958
406 917
849 994
246 515
38 396
51 863
344 977
63 913
266 551
721 805
114 140
395 868
436 492
156 320
458 862
13 625
558 814
91 169
180 230
580 925
860 928
262 592
266 276
224 367
59 203
128 480
417 745
701 894
247 767
260 796
101 222
673 989
58 83
35 188
348 466
18 504
438 835
83 449
514 681
438 693
555 626
133 894
560 840
15 159
305 511
100 694
333 636
562 917
204 356
384 839
215 263
22 736
41 323
465 471
261 447
362 499
226 796
641 787
105 503
382 972
378 531
134 228
600 943
137 155
185 241
244 536
46 351
83 232
626 680
406 524
252 926
159 666
38 419
26 945
894 904
474 524
34 208
206 907
332 860
416 729
471 753
81 518
26 384
331 418
286 510
283 767
218 904
400 617
99 147
469 560
128 130
470 834
202 820
354 982
5 864
732 760
69 381
231 276
316 660
424 447
408 600
748 830
754 957
641 848
467 894
650 885
100 926
406 562
534 828
856 904
349 473
861 904
125 248
139 416
55 490
405 925
53 490
288 358
545 709
18 119
448 484
583 915
6 529
316 879
67 997
235 308
758 923
194 849
614 678
181 733
542 906
356 546
388 959
533 726
586 861
24 492
91 790
878 959
416 530
35 380
331 809
668 733
190 616
99 585
525 677
410 558
82 118
202 617
96 158
172 380
594 860
62 318
860 934
142 582
110 567
138 871
369 638
139 729
686 951
74 309
140 826
163 206
128 345
771 780
333 797
766 844
211 418
541 927
433 950
635 684
190 511
120 393
11 420
63 276
468 637
385 900
665 876
186 520
143 238
183 474
485 555
259 316
32 523
358 912
173 767
233 356
508 927
854 890
139 776
729 850
201 764
530 536
325 929
455 569
260 665
79 859
366 769
157 284
151 296
619 689
222 406
856 894
537 612
165 865
152 430
167 394
142 801
514 621
312 686
177 593
166 921
15 420
344 845
350 903
313 628
93 892
380 653
427 712
341 580
575 759
906 980
116 787
825 881
750 838
112 125
660 794
274 650
111 879
378 857
17 410
93 681
626 711
470 993
99 246
105 150
349 651
331 409
36 453
915 979
84 125
20 552
371 442
583 622
257 352
95 668
752 880
322 981
248 521
422 685
515 766
181 839
21 877
160 873
921 956
621 854
73 996
352 447
152 896
67 550
71 149
156 857
279 505
528 916
149 600
689 856
757 857
571 796
210 492
126 659
701 903
221 991
175 662
447 904
71 637
702 861
101 681
702 793
793 947
402 641
890 917
836 995
361 893
31 868
332 594
370 919
785 950
181 314
594 928
410 438
729 956
278 396
271 876
252 387
259 544
185 229
419 765
155 631
426 756
86 373
2 96
91 799
441 572
341 405
103 571
410 986
454 885
533 573
119 849
577 797
248 389
352 903
55 863
635 774
465 691
46 250
651 771
963 999
487 821
311 404
905 972
300 499
29 859
13 681
122 226
483 763
304 871
782 966
760 791
523 694
719 748
314 365
235 289
237 713
777 787
212 700
300 301
212 715
504 925
144 495
660 973
693 986
6 301
336 948
181 673
465 907
465 627
223 517
84 248
79 296
396 744
192 434
147 595
108 785
743 984
221 355
368 768
618 689
37 520
41 552
747 903
243 700
247 760
204 851
402 534
337 839
395 715
327 650
115 518
45 374
168 486
671 984
497 622
16 144
647 741
608 766
107 612
284 458
275 751
334 977
507 720
478 997
312 875
221 550
173 340
612 762
150 503
211 809
166 842
38 84
176 436
84 765
892 906
848 940
407 471
95 411
345 480
458 499
808 958
517 718
29 239
306 902
13 402
41 233
759 865
9 414
131 294
26 638
380 836
410 953
220 839
195 792
425 835
335 547
517 741
258 508
607 981
315 743
401 428
74 998
1 228
257 724
223 943
135 652
103 858
78 919
16 653
15 351
221 292
361 675
495 559
85 472
206 218
6 362
396 521
784 913
90 759
159 836
120 186
716 802
202 905
6 847
577 861
57 277
220 317
405 472
71 217
172 291
115 535
150 278
310 369
81 356
316 729
170 575
441 975
389 634
385 860
307 601
514 854
246 766
483 574
38 278
119 194
27 201
11 411
690 881
72 119
277 462
352 781
31 533
2 346
981 999
304 320
519 582
74 835
659 979
592 741
715 737
776 948
549 582
508 543
390 394
242 260
199 452
181 930
511 823
24 493
410 474
498 743
138 238
403 470
263 495
917 940
367 942
4 310
464 827
504 608
368 922
349 988
376 620
111 316
12 246
384 638
59 976
269 434
159 795
743 967
372 551
170 738
853 941
51 55
655 835
551 951
726 933
197 955
74 423
421 488
107 822
70 126
615 788
63 389
558 986
151 628
591 693
212 939
200 425
374 797
563 798
377 465
27 234
272 799
449 491
7 669
469 518
105 855
602 731
108 433
116 402
190 439
496 587
683 982
408 602
263 836
583 692
590 793
151 357
104 635
931 947
20 469
14 66
340 375
142 847
653 836
590 954
29 543
41 503
20 150
286 537
442 755
129 601
121 848
134 858
478 812
238 656
198 297
406 558
227 280
599 851
538 635
462 811
40 180
260 927
793 906
170 742
149 468
242 525
163 834
127 700
579 993
683 773
20 105
597 749
394 683
572 868
544 956
262 718
122 498
782 851
524 558
184 854
521 662
128 803
46 82
92 335
271 565
267 939
372 589
248 952
350 701
498 984
216 462
390 769
594 882
139 259
50 223
184 514
592 752
59 390
559 923
642 688
588 704
377 557
309 790
831 919
256 677
28 860
282 570
368 529
185 745
29 79
652 968
381 881
31 126
439 723
314 673
84 346
231 639
188 367
9 995
394 452
117 275
310 651
666 918
129 183
806 970
80 666
48 609
264 268
485 785
170 846
581 604
176 246
43 440
16 89
492 937
125 346
423 591
71 754
404 960
41 150
18 626
387 475
504 555
28 385
145 235
737 940
442 557
339 611
310 740
4 935
537 963
311 720
39 435
636 697
454 661
587 774
242 482
573 659
474 814
674 786
461 762
272 659
391 865
327 454
491 860
678 808
348 737
636 797
410 814
169 748
311 992
177 683
588 843
33 38
610 769
519 851
38 952
661 774
62 972
856 898
102 511
38 634
215 380
99 734
178 431
202 382
454 684
23 757
427 594
561 825
450 779
461 612
306 791
305 692
395 790
199 366
403 579
787 990
817 862
201 852
372 686
572 749
729 878
324 696
108 330
129 969
233 552
311 529
56 835
501 987
17 693
272 348
693 722
216 632
113 763
43 421
8 648
600 637
631 965
535 552
903 953
70 247
84 396
277 429
459 739
102 321
184 899
199 610
460 593
292 383
322 724
60 378
355 998
178 526
15 172
121 693
428 887
235 906
61 409
295 683
518 568
289 906
77 901
647 718
297 751
116 994
507 977
24 734
507 529
948 949
217 600
179 509
43 103
517 802
499 549
464 717
810 994
87 406
123 242
79 324
221 712
31 283
105 762
217 538
523 688
670 874
482 927
548 709
681 917
889 903
331 639
203 683
786 795
621 650
275 761
413 559
415 803
854 996
139 378
359 853
860 900
158 962
185 869
31 659
443 686
587 602
127 189
374 497
287 366
746 911
137 430
372 450
1 43
32 103
155 657
195 991
133 781
12 844
152 880
758 891
70 818
251 708
410 981
465 888
726 939
118 839
672 722
398 854
162 280
158 963
192 978
501 651
452 667
189 395
660 961
245 575
270 373
114 368
693 940
205 635
183 814
115 977
578 796
81 851
94 211
848 980
470 531
190 494
771 987
613 801
373 459
685 749
60 139
704 843
551 639
176 941
257 903
115 300
416 921
389 484
579 948
198 987
42 424
30 193
175 211
54 87
848 986
122 260
32 482
376 978
219 676
104 684
333 903
474 848
293 913
509 628
664 809
126 596
716 943
799 868
480 584
453 594
155 871
37 291
472 504
71 943
199 773
979 985
311 768
463 476
911 935
485 873
652 869
705 755
164 388
317 930
146 255
534 625
261 894
438 591
132 756
412 916
842 959
499 507
126 208
137 520
61 276
46 489
130 415
32 407
189 243
189 843
549 827
412 799
211 952
54 222
41 81
315 674
57 891
715 868
158 286
108 485
11 770
517 764
39 953
52 803
42 467
349 740
533 749
24 99
247 596
100 619
150 323
318 798
524 641
668 853
531 834
433 504
168 589
114 922
1 687
149 839
81 469
230 399
222 917
362 549
297 444
292 812
377 606
949 993
172 495
182 788
124 126
487 888
98 128
729 921
159 420
203 773
405 446
622 890
585 714
12 608
67 872
650 775
274 899
406 474
525 927
124 305
100 523
97 776
395 588
53 281
898 948
30 345
574 615
278 323
28 872
517 852
483 728
814 848
145 964
32 512
606 966
150 233
264 550
384 863
190 275
533 760
320 328
140 768
130 345
451 650
337 733
563 977
872 934
4 635
854 917
474 601
367 918
533 868
272 524
744 765
248 419
84 419
93 101
377 755
183 410
9 646
554 988
335 533
634 765
960 977
37 592
212 267
121 547
91 272
91 940
121 272
524 848
361 974
797 969
382 908
565 677
619 633
850 959
174 952
639 952
90 844
278 370
431 870
370 409
607 724
710 978
188 942
120 495
18 711
277 993
918 995
696 907
204 977
118 408
163 694
267 670
403 949
125 503
265 856
448 784
568 851
507 768
101 562
562 854
21 648
157 458
322 722
498 567
175 231
517 592
126 760
544 961
618 904
234 852
801 831
106 237
57 386
105 233
73 621
518 851
609 666
592 880
188 216
162 227
250 384
239 260
378 530
245 281
37 741
861 867
183 364
243 395
135 328
188 224
124 335
139 956
14 370
182 399
311 458
401 971
231 809
87 808
293 409
582 613
500 777
596 732
417 757
21 674
256 796
11 566
430 752
400 576
609 918
270 607
546 560
874 933
427 453
45 740
54 681
235 678
142 362
257 424
409 779
36 712
778 954
621 643
26 958
223 600
236 697
748 843
64 788
73 562
90 711
530 956
107 807
189 777
916 963
43 541
449 900
145 391
231 418
177 460
208 321
485 925
712 882
75 457
132 421
334 540
43 927
277 971
397 626
71 408
80 159
43 753
9 367
302 932
237 414
310 988
147 585
196 703
266 331
644 725
675 876
111 729
319 860
277 730
539 569
660 850
286 605
390 982
701 904
515 608
53 668
764 780
207 221
679 882
554 740
38 503
188 646
718 804
70 767
388 879
108 160
118 351
670 726
298 501
352 459
238 559
474 917
606 613
526 784
321 854
56 153
18 85
758 971
554 867
189 704
500 848
193 506
323 343
777 874
549 801
213 281
646 666
814 986
501 751
364 814
701 781
790 835
392 788
63 66
316 842
469 840
231 662
1 628
329 969
590 678
37 669
376 820
60 185
459 747
81 919
692 917
245 930
747 781
4 911
106 836
397 990
276 809
29 508
591 953
872 900
489 863
137 262
38 150
679 928
619 688
169 649
268 837
531 993
9 106
153 889
278 765
118 983
79 864
438 474
651 761
397 810
55 648
73 398
248 634
57 730
739 931
724 969
54 496
256 565
819 923
486 551
102 979
183 969
357 687
86 171
577 636
231 551
43 407
843 868
352 697
120 669
547 890
259 536
414 918
392 947
194 397
441 985
808 906
35 891
238 304
601 915
739 829
771 935
529 546
82 957
86 739
233 630
581 988
2 822
354 394
209 668
470 866
416 544
387 886
266 779
8 317
744 952
163 948
485 841
201 432
336 949
400 972
667 708
510 605
518 831
249 251
681 892
300 458
25 161
103 228
417 724
391 778
26 220
754 802
299 532
510 855
370 961
103 512
39 577
189 874
812 881
142 831
587 746
29 691
571 927
74 438
495 654
430 852
250 351
20 84
185 539
173 597
45 752
184 451
821 859
149 411
78 879
63 266
726 874
436 734
132 753
260 565
74 748
49 249
371 878
167 982
561 812
89 647
411 468
282 784
32 858
182 974
113 197
284 456
355 680
52 345
548 645
124 760
2 461
529 535
198 275
207 882
156 185
228 858
382 561
117 190
605 916
17 558
705 756
180 954
97 530
411 839
266 418
623 906
515 778
9 609
187 363
206 781
436 595
240 451
281 846
29 296
259 921
136 673
549 862
255 496
254 571
132 302
148 241
538 746
618 627
305 398
574 924
872 997
435 586
757 833
244 259
741 852
456 992
217 910
462 993
186 495
639 779
244 416
23 336
3 368
75 391
208 247
303 760
611 695
557 705
298 935
440 691
246 846
15 638
415 915
336 579
266 870
386 942
153 576
456 640
943 957
558 892
282 913
7 37
118 802
835 986
23 143
505 838
707 763
424 697
125 419
12 950
8 21
149 815
96 178
73 222
188 386
121 183
262 520
801 851
250 291
303 902
435 577
348 573
232 900
272 868
669 752
341 929
586 947
660 879
399 893
242 541
250 957
302 387
169 189
372 875
155 520
597 883
165 496
324 357
580 792
151 543
160 555
423 558
56 200
680 900
722 953
406 940
374 577
262 647
444 920
746 775
252 367
654 880
125 765
265 688
162 228
66 276
401 413
43 858
78 660
34 102
307 622
96 528
281 342
38 175
825 837
50 89
149 314
298 764
187 932
404 507
67 712
129 797
714 873
25 217
171 257
362 552
270 322
27 592
699 899
975 999
7 238
33 961
423 848
413 871
196 870
530 776
619 948
365 454
110 586
444 616
218 781
129 455
92 902
184 661
157 862
379 645
179 440
102 692
300 992
88 332
153 820
495 887
10 318
161 481
67 292
527 614
389 765
117 511
576 620
122 665
174 389
249 663
473 890
278 389
194 994
731 774
337 673
200 655
665 796
281 673
50 718
314 337
393 520
190 305
496 865
104 538
456 820
32 488
73 731
22 462
186 215
796 944
564 728
239 543
11 600
65 818
153 655
579 834
905 908
211 551
396 952
239 258
513 965
204 519
238 923
783 845
678 892
93 641
123 440
790 848
205 746
244 378
862 884
449 453
179 357
74 395
921 973
76 767
340 939
303 791
9 666
547 854
250 943
560 977
407 541
204 300
598 887
123 927
24 556
340 767
346 503
760 895
398 473
132 134
487 864
311 546
203 982
263 646
383 658
87 581
55 457
379 400
372 624
308 954
619 694
53 213
815 910
90 119
350 739
530 729
91 843
37 647
636 904
32 753
28 680
126 767
384 411
203 663
156 833
39 867
441 685
671 743
13 621
256 876
45 988
189 700
395 777
7 887
53 95
102 659
334 820
392 574
29 242
73 87
184 775
426 755
438 848
171 459
143 871
273 560
218 894
66 973
41 831
411 600
205 661
79 821
83 491
13 93
243 670
26 351
121 601
537 962
265 618
796 909
192 710
223 647
71 223
789 971
518 977
761 987
412 915
567 944
448 570
289 391
160 841
433 841
317 581
737 790
529 977
196 570
219 225
649 843
928 934
518 549
59 982
316 536
358 670
450 486
283 685
494 823
5 721
187 541
499 862
290 816
236 745
22 177
614 793
121 814
109 155
119 504
258 927
69 645
354 390
54 534
310 983
159 489
324 888
425 576
97 259
120 741
230 498
627 691
547 940
255 289
80 144
305 899
395 726
161 936
96 612
101 581
723 899
349 369
365 989
250 754
102 305
604 638
8 945
499 546
178 800
834 949
864 884
536 834
660 842
10 960
356 977
356 552
183 558
250 420
33 521
533 737
66 794
179 339
146 738
47 225
314 684
384 648
204 862
14 293
209 532
42 261
536 776
231 266
724 813
464 721
546 992
53 532
143 413
64 110
408 839
602 935
476 668
587 958
431 913
101 514
284 507
722 969
122 578
697 776
145 614
213 342
188 918
600 802
47 213
124 659
232 860
309 998
313 339
292 381
150 469
380 918
64 590
36 882
524 681
79 357
378 776
351 930
633 642
234 360
105 634
61 437
575 989
175 765
220 384
67 812
125 396
542 581
817 966
577 757
390 610
181 532
498 677
151 440
718 852
211 266
285 613
850 956
144 380
253 658
17 790
243 933
324 407
412 975
168 708
759 989
174 521
227 858
636 969
206 898
350 392
27 802
181 365
625 732
80 653
571 677
143 857
413 758
715 933
607 722
368 826
554 604
404 709
96 510
240 732
926 942
182 230
329 757
411 930
262 654
842 970
370 660
550 812
207 264
963 975
538 911
206 447
31 70
183 583
389 448
73 661
93 406
94 765
342 668
527 739
183 722
497 969
278 521
229 241
262 393
291 638
314 839
201 360
28 67
459 931
132 426
502 535
124 247
126 573
679 860
69 908
391 590
175 370
166 544
588 790
530 745
217 802
152 651
26 983
126 533
119 608
636 903
435 867
204 560
97 417
129 364
796 876
69 379
599 827
499 768
273 459
729 842
54 562
280 541
501 780
97 416
447 627
724 800
353 837
106 713
204 966
178 644
143 167
311 499
496 661
76 173
82 880
694 926
266 448
544 973
591 981
453 680
167 460
581 731
39 931
68 764
14 316
309 655
584 838
279 838
737 799
131 807
2 286
808 945
196 589
270 343
81 164
38 94
612 855
136 149
458 720
355 991
856 948
7 155
891 971
78 959
72 766
368 499
337 532
107 603
578 944
868 975
42 352
335 791
870 951
356 851
98 130
84 461
32 187
219 290
669 880
470 579
546 549
753 755
583 917
290 671
208 305
455 833
751 771
896 965
602 802
30 347
803 914
510 725
828 865
75 808
529 720
256 675
466 916
7 871
739 903
209 490
235 954
16 50
145 590
301 827
111 842
11 489
97 724
38 174
503 634
100 866
332 928
101 958
282 486
50 741
785 841
71 936
22 993
33 175
75 220
41 469
406 980
93 906
588 719
19 992
93 402
7 186
138 156
162 756
178 913
12 99
585 766
415 659
259 729
861 947
110 772
636 701
95 299
385 449
319 934
257 697
507 546
327 828
168 779
23 833
478 658
510 603
97 257
698 960
257 747
435 701
657 965
800 913
445 938
300 599
34 511
80 224
7 495
125 484
1 313
18 160
40 182
95 342
85 580
400 645
813 913
158 916
730 789
923 971
281 575
614 623
246 941
38 41
333 497
178 389
190 198
466 672
225 490
211 409
293 544
181 281
196 431
341 472
115 507
744 809
426 753
693 953
360 802
721 864
93 165
156 304
203 769
232 928
147 950
893 984
133 467
136 637
561 905
655 981
41 84
229 869
54 661
79 440
37 495
130 584
371 729
283 340
501 935
156 539
229 530
327 885
429 462
289 849
336 993
150 437
51 110
71 910
563 845
85 405
283 573
257 459
603 605
825 908
281 532
79 696
67 383
13 562
616 899
38 323
369 581
300 464
787 994
184 398
362 518
272 474
107 855
107 963
527 964
685 818
376 400
131 537
82 172
817 888
259 660
17 655
531 948
364 406
519 549
470 898
258 339
553 763
764 935
829 991
194 555
525 796
459 701
86 903
1 695
73 775
350 747
635 775
154 640
860 882
568 599
715 874
146 165
129 417
211 276
49 167
281 337
555 849
45 880
93 255
189 358
543 564
18 925
97 139
641 681
236 636
503 765
113 978
94 231
463 668
390 452
175 409
115 862
260 924
377 627
67 860
414 713
547 583
166 879
546 552
850 970
417 969
49 203
588 830
610 773
130 979
207 427
183 497
472 955
47 55
85 485
549 568
738 742
494 692
49 610
572 685
557 753
644 963
174 484
532 930
435 797
426 557
696 821
323 961
414 836
834 856
90 865
34 124
383 991
799 999
183 953
256 924
423 693
439 501
265 834
272 573
148 897
513 833
178 813
438 940
16 263
171 270
96 605
468 815
814 953
167 328
826 922
379 617
43 482
766 846
253 872
265 557
20 630
593 773
218 615
10 709
360 741
524 562
235 964
243 777
170 844
318 845
702 877
13 787
166 850
527 906
569 672
594 712
237 435
491 900
206 377
390 663
513 896
106 918
267 358
697 701
1 858
90 146
116 810
160 485
165 534
307 513
514 661
113 788
353 882
83 872
374 988
437 765
557 689
16 647
279 584
688 694
56 309
13 222
311 960
533 902
455 745
726 868
48 187
301 529
496 958
782 817
31 685
962 999
389 744
331 450
96 107
601 693
350 702
26 369
174 419
837 881
323 634
265 371
590 906
364 601
366 806
611 628
962 975
6 535
693 848
292 825
164 323
132 227
239 525
660 956
307 569
111 959
536 970
101 289
194 626
211 521
892 986
4 775
410 423
46 995
307 672
248 437
12 72
273 762
42 257
487 817
619 856
113 192
638 740
702 797
213 734
324 753
46 638
233 762
337 365
558 790
137 393
107 461
831 851
13 514
406 641
470 619
498 974
630 977
223 408
623 678
68 161
532 566
222 854
689 907
32 132
61 526
6 115
575 742
639 664
130 914
281 299
421 571
301 862
49 148
306 760
479 810
323 519
45 669
321 494
88 719
508 909
291 653
484 744
861 877
20 798
299 733
124 494
442 705
293 437
299 853
518 535
34 494
111 921
309 591
342 532
350 459
246 585
447 907
9 926
5 324
296 509
153 202
134 512
39 903
43 242
243 843
434 483
357 471
107 962
302 858
58 385
182 361
990 994
46 172
257 636
28 449
783 807
169 737
112 150
369 731
7 262
214 277
379 825
157 992
32 43
710 763
456 821
557 907
279 706
0 663
115 311
272 533
287 667
27 68
172 186
135 320
208 494
139 970
678 980
134 488
387 824
119 146
542 590
133 352
486 779
604 945
409 443
78 164
264 712
780 852
216 470
388 606
698 783
1 134
520 559
301 922
138 320
601 890
33 343
141 922
321 890
292 837
182 954
193 345
205 650
339 440
215 836
299 476
31 247
443 486
100 252
287 708
206 894
87 917
355 397
74 189
701 947
424 618
248 278
569 969
845 960
402 990
635 885
198 899
133 956
306 895
790 986
45 186
506 965
257 894
48 932
310 604
467 781
315 578
518 560
633 898
268 561
471 696
192 269
24 147
381 382
921 970
482 753
591 814
19 507
356 840
117 439
365 587
83 446
130 347
636 867
46 384
613 817
137 657
507 862
551 664
129 307
759 846
470 949
215 923
535 549
537 649
596 749
817 864
510 962
111 133
82 983
549 851
537 999
373 840
170 989
682 932
310 587
587 661
14 259
715 777
291 836
591 655
188 926
187 523
282 589
2 112
349 602
375 767
334 344
349 996
642 705
370 544
133 697
704 719
109 137
291 983
120 559
36 332
633 811
404 563
688 866
350 793
623 739
499 535
271 671
157 464
233 518
579 819
738 844
413 656
28 232
20 356
217 637
245 733
478 561
244 806
268 645
182 574
623 986
532 733
120 137
725 916
231 952
519 535
403 736
549 613
364 797
144 172
641 980
244 956
500 524
317 351
122 671
573 799
138 833
700 933
409 437
544 794
162 421
7 137
150 396
544 850
408 538
494 616
772 788
329 516
498 671
360 718
165 289
377 689
86 620
356 519
123 258
163 618
11 468
149 217
439 761
93 222
489 770
393 887
180 893
733 989
269 728
63 396
431 570
400 620
233 503
12 714
723 751
636 931
78 370
372 418
248 503
812 908
56 86
118 602
63 278
636 861
118 930
345 584
448 528
43 628
91 438
372 486
122 525
195 829
56 981
523 932
686 946
731 988
14 961
371 689
478 908
6 768
753 858
599 966
226 578
334 546
235 778
679 690
198 616
124 902
314 637
262 517
15 995
113 707
323 469
339 509
180 197
200 423
261 459
86 655
429 593
97 539
486 951
579 632
174 639
149 532
197 574
55 342
309 425
17 56
18 680
671 876
115 552
566 943
416 850
812 837
819 949
111 377
152 310
100 682
92 451
178 448
82 351
697 747
13 54
208 760
362 546
149 408
107 158
142 549
171 607
561 645
411 637
261 553
278 919
207 383
684 746
216 926
289 614
726 737
876 909
204 499
82 836
546 862
129 513
581 740
711 994
809 951
616 791
141 300
206 619
72 555
440 687
745 776
339 508
401 758
163 688
543 859
265 755
290 490
276 450
60 806
285 959
582 851
921 961
604 958
50 754
173 901
317 384
402 849
427 479
519 552
508 665
15 291
478 872
497 867
774 935
350 889
447 697
26 602
258 909
640 992
168 551
189 830
36 860
158 855
229 287
74 91
869 913
641 892
9 188
226 677
304 328
722 999
218 701
344 798
581 587
215 654
767 895
164 966
520 871
701 931
54 93
238 520
623 991
600 911
314 733
288 874
699 920
397 680
395 748
21 863
567 677
35 224
469 552
52 480
854 899
270 612
184 996
93 848
623 964
829 964
793 931
124 596
115 301
4 349
441 749
393 559
527 678
371 850
260 508
803 832
462 470
247 533
747 904
441 868
118 369
931 969
388 851
398 692
601 917
471 755
313 357
974 984
100 163
558 917
551 589
178 916
534 994
169 835
162 302
487 862
329 745
399 954
632 949
42 133
468 943
78 921
689 755
233 845
584 803
591 931
164 343
266 409
15 489
295 429
394 773
698 709
266 389
521 744
113 392
649 975
235 542
863 930
370 794
13 92
97 697
160 711
567 578
453 491
450 551
793 808
469 762
321 902
527 991
204 362
218 856
350 435
158 603
384 770
632 948
3 140
471 557
580 955
977 992
87 364
681 980
269 710
641 777
674 772
880 983
58 900
702 931
2 605
83 330
197 788
776 949
75 308
397 555
435 713
502 552
267 912
741 804
71 411
44 422
270 273
127 267
377 618
11 71
452 773
559 654
257 373
349 604
153 273
266 396
284 862
440 543
10 563
117 494
759 844
255 738
339 357
739 986
642 756
153 425
101 496
499 992
440 753
703 838
688 689
369 602
372 443
150 765
689 834
352 904
294 837
333 350
360 957
375 901
73 587
291 654
220 945
582 831
731 746
404 529
251 366
79 123
639 686
117 987
49 769
21 567
567 772
548 698
93 500
384 489
123 564
373 981
222 808
537 603
147 714
895 902
209 299
141 464
878 956
42 560
882 934
214 429
144 215
70 283
659 749
11 250
66 544
229 244
780 935
224 380
84 389
164 851
311 344
643 885
204 992
218 627
201 718
300 817
204 568
17 848
264 881
362 368
553 574
53 55
186 752
364 542
226 671
119 397
3 502
410 969
394 982
670 700
116 240
659 985
403 993
197 954
608 844
477 860
348 412
122 230
446 841
397 402
47 281
466 963
237 702
537 822
57 216
315 498
79 543
111 536
231 521
97 956
618 697
96 963
289 678
147 176
156 757
567 924
36 479
504 785
368 720
600 839
573 975
790 940
498 578
540 620
99 515
50 804
72 515
573 737
590 964
553 889
764 802
609 786
799 940
536 856
454 774
794 921
468 770
36 207
42 459
321 732
660 878
382 658
451 732
776 857
66 370
304 354
73 899
243 939
516 601
92 596
636 953
180 788
358 933
352 636
803 979
567 967
373 762
6 114
84 278
524 737
463 733
75 235
109 965
68 234
511 616
596 715
111 956
84 174
285 377
465 557
283 533
755 907
897 968
111 606
101 542
27 718
247 659
234 935
121 892
116 990
443 664
700 787
364 808
510 963
439 771
610 667
407 691
348 441
35 263
45 604
73 650
145 146
489 795
200 998
56 591
662 744
218 772
270 840
572 597
616 920
208 659
123 151
505 570
381 561
462 866
189 288
23 138
56 576
73 774
519 599
329 724
331 662
458 529
726 883
671 893
51 877
745 757
635 911
116 534
366 394
164 544
244 531
338 904
257 701
229 610
762 840
202 376
21 586
738 828
539 857
404 698
189 719
174 266
428 758
48 363
275 723
61 486
686 779
372 779
264 882
49 968
181 668
382 825
447 856
15 653
770 930
338 793
38 437
191 570
207 812
43 179
33 634
62 960
879 961
700 715
420 943
622 917
449 680
715 939
552 977
129 374
296 859
535 568
6 141
139 531
22 531
215 559
284 487
164 919
484 855
724 953
334 356
150 762
13 240
64 877
745 813
262 880
328 390
601 672
296 691
33 831
731 958
702 867
115 992
564 707
33 81
46 863
369 945
805 888
104 161
729 879
443 450
277 819
80 836
18 72
295 971
8 877
555 680
65 901
670 715
140 529
190 699
614 829
45 833
145 504
152 349
22 866
722 724
74 200
149 181
87 93
92 621
276 418
677 924
406 693
761 896
470 736
790 998
330 485
630 783
28 319
91 715
64 180
186 262
319 385
587 775
532 839
762 845
700 726
688 898
592 718
692 996
413 971
588 777
168 276
218 907
571 578
121 583
66 660
970 973
757 776
67 900
155 393
230 944
678 814
28 491
328 982
220 532
887 923
890 996
8 863
570 838
548 972
637 839
8 308
229 378
384 420
132 642
802 943
636 947
495 758
436 556
149 538
478 825
138 631
84 855
137 669
530 970
133 416
550 991
325 433
64 586
80 172
17 739
499 720
33 437
916 962
474 986
623 980
416 660
96 461
250 802
305 854
177 429
133 316
388 878
202 972
206 904
119 289
466 722
305 723
925 955
302 421
365 742
438 981
731 740
17 981
253 812
94 639
217 223
31 883
728 763
487 859
78 544
727 750
32 302
169 868
682 886
515 950
75 581
72 844
5 440
498 893
575 865
75 542
391 608
225 290
27 780
812 882
98 838
777 790
757 867
164 316
17 74
261 903
76 760
272 917
229 394
316 961
41 518
798 960
266 282
469 546
1 151
483 553
21 457
140 720
5 79
293 526
641 940
857 949
20 112
334 620
203 366
39 417
666 995
265 633
122 271
144 598
42 373
28 58
465 755
814 906
296 628
534 621
184 625
636 702
242 258
83 860
412 985
62 617
396 484
454 496
339 687
468 910
191 279
223 911
8 590
48 629
823 914
375 597
918 926
493 937
169 438
10 768
187 571
592 764
766 778
216 277
325 950
15 384
409 521
673 742
9 380
575 738
4 408
159 380
190 987
332 690
465 864
203 249
365 865
275 501
125 855
320 354
777 990
428 559
356 966
361 399
346 510
271 676
290 498
408 746
374 757
90 170
619 866
473 651
207 332
348 395
647 804
274 625
460 993
491 594
177 295
185 530
817 992
204 599
521 639
348 999
105 125
76 375
201 780
28 207
253 383
444 751
206 627
348 940
544 879
39 236
344 404
435 697
84 343
473 896
27 957
79 471
649 962
579 776
798 845
235 808
276 293
626 849
39 702
71 802
374 740
129 516
138 965
81 204
525 615
42 747
95 566
479 680
454 775
540 560
317 839
36 928
308 608
103 488
576 845
260 571
267 933
213 846
137 631
81 552
454 635
247 902
797 953
39 497
236 417
13 524
374 604
222 524
591 722
373 903
301 549
54 865
652 897
133 257
74 777
55 220
598 804
250 983
169 704
413 887
124 692
644 784
270 634
292 882
112 634
603 649
91 558
693 981
323 568
41 519
221 383
287 869
153 334
150 270
392 615
649 963
351 489
929 950
461 503
388 966
874 912
538 637
124 791
3 10
623 892
88 594
782 801
369 958
42 86
81 801
644 962
596 726
159 918
783 960
423 998
27 223
254 695
60 259
1 162
326 791
514 650
85 504
36 88
24 937
574 707
232 872
542 958
155 656
166 806
691 821
332 712
35 918
30 968
552 630
606 851
636 781
418 951
373 724
99 436
43 280
497 601
205 501
377 442
620 889
651 996
0 708
195 978
427 680
597 685
343 389
81 961
57 646
602 774
308 614
242 407
41 356
137 592
315 786
351 420
207 594
120 880
208 511
468 754
133 856
349 587
776 856
624 686
465 805
170 766
39 697
216 819
165 514
370 521
425 537
354 683
355 427
125 744
321 760
903 969
737 843
48 674
288 830
121 641
330 405
312 589
106 159
435 931
470 633
817 884
139 949
351 983
58 405
448 913
525 665
814 940
552 563
255 534
648 930
14 78
464 864
604 731
204 552
115 458
54 73
930 945
26 587
412 722
482 525
102 583
846 941
35 80
467 618
84 233
194 738
278 409
93 562
45 896
540 992
399 778
421 753
0 452
228 695
381 645
101 828
334 845
183 940
565 944
148 708
775 899
466 981
533 659
474 892
597 939
101 865
945 983
276 639
204 469
225 436
558 591
245 532
200 221
196 784
194 844
268 690
573 883
495 520
486 913
4 205
681 848
160 449
45 152
946 951
668 770
195 197
509 611
90 849
426 688
234 771
562 621
407 440
91 975
129 333
121 737
609 926
668 673
183 307
333 724
76 77
275 771
253 908
118 600
498 816
82 420
213 246
260 909
344 783
150 248
92 306
488 756
368 847
1 103
183 406
77 326
31 596
228 512
80 918
360 647
300 546
101 146
388 613
740 880
551 870
464 862
353 881
472 485
16 172
233 560
602 983
136 454
392 793
16 495
282 951
878 970
588 998
243 288
730 758
593 976
273 334
357 543
314 454
261 781
312 551
911 936
440 509
394 769
600 936
213 359
807 845
443 951
165 681
459 467
3 768
791 895
27 741
236 416
362 519
337 668
926 932
441 799
82 384
336 713
26 337
370 437
69 382
889 931
388 782
742 865
729 834
65 422
31 348
133 618
44 750
150 461
82 754
562 890
226 909
636 747
868 883
272 335
205 454
119 844
407 927
385 928
14 850
85 955
39 724
41 634
248 484
324 627
550 825
98 784
576 655
761 823
575 766
9 786
157 640
690 882
467 627
749 883
399 472
795 995
295 982
195 383
78 166
457 590
46 648
87 854
152 669
593 982
41 419
303 732
450 589
762 855
118 957
212 288
723 987
809 870
746 885
135 249
28 997
127 670
459 591
60 970
17 814
859 888
338 713
337 575
424 903
186 653
175 331
91 474
245 673
567 816
554 577
301 368
421 482
459 953
430 896
770 839
33 150
121 681
100 363
534 787
558 601
242 256
118 754
204 529
277 460
218 747
257 781
411 943
474 799
45 291
222 892
273 607
17 200
100 898
591 835
227 421
578 743
64 772
146 608
251 452
5 471
67 332
437 521
284 311
876 893
273 889
206 557
434 564
403 773
386 730
175 396
189 212
418 662
624 951
644 999
321 791
356 831
364 581
145 399
242 571
724 745
674 967
288 938
222 364
300 884
529 549
118 911
79 487
533 572
124 547
483 978
364 562
107 346
559 871
536 850
451 534
674 877
606 959
176 585
431 644
184 885
85 555
156 455
208 335
119 626
265 377
453 900
165 738
296 324
380 995
477 934
358 726
39 947
566 754
175 278
22 429
45 369
566 815
261 889
532 637
381 400
582 782
262 852
391 614
45 983
167 304
75 590
643 661
737 777
240 534
67 882
239 296
43 239
350 352
122 893
149 770
187 421
69 690
642 755
136 365
379 812
690 812
280 932
131 649
305 996
325 341
138 857
499 847
333 435
343 396
394 663
314 989
39 257
682 688
274 854
345 506
222 581
381 550
408 754
104 217
198 501
499 977
87 165
658 905
429 460
747 889
416 878
5 509
228 421
81 966
113 182
22 811
388 919
137 654
377 696
94 248
579 857
725 975
488 642
500 534
431 484
14 842
436 493
90 828
592 647
459 607
39 329
693 892
715 843
14 956
9 48
229 806
542 702
658 812
89 120
190 444
183 917
37 752
225 342
553 978
125 389
349 983
27 298
185 857
631 871
82 943
500 980
280 523
319 900
524 892
111 416
128 279
230 984
612 807
168 443
43 471
424 904
82 653
139 834
685 767
677 876
379 381
33 765
175 248
369 554
637 910
233 798
423 655
380 495
662 809
124 511
71 911
573 596
191 951
565 578
525 541
235 793
139 579
139 745
681 808
265 907
796 927
827 862
350 953
458 768
507 640
518 966
391 457
115 847
280 753
239 256
388 850
407 421
411 489
476 989
601 814
489 648
111 442
439 444
171 560
27 935
343 469
171 322
392 553
596 791
372 809
476 846
642 682
33 78
491 872
403 460
183 333
324 864
179 296
118 943
470 948
77 247
69 264
25 481
177 531
360 780
569 724
643 775
167 203
411 668
581 983
296 508
143 923
0 806
93 534
817 851
72 954
745 800
245 839
43 132
473 761
43 123
419 521
25 104
70 597
547 659
247 895
460 819
991 998
262 430
207 860
601 940
193 480
26 604
31 272
457 648
89 144
32 363
568 613
351 945
43 258
240 306
441 659
293 660
256 909
227 682
776 834
146 308
158 528
247 283
181 989
37 517
220 457
270 461
591 889
794 806
710 728
376 383
636 894
202 334
48 367
723 920
906 964
654 752
549 847
458 640
305 699
464 487
784 813
2 612
432 718
184 205
610 806
833 857
171 762
133 377
236 352
245 846
176 213
183 672
54 327
26 408
239 482
478 550
560 966
15 118
339 628
449 626
77 767
454 538
78 850
426 488
91 573
341 925
396 419
0 251
63 448
645 825
650 774
835 998
735 803
450 708
307 890
270 855
563 698
196 486
726 777
717 805
681 854
74 843
842 973
976 982
169 348
590 778
659 799
297 699
269 792
311 563
689 781
150 389
876 944
11 384
126 335
185 378
725 999
212 912
142 518
103 162
70 441
93 849
85 792
398 890
134 227
473 988
153 376
310 752
719 837
49 982
243 267
410 940
330 433
123 859
534 641
84 437
488 753
281 941
259 293
101 906
271 796
357 691
79 465
419 952
408 637
369 880
78 842
485 626
570 703
230 256
304 631
276 589
287 652
86 607
105 270
338 867
594 679
545 645
258 611
548 617
30 897
99 766
29 927
403 834
471 628
141 499
514 917
28 477
782 805
291 957
298 852
121 562
329 797
601 722
64 947
595 941
591 903
16 716
240 787
82 802
310 473
20 518
104 935
320 968
566 839
731 775
33 41
99 941
154 905
27 716
103 254
159 172
250 716
460 579
321 596
17 474
255 391
211 744
848 917
252 932
487 992
317 337
136 181
44 985
135 354
894 907
236 776
103 132
601 969
175 639
482 523
569 601
103 927
97 813
682 926
120 592
331 486
167 378
76 247
52 838
542 945
383 812
554 983
425 981
165 222
70 573
333 410
262 669
323 356
120 887
253 550
137 741
355 990
216 866
710 792
516 583
183 915
92 500
49 652
333 814
50 262
3 529
525 788
552 831
15 263
18 433
285 805
476 853
524 890
407 523
631 669
97 536
582 827
576 972
288 704
191 196
9 159
257 467
121 410
537 981
63 486
573 715
49 320
260 876
168 331
136 733
159 414
289 865
307 979
365 673
107 131
81 233
400 908
58 997
788 944
166 878
376 763
237 995
647 802
334 469
731 996
96 725
696 864
105 612
89 741
705 753
239 665
276 913
402 980
658 825
643 899
203 354
272 558
912 938
182 955
511 692
257 607
2 644
212 777
277 295
508 564
229 652
562 892
123 357
274 699
155 238
13 87
93 146
39 861
446 580
474 583
333 947
651 752
61 869
254 796
127 726
467 903
301 507
317 638
102 415
98 803
236 956
20 323
621 732
374 455
66 287
289 892
948 993
527 986
169 309
247 573
443 662
475 682
215 291
353 690
173 895
332 872
143 156
323 370
163 633
471 482
596 659
532 853
29 821
641 917
362 502
73 473
495 598
349 752
884 888
784 800
921 959
496 828
424 459
236 781
400 820
497 953
880 957
389 855
266 686
545 698
73 274
47 941
239 339
14 879
321 616
554 833
583 979
268 382
236 894
133 261
317 648
96 822
490 853
764 911
73 681
383 908
557 642
455 513
500 681
126 902
785 844
79 564
638 880
267 874
363 674
284 884
87 892
243 883
334 840
272 583
554 797
570 951
644 822
98 345
526 528
344 546
123 691
119 145
536 921
645 908
573 685
350 636
297 723
740 752
501 774
328 968
544 842
86 840
146 778
401 656
371 898
226 665
286 649
82 716
443 744
2 725
74 986
160 785
19 862
266 486
28 712
246 734
655 739
249 452
13 828
259 745
647 754
456 487
249 667
64 615
248 266
408 936
150 346
237 904
501 899
64 793
258 543
208 791
109 506
204 613
513 622
406 906
360 716
96 346
529 847
365 661
410 601
287 806
621 661
164 840
256 927
525 772
381 972
50 802
528 605
396 503
26 75
96 270
209 281
360 430
261 627
75 245
383 478
578 816
233 344
121 622
171 352
454 746
608 954
474 737
20 634
5 888
155 669
310 746
62 645
416 970
438 814
238 654
473 731
955 978
577 776
790 843
362 568
121 438
26 181
223 936
211 664
562 808
393 654
474 722
473 692
317 604
651 935
666 786
700 990
455 857
434 675
831 961
180 361
171 424
546 851
17 425
268 972
163 904
181 575
469 977
108 714
735 750
72 485
363 772
497 554
461 807
449 479
797 861
204 535
258 571
466 915
28 453
558 737
381 908
64 338
57 462
849 980
160 194
229 366
247 597
408 957
83 680
222 621
62 344
672 999
724 903
57 971
236 259
336 531
23 819
691 864
140 499
552 798
544 878
37 137
529 552
328 394
21 55
64 924
371 879
474 547
602 635
690 934
542 614
336 857
618 747
92 760
293 800
213 225
448 744
88 837
600 770
547 596
197 399
126 283
56 423
811 886
783 972
327 496
495 923
221 427
536 878
524 854
78 878
133 747
55 930
31 597
460 949
115 519
149 733
749 760
37 393
159 646
97 800
693 969
904 947
233 977
185 652
64 954
694 898
255 681
458 884
879 956
5 628
747 931
708 769
27 647
19 884
321 511
209 213
71 815
160 680
610 683
13 406
219 671
145 180
472 792
104 936
285 388
975 985
520 880
756 858
525 571
371 536
449 841
87 255
201 298
99 950
283 939
225 941
504 778
61 800
38 343
536 697
107 725
227 932
37 50
61 389
892 940
269 707
23 156
206 755
242 543
28 594
30 128
786 995
283 726
627 888
599 817
367 646
240 621
89 262
460 531
568 919
204 817
32 932
51 351
91 121
223 360
526 869
305 791
101 980
38 125
715 883
471 627
201 517
575 733
633 682
363 932
56 739
208 902
12 778
112 762
317 369
352 618
120 647
96 537
506 657
2 484
289 964
115 356
371 842
380 666
156 965
316 388
618 701
250 836
230 788
317 808
199 663
46 118
154 617
814 931
501 775
40 675
39 701
274 398
814 980
167 295
253 561
300 529
339 695
53 299
133 536
519 919
393 741
565 571
51 75
929 937
473 854
121 890
636 724
27 911
85 195
575 673
563 783
346 612
759 766
96 999
535 546
749 868
461 845
0 769
461 510
577 904
877 947
317 983
102 547
29 707
93 678
272 596
50 943
262 360
77 173
291 495
371 377
252 811
274 732
152 852
238 669
72 146
266 952
205 935
53 225
101 406
333 702
20 461
18 849
279 480
589 870
63 526
187 578
49 452
625 643
884 992
133 907
159 263
277 632
316 970
13 917
96 286
423 474
295 413
311 862
576 617
570 706
510 644
767 818
786 967
63 282
89 495
506 513
586 713
301 720
651 896
291 369
712 860
153 739
14 416
33 94
119 485
32 571
31 767
552 568
497 814
205 643
149 668
291 669
439 899
205 899
220 863
93 828
457 778
652 708
86 591
166 316
245 317
143 819
276 282
577 702
233 461
519 613
467 907
748 790
378 403
584 703
760 767
524 692
388 921
331 686
13 165
16 957
600 910
245 365
38 389
488 682
348 649
373 889
58 872
90 255
274 775
401 887
244 921
531 776
169 423
96 962
183 569
518 801
228 280
500 625
534 681
108 446
731 983
208 616
514 534
398 616
805 817
163 781
474 622
152 360
662 765
37 152
398 494
207 900
56 620
268 379
358 777
504 950
638 839
523 541
594 900
420 863
293 869
471 888
713 904
166 970
285 442
199 970
386 462
261 618
213 476
761 996
726 843
196 347
766 950
371 834
239 541
247 335
59 249
174 662
199 203
232 453
519 966
420 770
435 781
180 778
335 692
321 917
318 404
81 142
2 963
874 939
125 461
498 924
485 714
439 699
430 651
164 660
8 351
355 712
638 945
189 790
26 250
405 485
62 548
12 846
246 595
76 340
100 265
665 677
314 496
346 762
178 855
231 450
4 538
642 753
353 719
74 848
157 300
187 280
325 714
412 644
31 975
218 424
958 983
95 853
900 997
149 337
65 70
122 675
47 668
567 786
462 522
537 807
172 250
356 568
39 129
803 985
338 350
254 258
675 909
26 581
248 639
39 350
772 877
168 951
89 718
20 81
424 856
672 916
44 803
218 467
792 925
184 774
100 216
486 870
88 445
216 619
406 500
333 364
280 629
514 731
348 659
171 903
259 973
408 935
236 800
233 323
794 842
465 606
711 844
355 849
94 396
364 969
35 215
129 953
105 845
547 737
124 616
290 967
214 891
386 886
435 747
109 430
245 668
293 370
255 514
19 720
326 895
196 448
349 896
178 484
567 743
555 925
405 792
524 814
31 799
427 990
335 625
701 889
524 583
135 241
834 993
92 547
866 898
233 563
1 339
37 89
14 409
244 949
665 944
474 790
44 70
39 904
609 795
38 919
2 962
218 261
479 990
587 945
338 577
78 316
110 237
506 823
524 693
846 989
519 546
843 883
134 756
602 638
76 306
237 577
46 653
305 890
146 614
236 813
87 958
775 996
196 584
401 923
257 322
669 871
404 977
92 641
109 896
208 596
500 892
8 220
37 957
626 810
482 691
438 655
53 941
220 648
8 55
81 150
621 681
133 236
514 625
661 828
651 987
446 485
313 440
374 833
301 464
382 576
558 641
572 726
98 196
97 636
625 641
467 553
514 587
236 424
644 855
303 596
814 969
48 926
153 459
165 327
622 814
348 474
669 965
259 850
322 800
392 702
300 362
634 855
352 889
77 895
398 761
338 392
360 935
207 478
196 913
368 535
435 877
452 806
0 450
102 890
391 738
152 740
342 941
302 642
421 523
529 563
200 294
225 853
245 457
72 964
1 440
133 447
600 716
196 951
152 186
716 718
814 917
224 926
560 851
389 913
958 988
54 621
291 740
250 880
47 95
87 542
518 529
218 697
66 913
8 586
956 970
59 683
338 636
398 501
230 675
311 334
136 217
296 313
230 876
190 823
817 821
19 311
301 768
244 316
428 656
797 931
240 500
139 316
64 574
514 996
585 929
190 899
350 829
638 930
351 839
246 575
690 825
466 962
713 948
364 917
553 747
916 981
500 940
140 301
792 978
306 596
125 634
499 827
306 335
424 907
425 612
637 733
300 613
204 801
536 948
469 831
216 336
557 688
453 928
241 287
222 255
217 935
301 362
18 397
244 776
291 752
786 918
596 895
94 331
323 518
61 813
20 762
591 623
612 981
454 650
257 261
33 164
455 797
127 748
412 963
621 899
72 391
586 772
264 383
697 861
513 569
903 947
88 938
479 594
331 952
324 628
837 882
146 759
37 653
243 588
337 989
66 486
63 178
298 360
41 105
178 270
314 408
592 957
429 522
1 258
75 930
572 975
609 646
596 767
739 953
164 469
437 913
77 818
256 508
212 395
256 361
296 687
218 352
329 497
197 392
696 817
469 519
797 947
562 581
329 333
57 632
293 813
659 915
380 414
115 768
383 712
589 708
435 447
171 467
780 987
259 970
423 814
273 469
662 779
301 992
507 960
166 370
321 659
130 516
112 233
190 761
82 369
493 595
164 831
94 174
110 315
165 661
573 726
18 472
719 938
664 779
712 812
399 515
407 557
104 746
688 755
638 988
244 579
287 610
336 776
346 634
64 182
46 291
407 627
403 970
324 557
473 513
312 418
15 863
296 564
18 873
278 293
267 288
533 939
110 924
260 541
69 478
4 651
21 315
585 595
264 353
142 552
249 610
106 380
83 841
477 900
417 636
332 353
357 864
350 553
386 522
181 637
632 923
218 689
53 245
159 224
101 678
37 718
637 668
227 387
600 957
520 631
750 803
324 755
850 961
625 854
215 758
496 731
138 669
111 388
59 452
520 752
322 459
607 762
35 386
384 945
268 908
239 909
682 942
781 907
289 808
20 845
525 565
6 720
486 809
187 674
178 437
146 849
118 317
521 634
541 858
335 659
159 351
76 902
574 772
145 515
524 601
572 843
35 144
223 764
655 986
392 590
461 634
197 472
12 785
63 443
816 984
287 973
237 867
423 892
139 229
142 599
332 812
333 591
412 415
651 780
622 969
651 731
501 996
484 870
659 868
469 851
135 390
60 869
784 870
73 349
476 575
393 598
539 833
218 435
576 783
116 500
120 291
849 990
420 754
691 859
628 753
202 645
293 973
43 339
333 722
810 849
233 634
411 420
238 887
18 194
40 498
712 998
559 598
57 819
319 332
130 915
74 737
63 331
959 961
158 484
344 698
287 663
406 622
471 907
681 814
383 997
100 642
330 873
25 815
281 463
60 610
48 795
634 762
63 231
447 615
348 843
408 943
637 770
139 948
127 933
410 848
638 802
707 978
149 673
702 904
50 360
473 622
172 880
398 723
243 868
625 650
483 788
217 468
277 386
395 874
396 639
17 623
374 713
71 839
252 866
21 64
407 755
714 844
799 915
233 546
675 893
506 631
565 675
741 957
709 720
220 351
892 917
186 592
0 610
244 403
47 532
206 697
400 658
371 557
324 805
172 995
402 777
16 82
517 754
41 568
422 727
406 601
48 918
13 451
343 762
168 287
431 526
310 935
153 540
81 388
103 695
333 459
148 869
144 646
112 248
350 527
45 654
413 819
31 737
602 740
369 587
22 579
376 382
146 906
94 409
2 603
390 683
413 460
266 662
647 880
406 808
267 340
146 828
243 912
101 235
302 523
684 885
60 394
585 785
62 845
94 744
554 757
706 838
379 972
678 964
657 896
181 476
235 865
127 777
85 680
174 634
398 651
542 892
221 309
417 797
183 516
68 360
5 465
421 629
470 811
398 775
409 486
19 487
8 958
436 937
244 973
718 764
569 745
204 831
531 819
358 715
646 836
761 771
590 808
196 505
502 847
378 948
387 942
745 857
529 992
121 222
115 142
872 928
93 808
273 322
620 655
33 396
423 623
821 884
188 462
940 986
204 582
43 611
433 925
92 533
828 994
572 715
316 530
163 218
75 101
96 484
409 952
343 919
143 354
76 901
249 394
105 469
128 914
546 563
536 898
196 838
61 266
236 903
527 793
839 911
98 431
101 391
2 105
697 948
396 409
531 632
195 376
569 622
559 656
496 945
882 928
31 715
538 936
430 741
324 907
69 972
8 110
278 961
300 507
9 35
367 932
649 704
118 291
699 791
159 863
222 890
169 777
385 477
43 296
321 583
290 676
633 689
304 857
364 374
129 583
16 598
433 585
586 793
618 898
217 635
317 457
409 551
594 934
223 250
180 498
40 984
217 746
309 848
427 998
808 892
299 342
564 821
180 308
606 817
304 833
91 524
266 521
778 964
351 836
542 814
6 549
747 947
364 681
199 394
528 913
5 717
562 641
102 126
467 697
484 528
504 714
406 678
277 923
417 516
865 989
464 805
531 536
583 940
197 964
304 656
748 777
195 527
517 880
15 648
523 926
402 810
555 873
220 958
768 960
84 323
395 700
455 577
334 630
821 864
748 998
479 626
416 776
427 882
15 80
73 890
607 903
526 724
23 577
149 930
317 496
537 655
879 970
67 825
512 932
209 770
265 694
261 350
167 390
713 797
453 860
338 797
688 926
266 484
788 974
344 552
91 649
403 683
228 488
11 118
401 559
69 905
412 516
101 892
170 865
75 865
174 503
553 701
10 344
49 663
55 245
568 966
91 533
54 650
527 980
282 551
29 440
322 813
27 50
716 741
0 199
421 927
132 228
717 864
137 752
512 753
757 797
708 897
776 781
558 799
510 537
738 989
182 392
508 525
219 984
418 744
46 80
787 810
850 973
69 658
494 890
112 419
537 725
321 398
614 980
1 132
188 252
772 944
541 753
235 608
607 612
401 789
742 846
311 640
526 745
82 647
389 431
272 321
352 931
70 572
642 866
189 715
141 549
136 635
842 956
119 964
669 833
602 651
243 737
750 832
400 561
72 472
240 902
501 761
171 889
612 845
801 966
218 861
72 308
388 842
115 368
383 825
296 471
558 722
65 247
371 755
288 748
6 826
541 677
22 834
190 398
66 331
131 286
456 763
483 821
207 253
134 280
103 258
87 524
569 722
740 958
911 957
60 745
256 788
98 480
210 493
240 335
639 765
533 767
257 273
45 965
733 853
386 891
242 691
387 642
389 521
457 863
107 605
26 731
183 524
197 792
56 438
66 231
18 785
400 825
433 555
833 896
143 460
56 537
835 981
62 563
43 571
631 833
337 384
829 906
35 730
334 960
622 915
241 968
497 542
70 659
460 982
605 999
712 900
388 831
187 567
91 466
555 608
90 165
360 911
312 664
752 988
654 871
32 629
66 166
58 841
245 342
126 685
195 964
363 926
86 322
499 518
847 922
391 808
589 897
539 776
420 836
68 517
641 790
549 966
177 736
152 262
94 370
1 421
348 438
423 940
5 296
252 633
395 533
497 988
324 482
287 452
365 958
577 697
256 498
205 771
740 945
456 862
314 746
224 995
67 264
124 732
364 892
197 361
204 507
343 961
352 435
72 925
646 653
783 798
303 326
206 694
295 401
41 919
11 46
304 965
784 916
529 960
770 943
127 715
298 751
379 383
239 564
677 927
533 547
411 754
648 877
736 866
191 312
240 933
363 688
536 781
343 370
188 380
43 324
388 660
641 737
57 380
19 301
144 758
16 80
88 679
423 425
333 417
287 486
358 939
150 419
23 554
61 282
59 394
392 772
883 939
262 752
155 654
28 85
46 263
257 333
699 751
220 365
538 935
242 796
482 615
7 413
409 794
646 995
81 582
3 6
435 894
265 442
472 954
278 952
64 702
81 343
830 843
13 980
119 738
802 935
72 433
111 285
148 769
362 977
71 770
287 450
469 634
305 335
7 215
388 801
82 186
274 885
836 918
148 249
691 907
549 992
543 927
61 278
54 289
503 798
443 589
385 934
322 916
292 478
733 846
518 582
34 914
255 808
136 989
499 922
274 661
298 987
29 888
391 954
76 326
164 356
54 587
8 542
331 372
327 643
10 62
206 688
210 436
535 582
500 737
329 513
467 889
331 521
285 465
285 966
127 588
28 36
115 568
655 889
88 712
944 974
549 782
33 952
316 959
283 441
165 562
15 380
73 205
56 889
300 582
37 172
171 261
349 398
658 997
20 346
103 187
397 787
272 915
17 892
29 483
500 790
54 808
702 713
243 748
291 647
373 655
676 743
607 800
472 964
527 892
111 689
714 766
717 827
409 639
3 404
164 921
150 855
222 641
243 533
945 988
146 590
66 437
121 500
438 799
21 967
213 668
248 662
271 909
661 731
255 365
242 440
679 872
512 682
561 617
637 673
327 365
348 790
101 945
583 672
309 410
443 870
416 879
133 606
212 883
622 692
38 744
875 951
381 905
56 986
309 558
466 985
678 931
173 283
412 979
569 757
310 774
245 989
91 777
122 909
216 942
83 319
322 999
298 651
15 106
533 883
878 961
166 961
402 828
477 812
439 616
56 612
220 281
59 773
7 656
351 369
599 862
530 531
78 323
407 465
774 996
95 359
286 999
637 936
91 726
417 813
100 932
438 722
617 908
183 890
211 686
795 863
174 437
200 438
533 597
626 873
20 563
592 654
547 562
43 228
845 977
480 897
292 998
529 862
106 877
395 649
322 953
43 512
3 114
181 317
418 450
63 779
323 437
435 793
344 507
55 209
549 817
775 935
250 408
496 989
322 612
203 593
361 876
376 658
378 536
317 587
12 504
614 778
612 655
364 953
4 26
365 839
175 919
9 80
60 241
283 868
569 915
463 673
602 839
31 726
260 675
92 787
606 907
43 162
873 950
250 489
307 329
39 352
522 811
176 225
250 600
474 591
138 413
97 329
348 572
373 612
728 859
795 918
391 906
269 955
427 719
402 625
331 664
527 591
398 511
120 215
649 999
118 604
387 811
242 296
276 372
423 739
333 867
103 227
23 632
121 799
398 439
607 953
410 931
188 277
221 264
0 168
514 828
157 301
266 437
220 411
49 229
2 537
23 45
496 581
137 152
822 916
2 125
40 122
214 295
204 311
289 828
406 986
527 931
266 765
110 338
576 820
122 924
678 829
118 411
42 894
372 664
566 668
454 989
263 291
764 957
406 514
438 737
86 425
533 933
846 853
771 774
585 608
856 907
623 814
87 731
266 951
799 985
573 985
133 206
14 61
10 720
26 740
57 993
456 817
495 669
91 588
664 946
363 786
379 478
239 571
31 985
327 775
150 356
592 669
349 581
165 391
173 818
65 767
498 967
149 911
535 831
426 442
547 732
215 819
265 781
0 973
244 850
334 456
276 870
149 910
395 704
430 657
791 920
680 711
198 771
455 969
525 574
316 973
513 516
192 574
500 990
5 691
56 373
120 718
98 528
42 903
623 793
239 440
693 790
12 147
718 957
235 457
240 402
689 894
516 622
154 284
310 911
384 983
181 411
384 532
981 986
582 847
136 815
915 985
154 709
660 729
217 684
67 934
345 803
455 867
43 695
6 300
429 971
367 666
63 634
30 584
520 887
85 446
395 799
410 739
327 534
167 857
67 658
41 343
554 713
184 562
37 215
737 848
310 880
237 947
72 711
13 848
29 339
262 804
60 416
547 902
176 515
201 741
68 936
207 355
231 744
92 715
174 175
22 949
657 669
204 334
819 948
337 496
270 469
458 546
435 903
333 693
533 732
486 869
75 146
13 101
287 769
424 627
163 470
244 834
482 571
322 410
51 317
363 482
205 274
88 264
375 895
105 343
36 900
541 796
550 658
334 992
62 576
9 795
277 891
556 937
891 923
454 587
689 694
509 543
39 97
638 957
46 106
165 365
462 942
167 610
226 676
685 883
280 407
555 785
335 854
362 582
32 162
894 903
242 665
13 116
233 334
296 611
11 223
228 611
322 762
511 761
292 991
30 652
78 794
138 167
125 150
753 756
14 878
78 831
175 744
25 71
802 936
160 433
126 597
592 651
374 513
62 630
286 644
661 746
85 900
76 597
214 401
420 795
335 524
663 708
42 164
540 640
470 632
343 840
429 993
11 82
90 994
105 798
39 338
346 484
551 744
669 896
250 369
825 905
35 277
235 980
39 455
6 458
291 592
161 234
66 779
188 609
38 370
181 496
91 848
207 825
60 287
227 228
839 945
63 343
122 974
392 614
523 753
34 305
41 278
497 577
381 383
478 934
544 729
226 944
71 716
153 400
3 362
92 933
571 629
343 765
161 217
168 946
144 887
191 838
738 766
811 942
13 255
840 966
118 223
272 715
226 256
376 905
146 980
408 638
106 861
684 774
550 882
409 809
97 185
290 315
57 923
530 949
562 692
120 598
59 593
63 370
216 811
751 780
3 563
398 621
161 910
172 646
498 876
260 578
638 836
60 536
440 611
189 726
292 427
382 812
341 399
518 599
588 700
468 936
32 927
159 653
359 941
162 753
112 510
512 541
326 616
283 715
90 289
224 795
26 365
463 815
345 914
97 757
274 791
501 746
286 612
516 722
422 767
347 803
537 916
64 614
255 327
133 164
510 612
542 947
682 866
222 980
215 669
792 997
245 314
185 320
366 390
112 612
103 482
193 320
348 558
23 455
156 378
312 809
825 882
20 419
633 926
73 692
633 834
576 905
442 689
43 687
91 423
274 514
43 357
164 278
252 302
164 956
337 411
603 975
317 863
686 870
425 591
779 951
953 986
251 390
609 932
648 945
925 964
37 82
492 595
172 654
829 889
546 960
584 750
340 883
425 620
177 579
249 328
297 439
546 966
302 629
305 547
469 630
392 829
18 108
205 587
631 896
121 364
187 677
167 320
591 969
64 308
496 742
182 893
665 927
219 743
535 801
110 498
152 654
171 747
953 981
520 592
13 854
215 887
596 737
80 420
182 472
183 329
486 708
4 885
4 661
862 977
588 835
438 892
153 373
364 890
200 790
12 176
80 995
820 905
76 791
598 758
112 396
504 964
636 776
283 596
422 749
129 757
395 573
430 761
721 827
136 839
75 337
904 948
412 981
795 967
368 404
460 971
102 915
678 947
364 988
40 876
42 889
426 633
215 520
423 981
686 875
648 995
21 237
586 904
217 602
270 800
306 451
261 907
871 923
46 795
701 702
365 538
121 986
408 566
24 210
120 155
17 940
247 685
234 501
33 409
267 726
152 291
440 927
419 634
321 621
414 861
310 638
159 648
408 716
148 287
145 289
152 988
361 434
647 852
121 790
35 216
407 907
384 600
29 324
69 837
106 172
280 571
52 415
60 973
138 155
35 758
674 816
175 437
118 740
674 924
200 986
198 398
143 320
285 599
496 514
210 556
81 546
514 775
55 532
284 540
197 974
601 953
692 899
84 762
130 307
22 216
744 870
272 395
676 984
68 852
93 787
741 764
416 745
171 469
272 466
622 693
51 220
60 729
731 945
23 304
14 806
97 455
602 604
272 692
207 477
441 883
75 496
398 699
35 632
538 602
21 786
309 693
59 663
413 428
560 762
531 970
43 151
73 101
870 913
484 644
92 534
58 85
47 245
55 359
63 431
868 940
129 539
322 903
825 972
257 840
140 847
59 610
9 836
87 621
103 629
230 671
86 261
251 610
383 400
722 916
678 702
72 235
75 648
453 626
336 378
289 681
216 633
165 808
289 590
364 678
534 650
532 673
51 586
187 786
236 969
87 890
416 842
147 734
625 787
16 37
121 692
236 530
410 607
613 827
384 943
141 458
209 225
309 739
59 769
240 641
289 711
607 813
436 941
16 754
18 608
389 409
255 759
467 904
20 38
329 672
239 796
42 966
373 722
257 969
51 308
220 314
649 835
504 873
650 899
43 488
314 930
257 953
333 701
378 745
208 692
516 979
286 916
466 725
41 765
108 449
662 664
36 491
429 789
63 744
3 535
360 651
84 521
63 784
190 751
255 661
485 950
781 861
96 112
95 281
250 839
260 482
329 622
622 797
414 877
61 178
681 906
693 917
528 800
232 594
578 967
498 674
460 923
621 917
93 994
712 837
587 635
554 752
647 943
651 852
136 746
23 378
45 867
100 689
140 362
473 740
388 568
424 636
323 503
136 337
276 951
54 146
514 581
555 844
604 880
96 762
107 112
101 587
528 813
693 799
30 148
820 978
504 844
92 524
268 292
325 330
562 622
392 586
314 911
539 724
127 704
220 733
58 232
144 891
396 448
672 799
601 692
186 559
371 959
589 779
282 528
245 865
262 957
269 361
848 906
47 246
54 365
446 925
131 425
512 756
63 248
233 343
349 774
352 856
110 615
682 824
293 486
262 291
231 370
105 630
627 894
325 785
169 799
398 514
746 771
465 817
980 986
711 738
406 547
768 977
329 601
459 840
273 903
32 227
672 979
85 991
42 701
482 772
466 474
340 895
351 995
216 948
131 603
485 711
550 837
9 694
588 874
54 184
175 779
79 805
230 924
521 919
61 544
360 880
500 994
217 314
599 606
377 471
26 496
116 700
596 868
89 716
239 691
253 825
774 899
29 728
111 265
293 794
880 988
469 966
52 279
146 711
504 711
233 840
495 836
421 932
12 170
74 221
550 997
392 954
483 564
219 436
636 713
608 964
790 868
543 691
680 849
426 858
573 597
468 532
511 723
93 235
583 854
615 944
563 768
281 989
19 154
128 838
181 384
89 393
58 319
36 680
17 722
612 963
764 771
334 576
119 160
16 943
207 319
20 344
54 958
289 542
44 415
68 718
443 952
118 420
496 774
341 361
531 857
478 860
410 892
163 697
338 701
3 826
709 768
458 549
408 635
444 899
39 747
337 476
640 820
104 136
369 752
387 932
332 478
300 851
351 604
308 964
251 287
26 314
536 949
583 659
304 413
606 878
58 580
274 616
523 682
623 931
325 405
332 477
118 945
73 885
89 653
194 810
72 785
299 673
156 745
589 686
4 369
383 792
142 204
222 814
842 961
261 697
371 970
613 805
406 542
177 470
129 867
254 565
369 374
815 936
117 398
562 814
660 919
653 654
366 708
162 426
591 607
206 424
660 970
11 15
809 952
114 847
329 953
39 757
16 250
466 693
596 939
416 697
321 899
698 972
399 608
350 591
61 784
491 934
307 415
40 197
49 366
83 997
73 643
250 653
78 81
207 381
249 968
440 465
72 399
344 529
275 651
574 763
138 354
48 224
633 694
801 827
618 619
82 223
391 678
389 784
4 802
72 950
530 579
310 996
525 578
18 841
4 501
329 636
127 843
138 656
334 563
112 765
157 821
136 408
829 986
501 635
147 493
120 653
116 625
4 496
381 658
500 917
200 576
76 596
388 544
364 474
813 869
964 991
831 966
547 601
323 552
425 438
122 743
722 915
909 927
226 260
659 760
649 799
599 831
35 923
559 669
291 604
504 954
168 418
278 544
460 773
60 531
707 821
405 955
364 693
336 577
272 975
50 82
321 524
336 834
334 507
716 764
202 379
100 387
90 608
474 641
300 518
106 586
139 236
86 352
135 769
262 495
482 627
930 958
119 391
323 765
625 902
133 701
728 978
547 621
49 683
525 567
440 482
410 466
276 437
48 694
87 980
357 805
745 869
299 637
288 700
235 255
258 796
177 993
154 379
893 944
343 544
86 747
587 885
561 881
680 712
32 688
301 311
367 886
274 996
395 940
387 633
331 744
189 912
454 742
179 695
362 768
7 923
361 665
270 437
15 983
23 949
169 243
188 632
255 562
261 904
490 816
48 666
207 837
392 924
851 961
28 427
110 786
545 972
504 515
92 791
236 539
184 222
406 410
113 955
645 881
829 931
303 767
13 994
216 252
164 879
119 778
87 814
531 729
87 587
691 753
177 949
543 611
459 724
338 931
94 419
546 630
294 576
577 948
74 558
23 713
357 611
554 880
681 940
855 916
115 599
541 629
124 979
217 754
197 483
135 394
654 887
365 684
899 987
31 91
488 932
455 516
138 520
410 835
530 921
16 291
55 95
346 807
410 999
649 868
229 452
217 566
673 846
138 328
73 917
212 843
494 996
464 817
294 425
520 657
55 384
446 900
139 185
737 975
236 747
335 715
71 118
422 735
514 890
497 581
384 408
195 472
409 913
115 851
28 253
752 965
102 335
46 380
323 851
808 980
220 575
793 814
112 389
834 866
195 925
202 540
503 855
186 836
553 739
242 677
259 800
145 766
329 374
391 542
11 716
494 723
83 453
474 915
363 541
157 456
776 904
658 710
292 332
317 365
587 604
121 348
123 324
623 848
104 911
26 911
174 278
713 877
781 898
405 504
23 374
218 338
458 487
152 369
392 701
429 730
392 931
26 245
512 642
405 433
703 897
280 482
771 775
157 817
216 367
147 937
12 433
591 848
249 354
57 758
350 623
335 621
310 581
33 248
39 374
309 623
8 930
93 514
13 892
213 299
205 684
9 216
146 808
135 897
621 996
741 880
536 579
617 820
441 466
562 848
600 815
487 640
168 312
90 555
273 620
94 278
185 417
192 564
714 841
218 265
759 828
200 292
68 223
26 82
712 719
418 946
171 236
333 577
500 700
445 594
8 235
197 230
433 472
469 845
63 521
395 572
730 923
955 964
8 391
531 898
607 999
538 839
266 913
187 482
316 371
732 895
8 64
143 378
602 988
701 861
248 346
362 801
822 999
546 568
72 585
103 134
146 964
391 575
955 991
572 767
185 455
414 786
180 590
449 860
549 831
415 672
118 310
178 282
711 810
770 863
217 815
547 760
726 749
148 251
322 969
52 750
88 427
70 77
92 321
4 771
465 753
408 468
222 534
301 847
50 592
247 303
199 973
504 766
72 90
259 878
220 770
437 744
497 702
81 560
503 552
314 635
315 677
376 379
480 703
238 758
582 966
43 508
550 998
350 678
249 366
289 397
986 998
664 951
22 277
265 948
236 333
466 644
231 486
844 873
152 761
272 979
638 648
568 847
592 802
236 536
253 292
23 776
180 984
54 581
310 802
548 905
391 759
356 630
96 322
27 432
324 377
149 936
381 478
733 742
34 190
383 561
625 681
586 674
169 715
276 686
126 441
422 832
596 933
393 428
17 527
124 533
402 681
273 356
184 327
255 958
63 800
827 884
806 921
127 395
805 884
302 688
139 921
156 241
206 834
497 636
108 626
387 488
581 681
551 946
129 672
57 942
252 688
378 394
139 697
295 923
752 983
520 741
299 815
45 513
404 499
471 864
122 984
246 608
407 696
175 266
389 528
115 827
279 347
279 750
229 259
273 467
44 685
19 456
227 629
255 980
63 551
455 497
378 834
560 992
271 665
393 495
248 343
158 537
250 647
322 591
151 258
264 332
110 648
288 719
212 533
71 957
96 105
176 492
38 662
666 836
276 744
366 773
457 945
373 591
338 772
808 814
916 975
35 819
29 696
163 523
95 930
17 998
738 846
317 542
26 648
787 848
126 321
748 874
133 171
385 446
612 999
417 800
159 786
46 666
689 904
112 484
268 905
547 558
507 563
497 569
222 542
4 365
146 194
97 781
40 256
309 588
143 833
224 942
407 858
245 476
134 421
399 504
130 985
500 558
707 710
463 853
607 916
767 939
8 793
155 304
508 695
420 638
621 692
238 401
490 743
587 988
207 998
498 525
794 879
697 903
164 606
307 692
320 652
223 468
26 310
594 872
215 646
494 761
387 866
488 523
319 812
357 888
442 959
274 305
606 879
777 843
794 850
608 950
222 848
207 872
278 503
727 803
736 811
490 967
458 464
268 353
113 615
220 668
517 911
458 977
418 486
130 480
879 973
713 995
497 808
626 841
167 593
398 774
586 867
207 991
540 821
8 808
264 719
4 73
763 820
471 705
236 329
293 343
282 809
457 490
528 855
447 947
35 653
148 320
90 391
356 549
122 361
337 637
296 927
138 657
754 911
344 560
356 762
432 517
87 121
37 559
530 806
141 847
843 975
484 510
90 766
239 407
722 814
494 899
476 532
484 765
448 644
588 649
612 916
183 797
323 521
557 627
115 582
259 776
66 869
261 273
300 487
327 742
179 543
339 927
164 370
433 446
674 944
127 939
771 996
681 828
544 919
85 964
242 339
729 806
597 726
426 512
540 763
771 899
609 942
512 523
191 589
2 807
103 242
635 771
195 623
2 916
57 224
680 990
417 776
649 822
776 956
391 964
225 246
856 861
145 457
513 554
545 617
229 745
607 655
126 272
57 214
410 672
688 753
571 944
591 892
689 948
171 724
118 716
384 566
4 454
264 294
132 407
299 770
424 840
65 173
388 519
185 757
412 725
186 554
103 302
573 767
11 957
37 360
17 953
881 882
259 813
117 896
144 559
63 765
350 447
777 998
280 682
119 235
459 636
122 567
37 430
562 980
218 694
482 924
175 443
508 796
60 366
246 778
63 870
169 200
152 520
447 689
99 714
142 502
48 315
215 632
355 550
77 375
406 890
442 878
787 849
105 248
337 945
93 814
417 577
565 671
145 472
86 981
272 601
291 520
552 960
781 948
414 646
890 915
117 651
524 622
34 126
437 952
467 840
25 538
365 746
637 911
395 438
282 703
319 679
208 979
253 860
294 381
165 980
231 686
456 507
314 587
330 785
335 917
189 998
452 683
237 694
729 776
77 126
30 135
538 774
990 998
438 466
186 263
4 684
684 911
102 823
657 871
27 262
290 359
478 882
430 669
682 811
752 852
589 703
802 852
402 848
866 926
112 174
66 259
782 959
334 518
558 681
20 343
144 836
591 829
410 655
123 179
348 533
139 856
216 918
87 906
291 554
420 648
124 272
15 16
227 824
547 641
100 367
701 856
146 678
86 257
91 693
23 867
427 900
900 928
578 671
398 771
228 254
412 962
471 805
111 970
13 184
414 586
335 737
557 618
477 550
643 699
112 798
169 998
60 199
136 911
116 777
23 579
58 477
867 947
530 857
273 352
717 884
396 662
515 714
55 967
224 414
653 880
650 828
415 516
289 402
62 202
233 346
96 389
40 944
513 583
55 489
126 572
566 910
360 752
536 689
149 299
729 973
83 85
178 322
61 370
697 956
73 581
346 389
91 189
300 801
51 674
344 356
877 995
534 562
451 514
589 809
48 523
659 737
707 859
450 809
547 625
4 314
27 430
123 611
320 965
352 947
182 964
310 592
253 379
434 763
349 761
103 407
105 396
208 326
751 899
547 681
82 263
156 167
495 880
320 857
264 478
129 554
42 469
860 997
721 884
437 526
132 705
859 884
398 987
790 799
23 669
733 839
172 414
613 862
247 791
293 389
777 933
102 307
197 978
164 519
275 899
168 231
88 690
105 419
378 757
393 871
455 965
231 664
578 674
715 749
236 701
37 716
370 973
459 553
401 730
700 748
374 622
15 414
14 164
374 983
624 664
333 793
455 554
381 882
204 233
158 999
620 739
619 926
83 477
767 883
519 847
518 613
296 888
863 995
607 969
656 887
67 594
466 868
84 469
450 951
12 575
109 669
477 658
82 740
630 698
347 838
286 975
241 320
90 742
39 781
453 810
696 805
174 448
43 543
490 984
306 625
31 760
92 726
473 899
672 693
954 974
852 957
33 84
566 930
886 926
390 667
28 550
306 933
360 602
87 622
139 857
17 169
896 988
183 591
7 758
148 328
168 686
244 842
536 842
587 740
571 695
30 241
117 473
204 782
476 941
605 855
409 450
242 924
152 983
118 880
542 980
348 985
309 981
713 757
237 772
81 613
275 398
226 254
95 489
423 527
802 880
64 197
101 534
793 829
540 977
579 898
81 278
159 250
153 171
256 893
205 731
956 973
207 997
143 336
438 999
51 930
80 215
300 782
263 918
497 604
484 784
133 878
82 517
382 620
275 444
127 830
794 961
587 983
151 695
115 720
289 738
79 884
53 733
28 446
224 786
110 457
558 953
206 371
485 680
133 689
514 524
489 943
396 855
167 949
570 784
60 949
282 443
321 996
887 891
95 468
388 599
358 748
466 649
14 970
205 398
133 729
604 808
237 674
389 952
370 952
561 972
672 981
498 796
88 207
530 544
445 928
133 259
527 954
668 930
427 860
327 451
395 883
614 808
250 930
24 585
150 919
96 784
720 992
191 870
276 389
305 732
33 544
558 980
680 810
439 651
414 694
216 898
44 818
91 243
129 722
539 813
58 449
844 950
333 569
475 886
6 827
806 842
61 448
376 710
216 834
365 575
608 738
148 229
510 807
382 820
416 973
621 775
233 270
222 622
606 805
225 734
523 642
117 996
103 753
200 588
163 363
768 922
597 895
371 619
398 731
412 528
872 882
81 549
95 149
450 946
651 774
430 880
349 746
336 414
524 790
473 583
60 857
716 911
263 995
79 339
540 553
260 788
108 555
451 661
205 996
523 619
802 839
98 750
403 593
120 752
97 244
20 831
420 666
22 460
648 795
627 821
258 296
245 853
53 770
626 994
207 680
399 925
350 467
613 831
434 710
385 594
523 629
607 840
66 278
192 553
143 656
140 404
681 890
801 847
269 580
63 809
567 877
141 862
257 956
364 583
605 975
506 896
447 636
222 958
202 344
377 894
777 848
276 448
268 478
165 759
417 953
257 416
27 408
329 833
568 782
50 250
562 625
489 666
822 855
671 974
203 976
285 851
549 977
409 662
393 669
46 414
512 629
514 774
116 641
89 887
60 776
106 786
397 980
590 947
264 382
86 467
236 607
82 159
567 615
157 864
268 400
703 951
113 195
763 821
161 764
585 937
800 869
432 764
118 220
56 607
867 904
202 845
474 681
654 741
638 958
444 987
330 449
53 337
529 922
689 697
382 383
177 203
354 610
258 541
218 363
365 733
61 331
320 833
102 272
39 713
672 969
288 588
117 305
205 327
447 553
587 911
74 649
169 975
523 633
474 953
931 986
779 952
829 954
55 351
20 977
323 388
647 764
126 895
284 720
572 737
30 52
86 334
511 890
799 963
590 702
947 953
160 397
167 579
433 929
165 958
157 507
334 762
469 568
116 397
53 220
440 888
217 839
485 580
203 667
1 512
898 949
256 578
415 914
204 458
299 566
84 484
376 540
749 818
222 731
312 443
60 956
217 764
192 197
22 633
554 896
364 793
105 389
246 853
384 754
437 800
97 526
313 543
208 547
105 107
419 744
851 862
315 944
392 527
196 897
373 953
867 969
123 628
332 427
628 858
747 856
542 681
40 341
635 661
524 625
302 426
381 690
459 655
28 928
95 490
11 839
51 945
115 563
242 909
267 883
843 874
174 809
649 748
385 997
634 919
83 108
183 892
773 806
271 578
448 809
175 276
310 771
273 424
286 807
84 270
318 977
50 120
343 503
906 954
865 958
447 861
746 802
266 431
558 622
793 877
345 516
578 876
243 704
14 919
578 629
538 600
437 544
70 985
485 608
41 502
651 764
713 776
289 623
96 607
793 797
346 396
40 671
370 921
787 980
393 656
168 809
245 945
40 788
226 571
80 795
453 712
241 913
615 627
619 993
660 806
431 838
300 311
329 722
638 863
310 896
38 105
256 574
26 988
260 498
6 507
188 891
308 515
527 814
71 538
859 864
409 765
245 496
556 595
