1000 6000
104 188
844 864
23 124
286 647
169 801
422 926
417 630
329 761
247 466
198 299
43 422
238 735
313 440
629 889
225 707
72 833
154 394
602 969
151 714
741 868
307 679
723 787
899 935
91 738
166 656
717 898
421 565
117 481
311 424
171 648
154 156
380 459
146 252
491 564
259 425
6 501
682 965
497 678
32 720
14 454
33 212
606 840
239 943
304 347
43 926
499 554
1 88
985 996
156 394
658 750
37 212
924 993
414 470
529 651
755 790
28 611
84 721
715 928
620 913
339 471
179 199
450 987
549 574
370 562
342 880
881 951
608 669
317 528
592 731
405 521
434 780
34 803
112 495
148 187
746 899
146 915
173 271
231 532
115 430
307 376
891 965
174 244
95 461
29 527
46 661
445 673
344 670
953 956
663 687
12 533
179 637
160 201
377 599
342 540
453 634
98 269
804 890
664 666
676 810
358 572
73 685
370 665
211 665
279 402
839 975
183 715
682 891
510 699
33 37
110 667
506 770
610 865
89 194
8 476
280 522
170 646
540 880
653 767
109 142
361 921
477 668
461 664
22 914
121 457
300 816
337 889
338 596
232 891
590 722
25 621
71 147
246 727
855 982
385 780
151 293
164 740
261 897
415 606
5 879
447 729
230 758
155 610
167 500
6 854
252 915
74 156
486 554
116 915
147 560
319 950
604 674
513 849
501 854
125 270
49 886
931 965
441 699
119 859
299 399
14 591
486 499
277 664
808 831
201 648
291 950
316 636
476 608
74 154
304 315
492 952
106 618
132 829
228 283
286 367
739 917
327 900
186 855
315 925
246 494
2 872
226 876
880 984
142 743
144 224
237 718
174 964
32 641
45 929
303 626
33 704
177 787
138 842
58 332
190 331
173 313
272 335
220 298
203 450
869 921
102 684
59 994
90 873
479 547
576 683
74 394
177 723
190 845
478 504
293 714
120 606
212 704
258 322
125 852
141 583
188 396
146 867
587 630
304 925
218 306
376 679
441 526
135 571
95 664
183 928
624 629
592 676
216 543
660 991
52 670
222 348
100 726
336 771
76 235
48 200
361 869
16 989
265 351
641 720
476 669
746 935
24 974
546 942
128 251
329 856
104 396
71 180
572 983
83 570
472 711
747 959
520 535
171 201
13 20
98 375
198 399
173 440
489 937
363 774
337 495
530 764
270 852
496 860
184 915
152 896
219 527
373 878
566 783
823 981
315 962
367 647
297 597
682 957
358 498
383 576
221 366
417 587
240 693
382 791
573 775
95 666
261 959
124 607
676 731
385 434
252 425
36 233
896 988
87 644
199 637
891 957
70 926
348 887
229 384
70 759
462 573
414 888
196 359
55 789
524 567
255 335
609 623
597 815
337 629
957 965
53 494
224 929
57 838
82 340
28 846
101 564
107 783
59 593
18 669
66 516
315 347
223 272
580 691
127 792
43 759
268 813
282 881
327 843
182 523
386 430
6 605
478 617
303 987
379 806
495 541
869 931
542 601
18 476
578 795
498 812
532 823
155 865
358 812
115 774
600 887
657 916
624 889
37 742
598 655
530 944
395 708
432 970
410 660
761 856
562 665
519 972
234 824
145 730
611 846
116 146
556 594
873 886
276 858
503 666
355 712
157 286
356 452
350 723
362 791
897 959
105 736
31 277
232 957
132 448
712 773
118 362
291 431
462 839
507 514
192 692
324 899
493 702
119 183
102 550
820 980
858 968
512 591
3 411
116 155
876 916
52 894
73 181
116 252
218 895
332 659
304 962
69 540
232 965
355 403
107 520
643 846
86 985
680 827
101 491
572 981
347 962
378 883
447 912
23 607
346 563
114 289
171 962
190 345
18 608
413 517
569 602
157 647
400 949
360 925
275 537
683 914
421 746
65 779
637 769
255 272
49 600
376 513
31 290
219 403
233 860
318 918
336 574
15 672
103 397
93 457
517 992
156 532
26 716
470 888
152 482
632 968
376 849
33 812
128 496
358 981
282 776
328 665
400 726
386 920
38 591
142 829
99 640
90 147
93 121
612 638
506 728
19 987
51 579
54 265
12 910
310 425
50 325
287 672
273 582
570 733
492 792
76 703
474 548
305 649
69 862
303 450
149 490
379 835
157 978
274 675
104 651
203 969
682 931
205 460
94 595
120 840
291 319
62 128
38 512
18 443
86 266
654 930
188 651
812 984
755 840
731 810
57 133
867 915
90 886
53 676
523 805
62 957
152 988
342 984
158 283
263 608
511 820
151 972
822 966
362 382
501 605
139 517
134 619
148 815
669 698
144 929
90 560
150 570
324 652
13 488
232 248
38 654
431 644
147 748
141 971
497 918
437 991
76 294
891 931
369 948
235 294
244 509
331 976
172 444
642 788
186 390
647 690
844 867
583 971
81 166
602 635
759 926
338 479
277 666
70 422
671 691
147 180
50 924
330 419
415 840
422 759
179 515
240 602
605 703
719 757
454 544
50 463
97 505
248 957
849 978
206 487
461 666
365 449
373 522
125 747
347 925
438 625
811 978
120 415
685 954
280 701
43 70
598 759
15 973
210 865
146 844
135 288
539 896
277 461
607 989
602 693
624 930
600 873
400 988
213 921
383 947
235 501
94 791
129 314
435 751
739 883
203 240
495 629
396 657
241 610
217 702
320 562
979 995
864 867
174 649
146 184
742 840
650 832
65 508
489 671
27 454
252 259
462 975
53 567
441 510
780 901
240 969
202 663
343 862
654 834
745 980
504 617
543 967
393 804
525 689
373 578
672 973
743 829
148 597
297 557
704 812
841 868
113 486
702 754
64 866
454 591
858 985
275 770
65 178
71 560
403 527
753 799
285 627
511 745
250 435
249 832
122 178
436 643
228 744
469 643
73 954
776 924
392 801
495 889
536 701
338 922
180 886
443 608
31 666
479 922
591 930
184 867
244 306
480 970
290 452
539 988
568 971
69 343
835 853
324 421
522 878
286 292
35 134
244 964
112 337
20 488
199 769
202 912
662 722
46 677
241 865
38 930
155 241
781 883
734 903
220 818
53 592
518 826
36 422
482 988
214 835
360 935
558 853
361 936
331 845
494 676
324 935
86 276
215 489
174 895
271 313
22 729
234 431
394 907
389 537
80 800
500 738
493 692
175 712
37 704
209 929
421 899
92 126
442 662
214 379
407 465
493 754
94 942
184 252
252 867
467 709
435 632
55 945
60 966
193 903
145 488
264 648
369 595
301 501
259 310
301 966
465 953
285 659
111 254
64 515
109 829
462 845
375 940
51 254
211 357
682 786
247 828
589 763
39 314
391 906
161 408
67 257
415 704
453 455
160 347
895 964
51 163
776 881
165 194
58 148
207 659
95 277
626 928
157 292
418 958
349 741
533 910
20 277
252 844
203 602
85 534
224 411
563 725
110 460
50 776
232 682
648 922
212 415
214 758
655 759
292 600
333 409
81 656
114 803
80 817
286 690
430 584
355 527
875 983
227 374
285 332
279 677
367 690
206 615
616 688
53 731
14 27
669 994
306 895
490 970
250 548
83 733
722 971
104 255
848 878
219 719
371 680
271 440
462 775
146 864
83 130
233 677
670 894
331 345
395 551
211 370
203 987
8 18
566 737
569 969
204 711
169 392
232 406
526 616
34 508
231 823
188 255
182 668
4 561
143 539
693 969
269 821
786 957
469 687
6 235
345 976
133 870
76 605
861 877
565 746
541 834
710 819
277 316
578 951
255 396
555 873
212 742
169 367
74 907
736 982
560 994
211 893
70 655
276 985
216 967
448 829
16 350
834 930
361 768
429 819
243 850
594 917
211 328
710 788
353 533
585 681
206 390
156 231
243 509
448 743
330 418
18 698
450 969
333 731
160 648
592 810
969 987
240 635
503 909
221 553
600 886
736 790
170 453
399 881
83 771
811 902
272 396
385 954
806 850
167 912
146 425
477 951
39 538
782 874
320 852
465 901
18 27
498 572
100 539
588 782
190 944
729 912
174 306
537 770
155 252
299 881
416 704
9 796
137 784
307 849
627 675
404 473
641 790
290 503
323 484
476 994
699 857
360 899
776 951
481 686
441 616
500 990
71 954
705 819
29 219
248 406
642 710
363 473
20 919
22 447
186 206
629 834
678 918
649 934
50 993
276 968
587 790
594 794
588 874
29 719
31 95
444 510
16 835
633 936
381 515
288 571
856 905
436 469
434 956
509 717
522 536
813 836
101 561
141 568
694 908
100 143
508 803
167 990
169 647
160 171
31 664
313 339
540 984
745 820
295 418
233 422
27 77
253 294
707 741
91 500
8 608
71 886
45 144
516 524
324 746
83 150
69 880
33 984
589 764
976 995
18 454
563 634
125 959
766 997
507 621
113 499
111 163
54 351
428 627
789 945
524 859
68 326
104 529
133 657
189 819
420 927
18 544
641 755
292 647
59 560
359 815
19 172
365 443
413 763
557 793
610 879
346 634
199 515
153 757
280 373
297 793
504 973
336 549
65 110
724 784
199 381
52 344
177 350
115 584
130 570
568 662
494 727
57 870
343 540
522 848
587 736
295 559
97 782
132 360
197 317
285 428
320 370
281 637
346 453
46 284
251 496
348 600
463 776
14 512
178 508
8 544
136 526
74 93
944 992
336 824
304 746
858 996
753 863
718 816
358 983
764 944
188 529
328 357
248 891
350 787
680 945
865 953
573 932
733 756
109 998
288 838
78 122
86 996
36 926
123 455
135 838
48 345
150 733
407 879
300 718
59 90
513 978
444 834
17 181
252 864
317 840
274 501
284 661
36 68
100 400
263 669
168 279
12 353
430 774
264 922
127 492
181 685
730 924
162 903
617 973
512 654
690 902
167 447
130 771
742 790
512 930
380 850
639 776
535 771
0 567
444 699
663 912
613 642
455 658
647 801
166 762
450 626
448 700
455 634
11 104
71 90
153 773
160 464
661 677
62 786
593 994
179 769
648 962
324 565
443 476
287 734
429 710
349 401
66 567
541 616
112 541
36 43
301 854
91 167
827 896
794 917
169 286
93 640
493 601
35 619
207 439
21 952
419 908
484 599
328 370
389 770
63 678
710 732
714 972
496 777
305 895
325 461
638 760
282 951
1 302
584 774
0 66
203 626
313 566
182 477
128 364
69 342
157 367
317 641
466 828
113 433
240 475
42 945
171 922
480 490
518 794
378 739
26 138
271 737
644 997
268 334
305 894
211 562
576 914
17 685
453 646
464 596
469 611
63 497
223 471
280 536
676 727
333 592
749 768
306 531
603 652
172 624
22 683
576 581
31 503
115 386
371 789
291 997
422 860
163 831
370 686
140 837
49 873
309 807
399 878
79 661
340 498
574 807
696 923
511 980
232 931
23 989
878 881
195 778
287 543
514 946
66 524
156 907
764 961
196 546
154 532
378 738
640 974
635 969
97 588
74 532
316 356
117 686
135 809
312 772
742 755
421 935
244 895
190 976
349 868
419 694
124 989
332 627
74 231
167 738
899 925
604 745
341 458
825 966
87 389
187 797
453 563
355 773
54 898
203 303
280 952
407 610
174 509
437 980
317 606
129 526
790 840
16 853
144 915
28 785
792 939
162 193
353 653
63 318
367 801
565 652
246 676
235 703
24 640
21 387
344 894
535 783
674 745
547 645
11 188
798 998
377 484
179 381
88 285
845 975
171 264
354 952
793 797
43 227
712 920
778 824
363 584
267 536
132 935
726 949
446 798
119 427
388 603
109 743
155 915
335 396
254 808
275 389
150 771
390 487
870 874
104 335
127 511
310 413
286 801
594 642
49 887
6 628
606 742
223 335
633 869
158 958
892 928
9 120
393 406
106 885
433 793
437 660
527 719
184 517
503 664
374 655
513 811
512 834
283 744
315 360
19 969
624 834
8 593
371 464
269 375
147 886
212 812
186 982
159 837
465 780
264 479
473 584
177 220
657 876
534 831
63 613
586 621
118 371
62 860
439 659
276 888
164 406
229 295
520 783
780 954
851 875
506 585
691 779
223 650
91 378
665 686
150 756
222 673
219 355
235 605
172 834
473 631
527 907
721 947
720 755
616 857
270 730
713 725
161 911
541 629
52 579
605 854
266 414
732 788
256 724
90 555
98 821
599 661
901 956
212 840
325 919
667 995
1 375
457 640
234 644
15 841
36 168
607 864
49 593
612 760
465 956
397 405
201 962
8 443
84 947
1 940
69 247
674 820
47 967
441 444
556 613
184 992
845 961
79 284
29 907
579 670
571 802
37 840
700 842
350 989
11 705
516 859
555 762
9 840
736 755
223 339
326 459
222 887
200 975
107 535
337 624
279 311
317 755
730 993
218 239
20 664
328 686
425 844
175 346
878 951
315 446
116 241
233 926
101 785
100 955
74 457
33 742
35 474
10 273
105 215
195 696
201 338
212 606
795 951
132 925
135 456
800 811
266 470
560 762
367 902
839 845
679 849
338 648
440 566
46 79
629 930
12 301
120 197
368 716
188 335
656 762
274 605
282 299
426 830
218 244
292 873
246 401
568 722
169 690
596 680
284 814
107 566
217 754
421 652
249 335
860 926
56 126
7 933
974 983
157 690
8 669
4 245
606 755
55 371
75 631
474 619
741 841
495 624
394 532
219 757
180 748
128 860
360 746
216 287
477 776
530 839
677 877
329 905
71 748
76 501
79 814
317 720
432 765
382 622
921 931
61 481
782 847
572 812
438 841
303 969
459 850
451 948
278 757
20 461
187 597
314 616
95 325
241 465
780 956
120 796
556 642
950 997
358 823
434 953
73 385
310 844
10 582
69 828
19 303
415 416
242 955
532 981
305 306
264 910
661 777
30 547
843 900
585 770
549 807
267 996
154 907
93 99
348 673
44 197
163 254
441 857
297 797
108 637
416 823
53 333
34 114
635 693
129 397
430 473
590 662
494 592
53 810
180 407
478 973
158 228
114 508
460 478
254 831
88 375
565 899
921 936
70 598
463 951
425 915
737 783
437 933
766 902
828 851
949 988
58 187
307 513
187 557
56 289
547 922
308 321
112 889
28 469
304 899
15 504
41 756
45 224
753 941
129 405
417 734
73 697
341 451
454 512
13 708
155 425
310 864
574 771
22 785
976 979
537 714
43 233
43 860
843 887
799 863
755 796
267 632
111 831
31 452
343 880
590 713
146 259
358 704
243 319
525 892
607 844
83 783
240 626
142 998
736 796
60 798
218 706
611 643
443 669
115 363
27 698
746 925
144 411
494 567
17 530
509 964
649 964
180 465
277 919
626 715
661 814
630 734
172 569
768 869
326 702
560 748
87 275
601 692
160 962
69 466
330 694
155 259
145 993
0 494
24 695
9 212
482 735
477 881
257 724
11 335
207 285
62 496
552 846
214 558
293 972
9 298
194 467
587 982
241 407
14 544
132 899
196 815
569 635
136 885
652 899
578 881
28 643
112 629
116 865
925 962
380 766
198 881
19 450
267 968
551 708
626 987
592 727
262 487
704 823
526 699
91 202
736 855
764 839
380 702
533 822
775 975
225 741
652 746
390 855
53 246
113 149
146 155
160 294
119 715
31 316
11 249
434 901
52 531
168 402
59 412
414 871
144 867
611 687
222 412
388 904
213 706
139 504
172 930
201 347
361 633
311 861
239 717
116 144
163 765
311 877
181 697
90 762
754 866
17 975
522 701
291 644
632 751
925 935
167 202
336 807
933 949
29 355
280 878
707 868
113 352
690 811
506 537
981 983
316 919
37 40
799 941
447 500
21 280
270 747
324 388
623 659
237 401
58 659
161 236
595 765
233 279
539 955
301 533
304 360
375 428
6 301
632 848
434 465
64 381
479 553
12 675
312 535
116 184
220 787
51 958
443 454
776 993
160 315
88 439
148 797
44 583
348 445
508 779
747 852
22 576
459 950
425 864
201 922
132 743
116 867
511 604
97 538
168 677
260 906
424 861
629 654
608 698
202 557
65 667
595 948
605 628
357 665
476 544
112 885
239 898
476 593
37 415
204 766
76 253
680 896
342 923
207 687
698 994
337 541
131 208
277 503
154 231
569 693
276 996
450 602
82 615
247 342
545 595
465 865
353 825
160 338
325 993
110 205
117 959
311 402
727 750
9 606
845 944
639 993
274 854
251 364
807 824
406 804
223 728
9 37
590 971
475 635
853 937
639 924
720 790
398 452
734 986
197 606
593 887
504 979
187 623
205 438
290 308
100 988
96 580
507 586
459 702
171 315
90 180
786 965
514 586
226 916
14 38
11 396
569 591
829 925
173 339
43 68
634 658
479 596
6 76
212 416
538 905
203 635
564 785
241 915
201 294
33 415
348 843
149 499
308 398
234 807
444 541
31 461
372 854
37 984
156 823
40 984
648 910
294 464
213 361
649 895
246 592
183 859
450 673
139 478
204 763
552 611
244 717
352 499
49 90
11 947
356 636
34 178
88 428
187 815
528 641
775 845
636 652
62 682
494 707
177 818
467 799
11 189
509 898
431 950
210 953
367 589
573 845
400 482
336 535
469 846
201 464
533 966
786 891
413 504
245 258
392 589
148 297
511 792
373 536
139 184
859 932
87 431
306 649
282 399
617 937
326 493
262 319
169 589
89 467
729 914
513 800
150 582
608 994
435 848
171 347
17 73
451 791
883 917
705 916
215 460
776 878
585 622
602 987
311 496
174 218
706 943
116 610
192 493
155 210
931 957
27 512
16 177
37 606
491 846
27 591
259 844
323 965
118 382
174 934
108 281
244 649
258 826
39 857
463 477
549 771
139 413
68 601
89 165
373 399
360 829
639 897
290 666
743 828
6 274
17 200
224 830
233 496
41 674
323 860
611 663
125 261
110 995
185 333
37 812
33 40
406 554
242 271
393 890
183 427
85 633
121 278
668 730
522 632
184 425
556 794
162 582
160 304
869 965
806 818
304 652
578 878
593 886
119 516
325 924
679 748
515 637
254 384
153 355
156 981
785 990
89 411
216 672
834 889
409 625
112 624
564 846
339 440
47 772
611 785
289 803
500 912
633 921
143 726
728 770
14 569
276 470
844 915
835 989
4 101
126 296
482 896
547 553
143 436
28 564
90 593
500 785
517 944
276 414
157 811
447 785
616 699
570 756
413 425
282 668
17 839
202 500
690 801
5 610
152 680
143 400
108 758
175 773
44 671
743 842
235 798
594 739
110 478
688 857
668 924
252 310
894 908
33 416
456 927
94 545
266 276
383 581
761 905
472 558
62 227
704 742
200 345
30 645
52 305
14 365
113 554
58 815
182 805
875 880
347 652
363 430
747 897
22 28
796 840
455 750
389 811
625 995
833 863
410 991
14 18
283 923
361 749
513 679
187 297
368 875
21 701
6 703
833 976
137 724
108 179
210 610
541 889
528 606
235 301
618 885
292 555
429 802
105 790
298 934
369 765
581 683
93 154
326 380
544 635
574 824
587 734
87 690
383 683
141 720
26 842
237 816
209 224
285 439
145 924
239 895
528 840
294 446
402 877
36 542
62 364
276 632
239 706
353 767
179 281
511 674
292 367
331 979
322 826
261 747
597 797
206 509
487 615
32 317
77 512
338 547
398 949
10 760
147 873
148 623
72 345
373 951
253 464
5 513
243 806
438 868
781 890
818 853
934 964
364 882
287 841
292 348
68 759
354 701
668 776
491 552
94 382
318 497
717 964
399 951
476 685
237 707
201 315
62 965
174 305
371 945
222 593
303 871
445 843
71 994
357 893
318 423
105 973
232 554
54 717
301 910
557 597
202 687
668 951
110 625
587 855
543 672
309 672
556 781
279 877
15 287
358 984
104 272
20 316
326 850
550 684
43 655
241 953
495 834
333 438
342 466
704 984
129 136
151 537
282 924
378 781
606 704
628 854
415 742
651 947
215 671
227 422
125 897
543 772
351 379
350 835
589 801
42 242
313 737
38 449
154 640
77 698
740 890
791 942
385 901
275 506
213 936
90 600
351 723
489 617
68 422
311 677
901 953
132 142
8 994
517 979
639 959
580 671
219 278
406 486
267 522
152 539
110 779
474 612
529 947
464 680
968 996
139 979
301 822
197 840
889 930
160 922
49 180
312 807
475 752
59 476
188 272
161 344
478 667
414 525
780 953
9 415
465 610
485 977
565 636
183 573
768 921
14 443
73 263
713 773
612 684
19 602
312 520
494 810
513 902
830 929
148 332
430 920
181 385
62 323
149 970
63 918
29 528
242 933
256 784
151 519
139 995
534 808
142 448
431 749
98 940
57 876
517 976
267 985
811 849
248 682
416 812
46 620
591 654
32 442
330 958
29 403
392 961
18 994
401 727
117 261
266 985
721 884
462 961
772 967
282 897
402 677
476 698
8 635
792 952
264 338
440 737
56 114
58 196
509 806
247 540
548 619
498 981
359 597
51 111
116 425
531 670
400 539
393 423
477 523
312 801
530 975
444 526
225 237
234 778
86 858
282 477
373 701
976 992
154 983
341 703
788 826
212 984
626 892
477 924
214 853
144 146
259 864
532 704
250 751
462 932
345 833
373 848
41 391
338 464
297 815
541 688
217 380
351 787
800 817
968 985
409 592
263 476
435 968
458 696
130 150
27 449
36 860
347 746
262 706
777 860
369 458
77 454
173 737
184 844
248 965
277 395
309 543
677 777
407 865
227 323
7 410
309 711
409 438
119 928
197 528
510 673
572 823
498 694
668 881
13 919
323 931
218 943
16 607
733 783
216 392
21 463
816 920
320 665
138 743
190 975
354 492
231 394
472 982
9 186
100 242
554 891
15 979
46 233
444 616
39 129
447 663
35 427
540 862
565 935
275 431
214 806
361 931
254 579
864 915
345 944
838 870
246 707
442 920
154 981
274 301
608 685
8 685
226 288
201 596
709 799
187 659
309 982
346 773
144 184
140 159
208 900
869 936
204 997
163 808
91 557
36 279
88 302
195 369
56 92
677 860
624 654
134 427
95 321
832 990
57 226
168 233
268 559
812 880
570 771
240 450
395 503
567 676
806 835
317 742
45 209
717 943
203 673
299 951
898 943
272 339
125 320
394 875
397 521
80 226
626 969
386 404
658 727
40 778
313 471
248 393
460 667
116 210
469 663
323 682
147 994
275 585
32 755
87 770
290 321
434 954
293 537
345 845
279 424
399 848
543 549
55 680
587 755
419 579
0 676
373 881
342 875
59 147
389 506
922 962
66 859
59 222
180 560
214 230
225 868
673 887
83 535
231 981
131 843
50 639
27 443
572 974
287 868
649 894
243 717
240 303
41 582
173 242
74 121
431 997
28 491
558 835
828 875
272 657
821 872
235 446
92 296
485 813
148 557
164 393
45 867
267 280
548 639
222 445
170 634
227 957
182 461
123 300
445 450
344 408
550 999
164 804
227 926
516 567
494 731
64 754
219 907
41 906
321 666
258 518
413 992
705 710
528 907
424 496
697 752
229 418
81 412
132 324
458 923
215 736
198 282
250 897
340 696
108 230
215 617
711 763
36 601
120 755
88 98
304 935
380 950
49 71
77 544
223 255
95 503
630 986
790 796
282 639
800 978
316 395
593 600
274 627
613 788
599 814
5 376
60 822
28 914
466 540
25 586
50 477
79 599
93 394
300 658
394 983
447 990
243 262
452 645
169 204
514 621
498 984
184 864
180 954
333 625
160 596
558 806
35 516
974 981
420 761
84 383
90 994
3 901
202 738
110 178
59 71
322 518
1 428
154 974
31 260
580 779
858 888
243 950
819 884
34 289
247 875
486 740
459 766
36 677
116 929
292 843
19 136
259 915
393 882
15 478
466 923
33 358
267 276
61 117
305 531
410 437
318 678
36 759
227 655
568 583
310 504
399 578
402 424
726 988
25 507
215 796
456 571
52 908
272 471
406 891
133 838
235 854
171 910
655 926
523 668
27 544
129 616
230 468
205 625
145 550
573 975
203 693
266 521
284 877
604 820
501 703
213 869
248 364
473 774
115 986
171 338
238 482
247 923
491 785
218 305
218 531
250 261
270 959
292 327
428 596
32 790
595 942
89 863
600 843
433 545
551 636
193 774
359 546
115 473
35 66
560 886
47 208
0 810
671 937
86 354
0 53
371 827
379 853
706 717
324 603
27 365
787 818
351 964
168 913
317 790
674 906
178 667
186 487
472 617
105 755
277 325
487 778
548 751
404 430
243 487
241 901
740 781
92 409
478 979
192 199
20 708
869 891
136 266
488 730
74 640
454 569
282 878
687 912
65 114
234 336
524 932
303 602
241 252
266 871
674 756
143 302
800 849
454 635
217 459
211 686
405 885
72 863
280 354
375 627
25 847
573 839
108 468
425 763
347 648
510 526
32 141
284 677
78 833
88 940
149 545
544 593
25 857
57 657
730 852
665 893
740 804
227 759
340 812
225 494
152 827
172 969
496 677
424 877
292 887
273 756
445 887
641 742
119 932
171 304
133 396
401 707
863 941
865 879
73 780
461 805
427 928
102 747
865 956
168 620
306 706
387 463
727 810
596 922
944 961
180 873
365 454
178 625
76 274
64 601
169 312
45 116
656 809
3 224
132 700
205 349
556 788
528 742
511 906
187 332
396 651
68 493
429 732
42 896
137 559
259 763
118 791
672 841
206 243
328 562
27 38
706 921
11 819
263 685
553 940
342 812
692 898
858 871
704 840
654 889
40 212
241 992
358 416
126 191
220 723
3 144
72 976
812 981
3 956
83 737
56 191
190 530
139 992
19 444
594 788
263 954
139 667
542 759
705 832
263 443
5 407
16 723
181 901
446 962
78 995
501 628
38 834
100 949
351 898
315 746
1 98
196 597
374 972
416 498
293 519
498 704
204 902
190 200
33 498
560 873
379 818
143 988
297 480
432 490
188 657
557 797
775 839
277 290
86 267
316 452
377 777
311 777
310 558
331 995
342 343
541 624
548 959
314 526
332 675
215 937
632 858
739 781
209 830
10 388
28 687
54 692
344 531
582 756
155 879
562 686
62 248
573 859
148 196
549 772
213 262
395 664
181 200
171 446
53 438
118 737
470 525
973 982
662 971
606 790
39 441
108 515
606 796
164 890
69 851
181 780
530 845
170 563
604 689
820 906
460 779
489 796
126 289
345 992
610 953
14 930
854 966
287 741
310 711
1 285
339 566
173 471
181 954
0 61
412 847
348 593
666 805
62 251
16 937
717 850
250 619
406 740
66 134
201 446
472 973
3 241
528 720
98 627
141 722
423 890
645 735
319 459
204 472
879 902
871 888
463 881
130 336
664 805
898 964
147 762
571 809
65 205
442 590
147 954
201 264
71 593
8 59
59 873
873 887
33 840
68 233
633 931
613 710
563 773
286 978
463 878
306 964
208 689
59 886
53 524
475 693
119 573
9 755
573 715
139 310
58 627
652 935
427 715
189 705
439 469
519 598
153 712
182 488
287 967
932 961
704 981
184 241
641 986
484 931
379 558
154 823
377 661
251 424
133 876
483 497
325 463
116 259
401 816
172 591
174 717
244 706
510 857
104 657
250 959
20 325
902 978
657 705
447 914
247 880
148 659
672 734
850 898
718 750
599 777
425 867
58 675
660 960
666 909
795 881
639 747
423 556
566 622
93 156
291 749
146 310
165 426
432 595
862 904
62 891
9 33
449 591
248 882
732 826
172 602
128 786
196 372
31 356
347 899
156 983
357 718
271 339
136 405
149 554
570 582
621 857
569 930
217 614
813 977
777 814
456 874
498 696
296 727
403 712
33 606
764 845
250 639
604 906
13 277
589 961
310 763
797 942
444 512
8 454
109 253
681 728
385 685
241 956
172 512
404 631
42 271
325 664
818 835
192 379
233 661
127 260
273 570
351 806
109 132
685 697
301 446
28 552
593 873
422 655
201 304
492 939
353 675
237 246
18 77
355 757
234 291
154 875
504 517
765 831
567 810
183 892
39 616
733 737
505 538
11 651
162 549
479 648
71 873
220 934
131 892
413 944
53 727
475 975
460 617
172 629
121 219
75 123
723 818
630 790
59 669
314 688
607 867
122 625
13 316
300 634
14 449
41 47
689 745
756 820
298 818
149 486
243 291
259 558
570 789
319 431
323 943
417 903
386 584
315 648
528 755
235 998
355 719
99 457
334 813
323 957
751 968
46 599
328 481
205 868
386 712
886 887
277 636
158 418
123 893
120 317
355 920
489 691
238 645
204 690
13 636
557 623
372 675
5 679
320 747
248 786
443 544
68 926
453 658
68 692
539 726
562 852
377 814
532 907
58 274
61 619
259 610
388 448
173 566
271 566
331 944
522 952
500 663
252 610
658 816
166 412
564 611
184 413
207 332
206 818
243 390
472 855
237 300
348 873
272 728
42 680
682 869
305 344
279 496
105 587
139 976
463 924
133 916
642 705
558 711
12 966
647 978
694 981
227 232
269 872
262 291
50 461
438 741
259 413
754 758
46 913
352 890
335 832
149 432
298 796
298 615
303 525
164 486
222 600
285 375
117 747
538 660
255 339
560 593
711 973
636 919
120 298
245 518
300 455
213 306
409 731
190 462
249 729
213 218
45 146
506 681
190 839
157 849
168 542
461 919
77 412
275 644
270 897
700 743
62 232
172 541
406 499
175 920
9 855
365 591
829 998
346 725
140 189
587 742
394 981
652 925
154 457
555 600
352 486
27 669
125 730
549 903
213 531
333 676
90 748
197 755
121 640
875 984
282 730
54 192
218 964
744 998
290 398
310 517
674 689
28 663
822 910
78 976
152 945
601 702
839 961
417 982
359 372
120 212
315 899
255 529
347 922
133 728
17 901
390 997
395 636
78 625
58 285
9 615
690 978
3 992
117 328
715 892
95 805
572 875
141 662
446 925
630 903
94 546
15 216
596 648
390 472
184 310
19 569
468 515
388 652
111 808
119 524
484 943
351 717
591 834
751 888
491 611
423 804
183 932
52 82
736 973
721 837
38 454
105 460
420 847
576 947
317 415
255 313
425 610
960 991
420 782
280 848
245 561
348 555
290 356
105 982
42 988
440 960
353 966
440 783
1 439
812 983
2 269
20 95
242 726
202 447
32 528
43 598
44 141
290 645
160 925
316 664
55 464
208 843
57 916
240 569
364 957
46 777
675 854
156 640
40 880
127 906
396 916
249 383
303 928
105 720
681 740
153 713
175 300
309 392
153 278
49 764
324 925
31 321
37 790
93 219
190 961
596 827
379 850
481 959
673 987
428 827
14 77
246 810
556 917
244 898
255 651
471 912
11 272
822 825
530 589
267 701
231 457
13 145
806 898
305 670
319 850
349 707
198 951
14 635
97 874
485 836
226 838
194 411
944 976
257 628
415 532
717 806
197 583
45 915
267 858
381 637
310 617
59 762
601 754
73 608
456 588
903 986
280 632
634 816
172 495
87 997
400 896
216 772
701 952
286 902
266 405
286 600
307 748
685 752
21 492
713 757
227 860
299 878
260 919
717 895
279 860
347 360
644 950
9 742
530 961
634 646
439 872
312 549
94 451
839 944
747 993
413 979
508 941
456 838
193 904
358 694
335 471
641 840
435 548
167 729
213 633
367 978
509 818
196 605
418 419
60 301
57 288
48 190
533 825
18 263
201 910
647 902
667 779
249 650
416 981
300 750
871 985
312 336
422 496
302 940
40 195
496 926
498 983
896 955
437 745
98 285
129 441
626 693
46 814
107 733
127 952
249 447
112 136
128 957
537 585
233 323
442 722
294 501
31 919
552 564
189 429
162 967
305 964
628 703
727 731
114 178
502 955
341 744
68 943
112 172
527 712
567 859
490 499
366 553
439 687
896 945
129 885
260 325
0 246
458 948
65 460
644 690
12 822
207 663
850 950
37 755
533 767
481 619
344 579
313 783
340 615
260 511
7 726
196 942
376 614
23 281
812 823
94 948
250 848
636 708
251 860
412 994
327 348
74 219
251 311
18 365
684 747
52 649
670 908
157 902
515 866
294 703
40 812
534 633
178 803
587 986
364 786
504 711
162 760
5 865
726 933
518 594
227 965
436 539
406 957
204 801
61 328
390 982
302 539
190 992
519 800
123 453
122 995
235 253
796 855
24 99
99 974
554 869
232 869
240 987
155 407
557 609
287 903
395 666
478 995
603 904
658 718
762 809
310 472
176 308
243 244
320 999
595 791
278 403
304 324
475 839
527 757
235 274
482 949
572 984
21 373
19 203
310 853
208 892
149 480
301 675
86 470
95 290
167 650
17 954
484 682
467 863
314 397
71 685
236 344
608 954
105 672
36 70
156 457
152 596
395 909
427 859
739 990
417 986
202 793
529 581
526 541
40 540
23 108
954 994
454 476
764 975
0 524
762 873
319 749
374 882
680 789
217 493
205 779
41 273
142 828
44 215
321 503
642 832
418 559
103 405
586 946
725 773
84 884
208 327
544 669
100 896
373 795
279 926
581 914
594 781
484 965
415 823
20 395
75 404
730 747
385 956
288 809
319 706
200 839
486 768
271 502
625 667
206 220
495 616
249 990
472 853
225 246
401 741
394 640
75 300
509 850
738 739
154 572
351 509
183 626
54 913
20 145
470 871
172 987
142 466
933 980
10 904
716 828
495 885
602 626
255 440
394 823
116 844
739 794
20 636
337 834
627 659
19 526
5 902
243 898
25 514
203 445
343 984
261 481
461 503
262 749
146 241
728 876
455 646
216 309
190 979
627 821
49 59
265 723
103 410
163 958
392 763
853 989
206 855
59 544
413 589
540 923
45 830
386 473
22 611
403 757
915 929
117 548
785 914
534 970
610 915
70 542
238 547
138 829
853 864
572 694
543 734
269 940
39 526
222 555
809 838
177 298
241 425
107 440
113 740
184 259
141 197
175 355
86 414
621 847
501 966
432 480
156 572
568 590
94 362
462 764
432 534
270 282
295 384
165 411
246 349
207 469
476 954
276 871
316 551
350 351
644 807
33 880
195 340
915 992
346 712
246 731
290 664
714 768
69 875
96 607
329 420
47 131
501 675
9 220
195 948
334 485
746 962
852 959
175 816
309 472
116 224
401 718
132 388
103 521
197 720
663 729
132 746
389 690
301 353
225 638
272 650
519 714
9 790
410 933
482 539
407 589
415 528
167 663
471 729
466 880
210 956
352 554
571 838
108 199
167 785
92 289
279 422
674 980
383 914
246 750
92 568
83 336
406 890
845 976
561 564
554 931
144 252
164 293
288 817
21 354
303 693
615 934
240 715
104 947
108 769
61 686
152 400
255 471
156 974
585 728
138 700
20 666
11 255
355 386
260 452
275 749
623 815
153 403
757 773
601 759
292 978
275 291
403 719
218 717
421 636
60 825
264 547
122 667
31 325
22 383
57 80
368 983
19 871
513 879
12 274
383 721
155 184
255 960
572 704
186 615
316 708
180 780
695 974
160 446
567 731
425 517
448 935
186 796
215 691
232 786
773 920
351 818
448 842
919 993
557 738
122 753
213 484
49 348
664 919
818 937
319 997
150 535
64 192
983 984
68 542
13 395
49 147
469 955
5 307
614 800
672 982
69 984
177 937
35 548
223 832
244 615
367 811
268 836
806 853
401 494
520 566
749 936
332 623
422 542
433 681
203 475
264 553
944 975
533 653
327 445
42 827
275 714
314 857
436 846
380 493
358 532
141 590
204 309
296 658
244 305
64 199
531 579
381 938
332 821
376 978
309 973
78 331
335 339
82 649
505 782
32 662
370 852
237 750
129 521
243 706
335 650
543 903
102 993
518 788
980 991
865 915
186 472
542 926
411 929
261 270
250 474
546 797
136 441
471 650
11 657
133 874
349 438
417 790
844 853
72 78
639 878
192 769
845 932
156 358
745 991
391 760
424 777
713 722
299 578
42 955
384 579
407 530
360 962
338 680
828 862
738 990
113 681
394 974
382 451
291 487
342 983
474 684
431 824
253 703
526 857
838 876
560 954
633 808
270 320
380 997
706 898
412 762
232 486
94 369
266 888
54 964
673 843
21 522
300 346
224 915
207 827
430 986
285 821
166 560
597 793
282 993
76 464
386 527
705 876
634 750
477 795
155 230
440 471
0 516
28 447
829 935
50 668
208 525
503 645
346 646
730 776
197 415
510 987
66 119
525 987
444 495
156 704
29 386
356 645
598 926
742 984
51 808
450 525
207 502
601 866
362 451
540 875
175 404
37 416
50 95
479 645
172 510
533 675
498 823
710 884
128 777
443 635
314 441
145 270
796 937
169 763
64 493
244 934
150 772
827 945
230 259
287 973
11 832
34 65
630 982
895 943
424 677
160 253
82 531
323 599
41 604
470 604
530 992
771 824
12 653
140 802
342 696
112 834
368 974
149 433
274 372
614 817
117 370
417 855
81 847
87 291
547 735
280 492
407 886
584 718
275 950
210 241
442 720
594 613
525 626
103 939
51 831
519 655
265 964
343 630
138 142
558 766
466 875
112 618
67 628
187 793
447 687
117 619
190 775
685 780
551 565
6 372
265 787
60 446
87 537
460 973
642 819
40 630
446 648
669 685
288 876
446 998
378 917
173 255
48 181
40 417
147 593
64 179
326 692
42 789
444 624
544 994
206 298
35 751
55 356
150 273
294 301
71 780
232 374
668 993
23 769
87 520
312 771
362 371
205 741
148 359
493 850
298 787
584 986
525 604
188 947
749 921
70 227
880 923
124 281
262 921
318 613
30 479
109 448
385 465
304 648
99 121
88 207
245 322
112 526
743 998
225 401
864 989
237 584
73 476
29 712
414 858
249 947
59 555
544 608
157 873
149 633
248 804
695 981
230 754
771 783
65 625
29 920
170 455
16 787
389 978
368 828
50 951
445 510
396 588
22 249
537 728
315 935
82 306
29 757
483 655
407 901
94 797
563 646
182 664
226 657
71 465
42 949
168 938
186 736
174 615
157 555
376 800
303 892
105 796
120 742
98 428
83 566
394 572
594 883
319 380
277 708
507 834
27 608
244 262
408 670
451 458
558 818
145 852
443 698
156 875
185 524
546 597
80 838
838 916
178 779
75 175
778 948
260 820
166 809
324 360
630 736
223 396
212 358
446 822
73 752
579 958
517 995
563 713
200 845
472 937
347 603
283 958
249 272
185 567
444 930
565 708
39 905
68 702
483 678
135 802
170 346
83 107
199 281
961 979
88 269
461 523
775 932
692 702
17 752
195 458
223 681
415 755
785 846
80 288
233 777
30 551
416 532
491 561
59 698
396 529
20 31
292 886
42 737
304 421
647 811
276 751
490 534
198 578
729 785
408 911
51 384
413 711
417 736
367 600
521 885
263 697
626 871
544 591
669 954
192 515
181 752
271 471
547 596
12 627
417 574
11 529
220 796
53 185
593 669
709 941
530 901
483 918
118 789
539 827
672 868
281 769
335 729
569 624
518 917
153 219
880 983
172 889
574 903
229 419
218 649
108 124
790 986
488 993
472 504
617 711
240 928
103 176
249 705
545 622
296 401
49 292
18 59
445 900
535 566
505 991
750 816
445 987
374 406
384 408
40 342
5 849
190 764
349 662
591 624
252 865
28 683
206 244
268 485
263 698
412 593
139 617
488 919
265 898
144 209
15 617
153 719
410 538
186 818
87 234
494 741
394 457
422 598
466 743
477 730
15 868
468 758
459 997
763 879
116 864
743 862
24 485
502 687
559 813
330 579
432 546
49 530
37 120
57 135
137 977
232 499
851 880
12 767
399 776
91 912
43 323
188 588
507 688
517 915
44 691
452 503
58 597
100 436
867 929
353 372
111 765
340 416
286 589
862 880
371 596
6 798
319 326
392 543
261 639
549 824
346 455
401 658
555 886
157 513
44 489
510 616
791 797
766 850
290 316
107 313
125 370
286 811
74 823
528 719
182 924
829 899
723 835
112 616
429 705
132 304
150 336
288 916
554 965
151 374
179 192
480 597
955 988
501 798
187 202
9 736
484 706
43 496
600 647
715 859
23 637
462 475
222 544
346 816
163 579
357 370
215 478
155 953
59 348
242 949
544 602
95 919
142 862
24 981
633 831
416 606
144 830
204 367
482 645
294 315
164 714
520 771
383 529
237 727
945 988
192 754
367 763
459 493
450 510
639 848
108 214
309 549
888 892
544 698
22 912
581 947
114 779
39 699
28 101
168 877
274 332
86 968
111 958
198 878
374 519
692 754
310 867
327 647
204 392
609 663
118 502
396 705
487 509
407 953
20 182
353 854
259 867
131 928
225 287
374 598
154 358
65 122
134 474
829 842
372 501
412 555
123 634
774 862
620 677
16 23
536 878
338 428
233 402
50 282
267 354
502 912
266 996
9 206
504 995
239 484
390 818
661 860
37 587
849 902
630 742
192 601
76 854
444 857
404 920
709 863
210 468
310 915
46 877
88 627
504 672
425 558
189 916
262 950
17 764
707 841
895 898
203 569
548 747
316 666
447 611
766 950
451 595
433 622
16 818
32 105
449 454
85 490
570 783
499 891
252 413
196 274
309 312
5 155
463 952
102 145
509 615
187 207
438 494
294 998
113 545
901 954
64 542
442 773
260 356
828 842
27 476
293 678
167 832
589 944
115 920
498 923
335 657
76 301
545 749
167 378
17 944
177 835
702 850
711 982
182 730
323 891
747 924
43 542
48 72
465 748
463 668
329 538
4 990
441 541
241 879
690 766
174 898
373 463
776 897
301 798
127 939
379 758
442 641
720 840
74 527
202 609
231 907
389 644
358 875
286 327
3 915
1 269
324 448
921 965
18 593
43 62
881 924
226 678
46 168
537 972
454 602
3 953
347 935
13 664
21 578
29 317
16 124
304 446
85 808
525 888
538 761
488 708
437 820
567 592
295 958
583 722
58 623
253 371
132 315
125 562
335 705
142 247
463 578
609 659
845 979
488 924
528 790
278 719
763 764
192 758
774 986
2 821
393 740
844 989
462 530
502 827
147 679
80 978
700 829
788 794
768 931
146 929
446 966
613 705
296 634
200 752
733 771
541 654
726 955
0 225
579 908
117 250
326 898
77 586
59 887
555 560
306 509
323 377
556 739
847 874
17 48
505 660
397 410
536 848
375 821
325 776
443 449
105 868
301 605
214 259
369 451
360 448
675 910
43 374
340 358
158 923
768 936
628 724
460 504
347 446
150 549
48 975
374 759
239 306
427 516
80 519
502 663
197 796
692 717
245 917
19 112
556 883
193 734
312 574
522 578
212 755
316 503
211 320
339 728
509 706
332 815
420 456
192 214
10 162
342 358
25 420
796 982
14 602
454 669
358 880
9 704
475 602
243 997
791 948
294 605
798 966
551 645
570 737
313 960
466 744
185 731
136 871
59 600
389 800
406 965
781 917
607 835
315 829
36 913
516 932
127 604
46 943
55 603
451 703
456 802
352 804
79 236
282 463
351 835
749 950
237 658
37 880
786 931
304 565
86 871
766 811
146 610
286 873
123 346
827 988
266 858
271 955
30 238
611 914
461 488
573 961
171 479
149 352
92 114
252 517
194 863
331 775
531 894
105 641
19 626
212 498
0 707
454 698
138 716
358 394
477 993
107 737
158 744
308 452
93 907
65 803
187 609
162 574
204 558
40 742
117 474
190 517
112 444
407 763
3 184
692 913
527 528
205 667
122 833
412 656
370 481
105 617
732 884
239 244
519 817
368 851
642 732
883 890
433 797
732 819
222 873
58 359
14 172
330 908
484 921
448 899
694 695
696 958
136 987
256 628
848 897
86 106
299 373
494 868
169 902
454 608
16 864
6 966
423 613
90 292
82 195
512 544
339 622
509 895
247 743
838 874
120 790
888 968
311 860
241 259
215 973
255 657
88 659
309 855
272 705
584 920
465 879
6 294
264 962
719 907
104 588
272 832
342 498
683 785
134 516
333 810
324 347
143 896
300 920
507 946
96 989
151 164
294 798
327 887
923 958
277 452
335 651
407 764
109 341
189 837
331 961
684 760
603 925
246 658
16 379
172 654
716 842
343 851
432 831
248 554
493 542
625 841
412 544
481 548
464 648
703 942
554 768
650 990
310 478
177 853
205 841
335 529
155 465
340 694
350 379
204 589
130 582
618 985
630 855
51 418
680 988
667 979
130 733
77 591
120 704
690 997
91 793
454 930
83 756
505 588
532 572
643 687
218 484
939 952
540 828
367 873
25 946
164 423
903 967
555 870
262 361
228 724
517 763
13 565
62 422
266 885
582 760
526 885
456 782
543 574
433 585
542 866
64 692
924 951
136 521
294 648
352 490
124 864
713 719
507 654
386 774
437 960
349 568
546 605
300 453
8 263
781 804
234 997
145 747
616 834
555 978
527 920
871 987
247 716
734 741
588 870
220 615
236 911
67 724
59 608
142 842
456 916
403 907
110 122
540 812
246 741
139 867
419 670
343 417
401 750
90 887
831 936
458 744
8 698
439 643
499 740
8 752
771 807
615 649
450 635
194 426
201 925
186 220
87 535
432 942
227 972
475 775
325 666
500 729
305 934
200 530
205 568
132 842
923 983
287 707
917 990
128 926
557 815
790 982
57 874
265 350
93 278
823 983
203 928
161 670
157 169
209 210
33 823
328 893
423 781
24 983
657 838
460 625
171 294
87 811
36 402
133 588
91 739
280 578
794 826
213 931
529 960
579 694
113 490
689 991
32 349
398 980
797 815
91 990
201 479
95 182
177 351
38 624
599 943
20 993
589 647
105 734
323 786
3 89
438 592
291 459
333 494
151 768
262 509
548 897
248 374
263 994
157 389
552 643
132 138
304 603
66 619
483 598
450 693
622 791
763 801
444 987
82 498
343 774
548 684
508 667
687 729
745 792
250 632
657 728
31 308
36 46
703 744
85 831
69 743
593 608
323 422
117 897
474 751
19 441
264 596
284 620
19 510
40 587
246 567
910 966
189 802
342 572
304 922
819 916
886 994
312 392
762 994
110 139
200 775
176 939
234 487
342 828
287 309
736 840
52 340
706 895
277 356
52 306
74 981
283 466
463 639
53 409
75 473
896 949
31 636
299 776
399 897
512 569
384 418
177 989
260 290
72 89
372 628
512 624
233 759
673 699
233 943
30 922
8 73
748 886
593 685
168 601
120 528
215 755
157 870
130 574
352 781
185 859
303 414
34 122
133 226
98 872
237 494
8 14
226 817
262 306
80 811
172 526
414 892
495 526
11 383
286 843
258 884
664 909
463 993
500 611
227 682
348 412
41 150
73 434
93 403
284 777
394 704
96 691
71 385
392 764
466 862
146 607
465 954
110 508
555 849
62 926
40 343
73 901
105 741
342 862
321 664
133 272
124 844
90 348
320 328
180 434
438 460
104 189
259 879
550 919
923 984
3 116
672 736
444 629
696 812
157 600
140 927
664 708
378 500
253 341
26 828
572 923
145 668
77 81
243 459
53 707
345 975
456 657
44 796
404 712
31 395
275 768
300 357
738 883
550 993
239 964
118 680
374 957
392 711
303 715
752 975
79 377
382 545
321 387
12 854
19 624
261 548
486 869
227 891
685 994
32 986
326 717
236 305
42 371
687 955
573 928
375 553
543 807
841 979
544 569
38 365
212 790
231 704
413 478
225 349
367 392
50 881
17 780
720 736
332 439
415 812
243 380
68 227
126 409
312 690
33 340
265 379
587 641
332 428
249 255
521 939
234 574
107 900
455 893
399 522
172 441
188 189
206 262
645 922
370 747
469 914
545 936
39 397
94 432
46 860
0 727
312 644
719 773
687 846
748 954
352 740
354 521
183 775
423 918
110 438
654 963
180 901
493 866
120 416
44 120
494 524
944 979
106 266
192 898
531 649
247 862
54 239
828 880
660 933
635 752
597 623
475 715
228 923
515 769
476 635
639 881
193 986
841 973
171 596
21 878
122 508
604 980
289 508
97 960
505 960
17 49
447 832
331 833
224 867
110 979
360 446
569 987
45 252
131 183
247 851
323 496
373 776
208 674
68 323
463 795
585 768
173 960
748 762
109 466
324 636
81 762
515 758
681 770
758 835
278 457
189 657
245 990
460 691
579 894
246 296
554 740
188 960
212 823
86 888
331 462
482 547
131 932
474 481
317 907
538 857
401 662
171 925
272 313
326 601
260 277
531 895
499 804
163 696
650 681
659 821
850 997
385 953
219 457
536 632
285 675
49 839
349 494
681 714
655 972
273 789
401 442
362 797
178 409
128 422
90 222
70 860
549 967
282 959
427 892
60 854
387 795
661 877
42 152
139 864
29 442
470 858
106 985
115 851
442 712
316 652
763 902
808 936
151 275
341 998
644 824
225 841
175 563
605 942
350 818
486 891
291 390
625 979
200 944
436 955
362 502
606 641
554 804
32 568
13 461
115 404
365 608
620 661
65 691
18 635
723 989
554 682
912 990
92 349
7 242
186 298
30 553
299 897
358 974
227 931
535 733
292 690
52 419
67 111
513 614
790 855
458 765
70 233
439 623
256 257
101 552
333 567
694 823
4 785
354 939
183 462
372 605
693 987
69 142
464 827
9 416
71 73
118 827
152 338
280 463
875 974
452 636
541 930
715 775
46 239
526 987
28 436
659 687
403 773
193 363
140 429
16 844
301 825
554 633
734 736
352 378
239 913
189 947
641 736
124 769
155 867
401 868
218 898
400 933
186 587
490 554
647 843
481 747
89 224
506 622
6 675
417 549
229 330
849 873
545 585
316 461
312 647
189 721
461 924
193 343
135 916
772 801
223 657
143 955
78 178
162 543
87 312
902 997
164 681
30 221
248 931
23 864
315 652
369 696
379 898
50 919
309 574
321 461
198 373
478 517
356 398
802 927
594 832
277 488
81 698
128 311
504 667
71 407
700 935
47 216
631 999
348 886
164 554
667 941
742 812
265 717
172 699
60 577
190 573
461 477
141 317
388 899
609 687
178 941
323 706
39 97
111 384
229 254
113 793
217 800
598 972
259 758
71 434
353 910
961 975
495 930
60 256
662 720
527 773
92 205
132 603
312 543
67 158
59 166
531 808
109 925
738 912
269 627
39 505
62 931
117 125
15 460
350 853
123 658
245 594
239 323
320 550
241 517
260 398
80 389
83 520
380 754
138 360
208 772
117 665
86 521
496 661
326 950
583 720
61 474
442 568
515 754
62 777
560 669
292 801
68 239
628 744
110 504
227 248
443 752
220 937
193 862
577 798
191 296
33 342
231 640
413 961
87 950
157 801
146 865
535 772
71 476
391 612
677 913
496 786
266 354
139 844
344 911
566 733
121 154
77 621
104 960
222 510
703 854
296 750
152 949
128 424
734 868
47 543
568 720
588 657
183 516
274 294
610 956
150 783
413 764
807 982
376 879
152 547
337 930
572 880
362 942
109 862
484 869
488 664
848 881
621 688
457 532
899 962
226 728
415 796
545 791
692 850
742 907
207 623
76 998
574 772
220 509
441 987
49 560
462 715
327 600
241 944
827 955
672 741
319 487
851 907
651 960
263 385
104 249
477 578
216 841
490 633
128 227
115 343
18 591
254 958
544 969
486 804
367 879
340 579
618 996
139 425
775 859
16 214
294 347
13 550
28 729
281 515
102 320
638 707
232 323
650 912
398 945
771 772
80 293
70 374
8 954
122 863
105 205
166 994
8 475
559 977
49 589
147 555
478 489
170 725
701 878
404 584
444 591
169 292
23 844
222 292
402 861
223 506
270 924
102 999
164 781
307 614
331 975
99 368
341 948
523 664
54 379
498 880
223 249
764 886
127 820
82 244
274 703
219 712
585 714
46 279
173 502
10 603
169 309
12 501
51 52
331 992
345 530
583 590
260 316
471 566
441 688
416 694
461 463
369 936
146 517
189 396
703 998
30 909
210 929
578 701
29 773
178 289
483 817
15 105
53 841
15 309
216 932
218 509
456 809
836 977
428 680
84 837
443 591
447 471
285 827
136 616
160 264
370 893
51 696
309 801
627 910
24 572
193 630
202 502
632 878
187 196
124 637
138 448
499 869
455 816
269 285
203 544
15 543
584 816
913 943
253 998
689 892
487 855
560 656
253 451
172 450
434 748
886 954
33 572
55 596
11 916
306 717
216 961
235 628
74 974
58 797
57 728
314 538
860 957
29 74
233 311
391 684
428 940
87 506
73 669
443 685
436 611
661 943
192 806
331 517
252 992
307 978
471 502
447 650
460 868
0 638
546 970
392 772
222 843
449 512
58 207
95 463
338 910
588 651
369 545
539 949
919 924
475 969
214 844
227 598
835 864
696 984
481 665
181 434
751 858
37 630
507 512
364 496
201 301
42 933
422 601
435 639
36 496
729 990
477 805
130 789
603 899
202 729
205 215
148 793
80 537
500 739
546 815
50 182
642 794
82 174
574 630
51 670
420 588
414 985
247 283
604 792
350 769
304 829
250 481
9 40
394 851
172 454
412 698
444 654
466 716
249 576
152 735
132 652
389 728
239 599
302 436
9 587
749 869
406 882
101 846
7 660
247 983
769 835
43 279
145 182
152 479
398 820
19 693
125 282
422 677
24 154
552 609
116 953
267 848
168 422
109 294
14 654
605 675
787 934
326 759
261 282
288 456
20 924
567 707
622 770
428 479
197 641
215 720
180 593
91 883
154 704
230 610
231 415
110 617
564 683
207 428
524 841
174 706
632 996
591 602
83 789
80 849
97 761
794 883
94 765
467 830
345 517
341 466
149 936
753 833
136 414
43 128
39 688
90 412
101 611
283 458
68 898
208 445
979 992
68 70
431 487
542 692
205 478
2 98
89 833
193 417
106 112
14 476
546 595
453 750
91 663
596 896
875 907
60 501
127 745
316 565
361 706
509 934
423 740
488 550
571 916
256 577
76 341
10 391
589 879
585 749
363 404
621 946
354 522
505 874
704 880
679 762
901 944
36 943
587 840
383 651
435 522
376 811
174 206
462 944
41 820
613 678
360 421
835 844
50 730
323 869
421 925
363 631
33 120
12 825
203 715
619 751
167 739
62 233
40 704
357 562
445 525
483 519
448 904
51 330
663 785
812 875
95 260
765 936
225 734
214 850
25 761
180 879
192 637
228 466
417 742
32 197
406 682
29 641
675 821
21 795
82 696
37 358
398 482
143 482
