1000 8000
208 407
62 201
629 673
457 460
104 761
212 797
520 614
40 263
335 971
199 573
127 737
48 410
530 624
216 470
630 641
145 583
191 210
475 579
44 920
280 975
586 845
82 824
321 742
48 646
593 994
92 859
420 910
171 442
205 613
584 757
498 739
7 49
34 734
469 687
166 440
79 271
289 542
211 636
308 473
469 848
235 931
415 665
538 590
967 983
661 831
4 64
57 999
160 789
640 749
226 310
117 222
385 435
200 692
127 150
194 382
295 726
42 314
64 791
835 921
176 444
921 983
449 941
6 189
362 768
687 807
71 400
162 769
105 598
157 834
19 526
12 501
95 329
102 659
77 971
65 751
330 894
699 716
297 733
681 696
344 612
402 592
637 815
410 646
652 808
188 672
1 748
287 557
469 904
928 956
61 697
316 683
202 846
479 867
381 833
404 531
388 792
283 741
32 630
150 737
446 828
469 807
294 954
282 778
58 239
68 657
107 892
294 371
98 691
51 190
160 426
515 621
583 930
98 855
557 951
34 830
220 570
289 409
549 616
22 157
119 574
482 944
142 372
355 395
280 326
222 392
648 655
89 669
13 434
723 995
727 848
32 128
787 882
596 868
23 979
396 735
825 966
537 960
426 632
778 981
302 676
148 307
399 510
145 930
262 689
158 970
48 85
508 730
80 323
494 902
453 475
543 758
52 452
550 565
707 757
208 438
407 438
30 492
226 381
198 657
384 672
464 652
493 881
0 120
536 688
346 810
330 910
168 763
687 904
606 843
59 756
43 602
17 679
549 744
377 924
392 487
296 670
168 474
411 694
56 813
275 301
203 976
130 564
393 950
333 963
105 186
391 740
133 228
306 771
575 628
85 410
307 654
197 468
795 947
912 914
430 783
134 393
508 815
219 311
42 892
782 988
669 774
528 996
209 974
246 588
409 542
578 779
631 956
769 873
502 634
538 599
328 717
469 727
446 564
262 345
50 861
203 735
608 775
206 643
435 761
405 580
156 603
50 888
284 354
88 286
416 938
20 401
283 720
424 948
77 335
574 880
304 594
81 413
765 837
564 828
174 352
43 997
186 460
807 904
32 641
264 891
217 642
821 929
770 886
489 555
835 983
184 959
190 569
119 561
182 979
326 975
86 980
175 562
112 802
133 269
120 482
376 383
149 474
34 231
533 767
253 854
179 189
512 730
891 954
384 533
73 404
419 986
687 848
359 831
188 384
231 830
82 795
130 446
483 987
268 830
360 614
247 275
39 285
24 739
921 967
705 942
96 287
869 916
747 915
214 593
773 853
559 941
658 948
795 824
204 838
209 234
54 689
255 621
342 710
136 376
163 318
206 233
129 159
185 708
111 448
204 906
748 856
117 392
330 420
488 913
310 381
836 899
218 930
216 248
807 848
413 774
816 847
265 547
861 888
864 878
393 534
442 692
426 789
727 904
177 917
795 872
143 281
814 847
425 588
65 74
552 748
419 548
31 904
126 934
134 950
21 194
312 335
1 765
266 873
290 573
74 751
527 860
96 905
610 658
899 926
82 947
115 671
199 290
412 682
717 812
79 379
100 716
76 309
406 693
321 862
456 553
371 684
24 927
4 791
104 435
675 816
14 611
332 848
388 724
628 784
852 948
68 974
215 545
641 802
357 951
45 841
156 487
25 912
794 838
247 301
172 993
610 655
113 485
34 840
532 580
497 863
357 557
848 904
352 673
724 792
4 532
41 747
191 556
307 309
94 910
328 390
590 635
45 293
210 556
90 709
812 960
742 862
177 428
445 915
509 939
15 702
475 898
594 780
54 968
538 979
324 609
363 659
273 697
533 900
69 708
266 727
162 310
498 546
44 642
781 852
750 958
413 669
244 640
164 792
505 841
240 549
268 295
776 846
300 855
401 862
361 835
411 688
221 986
537 812
535 742
128 630
294 891
925 974
18 519
92 903
252 970
578 625
453 579
50 710
373 887
401 742
645 688
312 971
202 229
226 833
163 689
242 329
6 627
68 198
366 370
637 875
732 951
776 954
354 947
81 721
260 839
186 457
445 885
498 772
164 791
546 772
231 734
73 546
584 707
90 129
220 443
424 610
271 379
600 762
32 247
468 558
439 691
487 603
31 348
239 606
115 186
596 838
270 484
508 512
467 760
24 38
57 58
38 739
86 486
227 754
484 545
360 520
291 358
65 709
552 856
571 656
373 509
403 843
85 646
734 830
734 840
282 981
380 414
319 627
281 513
248 470
561 574
304 519
505 626
30 651
294 684
29 922
638 808
355 398
192 645
2 144
138 325
555 915
258 542
197 903
266 904
186 598
236 643
98 439
453 898
511 699
255 515
232 909
486 674
193 647
242 804
451 720
234 974
884 928
894 910
25 790
346 504
353 756
455 883
385 761
590 979
352 629
642 920
158 264
84 634
672 900
162 873
31 687
854 988
214 994
4 580
239 969
428 616
421 773
612 790
815 875
655 998
54 163
238 713
188 900
547 813
125 241
315 471
73 531
406 756
25 117
533 672
483 786
116 374
551 903
258 289
321 535
118 918
450 640
464 808
461 516
284 511
124 321
625 995
691 755
287 951
675 847
8 81
516 934
566 624
128 641
554 644
49 476
390 717
859 903
34 268
22 834
509 887
350 599
66 941
310 833
169 856
730 815
650 908
27 540
448 857
648 998
439 855
97 818
698 874
793 915
454 713
711 946
907 981
6 179
148 821
167 281
57 239
425 966
2 317
419 530
161 746
380 521
59 406
791 792
94 930
586 853
655 658
271 462
142 453
488 818
417 616
324 351
183 984
113 289
462 662
11 543
544 860
590 599
691 855
739 772
668 888
89 413
140 491
459 765
212 261
507 867
709 751
424 658
313 704
754 949
113 258
144 437
436 530
420 894
710 861
213 637
350 613
21 507
753 923
314 892
63 536
126 885
706 787
115 460
463 503
31 807
811 909
240 616
412 678
24 498
39 936
169 761
464 619
229 521
225 504
99 108
538 635
176 245
68 925
83 237
19 746
493 521
523 874
548 986
59 845
454 525
471 491
478 521
38 772
687 727
177 438
160 632
396 693
161 660
129 138
555 747
264 954
237 345
280 320
420 930
699 786
436 731
66 731
940 985
205 350
695 883
99 623
526 666
156 638
198 628
450 749
82 149
824 947
424 852
243 290
245 601
108 623
188 533
40 908
16 788
180 910
100 699
61 382
22 729
61 194
474 824
801 822
166 270
459 837
696 747
822 875
665 857
289 546
534 727
409 546
261 797
356 695
16 518
371 954
306 315
123 532
900 973
523 698
8 104
82 474
148 309
626 841
604 891
81 104
102 251
414 478
418 955
232 811
40 650
7 33
132 513
149 610
620 858
596 906
18 514
16 842
625 779
204 596
58 999
257 970
706 882
512 677
824 872
171 692
220 370
622 687
23 237
643 701
504 566
339 949
338 380
180 420
380 397
359 589
320 975
631 928
630 802
9 78
419 624
344 443
218 583
222 638
708 754
134 978
626 936
1 552
8 319
569 619
249 598
732 810
483 663
158 252
286 897
19 666
794 830
64 792
311 334
222 937
263 908
350 538
678 744
64 532
392 638
344 790
487 638
247 641
94 420
70 685
239 843
75 916
756 980
203 396
51 569
818 913
319 721
589 802
21 382
41 934
23 590
359 802
75 499
830 840
176 228
371 607
508 875
910 930
46 657
359 641
684 891
602 997
508 849
14 879
104 385
404 574
632 844
610 948
422 740
222 487
164 886
69 754
197 558
58 170
353 674
161 664
15 550
205 588
242 341
269 387
760 798
135 864
332 469
192 933
66 449
720 741
989 995
63 570
156 471
297 798
95 868
617 944
835 967
183 587
508 637
579 898
572 746
23 635
247 630
309 654
240 428
720 764
80 517
56 769
130 828
180 930
782 854
216 893
322 470
345 968
806 889
123 154
263 650
345 689
662 725
464 569
284 699
132 281
69 185
428 925
489 747
519 788
55 500
228 245
187 679
218 420
62 722
207 465
77 312
437 715
616 744
632 789
90 372
63 443
521 957
359 630
392 603
468 903
646 989
161 895
53 525
140 706
534 873
89 774
270 440
530 548
178 360
317 715
838 906
404 561
129 709
321 401
119 274
359 661
483 716
529 926
149 824
505 936
59 586
688 694
65 90
358 887
588 613
65 138
250 738
315 771
132 167
684 954
569 638
710 888
112 589
816 865
704 982
350 590
25 914
93 639
154 388
689 968
117 937
224 462
38 498
474 610
219 315
31 469
696 793
56 873
443 570
77 365
606 617
371 891
663 716
58 969
125 280
449 559
272 609
516 571
4 977
109 115
238 611
546 739
120 944
336 495
760 869
445 747
431 923
154 805
615 895
150 305
791 886
600 989
474 763
727 807
53 713
635 979
436 624
849 875
37 856
204 794
288 648
543 977
465 575
41 793
588 966
572 660
438 690
529 936
411 536
266 534
223 620
295 431
149 795
11 758
784 820
483 699
193 790
585 902
655 948
397 414
577 986
69 227
287 905
575 597
455 695
948 998
332 727
64 164
33 303
117 487
119 880
187 972
306 706
767 900
44 217
43 770
397 966
842 944
600 647
367 653
86 756
250 736
125 975
119 523
459 982
622 807
246 825
310 769
520 526
686 968
249 671
99 900
213 815
135 755
42 107
126 819
162 226
239 999
210 834
244 749
115 457
391 901
412 744
268 726
200 442
477 582
587 653
41 915
127 305
245 952
424 496
117 638
53 454
394 894
154 578
506 992
231 840
16 93
314 711
96 557
834 961
380 478
17 187
14 837
536 694
111 581
284 947
693 980
118 706
845 853
92 197
611 789
178 614
229 846
254 832
526 725
56 547
519 594
40 68
511 786
189 627
40 198
231 268
24 278
287 707
61 273
236 431
56 162
166 813
417 549
148 654
477 871
276 511
39 529
267 683
306 882
544 660
216 322
344 914
267 450
289 485
378 769
261 691
71 939
268 734
167 418
757 852
485 546
262 968
179 627
23 538
523 574
102 363
91 466
432 830
287 357
100 987
37 748
684 776
28 99
418 892
428 549
26 455
54 262
3 976
205 599
266 469
707 905
403 606
601 952
7 504
71 759
378 950
90 159
298 784
25 222
240 744
294 776
599 979
137 827
599 635
375 914
649 862
301 850
391 719
555 681
370 912
297 760
26 558
192 490
133 383
123 578
165 461
94 330
921 935
356 865
400 568
163 262
81 761
448 581
386 714
152 472
333 811
388 532
94 218
680 796
597 833
66 559
145 180
384 900
99 188
356 816
3 217
674 806
23 182
403 969
182 538
97 488
207 942
572 666
39 785
16 618
774 943
747 793
601 809
106 639
198 908
156 808
485 772
189 844
178 196
79 462
752 932
664 958
522 924
369 471
101 573
736 738
693 735
185 207
20 291
173 360
4 758
231 794
100 521
169 435
389 733
229 959
276 494
2 782
156 392
266 848
771 882
797 915
112 641
178 664
618 842
292 431
293 819
218 910
246 997
758 977
583 776
117 912
811 963
523 880
134 534
455 558
461 934
735 976
264 604
85 700
531 546
430 656
114 422
67 911
365 375
252 257
198 575
793 797
42 418
380 493
269 299
389 492
479 507
233 643
33 374
588 825
76 365
85 779
49 116
104 169
717 960
378 873
338 957
98 300
400 759
230 338
441 518
73 561
107 418
142 528
219 369
113 893
507 850
264 294
335 572
82 872
530 566
408 673
612 914
124 742
695 814
236 435
164 429
296 743
34 295
532 792
46 884
300 439
122 613
825 997
896 905
265 813
113 409
83 689
594 788
285 529
170 714
178 520
93 842
21 678
304 780
141 919
500 525
386 829
213 677
312 666
40 657
236 451
90 138
197 551
332 687
30 389
100 483
169 385
372 453
597 678
591 685
8 761
361 921
762 933
123 457
297 651
963 971
357 732
129 325
110 845
618 944
299 387
56 378
1 856
251 567
908 950
470 893
378 813
393 873
145 218
88 796
48 989
670 743
45 461
325 463
277 433
113 542
370 914
50 668
486 980
115 249
79 224
233 435
168 288
78 560
125 320
363 881
208 690
667 860
443 647
236 701
4 792
658 998
801 849
53 183
489 681
711 892
81 774
173 614
288 763
228 444
481 997
46 68
201 722
64 977
366 522
531 574
536 645
847 885
342 621
353 406
125 326
407 690
512 815
473 702
100 229
579 745
579 751
140 306
128 247
410 989
465 628
253 513
111 958
776 891
300 729
3 642
383 550
269 383
124 174
356 455
524 838
428 917
553 781
197 455
610 872
252 264
498 878
583 846
748 765
652 782
431 451
493 957
453 528
684 823
42 711
49 504
862 901
558 871
35 58
191 631
508 677
305 989
739 927
782 808
340 779
0 482
246 966
657 925
481 588
542 546
292 432
148 929
39 351
212 915
105 460
551 695
430 571
585 947
183 525
201 419
53 238
836 926
486 775
284 716
403 677
272 494
86 674
94 180
696 915
291 401
177 208
638 652
221 577
817 889
295 830
7 476
282 563
286 338
527 667
7 346
405 977
607 684
354 585
644 668
91 722
286 957
257 578
160 611
884 956
193 937
213 403
814 885
131 589
698 880
864 927
308 702
3 203
555 696
73 772
494 609
513 988
101 199
610 648
378 978
285 785
170 518
65 129
581 694
610 824
533 973
341 985
307 320
132 619
202 776
7 116
733 760
668 982
478 800
437 854
556 834
9 560
185 820
520 725
114 863
86 712
63 220
228 269
424 872
768 880
453 751
447 502
253 988
331 783
69 949
385 953
681 747
81 319
445 555
636 978
551 883
147 480
68 209
66 476
274 523
425 825
531 772
755 871
295 734
19 520
67 741
475 751
283 764
363 397
381 597
168 824
155 605
707 998
736 920
85 349
452 703
342 515
707 852
193 443
625 646
73 498
357 584
15 376
149 168
202 521
556 581
329 433
424 781
814 883
90 142
485 878
755 864
95 277
203 693
701 720
413 721
423 809
726 734
429 886
224 271
513 799
343 851
44 736
46 470
77 562
353 907
796 959
700 779
124 535
235 698
657 974
133 376
95 242
649 742
719 901
15 308
47 502
87 695
490 645
574 768
400 939
164 388
303 781
868 985
99 672
414 521
188 973
569 937
123 580
48 625
15 383
217 920
255 342
170 618
702 703
336 484
64 580
87 814
174 673
198 263
232 762
677 815
33 49
716 786
599 613
548 624
5 890
101 571
227 585
237 979
339 754
777 945
126 165
320 654
268 432
408 629
149 947
401 649
652 988
557 732
660 746
803 817
114 497
586 773
15 703
507 889
645 826
801 875
718 945
322 893
530 986
18 788
526 614
67 89
16 259
205 425
191 834
693 756
306 491
105 115
838 868
272 786
63 688
427 440
684 846
780 842
40 925
489 696
436 476
19 572
132 253
42 955
539 558
84 972
328 437
19 161
414 987
89 741
98 755
59 853
727 873
51 277
168 610
277 937
457 970
498 864
4 164
338 897
658 919
182 599
267 316
405 532
4 405
164 724
165 516
498 927
154 724
878 893
678 682
625 723
395 927
94 173
155 450
449 702
174 629
278 739
95 596
524 596
154 792
475 745
126 445
826 909
370 522
511 716
28 900
94 145
246 425
274 574
354 699
135 927
112 630
73 472
778 907
546 878
265 378
872 947
426 844
315 491
49 346
38 927
347 898
142 582
404 546
610 795
243 430
776 930
23 74
115 598
664 895
544 759
412 417
424 655
462 725
815 849
315 369
558 883
237 968
145 776
251 793
378 393
278 917
258 409
170 999
395 539
682 802
228 990
281 418
64 388
33 496
25 70
850 889
84 939
587 984
253 652
64 758
667 759
681 898
318 911
145 846
223 870
34 726
421 586
174 321
663 699
431 726
469 622
744 925
499 916
126 461
264 970
155 524
351 836
606 969
190 619
293 461
572 692
667 939
172 415
835 935
421 853
368 771
213 561
165 934
233 385
461 819
342 861
354 716
171 200
144 317
417 744
415 857
26 943
526 746
281 799
21 479
394 420
203 217
72 591
81 435
601 990
336 440
68 263
534 950
123 388
762 989
105 249
8 413
822 849
820 949
173 178
21 867
575 784
215 484
234 925
197 859
12 568
85 625
89 283
447 634
69 207
95 433
3 422
781 948
752 755
177 407
365 562
332 807
760 916
370 570
135 539
759 939
492 651
172 750
283 701
23 83
504 810
320 912
372 463
150 749
212 793
796 826
328 812
459 668
335 963
19 725
433 804
388 791
56 266
819 934
73 739
738 866
423 750
90 751
935 983
794 840
276 786
259 518
229 957
656 783
123 792
17 693
166 378
168 655
58 606
393 978
681 793
679 961
143 167
395 398
482 617
733 798
325 965
287 757
811 826
62 419
52 608
620 874
646 762
171 335
72 821
312 572
435 643
256 554
603 638
487 491
41 165
158 604
569 808
41 126
1 837
295 432
74 979
251 681
90 292
532 791
376 550
225 346
182 510
198 784
596 794
132 418
41 445
149 276
409 893
180 583
143 513
798 869
57 606
569 652
619 652
448 958
688 826
405 543
648 876
288 655
489 865
265 769
669 764
451 764
767 973
467 869
86 353
563 778
94 583
119 404
709 923
300 490
324 339
77 375
438 917
282 728
322 956
65 453
156 491
524 868
82 284
210 581
254 603
51 619
350 635
227 708
506 965
656 819
870 906
408 642
489 915
82 168
537 717
928 942
89 720
605 840
277 329
305 737
170 239
28 672
392 685
780 788
84 568
363 380
10 540
814 816
531 561
384 767
329 868
327 991
266 636
333 746
41 696
211 978
628 657
321 649
404 880
222 569
88 957
361 584
674 889
162 547
76 307
194 597
191 956
257 779
45 656
345 686
123 460
266 769
59 353
579 635
287 584
266 807
100 202
66 436
123 779
146 801
46 198
292 372
133 990
171 971
245 444
34 794
202 478
637 730
77 963
331 384
292 463
149 902
349 700
302 696
638 937
715 854
303 810
194 697
314 955
173 218
695 847
81 385
650 950
311 369
741 962
184 665
427 978
186 249
209 216
236 268
843 969
353 980
681 915
206 236
275 850
556 729
113 878
701 741
137 946
27 777
487 685
382 884
246 613
158 891
377 759
2 437
382 697
1 37
611 879
83 345
770 791
468 539
159 325
406 980
329 985
40 974
580 977
148 320
205 302
790 914
297 389
25 685
365 654
449 731
220 914
8 721
104 721
176 990
37 169
625 762
272 276
330 394
707 948
663 987
206 435
322 884
440 813
557 707
409 878
580 758
555 865
158 457
184 415
464 638
318 689
587 677
248 820
157 556
257 457
784 949
853 976
298 628
261 755
338 493
363 493
311 782
625 989
584 852
161 572
354 511
425 481
935 967
278 849
54 83
136 383
716 987
76 654
368 882
364 773
117 685
276 474
405 758
534 848
551 690
228 383
149 494
182 590
251 696
157 961
375 654
157 729
225 357
652 854
965 992
35 170
159 923
285 936
291 887
41 516
266 687
105 457
360 526
312 562
229 493
307 821
919 983
83 262
919 967
257 671
396 976
82 610
210 631
31 622
572 971
240 925
95 985
589 831
636 904
409 485
757 948
338 363
358 862
82 354
239 403
290 676
53 500
323 363
209 925
431 701
474 795
34 432
74 709
865 883
172 665
273 731
624 986
730 849
413 720
514 519
303 346
329 804
425 613
47 634
481 599
9 882
20 742
14 713
491 591
148 280
333 971
104 236
237 262
139 394
942 956
263 657
32 301
523 620
251 659
600 933
506 724
65 142
25 612
196 664
349 410
460 580
167 955
74 138
588 997
522 570
290 430
769 813
362 595
657 744
471 603
575 657
467 880
218 776
412 650
380 957
731 941
274 880
15 565
354 795
490 680
382 465
357 757
134 378
650 682
32 802
185 754
56 265
657 908
570 804
756 845
209 261
729 855
358 740
443 914
20 862
25 937
547 769
490 796
443 612
701 923
626 727
257 700
721 761
467 733
186 671
212 445
135 871
219 334
135 752
704 827
61 465
209 470
390 651
166 427
397 825
150 267
781 872
518 618
404 772
185 949
648 658
373 939
382 928
561 637
607 823
98 893
167 874
576 813
518 788
116 207
15 473
90 463
431 643
4 388
228 376
213 875
677 875
475 528
698 931
244 432
643 726
351 609
197 883
54 345
531 880
14 238
514 788
311 315
551 859
58 843
651 961
98 248
59 980
549 925
457 580
340 723
649 901
927 932
283 451
20 717
205 635
302 681
133 245
135 468
13 885
25 193
759 924
402 690
468 551
124 862
226 769
19 614
97 913
31 848
258 485
567 582
444 990
732 757
90 923
557 584
177 925
193 277
162 265
829 938
268 431
266 393
173 330
645 680
184 229
732 852
22 556
25 392
114 364
950 978
411 581
197 539
37 704
648 948
723 989
88 490
173 520
72 140
9 368
145 420
732 781
220 366
329 341
372 582
291 862
263 950
677 730
411 645
26 539
4 123
333 335
138 142
21 61
103 723
417 428
32 275
443 790
207 374
81 669
31 266
636 727
83 968
24 772
365 971
107 314
745 898
460 970
332 626
420 583
481 602
561 772
158 257
428 744
73 289
702 941
322 928
93 259
236 761
174 373
356 883
510 686
439 755
236 295
2 368
482 842
194 507
474 655
224 562
440 484
205 246
816 885
326 929
320 685
608 631
559 731
157 210
6 844
3 740
142 996
466 722
335 442
200 572
611 713
240 409
96 707
790 912
614 725
503 940
404 768
89 764
21 275
557 757
122 205
320 326
393 769
190 937
151 255
234 917
288 876
485 542
578 995
278 498
110 586
267 305
101 516
695 816
87 847
768 938
321 373
289 531
478 957
361 983
219 471
690 903
779 995
206 385
809 990
346 732
142 475
67 962
111 857
176 553
455 865
301 867
588 599
660 895
31 727
430 934
578 805
123 164
501 631
595 938
194 575
844 859
747 934
650 922
416 768
174 862
169 233
669 943
453 582
878 932
57 170
237 686
244 450
323 517
50 342
269 990
484 670
101 285
668 861
180 330
565 952
465 942
182 237
708 949
232 646
314 342
447 544
660 692
645 933
637 677
204 868
432 794
227 339
314 861
266 978
385 721
163 968
658 852
419 577
361 757
92 551
645 796
328 960
347 764
737 749
142 463
45 636
451 701
38 223
424 795
297 961
674 980
353 693
107 167
57 843
246 481
263 925
792 886
64 886
120 595
371 776
528 579
637 849
236 720
25 344
758 791
366 912
442 572
332 904
296 922
651 733
311 988
217 735
108 188
3 497
43 886
467 798
73 409
59 693
837 879
201 986
445 797
52 972
570 924
17 396
808 988
112 359
109 249
726 830
145 910
270 813
373 742
68 470
136 308
84 502
464 513
789 879
701 753
113 546
421 845
159 463
571 934
902 947
123 805
382 507
257 460
304 788
770 997
98 216
666 725
156 652
237 510
65 475
194 884
358 396
410 625
32 359
221 419
423 568
213 362
868 906
126 516
873 950
412 549
429 791
138 751
609 836
241 975
65 579
401 535
99 973
892 955
203 980
253 464
245 990
30 297
458 560
444 553
338 521
109 671
334 369
317 437
516 656
719 740
132 464
306 787
12 750
115 700
175 365
162 381
739 864
571 573
391 422
486 608
802 831
222 603
10 869
176 601
116 476
38 561
666 746
33 116
220 912
194 465
158 460
2 854
589 641
332 466
115 257
314 418
707 951
362 404
85 340
177 234
42 342
375 612
80 987
270 296
897 996
294 607
786 987
245 810
513 652
4 543
550 702
385 643
610 998
151 832
265 682
159 709
411 680
138 463
362 574
51 937
392 937
92 468
162 378
218 330
757 951
3 920
22 113
788 842
261 871
149 658
906 932
194 678
70 790
152 617
174 358
259 788
772 878
264 371
615 660
47 629
161 615
333 660
225 566
56 576
534 769
236 385
561 880
745 764
855 893
276 902
128 802
21 597
513 854
486 889
562 971
388 506
584 732
192 688
693 976
609 902
582 898
706 771
92 844
476 550
70 392
592 743
48 779
46 744
311 471
600 995
149 424
509 972
230 825
85 989
37 313
631 942
138 709
549 678
192 341
439 567
584 951
295 643
109 598
739 878
233 953
176 810
302 613
263 974
468 883
253 619
532 977
487 591
476 565
73 542
460 671
156 222
721 774
29 296
162 813
299 866
394 910
747 885
253 782
521 881
708 820
278 927
47 408
230 897
0 944
773 845
460 598
392 569
622 904
187 509
154 779
529 899
631 705
561 815
669 720
519 780
225 810
289 893
251 582
168 648
138 159
846 954
237 689
312 725
583 910
332 936
852 998
506 792
71 568
2 715
229 716
754 820
340 995
422 976
461 656
108 590
72 929
442 971
892 946
602 770
82 511
561 739
694 729
622 848
750 993
411 826
496 852
878 927
677 843
306 471
81 89
647 790
206 726
221 548
333 572
173 910
791 977
606 999
841 936
220 522
159 292
540 595
472 616
672 767
710 827
294 394
639 780
699 987
74 182
104 319
586 756
46 216
107 711
7 566
222 912
663 786
312 746
554 668
13 445
358 735
7 374
873 904
511 947
94 894
235 537
396 887
496 948
9 787
198 974
288 824
287 732
356 847
234 428
455 468
413 943
191 581
158 671
769 950
224 725
136 225
46 322
98 261
54 318
199 571
233 236
23 599
323 659
858 932
500 587
100 663
109 186
364 422
475 681
762 995
242 433
149 872
396 406
676 696
269 376
119 531
461 841
628 820
46 575
297 467
452 608
190 464
301 507
30 733
616 925
205 538
94 327
298 575
563 845
427 495
471 487
293 841
656 934
293 656
432 840
243 676
224 312
35 57
19 178
367 938
885 915
243 783
485 531
103 463
703 775
162 266
163 911
358 401
362 938
190 222
545 670
407 592
187 939
189 632
3 735
885 934
455 551
380 881
597 682
755 855
470 974
604 684
461 571
77 171
531 542
222 685
506 602
428 438
46 628
813 873
309 821
394 662
299 383
182 399
335 666
412 802
141 494
730 875
148 326
557 905
330 930
206 701
707 732
435 953
393 908
270 670
151 418
227 949
258 322
133 299
73 574
418 799
17 735
164 532
289 878
3 44
672 973
83 979
617 843
45 505
626 636
43 481
555 793
266 378
65 372
84 509
104 413
371 604
112 128
808 854
335 562
765 982
594 639
585 663
166 484
469 626
442 660
485 498
685 912
757 905
348 904
13 814
252 671
409 498
671 970
705 775
843 875
213 508
59 86
17 980
551 814
655 872
239 617
798 961
68 744
126 747
847 883
52 703
74 237
423 958
248 322
617 999
680 857
191 322
589 630
527 544
544 692
154 625
313 827
355 539
47 673
174 742
292 923
14 789
850 867
448 750
761 856
158 186
234 755
234 864
887 972
848 873
338 397
590 623
144 715
48 349
344 912
164 230
110 778
501 608
497 740
626 848
536 570
390 812
680 694
208 592
118 140
314 710
858 870
600 940
137 710
241 366
24 864
302 635
543 580
468 871
62 986
100 414
211 904
415 993
579 681
131 661
238 454
479 678
270 545
232 963
618 788
38 870
122 588
160 844
559 697
211 427
93 780
306 368
23 751
317 366
692 860
257 625
133 176
96 951
119 768
492 715
69 374
883 885
8 627
358 373
61 597
193 344
29 682
347 451
180 371
750 952
150 640
797 871
57 617
100 478
85 578
142 751
320 914
60 480
535 862
14 765
152 822
335 365
735 887
422 497
342 888
608 679
261 439
641 831
241 370
181 826
16 780
677 984
251 528
294 604
195 623
303 852
217 408
403 653
265 310
724 791
310 547
74 635
169 552
140 315
107 132
300 691
230 724
211 266
171 963
167 513
657 678
112 682
655 876
74 481
268 794
426 611
169 748
447 895
344 647
100 786
585 795
70 117
239 618
723 779
208 428
344 375
154 532
236 726
36 803
1 459
88 897
80 363
926 936
364 497
429 800
177 616
646 995
771 787
74 579
122 517
183 500
457 671
108 973
413 764
181 520
445 793
612 912
794 868
70 222
524 794
494 786
19 360
6 632
188 767
445 883
245 383
75 869
375 912
149 919
317 368
846 930
572 615
492 733
550 952
763 824
102 793
526 572
286 805
220 344
202 684
469 534
56 166
373 634
40 950
592 690
338 881
131 831
367 768
145 284
102 567
24 395
428 974
215 670
179 844
20 328
847 865
184 796
28 188
725 746
242 985
129 923
293 636
119 213
474 947
353 806
226 547
406 976
384 973
704 765
805 897
67 283
114 740
474 658
375 971
13 126
755 878
90 325
180 894
494 585
217 976
482 595
60 147
31 636
233 761
353 486
166 922
64 123
60 93
144 328
29 650
45 626
129 463
45 211
202 583
435 721
157 191
107 946
284 824
118 787
399 992
476 504
491 603
275 507
634 667
362 880
46 194
129 751
759 860
434 814
674 756
279 407
212 871
209 691
127 749
740 901
555 898
48 762
806 817
378 440
422 773
264 776
367 403
253 808
294 420
645 694
38 546
445 489
618 999
240 472
280 307
377 411
578 723
619 808
2 988
421 563
268 840
216 974
288 474
280 929
301 630
7 303
210 956
348 839
449 473
201 548
539 871
309 365
521 987
341 940
210 961
378 547
84 447
68 234
147 617
27 907
248 893
26 347
230 805
50 827
133 136
380 987
229 478
180 684
636 841
45 819
190 638
735 972
202 957
170 969
626 687
203 406
8 774
876 998
154 723
166 265
35 999
329 596
181 909
241 280
598 913
436 548
479 661
101 785
352 373
373 667
580 791
228 810
529 836
152 875
246 599
373 535
419 566
273 833
633 644
31 211
241 458
966 997
367 587
250 920
536 804
534 904
675 814
593 832
655 824
459 644
458 535
310 873
352 358
171 572
357 707
140 591
138 372
137 892
393 727
155 994
85 257
227 415
217 972
512 637
262 911
180 218
374 577
134 873
76 175
164 770
323 663
26 197
187 961
192 536
155 840
705 928
665 993
574 698
205 590
644 888
509 667
378 922
846 891
487 808
223 523
62 548
88 192
146 843
84 373
0 595
610 919
176 732
444 732
424 998
121 820
171 375
156 569
283 669
714 829
482 618
156 464
178 526
735 980
319 761
348 687
199 243
610 852
63 811
617 842
152 482
697 731
568 759
308 376
534 978
292 295
291 396
190 277
49 565
881 957
370 924
220 937
604 954
324 494
354 824
164 805
111 411
339 351
403 587
427 576
299 376
816 883
523 561
372 709
452 972
479 831
88 645
293 978
63 411
389 485
166 336
467 916
198 925
621 710
680 826
561 768
18 304
323 881
757 998
207 708
48 995
724 805
597 628
161 178
658 983
142 898
38 620
284 583
382 575
630 831
181 725
169 953
606 944
205 676
803 850
653 969
756 907
59 976
324 836
211 293
688 811
117 569
741 764
173 420
873 978
691 893
589 661
284 795
137 994
209 248
289 772
180 294
695 865
729 834
525 713
49 566
248 691
247 802
15 136
497 719
52 501
181 746
131 417
383 565
544 667
851 978
765 879
546 864
608 705
324 902
467 531
427 851
68 216
264 684
600 646
64 405
705 956
16 594
508 801
275 697
32 112
332 622
895 958
475 635
49 374
493 959
90 453
68 908
131 147
241 326
680 688
766 807
864 917
230 886
247 359
218 614
301 641
865 885
193 267
149 655
20 321
21 884
362 367
465 784
664 746
103 737
210 501
665 959
905 998
33 346
438 903
540 938
105 109
1 704
535 560
117 790
117 156
44 250
110 563
93 106
138 528
366 937
253 281
333 442
617 618
659 881
718 803
864 893
510 992
21 697
712 756
3 358
920 976
528 582
8 943
46 928
302 350
58 618
829 969
552 765
44 203
137 711
17 961
410 779
886 997
116 942
377 522
68 628
262 318
167 892
319 413
21 301
402 743
108 350
182 635
274 561
332 534
45 571
919 921
267 749
303 496
347 477
458 667
156 254
270 336
138 996
132 143
603 808
100 284
451 923
110 981
362 561
394 954
734 794
290 571
177 690
420 776
571 841
297 492
278 815
389 651
29 412
288 327
872 948
142 579
469 873
49 550
171 333
471 808
10 467
82 763
827 946
65 528
76 148
312 963
370 443
338 478
322 556
271 671
6 319
48 700
887 939
305 647
745 973
231 838
382 942
279 822
86 775
115 158
457 578
635 745
117 366
584 905
213 768
565 703
647 985
420 954
278 637
912 937
575 908
425 528
308 476
160 730
459 704
445 934
524 840
226 265
563 586
432 734
604 607
595 768
25 443
151 342
162 833
195 262
424 648
285 351
141 609
501 568
335 692
17 798
432 726
152 637
613 676
11 105
135 878
437 960
502 527
831 867
565 705
584 948
8 435
464 988
259 514
542 893
810 951
655 852
375 963
64 543
46 678
216 691
154 164
150 450
88 338
113 322
231 295
148 975
346 550
48 232
498 561
115 970
270 547
238 512
418 513
646 779
145 202
794 906
425 996
111 750
50 711
207 949
243 573
143 799
206 953
279 438
253 715
515 710
641 682
27 981
372 528
728 945
63 344
125 307
12 423
183 677
209 755
442 963
79 153
522 715
598 671
252 662
864 932
230 380
188 243
443 912
356 675
83 195
469 636
134 266
82 276
145 684
140 471
111 568
538 613
240 542
2 771
238 879
366 570
44 976
233 726
401 887
431 432
361 935
66 702
858 906
457 598
241 317
571 783
13 165
605 734
46 240
200 860
565 702
650 925
795 902
397 987
764 943
205 481
752 927
110 817
121 323
163 345
281 955
42 710
712 980
656 841
41 555
35 239
46 382
512 875
470 657
407 428
120 842
93 594
647 989
161 526
661 867
74 129
402 407
117 914
20 390
208 402
113 157
53 512
133 387
122 246
217 452
650 657
939 972
679 798
12 52
689 911
347 943
275 641
466 766
160 238
479 744
597 908
86 693
335 746
367 416
648 872
489 898
66 697
474 872
193 220
585 716
752 864
613 635
773 976
52 775
77 175
550 703
96 357
443 600
73 119
165 445
296 484
175 224
37 552
521 846
196 993
312 333
43 506
504 624
377 694
100 493
77 333
191 501
201 577
289 498
546 561
100 511
764 774
531 733
437 717
125 148
229 776
19 312
100 846
198 650
541 767
272 902
628 908
867 889
682 908
219 771
30 715
382 597
362 416
220 924
626 904
442 544
275 630
333 377
569 603
67 669
371 394
108 635
310 597
21 247
194 928
324 663
669 741
166 547
151 799
476 731
228 601
319 774
208 417
217 352
289 404
265 270
144 854
215 270
752 871
213 843
518 714
553 872
259 441
637 822
258 893
282 907
43 246
423 601
104 856
41 885
479 549
578 970
107 137
397 517
440 851
84 667
103 127
87 551
74 475
200 660
480 743
412 597
238 789
248 855
519 945
728 981
114 391
604 800
103 244
240 974
406 853
69 339
448 665
578 700
372 503
230 966
172 857
535 649
136 228
481 825
358 391
36 301
54 237
373 972
284 585
174 719
620 870
320 375
303 553
957 959
486 679
472 546
174 887
186 970
182 481
499 869
783 819
190 392
347 453
168 658
80 397
137 342
792 805
410 700
330 360
144 782
223 858
294 846
185 248
460 700
59 110
413 761
455 943
520 662
307 365
520 746
348 807
64 429
724 886
372 751
276 699
323 987
372 475
403 984
120 661
181 614
494 511
53 587
806 867
783 934
676 681
213 512
206 295
728 778
340 625
436 566
143 874
117 603
391 862
445 865
381 769
437 492
85 995
131 359
133 444
355 927
288 610
507 806
22 389
352 408
521 716
209 657
275 867
254 369
24 546
388 965
107 955
371 823
61 575
718 777
378 534
506 791
819 885
193 222
452 775
781 810
80 663
63 963
340 578
719 863
505 529
601 750
386 618
485 893
184 227
830 838
110 282
214 316
631 884
64 770
534 636
498 531
919 935
203 642
471 771
191 961
193 612
108 302
468 859
88 881
712 845
412 616
483 511
187 400
108 900
772 927
334 799
125 171
350 588
167 620
496 658
7 810
429 770
406 735
179 319
835 919
391 497
380 966
170 441
409 472
331 430
198 597
718 981
203 920
64 724
18 777
409 864
596 985
607 891
154 995
157 389
208 279
22 210
211 727
476 702
671 700
45 516
870 946
49 436
128 275
817 850
88 493
427 636
635 751
428 472
464 782
568 939
20 358
258 961
20 649
453 745
427 813
184 354
221 374
132 652
412 657
305 790
153 175
149 763
186 580
209 893
268 643
79 671
134 636
29 112
99 384
80 483
135 395
81 720
59 907
366 715
0 661
41 681
121 785
277 569
283 413
161 958
279 690
458 527
46 974
711 861
581 834
291 740
491 771
177 240
142 709
444 810
419 436
696 898
111 377
11 405
181 811
195 689
412 925
321 358
15 866
197 695
135 558
19 615
226 597
123 791
516 785
277 647
379 462
903 917
865 943
515 861
640 737
568 958
30 390
296 440
330 614
95 341
122 425
457 779
583 684
430 516
857 958
146 984
555 885
184 493
180 776
789 844
409 772
405 460
313 982
119 362
404 498
42 137
336 545
404 542
244 840
433 858
305 683
312 526
315 706
63 232
7 624
108 676
253 437
74 90
256 644
208 917
38 858
278 864
930 954
50 314
424 824
247 867
357 810
976 980
119 772
219 782
272 324
307 929
178 895
100 380
20 887
222 790
181 662
653 984
213 367
98 470
96 757
679 980
350 979
453 709
595 944
474 648
933 940
25 370
457 532
510 979
16 170
666 971
251 996
5 175
581 680
762 909
513 782
448 680
216 855
585 699
373 401
99 533
409 531
486 756
3 364
308 550
481 528
618 714
271 662
440 670
166 296
805 970
117 193
348 622
258 798
192 300
328 537
48 578
36 359
597 657
558 903
93 788
655 763
691 871
185 784
71 834
258 297
410 995
453 996
843 999
273 436
267 647
398 552
353 869
422 853
457 700
575 833
410 762
356 943
249 379
134 293
598 818
73 637
142 503
340 700
267 640
608 703
109 700
363 966
556 694
23 345
378 650
390 509
338 966
252 891
25 220
95 804
104 233
636 687
637 739
196 895
18 945
105 671
631 775
295 840
234 261
364 920
74 453
245 346
495 851
122 573
277 804
496 610
663 902
58 403
496 577
317 854
736 866
338 414
168 276
516 819
388 805
644 861
86 406
233 268
574 772
162 534
95 858
413 435
110 712
68 240
57 969
126 915
832 994
86 889
302 489
129 372
464 854
440 922
371 420
263 434
778 845
71 377
172 958
265 381
77 442
127 267
347 582
356 814
123 257
742 887
12 210
439 490
377 400
207 705
109 460
280 821
559 850
96 584
259 594
620 772
213 730
116 221
341 804
512 849
136 473
491 706
83 182
63 762
757 781
400 834
423 952
298 949
153 562
286 493
292 451
137 524
200 544
729 804
42 861
71 187
39 505
278 508
213 574
218 520
238 426
131 480
242 277
70 683
252 909
383 952
50 459
822 843
606 875
358 742
225 308
699 947
234 893
447 860
396 980
586 712
658 835
43 825
307 375
430 573
709 753
487 569
24 878
704 748
352 887
790 937
612 646
216 234
478 846
242 729
215 296
5 153
406 907
336 427
28 623
467 698
38 119
425 997
619 638
440 495
439 752
317 782
528 751
442 860
580 792
852 872
675 865
456 993
511 902
383 387
234 240
512 611
82 288
127 989
891 970
190 214
838 840
155 214
250 642
195 911
265 922
351 785
489 973
648 824
26 468
372 898
748 837
554 633
50 982
88 933
335 375
354 902
434 885
173 930
316 450
590 613
664 750
125 370
429 758
411 448
237 751
392 808
594 842
453 681
443 937
118 929
140 771
250 866
149 511
476 624
160 879
283 962
404 467
305 600
49 624
477 567
231 432
381 682
3 352
329 932
591 603
404 472
707 781
933 995
220 804
214 832
193 683
196 456
103 150
366 638
785 936
326 821
610 947
662 954
80 659
258 546
364 421
284 786
322 631
600 625
513 619
72 148
41 489
302 579
415 959
404 739
411 811
647 940
258 733
351 529
537 931
392 912
477 752
701 962
240 417
690 859
272 483
403 875
481 979
584 835
412 908
158 954
262 686
119 223
437 782
718 817
26 883
336 670
444 601
1 879
710 711
431 720
481 996
71 509
211 841
682 744
218 954
321 887
4 886
747 797
883 903
70 591
111 664
407 917
294 930
63 694
73 485
42 946
33 504
610 781
407 417
541 900
377 570
56 310
344 646
532 758
366 914
224 666
38 73
235 960
74 510
286 796
225 732
511 824
426 849
59 712
392 591
144 368
20 812
101 290
531 768
103 503
647 762
96 896
397 425
185 465
84 400
191 928
678 867
124 352
168 795
595 829
658 967
326 368
586 976
138 965
764 898
823 846
524 946
368 458
46 925
123 970
0 780
486 806
627 721
21 850
111 694
124 649
201 935
540 777
400 581
175 312
399 686
331 672
98 209
786 902
308 449
769 908
896 998
746 963
751 979
385 413
141 272
81 236
445 814
211 626
757 835
14 160
210 322
277 619
274 698
423 447
450 840
172 952
19 660
177 974
575 678
583 954
77 572
22 485
266 813
49 303
494 947
844 849
354 583
173 894
555 797
172 448
199 430
387 408
48 257
321 901
634 939
530 731
82 902
516 841
300 680
679 693
739 815
108 672
675 885
274 367
84 759
340 989
501 750
129 965
68 650
684 930
116 465
123 724
478 493
61 833
417 831
344 600
61 275
766 848
361 967
224 662
52 187
756 853
19 664
640 840
350 676
135 234
642 673
417 661
433 619
424 919
437 988
447 615
815 822
18 594
346 476
410 612
691 752
474 511
528 898
706 918
57 618
90 431
200 615
466 848
746 971
75 406
567 659
373 862
25 320
291 742
140 882
232 826
465 697
231 726
25 487
103 325
187 735
113 772
450 605
651 798
541 669
116 436
459 554
567 797
171 660
414 493
70 487
541 973
378 427
460 532
625 933
597 697
211 348
424 474
604 970
195 745
657 784
454 500
166 978
508 822
49 810
207 628
162 393
642 976
177 903
499 540
430 819
152 944
714 969
611 837
24 730
406 845
301 479
217 673
612 647
48 340
218 894
733 961
568 750
572 963
417 925
611 730
128 301
648 763
699 902
340 410
59 778
527 634
242 536
266 332
460 578
443 536
485 739
346 376
153 379
232 410
234 470
476 530
142 292
523 531
81 943
303 732
265 873
56 440
610 763
233 295
659 793
436 986
654 821
343 819
642 736
377 544
521 959
40 209
451 741
245 269
160 849
307 975
346 566
68 575
187 887
231 313
229 583
234 691
692 971
4 429
466 622
230 478
534 626
224 379
465 597
507 884
531 739
155 593
182 602
606 618
397 521
472 637
661 802
745 751
473 476
203 358
311 652
570 914
59 203
245 376
84 187
28 533
63 804
405 457
763 876
349 646
128 359
41 797
229 699
222 808
95 906
471 638
618 969
24 135
22 191
481 966
258 834
496 781
286 881
51 464
551 558
862 887
119 698
752 878
62 577
51 222
108 538
460 779
136 299
658 872
413 741
22 961
547 873
157 258
129 292
617 822
563 981
202 959
614 662
807 873
84 423
643 761
122 199
958 993
447 527
325 724
724 897
12 631
230 957
64 506
322 542
474 919
198 820
66 273
397 478
47 447
755 893
61 559
134 461
397 659
303 424
264 662
655 781
66 705
92 179
651 760
339 585
532 724
563 853
122 966
493 987
71 961
314 946
102 425
683 790
281 874
390 960
401 901
504 732
112 265
240 289
184 881
89 962
241 320
475 582
697 833
202 716
17 972
451 643
56 427
553 993
247 678
168 876
472 549
351 936
129 142
325 503
156 315
276 284
331 533
636 848
63 924
247 850
38 278
16 944
413 451
298 465
5 76
658 707
116 705
229 380
47 84
431 753
23 65
24 815
73 362
10 595
810 852
161 333
98 729
22 804
46 549
578 646
881 959
160 508
145 354
21 744
919 948
756 976
625 805
510 968
245 303
388 580
870 927
894 930
82 655
127 723
28 384
232 333
601 993
266 950
252 954
669 721
639 842
173 196
449 476
549 657
544 895
519 777
384 783
63 647
37 233
117 370
204 524
268 292
71 651
249 460
417 678
278 875
72 685
376 810
245 550
200 335
21 46
37 765
307 326
249 271
196 958
752 906
333 924
357 504
136 550
311 808
489 885
29 802
95 932
103 995
152 606
326 882
135 278
606 822
254 471
83 590
323 493
74 528
348 469
41 461
416 499
347 372
135 197
378 908
212 747
485 733
727 769
63 600
435 701
476 566
542 878
169 721
184 716
65 325
382 956
313 734
676 747
332 926
55 877
8 385
183 454
42 151
416 540
455 903
581 857
221 530
403 637
127 640
29 417
573 676
518 842
796 881
915 934
125 442
34 605
843 984
874 880
92 278
481 635
655 795
123 405
376 565
93 518
472 542
502 667
13 263
467 768
489 676
382 678
544 615
535 667
229 881
88 826
668 710
472 917
536 826
368 787
479 806
467 574
300 341
240 917
44 452
36 831
132 799
470 884
218 846
263 393
54 686
179 859
180 954
39 626
491 975
781 998
481 538
409 739
60 999
23 579
466 807
39 836
204 355
19 895
726 840
17 486
286 933
37 982
41 212
195 345
352 634
164 580
361 707
113 729
243 384
202 891
772 864
719 862
746 811
772 858
322 409
0 842
150 244
193 305
100 354
124 373
398 539
664 857
166 670
277 985
134 908
381 547
713 879
474 494
203 756
65 159
213 606
24 870
71 924
929 975
619 937
72 280
113 834
10 768
494 699
365 890
102 696
58 714
1 982
454 633
8 26
165 793
406 586
204 870
634 972
367 969
648 852
12 191
486 712
166 851
160 512
489 745
470 820
230 286
132 854
424 757
798 916
135 917
538 623
39 926
377 660
3 396
29 402
838 946
70 912
7 530
267 737
906 927
516 573
261 567
294 910
276 947
397 493
82 424
501 705
68 428
775 980
196 601
194 275
139 371
29 592
177 549
29 265
286 490
552 879
7 436
837 982
355 870
456 781
72 491
198 470
143 253
230 792
56 978
744 974
136 866
15 476
240 657
69 820
691 864
185 942
390 887
166 576
145 954
506 770
87 356
440 576
888 982
740 862
161 544
39 101
524 906
660 860
360 725
515 888
92 189
61 66
329 858
202 954
180 991
165 915
12 608
202 800
360 894
347 475
392 491
118 882
36 630
83 623
440 978
10 362
279 801
183 653
660 664
814 865
152 616
255 710
520 664
117 190
165 885
835 948
220 647
289 322
62 935
235 874
712 817
380 825
582 996
68 549
149 948
751 898
104 643
720 774
290 302
246 350
278 730
288 872
370 937
917 925
622 727
414 966
320 370
50 644
87 675
49 530
185 628
796 957
643 720
525 587
87 816
481 613
99 195
615 692
746 895
251 797
221 298
258 531
482 606
338 825
296 545
539 927
212 555
364 964
82 585
185 227
134 727
390 437
368 560
450 683
325 506
175 335
300 645
686 753
203 853
141 902
232 344
150 989
186 257
241 522
514 518
417 682
364 863
328 715
188 331
306 326
770 792
445 696
193 600
198 678
420 614
458 860
110 756
444 456
364 853
400 961
398 856
22 258
536 811
451 709
426 879
404 523
175 971
225 951
543 791
7 565
323 397
362 531
512 587
277 868
361 948
485 932
211 469
5 365
138 453
742 901
341 536
251 915
464 603
390 492
216 657
180 327
208 616
445 847
198 209
101 517
12 958
805 957
321 352
276 824
227 665
344 989
76 562
157 581
323 785
674 679
22 694
120 618
769 833
371 846
190 603
142 325
33 577
123 625
279 859
236 923
137 314
20 535
648 781
189 426
63 377
165 212
658 757
53 611
600 723
393 650
219 306
48 600
855 878
404 409
658 921
27 718
809 952
126 847
285 505
133 601
134 769
132 892
294 583
369 491
438 859
134 263
509 634
796 857
477 558
159 753
89 721
386 777
291 321
765 856
534 687
376 866
194 628
306 975
187 396
189 319
176 456
494 919
237 590
571 819
246 602
249 913
567 793
607 954
193 912
393 636
50 704
136 346
302 747
206 761
414 483
158 249
679 972
63 333
265 650
969 999
47 352
323 483
198 744
206 268
296 402
905 951
250 299
402 922
145 294
456 872
61 507
379 671
184 585
290 783
216 820
478 987
177 417
278 395
105 158
291 735
388 886
487 937
643 923
141 935
83 163
46 248
75 907
58 617
716 947
220 790
426 730
776 910
342 892
186 405
752 855
204 752
227 663
143 418
367 829
498 917
13 883
124 401
489 793
51 193
80 785
494 663
63 645
334 988
252 462
425 599
209 263
344 570
614 746
469 766
476 941
609 786
603 652
846 959
32 36
602 992
542 772
155 267
621 861
237 399
140 975
26 865
98 878
372 996
126 656
189 859
156 369
159 965
596 932
912 975
614 664
295 923
74 538
40 412
363 517
513 808
404 485
354 663
7 550
355 906
952 993
149 585
264 671
207 784
540 907
448 664
493 796
225 376
143 235
292 709
612 989
23 510
395 870
245 553
464 832
330 520
187 568
59 773
396 972
675 695
351 899
352 642
184 857
279 592
485 864
11 598
343 814
602 886
38 932
202 823
698 733
40 434
109 913
678 802
190 652
162 950
165 747
846 957
506 886
280 654
909 963
395 906
90 451
51 214
470 691
518 999
349 890
897 957
504 530
274 768
724 965
801 843
73 768
784 908
38 730
38 878
613 966
645 762
382 705
465 928
727 978
74 599
170 386
125 912
136 810
473 866
192 762
570 937
493 663
24 561
376 473
140 280
137 593
880 931
346 565
496 795
81 169
56 904
105 913
621 888
616 917
448 694
801 815
179 455
68 248
355 789
12 448
377 581
171 365
239 944
779 989
168 872
614 894
414 800
296 592
180 823
328 651
616 678
102 323
429 792
628 949
658 781
71 157
462 671
211 687
344 762
317 522
579 696
92 690
59 981
390 537
374 949
720 923
33 810
315 882
144 988
281 988
117 808
688 933
135 932
117 320
455 816
4 457
475 696
435 856
358 509
247 831
799 955
374 496
270 922
276 763
101 505
406 916
251 898
257 646
353 889
344 410
45 134
180 394
205 966
193 914
292 726
415 585
291 391
363 521
475 709
261 974
522 759
532 578
195 541
641 661
222 366
482 661
206 431
178 746
111 400
140 326
326 706
455 814
140 787
424 707
42 167
17 674
474 902
89 943
192 796
305 995
141 836
88 959
137 155
544 924
711 827
459 888
220 612
162 766
584 998
826 857
192 286
600 985
730 789
119 637
505 571
375 442
2 808
292 503
288 998
772 932
490 688
466 899
46 956
126 434
177 278
472 498
1 14
556 631
220 536
48 612
685 975
556 956
95 524
226 873
122 350
24 637
204 398
328 492
8 169
203 422
529 626
273 381
539 752
125 654
232 600
471 652
23 623
471 782
496 872
694 804
922 950
670 922
498 542
39 324
265 440
190 808
123 186
127 340
491 685
348 636
747 865
300 556
400 509
561 730
609 663
341 933
372 579
248 300
368 975
415 448
30 328
346 357
248 974
675 767
715 782
514 594
630 682
113 389
247 507
4 724
26 871
695 903
414 825
308 866
132 874
685 914
646 700
126 430
312 365
236 283
376 702
46 465
72 118
691 878
45 978
865 915
502 629
291 373
11 977
433 937
438 592
12 581
181 218
10 806
852 951
623 900
608 956
723 737
174 535
126 814
674 693
210 400
176 781
204 932
138 506
496 919
25 366
136 269
71 84
213 404
219 988
762 811
139 294
234 878
223 874
771 782
403 815
164 758
159 372
372 451
11 580
614 910
16 519
439 871
417 802
651 834
245 809
761 953
10 916
729 893
443 762
682 922
23 195
155 640
480 592
361 852
252 457
5 562
568 972
92 849
187 608
6 426
658 824
352 719
260 348
532 779
273 559
68 678
473 941
857 959
636 873
363 414
741 911
3 391
507 678
493 716
16 639
289 472
232 625
429 604
207 575
149 496
228 732
149 284
183 512
718 728
679 775
687 873
523 772
655 707
391 863
637 843
416 595
204 395
149 354
233 734
315 782
146 822
304 514
237 538
550 810
410 578
82 494
12 111
497 642
243 331
25 638
623 635
511 795
658 795
716 902
370 375
17 203
248 261
73 213
120 780
303 504
466 836
24 355
244 295
491 638
228 346
198 298
247 479
194 479
179 197
6 789
624 731
89 541
23 745
340 349
159 431
244 292
259 639
193 570
21 575
284 902
585 754
92 438
30 437
534 807
605 827
452 642
119 815
131 802
638 782
127 995
910 954
109 457
74 590
546 893
426 508
86 608
364 976
223 274
353 981
536 762
24 932
394 462
319 943
61 942
51 638
654 914
135 691
38 815
241 368
353 817
948 983
230 997
146 677
386 595
688 762
218 294
83 538
416 829
144 717
156 591
335 660
113 531
112 412
126 293
420 684
229 354
275 597
625 700
235 880
339 902
17 608
477 755
445 816
333 909
209 428
300 694
385 701
243 672
61 731
8 669
517 659
103 159
416 880
254 334
213 587
647 937
582 681
24 73
498 932
325 372
570 912
46 597
121 754
266 427
371 930
165 819
122 290
120 617
466 469
229 284
444 951
660 963
626 807
553 852
581 729
301 359
161 520
739 917
750 857
750 809
468 917
806 907
475 764
302 475
615 666
803 889
79 249
412 641
217 396
544 572
302 745
548 577
56 226
813 978
16 999
431 830
68 784
302 590
908 925
603 832
436 449
199 676
73 880
377 963
555 883
132 988
57 146
76 77
237 635
248 708
236 413
501 956
44 408
228 952
606 677
157 651
410 600
411 924
50 137
36 661
661 780
145 229
71 667
38 485
115 252
338 805
134 211
605 640
563 773
466 687
603 685
615 746
261 855
568 581
668 704
249 457
361 566
244 737
116 986
334 471
309 929
298 908
65 237
105 580
327 910
740 863
98 752
74 142
685 790
93 618
13 212
344 963
320 821
489 816
608 980
400 924
309 320
196 360
707 896
686 689
479 850
334 513
4 460
691 797
663 881
511 585
574 874
305 410
34 838
20 373
398 748
528 681
684 800
43 588
111 161
373 502
167 523
924 963
546 927
121 659
447 568
536 729
87 883
125 366
283 923
769 978
343 434
30 961
388 578
313 605
845 976
504 584
8 236
275 678
78 787
688 796
311 771
849 859
611 632
242 932
162 727
25 375
12 400
354 872
679 735
161 666
36 247
494 795
24 508
572 895
490 855
459 748
407 616
176 346
345 709
755 932
498 637
726 923
352 972
212 691
138 481
102 881
176 952
338 659
674 817
174 634
42 50
632 879
455 539
289 739
81 451
65 979
677 801
27 499
40 628
506 997
609 899
174 401
204 830
38 531
68 412
280 491
795 948
371 910
579 709
203 972
630 661
443 804
167 253
629 642
303 993
209 212
434 445
635 676
280 685
23 350
431 709
207 928
223 561
363 425
274 874
507 697
66 116
479 889
520 666
273 275
424 947
294 823
34 244
150 683
17 406
396 679
176 303
30 157
354 415
808 937
706 929
552 627
165 797
80 881
194 867
487 912
340 646
187 651
167 799
704 837
157 694
493 659
347 720
210 729
344 370
35 969
119 620
78 882
65 996
102 681
113 498
444 781
440 547
167 223
275 479
202 930
272 511
160 355
383 703
857 993
72 320
490 933
230 397
202 493
192 680
477 898
165 785
914 937
654 685
14 459
636 807
188 623
483 521
145 823
406 869
339 609
221 624
570 647
261 793
352 862
487 652
257 410
475 996
702 866
189 789
358 976
303 872
352 502
97 598
134 650
800 823
696 797
694 826
362 403
251 453
479 616
422 863
32 831
194 273
26 356
157 400
153 224
553 732
247 597
72 975
703 736
402 438
411 857
154 897
240 470
838 870
737 989
107 620
253 492
477 539
511 663
508 561
268 435
147 407
305 612
558 695
130 337
38 404
7 225
53 984
12 952
53 677
171 241
536 933
196 750
861 877
681 745
33 852
194 942
297 869
425 659
405 791
674 798
217 629
389 834
207 820
284 930
723 762
16 441
119 874
472 739
549 974
325 388
566 986
158 294
250 408
266 626
297 531
490 567
171 544
222 914
334 652
19 181
126 783
693 869
247 682
707 835
63 370
195 237
38 864
48 344
359 867
214 683
202 699
65 635
414 957
11 186
232 688
112 831
56 393
473 550
382 628
92 539
105 818
1 169
470 855
727 936
781 795
740 976
131 842
116 577
481 506
46 209
212 567
143 955
151 892
695 885
438 822
383 702
90 475
79 662
694 924
678 908
567 691
620 698
145 330
584 781
687 766
629 634
268 761
40 393
648 707
302 973
117 220
76 375
496 902
503 933
476 705
196 809
479 884
262 741
32 589
650 678
230 429
526 615
406 674
301 803
84 887
242 868
197 871
293 516
251 363
169 206
104 268
49 225
340 737
153 271
69 415
15 449
285 517
677 849
530 577
174 740
848 936
577 624
570 688
586 778
98 864
31 332
780 944
192 826
450 737
88 805
135 498
245 565
312 462
65 481
517 573
676 973
156 190
236 830
642 735
17 86
52 217
209 864
893 974
51 155
650 744
641 678
305 646
145 371
401 717
243 302
204 231
180 846
534 908
423 501
3 673
664 993
113 864
619 854
49 66
280 306
914 963
237 709
374 986
358 422
240 884
171 312
52 423
417 589
631 679
104 206
104 451
85 762
157 297
107 223
200 971
435 720
597 744
678 925
3 114
434 551
13 40
294 662
817 907
845 981
124 901
465 705
599 997
824 902
257 805
168 947
718 907
693 916
468 755
241 442
811 971
184 663
209 240
842 999
517 785
800 891
342 827
646 723
156 782
152 213
147 279
439 477
366 924
129 753
213 274
331 337
281 854
67 720
310 908
108 243
17 651
637 801
218 394
381 575
160 189
119 739
38 574
430 676
199 516
341 868
502 860
291 717
105 405
361 496
330 583
85 723
28 108
377 536
238 525
631 961
278 903
70 612
826 959
582 871
44 364
284 846
308 504
182 350
102 996
107 619
701 726
502 673
128 381
407 822
293 343
177 472
240 893
869 907
655 919
51 524
56 534
142 347
397 881
346 781
755 927
198 412
164 506
756 981
157 485
273 597
437 812
366 975
674 775
868 940
420 520
645 811
547 576
779 970
29 589
821 975
143 698
385 856
325 996
397 588
445 681
72 326
836 936
86 817
779 805
289 864
149 648
114 773
688 909
41 676
81 627
339 663
184 521
521 699
595 618
121 949
317 458
183 238
298 534
282 845
73 815
474 948
426 512
509 759
337 446
358 901
361 658
291 390
56 727
917 974
486 693
258 884
295 701
286 380
526 662
190 683
334 782
447 667
191 729
240 678
538 588
48 723
305 316
218 360
268 451
238 730
404 637
744 884
140 929
792 965
56 270
711 870
283 345
711 837
466 926
341 439
127 450
205 979
341 645
40 744
77 666
82 648
210 928
359 479
181 664
26 179
686 709
393 848
169 319
269 601
200 527
101 841
342 711
265 950
211 534
345 741
392 471
19 335
346 852
442 924
152 407
225 584
353 916
223 772
876 896
600 612
310 378
280 912
172 303
190 193
22 581
412 428
202 380
438 616
151 621
472 531
944 999
10 27
156 311
122 676
654 912
71 581
634 673
827 888
143 988
447 660
66 473
207 956
710 892
546 574
162 908
634 860
55 525
532 543
186 604
334 832
278 859
273 382
596 858
6 398
793 934
124 719
680 959
198 465
284 474
102 397
247 381
314 877
180 607
70 316
556 680
92 455
158 598
653 677
212 755
399 602
516 747
310 682
174 901
453 764
527 692
303 952
235 523
113 733
146 875
146 606
297 834
222 683
0 777
270 378
125 914
174 391
343 847
105 604
207 754
103 940
251 425
277 443
170 606
351 926
432 640
130 211
283 709
150 723
579 996
51 267
92 917
83 510
4 154
141 276
293 934
33 781
665 680
339 374
276 609
357 905
374 465
492 854
633 713
234 657
411 729
190 994
730 739
470 928
310 813
16 514
728 777
346 951
64 154
940 995
470 925
27 728
116 530
225 473
638 912
360 910
623 973
63 914
165 434
125 375
71 522
171 860
233 856
651 939
202 414
660 759
450 524
697 941
825 886
6 160
7 496
216 409
283 753
558 865
4 770
38 637
284 663
436 941
354 786
643 953
244 830
86 203
252 460
72 307
13 847
10 760
177 209
102 528
152 815
67 541
251 475
51 683
409 470
33 424
873 908
904 978
29 670
528 897
477 797
98 234
674 907
525 984
113 216
257 909
720 962
369 603
438 551
36 641
27 778
202 284
133 810
308 383
874 931
198 216
568 634
2 306
147 822
682 833
417 438
8 398
536 680
0 831
398 627
483 494
756 778
392 790
548 566
34 313
230 414
501 775
192 600
26 477
776 823
389 874
329 906
95 838
399 979
82 699
9 771
242 570
249 264
572 725
10 798
815 843
827 982
73 878
248 439
34 233
769 848
201 530
716 846
505 636
37 231
799 988
101 656
697 850
276 795
293 571
105 758
333 692
265 802
884 942
45 934
272 699
278 546
185 956
278 438
325 709
91 899
632 849
579 979
107 281
398 789
194 657
341 729
120 831
31 626
748 879
244 726
234 468
304 945
332 836
81 764
524 605
141 149
186 700
345 751
723 933
334 464
386 969
265 908
470 956
97 249
174 502
933 989
599 602
767 816
468 695
653 829
10 499
863 964
273 465
520 894
86 679
755 797
739 932
453 635
504 550
190 593
769 904
21 412
754 784
38 523
902 919
35 714
324 585
757 810
51 433
88 680
217 358
24 849
459 861
152 208
781 951
212 558
690 917
216 884
185 470
483 609
31 873
91 622
578 989
556 961
100 184
434 690
201 221
333 411
126 571
231 605
539 903
280 368
220 377
190 487
122 397
371 583
389 433
646 909
168 424
465 949
570 694
86 806
239 714
494 716
92 558
291 901
498 815
435 451
584 810
428 657
883 915
89 451
817 981
792 977
383 866
143 931
231 233
608 928
806 850
244 734
531 698
727 841
408 920
341 855
517 987
800 846
229 414
284 483
251 555
51 392
110 907
674 869
234 409
202 294
116 624
17 353
86 845
39 332
536 600
527 759
25 647
287 852
302 599
541 774
181 857
588 635
766 904
415 708
127 244
592 922
654 975
24 917
681 797
251 747
694 834
455 847
668 837
82 658
220 277
319 435
50 837
151 515
52 679
104 720
154 791
261 915
190 832
501 581
10 907
112 247
144 960
123 158
522 804
164 457
579 582
293 851
201 624
359 417
471 591
0 540
503 582
651 679
346 383
72 706
245 732
156 685
169 236
286 521
295 451
931 960
135 739
67 195
360 420
150 316
354 494
80 285
383 810
448 568
354 959
305 723
292 830
559 702
65 898
269 809
80 380
120 152
744 867
2 652
0 618
552 761
575 820
870 932
604 776
553 601
233 701
300 893
304 639
176 951
132 955
263 628
297 485
501 942
155 749
13 551
579 590
386 788
259 842
409 428
276 716
897 933
509 651
176 269
279 402
552 837
236 292
339 708
298 833
648 795
387 990
352 740
579 764
301 831
375 790
171 370
243 571
52 568
44 735
108 195
899 936
123 700
66 308
147 208
362 637
712 889
41 430
906 946
181 526
228 299
501 952
221 436
225 557
328 401
51 994
447 759
509 742
22 893
275 382
645 909
490 881
229 987
270 576
211 848
57 60
350 623
320 366
124 629
23 475
40 134
618 780
53 55
8 451
659 966
257 264
349 779
85 232
56 950
564 839
100 957
380 659
527 535
492 874
4 11
48 305
547 682
263 412
203 887
660 666
523 931
851 922
461 785
969 984
108 745
221 465
312 442
14 426
154 457
166 495
323 380
499 907
317 808
152 438
253 569
383 601
272 663
90 528
595 969
432 463
481 590
102 966
470 628
215 743
790 989
622 626
69 116
226 682
149 288
436 504
412 831
158 805
585 824
526 664
521 800
187 452
161 614
136 504
678 884
207 382
143 854
2 253
404 733
756 817
724 770
80 493
730 801
673 719
475 489
63 612
363 987
709 720
21 928
732 948
396 509
128 682
332 766
372 431
246 397
337 828
881 987
360 664
168 998
400 667
162 848
216 261
298 820
394 614
289 733
264 846
79 562
319 385
660 971
403 617
557 810
83 686
578 762
40 234
399 968
733 880
392 652
168 919
135 903
312 811
503 723
722 766
845 980
357 852
147 592
184 680
212 251
426 801
232 612
657 682
715 988
575 697
359 412
288 795
152 843
588 602
320 929
716 959
305 344
205 579
151 314
824 948
6 552
606 637
23 262
396 756
194 744
484 813
643 753
497 673
775 942
275 381
46 784
104 774
521 663
131 639
173 456
104 627
377 688
665 796
464 937
424 584
356 551
542 884
231 524
10 416
161 181
78 368
290 516
389 961
273 548
80 121
264 394
423 895
309 375
748 982
485 858
723 940
138 724
434 883
445 558
122 302
566 584
70 914
482 780
451 669
57 403
301 697
512 801
66 565
278 472
553 810
222 464
276 354
65 463
30 71
77 692
481 751
310 766
586 980
359 682
59 563
10 938
858 874
512 789
737 995
308 941
638 685
34 431
407 903
267 790
132 569
60 842
650 974
780 831
819 847
232 989
227 902
597 650
116 565
954 970
314 888
827 861
741 753
208 903
33 476
152 428
367 677
287 998
503 996
868 932
103 640
51 95
374 942
94 614
660 924
823 891
65 923
520 910
103 749
209 917
225 476
102 338
472 561
688 804
22 300
345 510
224 526
337 564
294 894
107 151
735 756
412 479
191 258
283 774
392 464
101 936
487 975
68 820
40 575
491 808
558 797
629 719
286 645
436 697
303 374
172 601
250 387
113 855
4 506
90 753
698 760
464 487
192 940
134 165
562 666
555 558
457 805
229 796
332 873
650 769
533 541
100 881
352 742
437 537
222 652
443 963
341 752
47 423
39 841
173 583
463 940
322 834
194 833
907 916
61 381
100 959
277 570
393 904
252 578
67 413
23 481
613 825
623 979
50 515
3 174
489 579
557 852
539 755
284 494
510 602
28 973
581 688
703 941
43 791
29 270
644 837
87 343
108 384
118 306
112 131
921 948
311 513
47 809
258 878
381 678
350 481
555 816
394 930
760 880
29 166
668 765
448 556
95 204
241 912
657 884
411 570
335 811
240 412
581 958
353 845
30 834
7 577
22 242
551 847
15 299
271 725
228 550
200 666
73 152
432 838
364 642
50 946
608 942
336 851
187 373
509 735
40 682
259 519
469 936
347 555
452 501
617 969
223 892
459 879
704 856
183 713
775 956
52 84
381 697
589 682
411 796
276 483
46 893
262 283
171 924
254 487
370 975
188 783
663 754
74 345
58 518
616 661
216 240
119 367
508 739
154 580
362 467
347 579
366 443
311 464
303 948
205 825
615 664
724 996
38 395
32 682
296 336
617 875
236 741
111 680
368 706
390 939
326 787
567 871
99 767
801 844
332 505
363 957
248 556
33 566
40 784
161 196
345 979
140 487
41 571
104 953
291 509
55 955
240 479
544 634
855 864
596 752
51 117
381 908
455 859
430 461
24 223
766 873
230 388
347 745
73 113
157 733
253 874
535 887
775 928
190 316
370 377
59 674
285 926
295 794
810 952
28 767
372 477
94 776
25 683
483 902
490 826
345 753
556 893
911 962
232 443
39 899
62 221
302 538
463 996
121 165
382 479
133 952
324 483
558 755
222 277
718 778
121 784
266 348
138 503
410 723
231 856
580 779
198 248
688 729
345 911
182 751
776 959
318 968
713 837
220 963
722 935
610 902
194 956
283 431
286 363
258 389
434 650
113 556
409 917
252 604
966 996
60 106
101 461
447 809
155 316
184 284
166 769
150 995
504 757
412 922
208 822
758 886
119 546
131 482
195 973
92 279
73 278
600 790
71 210
549 867
242 300
596 870
29 743
439 729
452 920
80 102
157 804
386 518
20 509
308 565
209 797
189 398
174 291
90 579
326 491
133 550
727 766
878 917
693 853
35 441
185 216
210 448
112 547
749 840
578 792
350 425
141 899
146 239
584 658
283 643
115 779
111 660
634 759
654 890
230 770
86 586
212 885
302 555
113 297
394 520
132 808
23 108
516 783
400 651
184 202
160 395
584 921
463 709
727 950
401 509
229 663
259 780
248 657
22 855
278 822
238 632
177 744
757 921
36 867
536 924
81 283
366 808
188 676
168 511
186 758
492 698
115 123
666 692
567 996
122 825
230 800
40 46
69 585
550 705
216 755
241 860
227 354
583 959
346 952
16 304
394 725
394 891
549 661
171 914
321 509
162 904
232 536
288 658
141 967
332 899
113 470
192 411
211 446
565 942
332 529
644 982
66 942
199 517
61 705
132 620
602 825
855 932
574 637
212 696
460 758
488 598
154 257
114 719
251 579
403 512
382 867
940 989
27 945
8 347
128 589
544 568
185 928
616 974
738 920
275 833
142 159
240 546
363 897
154 340
403 508
448 501
420 662
320 591
285 324
167 698
26 695
179 632
140 918
192 439
248 784
763 991
367 574
908 974
390 401
678 831
585 872
13 819
395 789
569 832
211 807
509 535
383 990
353 712
115 580
242 647
73 258
8 720
354 930
651 717
221 273
733 869
80 414
762 940
327 824
300 688
178 958
98 490
265 833
224 335
245 993
626 926
16 18
168 948
27 282
105 970
250 964
339 820
281 464
983 998
497 964
475 555
871 915
198 950
282 718
67 262
44 703
556 855
15 941
341 600
362 472
657 820
18 386
710 946
339 784
315 808
320 487
872 998
21 889
605 994
327 330
57 944
193 392
265 412
5 309
529 785
605 749
208 925
178 181
17 869
299 738
184 957
465 820
417 479
433 570
508 789
394 776
34 236
263 784
62 530
500 713
223 574
192 694
216 556
123 340
395 752
13 915
441 714
31 576
227 374
809 895
193 985
334 808
107 870
124 673
146 403
561 677
280 706
74 996
1 398
505 656
261 477
196 614
302 425
652 937
335 725
574 620
298 597
63 193
37 761
276 919
833 908
222 370
623 672
126 816
385 720
290 934
451 761
267 985
472 482
101 934
528 588
409 549
574 739
461 505
385 962
333 375
232 933
392 683
167 619
434 847
69 942
294 330
315 334
119 498
864 871
59 396
770 825
216 925
117 591
154 230
14 53
512 561
88 521
77 811
691 974
187 693
612 762
117 443
31 56
267 277
118 821
51 316
483 493
84 352
278 772
50 621
877 955
542 798
142 251
17 887
598 604
583 823
384 430
61 678
438 925
111 759
186 264
589 639
472 875
684 910
843 944
354 665
274 362
152 417
290 656
327 930
542 733
789 849
631 834
264 607
68 616
457 604
625 970
13 797
70 603
494 824
230 521
3 853
313 840
211 873
858 927
131 944
62 91
316 749
461 885
614 666
51 593
152 917
449 703
358 972
64 457
216 300
176 383
512 984
548 731
240 322
158 578
363 825
507 559
270 427
457 758
94 360
696 934
809 958
372 923
218 662
695 859
74 686
17 509
361 424
3 773
203 586
751 764
104 552
93 944
181 333
264 457
254 464
952 990
336 576
249 970
898 915
21 465
77 224
361 919
465 956
528 567
453 696
139 249
156 937
314 515
353 778
341 688
678 833
170 842
59 735
378 727
302 898
298 310
274 931
378 636
297 679
341 647
375 443
185 374
496 585
677 822
317 988
570 963
135 477
211 393
84 544
508 843
501 565
201 361
301 678
338 996
125 458
298 339
75 693
244 267
274 587
102 517
151 334
187 501
226 813
859 917
643 741
253 638
711 955
63 826
159 751
12 187
251 477
680 729
9 458
627 761
136 702
625 909
300 536
389 531
389 698
235 467
96 732
21 549
134 434
70 193
503 897
549 682
226 766
231 704
762 826
554 982
234 248
74 325
358 719
326 771
135 355
61 628
826 933
83 635
210 694
30 522
18 780
365 963
89 701
534 841
123 429
8 179
117 975
382 559
13 461
377 442
17 297
332 351
465 884
342 418
281 619
699 846
709 764
346 584
414 716
138 475
554 888
882 975
585 786
561 875
772 880
412 589
642 972
