17 74 124 12 162 997 210 519 27 5 129 142 2 19 0 278 2112 1757 253 845 2700 5822 401 1393 22 354 1412 4 63 229 472 34 360 754 35 3 77 260 314 0 26 120 174 12 19 0 5 28 193 6 3 5 6 76 1 12 0 0 0 0 2 28 0 0 6 0 0 0 0 0 0 0 0
10 49 42 3 166 362 177 99 13 7 45 18 4 3 0 415 1135 618 396 1222 1168 1165 460 146 56 96 248 17 44 133 43 68 205 45 27 21 51 147 68 1 59 31 18 11 0 2 25 23 20 1 4 3 6 22 6 1 0 0 0 5 8 0 0 1 0 0 0 0 0 0 0 0 0
13 64 72 6 175 640 208 230 14 5 86 46 7 10 0 415 1609 1170 356 1050 1926 2876 456 480 30 297 599 5 51 199 98 39 315 150 41 13 70 141 112 1 106 82 70 3 5 0 19 46 122 2 2 4 13 27 2 10 0 0 0 2 28 0 0 3 3 0 0 0 0 0 0 0 0
13 54 72 6 159 556 183 224 10 8 64 58 4 4 0 402 1537 808 299 1090 1794 2429 487 433 56 175 587 2 74 155 182 79 211 237 28 18 44 117 84 2 62 25 33 8 9 0 19 37 48 0 2 8 10 13 6 1 0 0 0 6 4 2 0 3 1 0 0 0 0 0 0 0 0
8 37 25 3 149 200 138 41 3 6 45 12 4 3 0 398 758 285 436 1123 653 442 391 39 56 94 175 12 25 157 25 62 205 18 14 26 11 37 13 1 59 31 12 11 0 2 28 16 20 0 0 1 8 5 6 1 0 0 0 5 8 0 0 0 0 0 0 0 0 0 0 0 0
9 46 34 2 150 306 200 71 6 8 42 12 4 1 0 372 957 404 348 1237 1236 864 610 90 51 217 246 13 48 93 14 86 204 30 21 25 17 84 34 2 62 10 6 8 0 2 26 24 14 1 0 2 7 6 6 0 0 0 0 6 4 0 0 0 2 0 0 0 0 0 0 0 0
9 49 33 3 153 327 189 66 9 14 45 15 1 3 0 403 956 626 337 1150 1180 907 500 80 116 152 217 3 83 119 51 127 189 30 20 19 35 121 50 14 18 25 15 12 0 0 6 4 38 2 1 13 5 8 0 1 0 0 0 4 2 0 0 1 0 0 0 0 0 0 0 0 0
8 35 27 1 148 226 110 50 4 8 11 6 0 0 0 439 845 395 441 843 679 606 231 55 113 0 63 21 37 55 21 37 50 15 23 20 39 41 18 13 0 0 0 5 0 6 0 0 0 0 1 12 0 3 0 0 0 0 0 0 0 0 1 0 0 0 0 0 0 0 0 0 0
9 42 33 3 165 277 173 64 7 8 37 19 4 1 0 398 1001 402 440 1236 1067 739 508 71 72 73 219 13 44 117 59 79 156 47 16 27 50 85 30 2 62 10 6 8 2 2 24 22 7 1 2 6 5 9 6 0 0 0 0 6 4 0 0 2 0 0 0 0 0 0 0 0 0
2 20 1 0 88 14 85 0 3 9 0 0 0 0 0 270 34 44 308 693 43 0 203 0 97 0 0 12 3 0 0 68 0 0 1 7 24 38 0 5 0 0 0 0 0 6 0 0 0 2 0 4 0 0 0 0 0 0 0 0 0 0 1 0 0 0 0 0 0 0 0 0 0
9 36 35 1 146 272 80 77 5 6 6 7 0 0 0 482 1027 457 496 612 585 869 122 105 82 8 42 29 40 19 30 27 7 21 18 16 39 42 32 6 0 0 0 0 0 5 0 0 0 3 1 8 0 0 0 0 0 0 0 0 0 0 0 0 0 0 0 0 0 0 0 0 0
6 30 13 2 101 119 86 12 3 7 25 8 0 0 0 332 352 218 327 559 312 153 164 4 84 69 94 14 24 87 29 45 80 10 10 7 22 34 6 5 0 0 0 7 1 6 0 0 0 2 0 2 0 6 0 0 0 0 0 0 0 0 1 0 0 0 0 0 0 0 0 0 0
5 31 10 0 123 116 138 10 4 14 0 0 0 0 0 336 411 224 352 1045 490 162 448 5 138 0 0 8 43 0 0 138 0 0 10 23 24 60 12 19 0 0 0 0 0 2 0 0 0 1 0 13 0 0 0 0 0 0 0 0 0 0 0 0 0 0 0 0 0 0 0 0 0
4 26 6 0 110 72 97 4 3 9 0 0 0 0 0 337 268 165 377 760 252 66 231 1 105 0 0 14 21 0 0 67 0 0 6 19 23 39 6 7 0 0 0 0 0 6 0 0 0 0 0 4 0 0 0 0 0 0 0 0 0 0 1 0 0 0 0 0 0 0 0 0 0
5 33 9 1 120 103 142 7 4 9 17 3 2 0 0 338 347 223 311 990 406 108 427 2 105 51 48 11 25 65 9 93 79 3 7 25 16 51 6 12 30 0 0 5 0 2 7 6 0 0 1 2 1 3 1 0 0 0 0 4 0 0 0 0 0 0 0 0 0 0 0 0 0
13 51 76 2 146 560 163 264 14 11 22 22 1 0 0 437 1491 794 335 870 1697 2744 439 606 92 82 235 8 106 57 69 105 101 108 30 19 55 140 137 14 16 0 0 6 1 2 5 9 0 1 2 16 2 7 0 0 0 0 0 4 0 0 0 2 0 0 0 0 0 0 0 0 0
5 28 9 1 111 83 126 7 3 9 19 3 2 0 0 318 317 87 313 975 352 82 406 2 99 71 54 7 25 63 2 93 88 3 3 23 12 28 6 12 34 0 0 5 0 2 7 6 0 0 0 2 7 3 1 0 0 0 0 4 0 0 0 0 0 0 0 0 0 0 0 0 0
9 28 36 0 109 212 90 84 6 5 0 0 0 0 0 415 760 200 357 556 658 703 239 126 51 0 0 27 32 0 0 36 0 0 7 14 45 62 39 1 0 0 0 0 0 5 0 0 0 0 1 8 0 0 0 0 0 0 0 0 0 0 0 0 0 0 0 0 0 0 0 0 0
6 33 15 0 135 147 150 20 9 13 0 0 0 0 0 383 542 215 357 1055 636 270 481 15 118 0 0 13 48 0 0 136 0 0 10 21 48 112 24 19 0 0 0 0 0 2 0 0 0 1 4 17 0 0 0 0 0 0 0 0 0 0 0 0 0 0 0 0 0 0 0 0 0
9 23 36 0 104 182 32 84 1 2 0 0 0 0 0 423 769 198 355 229 254 630 34 126 27 0 0 35 15 0 0 7 0 0 17 7 14 2 7 0 0 0 0 0 0 2 0 0 0 0 0 1 0 0 0 0 0 0 0 0 0 0 0 0 0 0 0 0 0 0 0 0 0
3 26 3 0 110 44 125 1 4 8 0 0 0 0 0 259 166 112 337 1000 184 18 370 0 104 0 0 13 10 0 0 60 0 0 4 17 21 62 4 10 0 0 0 0 0 6 0 0 0 2 0 4 0 0 0 0 0 0 0 0 0 0 1 0 0 0 0 0 0 0 0 0 0
3 23 3 0 103 44 98 1 1 5 0 0 0 0 0 293 160 120 335 782 181 21 266 0 63 0 0 17 6 0 0 35 0 0 10 25 11 15 1 3 0 0 0 0 0 5 0 0 0 0 0 4 0 0 0 0 0 0 0 0 0 0 0 0 0 0 0 0 0 0 0 0 0
2 17 1 0 83 15 70 0 1 6 0 0 0 0 0 262 51 42 307 592 57 0 174 0 62 0 0 19 4 0 0 52 0 0 2 17 13 13 0 4 0 0 0 0 0 4 0 0 0 0 0 2 0 0 0 0 0 0 0 0 0 0 0 0 0 0 0 0 0 0 0 0 0
3 25 3 0 108 44 124 1 3 8 0 0 0 0 0 253 170 101 338 1003 194 19 370 0 104 0 0 12 10 0 0 60 0 0 4 18 17 50 3 10 0 0 0 0 0 6 0 0 0 2 0 4 0 0 0 0 0 0 0 0 0 0 1 0 0 0 0 0 0 0 0 0 0
4 17 6 0 79 49 67 4 1 2 0 0 0 0 0 257 215 51 269 507 190 47 201 1 22 0 0 20 6 0 0 20 0 0 4 16 7 11 2 0 0 0 0 0 0 1 0 0 0 0 0 0 0 0 0 0 0 0 0 0 0 0 0 0 0 0 0 0 0 0 0 0 0
2 22 0 1 96 0 115 0 0 11 20 0 1 0 0 257 0 0 284 948 0 0 369 0 116 80 0 6 0 70 0 107 99 0 0 26 0 0 0 14 16 0 0 7 0 2 7 0 0 0 0 0 4 0 0 0 0 0 0 4 0 0 0 0 0 0 0 0 0 0 0 0 0
7 26 20 1 107 138 77 30 0 3 14 5 2 0 0 333 541 157 370 591 389 292 174 25 30 44 70 24 15 48 8 27 44 10 11 17 0 0 0 0 27 0 0 2 0 4 14 10 0 0 0 0 1 0 1 0 0 0 0 1 0 0 0 0 0 0 0 0 0 0 0 0 0
4 16 5 1 74 37 28 2 0 3 11 2 0 0 0 264 159 58 274 241 60 21 29 0 47 25 22 14 6 51 5 10 24 1 3 4 0 0 0 1 0 0 0 3 0 4 0 0 0 0 0 0 3 0 0 0 0 0 0 0 0 0 0 0 0 0 0 0 0 0 0 0 0
2 17 0 1 82 0 65 0 0 5 17 0 0 0 0 247 0 0 253 582 0 0 150 0 80 63 0 8 0 76 0 25 65 0 0 12 0 0 0 10 0 0 0 5 0 7 0 0 0 0 0 0 3 0 0 0 0 0 0 0 0 0 0 0 0 0 0 0 0 0 0 0 0
3 8 3 0 56 14 8 1 1 1 0 0 0 0 0 230 95 12 235 91 12 6 3 0 18 0 0 17 1 0 0 2 0 0 1 4 7 4 1 0 0 0 0 0 0 2 0 0 0 0 0 1 0 0 0 0 0 0 0 0 0 0 0 0 0 0 0 0 0 0 0 0 0
2 10 1 0 29 10 29 0 0 0 0 0 0 0 0 150 29 16 40 157 29 0 56 0 0 0 0 3 0 0 0 0 0 0 0 2 0 0 0 0 0 0 0 0 0 0 0 0 0 0 0 0 0 0 0 0 0 0 0 0 0 0 0 0 0 0 0 0 0 0 0 0 0
6 25 14 1 91 114 87 16 1 2 9 4 0 0 0 329 408 178 251 621 401 190 235 9 22 14 36 17 10 33 16 20 22 6 6 18 1 12 4 0 0 0 0 0 0 1 0 0 0 0 0 0 0 0 0 0 0 0 0 0 0 0 0 0 0 0 0 0 0 0 0 0 0
2 18 0 1 89 0 73 0 0 3 14 0 2 0 0 264 0 0 328 658 0 0 173 0 30 44 0 20 0 48 0 27 44 0 0 17 0 0 0 0 27 0 0 2 0 4 19 0 0 0 0 0 1 0 1 0 0 0 0 1 0 0 0 0 0 0 0 0 0 0 0 0 0
4 22 6 0 94 62 83 4 2 5 0 0 0 0 0 322 219 109 316 621 230 58 223 1 62 0 0 18 10 0 0 29 0 0 8 14 21 19 4 3 0 0 0 0 0 5 0 0 0 0 0 5 0 0 0 0 0 0 0 0 0 0 0 0 0 0 0 0 0 0 0 0 0
2 16 1 0 91 14 51 0 1 5 0 0 0 0 0 274 60 47 365 517 40 0 86 0 84 0 0 19 2 0 0 22 0 0 2 13 12 11 0 4 0 0 0 0 0 5 0 0 0 0 0 3 0 0 0 0 0 0 0 0 0 0 0 0 0 0 0 0 0 0 0 0 0
4 14 5 1 59 31 28 2 0 0 11 2 0 0 0 214 127 33 172 225 57 17 39 0 0 28 22 8 0 46 3 0 27 1 2 6 0 0 0 0 0 0 0 0 0 0 0 0 0 0 0 0 0 0 0 0 0 0 0 0 0 0 0 0 0 0 0 0 0 0 0 0 0
7 25 21 0 104 142 52 35 4 4 0 0 0 0 0 429 552 189 375 393 278 335 80 35 52 0 0 22 20 0 0 16 0 0 13 11 21 28 20 3 0 0 0 0 0 4 0 0 0 3 0 4 0 0 0 0 0 0 0 0 0 0 0 0 0 0 0 0 0 0 0 0 0
2 11 1 0 41 9 31 0 1 0 0 0 0 0 0 170 19 14 135 202 22 0 57 0 0 0 0 7 0 0 0 0 0 0 0 5 11 9 0 0 0 0 0 0 0 0 0 0 0 0 0 0 0 0 0 0 0 0 0 0 0 0 0 0 0 0 0 0 0 0 0 0 0
4 19 5 1 78 44 70 2 1 1 11 2 0 0 0 237 160 82 226 542 145 25 176 0 20 0 21 14 2 48 7 9 54 1 6 17 7 11 1 0 0 0 0 1 0 1 0 0 0 0 0 0 0 1 0 0 0 0 0 0 0 0 0 0 0 0 0 0 0 0 0 0 0
3 14 3 0 86 26 39 1 1 3 0 0 0 0 0 309 133 31 349 372 70 12 70 0 42 0 0 24 3 0 0 15 0 0 6 15 12 8 1 3 0 0 0 0 0 4 0 0 0 0 0 3 0 0 0 0 0 0 0 0 0 0 0 0 0 0 0 0 0 0 0 0 0
3 12 3 0 47 22 30 1 1 1 0 0 0 0 0 189 73 25 152 187 52 10 56 0 10 0 0 6 1 0 0 1 0 0 0 5 10 8 1 0 0 0 0 0 0 0 0 0 0 0 0 1 0 0 0 0 0 0 0 0 0 0 0 0 0 0 0 0 0 0 0 0 0
6 20 14 1 90 87 59 16 1 5 11 4 0 0 0 297 363 107 313 497 234 141 129 9 58 0 43 19 18 49 8 37 50 6 5 12 13 11 3 4 0 0 0 5 0 4 0 0 0 0 0 2 0 1 0 0 0 0 0 0 0 0 0 0 0 0 0 0 0 0 0 0 0
7 22 20 1 81 117 58 30 0 6 15 5 0 0 0 299 415 117 232 422 293 248 127 25 64 41 75 12 30 53 7 39 55 10 6 8 0 0 0 4 0 0 0 6 0 4 0 0 0 0 0 0 3 0 0 0 0 0 0 0 0 0 0 0 0 0 0 0 0 0 0 0 0
3 12 3 0 35 24 30 1 0 1 0 0 0 0 0 157 66 33 59 158 60 12 56 0 11 0 0 2 2 0 0 1 0 0 2 1 0 0 0 0 0 0 0 0 0 0 0 0 0 0 0 0 0 0 0 0 0 0 0 0 0 0 0 0 0 0 0 0 0 0 0 0 0
3 13 3 0 71 24 31 1 1 3 0 0 0 0 0 254 111 31 303 292 55 11 47 0 58 0 0 14 3 0 0 12 0 0 2 7 12 7 1 1 0 0 0 0 0 6 0 0 0 0 0 3 0 0 0 0 0 0 0 0 0 0 0 0 0 0 0 0 0 0 0 0 0
2 5 1 0 28 5 4 0 0 0 0 0 0 0 0 143 26 5 98 40 4 0 1 0 0 0 0 5 0 0 0 0 0 0 1 2 0 0 0 0 0 0 0 0 0 0 0 0 0 0 0 0 0 0 0 0 0 0 0 0 0 0 0 0 0 0 0 0 0 0 0 0 0
2 16 1 0 70 14 54 0 1 2 0 0 0 0 0 226 43 46 270 421 41 0 101 0 41 0 0 12 1 0 0 10 0 0 3 10 10 13 0 1 0 0 0 0 0 4 0 0 0 0 0 1 0 0 0 0 0 0 0 0 0 0 0 0 0 0 0 0 0 0 0 0 0
5 17 10 0 84 66 41 10 1 2 0 0 0 0 0 324 297 76 310 325 158 96 65 5 41 0 0 14 7 0 0 10 0 0 9 9 10 6 3 1 0 0 0 0 0 4 0 0 0 0 0 1 0 0 0 0 0 0 0 0 0 0 0 0 0 0 0 0 0 0 0 0 0
4 17 6 0 86 47 36 4 2 4 0 0 0 0 0 290 220 71 321 336 92 43 47 1 60 0 0 24 10 0 0 14 0 0 5 7 13 14 4 3 0 0 0 0 0 3 0 0 0 1 0 2 0 0 0 0 0 0 0 0 0 0 0 0 0 0 0 0 0 0 0 0 0
3 16 3 0 86 30 63 1 1 6 0 0 0 0 0 253 151 32 293 582 114 14 171 0 85 0 0 10 11 0 0 40 0 0 5 14 5 12 1 10 0 0 0 0 0 7 0 0 0 0 0 1 0 0 0 0 0 0 0 0 0 0 0 0 0 0 0 0 0 0 0 0 0
2 24 1 0 96 20 136 0 2 12 0 0 0 0 0 212 61 83 270 1056 97 0 467 0 126 0 0 7 9 0 0 130 0 0 1 27 15 37 0 19 0 0 0 0 0 2 0 0 0 1 0 3 0 0 0 0 0 0 0 0 0 0 0 0 0 0 0 0 0 0 0 0 0
2 21 0 1 94 0 111 0 0 9 17 0 2 0 0 243 0 0 269 933 0 0 370 0 107 51 0 6 0 68 0 93 79 0 0 28 0 0 0 12 30 0 0 5 0 2 10 0 0 0 0 0 1 0 1 0 0 0 0 4 0 0 0 0 0 0 0 0 0 0 0 0 0
3 11 3 0 60 22 20 1 0 3 0 0 0 0 0 253 112 28 237 174 40 11 23 0 45 0 0 11 6 0 0 9 0 0 4 4 0 0 0 3 0 0 0 0 0 4 0 0 0 0 0 0 0 0 0 0 0 0 0 0 0 0 0 0 0 0 0 0 0 0 0 0 0
2 16 1 0 63 16 53 0 0 3 0 0 0 0 0 247 57 61 205 380 53 0 95 0 37 0 0 10 3 0 0 16 0 0 3 8 0 0 0 1 0 0 0 0 0 4 0 0 0 0 0 0 0 0 0 0 0 0 0 0 0 0 0 0 0 0 0 0 0 0 0 0 0
4 16 6 0 45 48 38 4 0 1 0 0 0 0 0 212 131 79 95 196 114 48 63 1 11 0 0 8 3 0 0 3 0 0 2 2 0 0 0 0 0 0 0 0 0 0 0 0 0 0 0 0 0 0 0 0 0 0 0 0 0 0 0 0 0 0 0 0 0 0 0 0 0
2 8 1 0 32 8 15 0 0 1 0 0 0 0 0 120 32 12 88 99 15 0 16 0 15 0 0 7 1 0 0 4 0 0 0 1 0 0 0 0 0 0 0 0 0 0 0 0 0 0 0 0 0 0 0 0 0 0 0 0 0 0 0 0 0 0 0 0 0 0 0 0 0
3 6 3 0 31 12 4 1 0 0 0 0 0 0 0 143 62 11 82 37 8 6 1 0 0 0 0 6 0 0 0 0 0 0 0 0 0 0 0 0 0 0 0 0 0 0 0 0 0 0 0 0 0 0 0 0 0 0 0 0 0 0 0 0 0 0 0 0 0 0 0 0 0
3 9 3 0 52 16 11 1 1 1 0 0 0 0 0 219 82 18 202 103 17 7 7 0 9 0 0 11 2 0 0 3 0 0 0 3 11 5 1 0 0 0 0 0 0 0 0 0 0 0 0 0 0 0 0 0 0 0 0 0 0 0 0 0 0 0 0 0 0 0 0 0 0
2 14 1 0 47 14 42 0 0 1 0 0 0 0 0 195 45 47 109 259 42 0 72 0 14 0 0 5 1 0 0 4 0 0 1 1 0 0 0 0 0 0 0 0 0 2 0 0 0 0 0 0 0 0 0 0 0 0 0 0 0 0 0 0 0 0 0 0 0 0 0 0 0
4 18 6 0 61 54 55 4 0 1 0 0 0 0 0 264 177 94 118 353 165 54 106 1 6 0 0 9 3 0 0 6 0 0 3 6 0 0 0 0 0 0 0 0 0 0 0 0 0 0 0 0 0 0 0 0 0 0 0 0 0 0 0 0 0 0 0 0 0 0 0 0 0
3 14 3 0 68 28 35 1 0 1 0 0 0 0 0 281 130 52 224 286 70 14 50 0 11 0 0 14 2 0 0 5 0 0 3 8 0 0 0 0 0 0 0 0 0 0 0 0 0 0 0 0 0 0 0 0 0 0 0 0 0 0 0 0 0 0 0 0 0 0 0 0 0
4 11 6 0 42 33 16 4 0 2 0 0 0 0 0 194 118 33 106 112 48 33 16 1 25 0 0 6 6 0 0 5 0 0 4 0 0 0 0 0 0 0 0 0 0 2 0 0 0 0 0 0 0 0 0 0 0 0 0 0 0 0 0 0 0 0 0 0 0 0 0 0 0
2 8 1 0 46 8 12 0 0 0 0 0 0 0 0 195 42 14 179 128 12 0 8 0 0 0 0 16 0 0 0 0 0 0 2 5 0 0 0 0 0 0 0 0 0 0 0 0 0 0 0 0 0 0 0 0 0 0 0 0 0 0 0 0 0 0 0 0 0 0 0 0 0
2 12 1 0 45 12 29 0 0 1 0 0 0 0 0 173 45 36 110 202 29 0 36 0 15 0 0 10 1 0 0 4 0 0 0 4 0 0 0 0 0 0 0 0 0 0 0 0 0 0 0 0 0 0 0 0 0 0 0 0 0 0 0 0 0 0 0 0 0 0 0 0 0
3 16 3 0 74 32 45 1 0 4 0 0 0 0 0 289 140 67 225 373 90 16 73 0 51 0 0 13 8 0 0 15 0 0 4 8 0 0 0 3 0 0 0 0 0 4 0 0 0 0 0 0 0 0 0 0 0 0 0 0 0 0 0 0 0 0 0 0 0 0 0 0 0
2 5 1 0 34 5 4 0 0 0 0 0 0 0 0 145 34 6 140 38 4 0 1 0 0 0 0 10 0 0 0 0 0 0 0 3 0 0 0 0 0 0 0 0 0 0 0 0 0 0 0 0 0 0 0 0 0 0 0 0 0 0 0 0 0 0 0 0 0 0 0 0 0
2 7 1 0 34 7 10 0 0 1 0 0 0 0 0 157 34 10 104 78 10 0 7 0 11 0 0 9 1 0 0 3 0 0 0 1 0 0 0 0 0 0 0 0 0 0 0 0 0 0 0 0 0 0 0 0 0 0 0 0 0 0 0 0 0 0 0 0 0 0 0 0 0
2 24 1 0 93 22 136 0 1 12 0 0 0 0 0 215 80 101 238 1043 115 0 467 0 128 0 0 6 11 0 0 130 0 0 4 26 2 21 0 19 0 0 0 0 0 2 0 0 0 0 0 1 0 0 0 0 0 0 0 0 0 0 0 0 0 0 0 0 0 0 0 0 0
2 6 1 0 38 6 6 0 0 0 0 0 0 0 0 149 38 9 138 72 6 0 2 0 0 0 0 6 0 0 0 0 0 0 0 2 0 0 0 0 0 0 0 0 0 0 0 0 0 0 0 0 0 0 0 0 0 0 0 0 0 0 0 0 0 0 0 0 0 0 0 0 0
2 14 1 0 63 14 65 0 0 2 0 0 0 0 0 198 61 23 198 511 65 0 200 0 22 0 0 12 2 0 0 20 0 0 1 14 0 0 0 0 0 0 0 0 0 1 0 0 0 0 0 0 0 0 0 0 0 0 0 0 0 0 0 0 0 0 0 0 0 0 0 0 0
2 10 1 0 49 8 20 0 1 1 0 0 0 0 0 198 32 14 164 161 13 0 22 0 18 0 0 12 0 0 0 2 0 0 1 5 7 7 0 0 0 0 0 0 0 2 0 0 0 0 0 1 0 0 0 0 0 0 0 0 0 0 0 0 0 0 0 0 0 0 0 0 0
2 14 1 0 66 14 39 0 0 4 0 0 0 0 0 246 54 42 250 335 39 0 55 0 51 0 0 11 4 0 0 20 0 0 6 7 0 0 0 1 0 0 0 0 0 6 0 0 0 0 0 0 0 0 0 0 0 0 0 0 0 0 0 0 0 0 0 0 0 0 0 0 0
3 12 3 0 50 24 29 1 0 2 0 0 0 0 0 216 98 34 107 239 58 12 50 0 17 0 0 9 4 0 0 7 0 0 1 5 0 0 0 0 0 0 0 0 0 0 0 0 0 0 0 0 0 0 0 0 0 0 0 0 0 0 0 0 0 0 0 0 0 0 0 0 0
2 13 1 0 74 13 34 0 0 4 0 0 0 0 0 230 66 36 286 338 34 0 49 0 67 0 0 15 4 0 0 16 0 0 4 9 0 0 0 1 0 0 0 0 0 4 0 0 0 0 0 0 0 0 0 0 0 0 0 0 0 0 0 0 0 0 0 0 0 0 0 0 0
2 13 0 1 57 0 55 0 0 1 13 0 0 0 0 169 0 0 178 450 0 0 156 0 20 21 0 11 0 55 0 9 55 0 0 13 0 0 0 0 0 0 0 1 0 1 0 0 0 0 0 0 1 0 0 0 0 0 0 0 0 0 0 0 0 0 0 0 0 0 0 0 0
2 10 1 0 50 10 27 0 0 2 0 0 0 0 0 171 50 16 204 258 27 0 45 0 42 0 0 8 2 0 0 10 0 0 0 6 0 0 0 1 0 0 0 0 0 4 0 0 0 0 0 0 0 0 0 0 0 0 0 0 0 0 0 0 0 0 0 0 0 0 0 0 0
2 14 1 0 74 8 43 0 3 3 0 0 0 0 0 270 21 11 279 406 16 0 76 0 42 0 0 17 0 0 0 15 0 0 1 10 24 21 0 3 0 0 0 0 0 4 0 0 0 3 0 3 0 0 0 0 0 0 0 0 0 0 0 0 0 0 0 0 0 0 0 0 0
2 11 1 0 50 11 26 0 0 1 0 0 0 0 0 215 44 25 151 231 26 0 34 0 11 0 0 10 1 0 0 5 0 0 3 5 0 0 0 0 0 0 0 0 0 0 0 0 0 0 0 0 0 0 0 0 0 0 0 0 0 0 0 0 0 0 0 0 0 0 0 0 0
2 23 0 1 104 0 124 0 0 9 19 0 2 0 0 262 0 0 299 1047 0 0 406 0 101 71 0 7 0 66 0 93 88 0 0 26 0 0 0 12 34 0 0 5 0 2 10 0 0 0 0 0 7 0 1 0 0 0 0 4 0 0 0 0 0 0 0 0 0 0 0 0 0
5 11 10 0 51 44 11 10 0 2 0 0 0 0 0 209 192 36 129 95 44 66 5 5 25 0 0 13 8 0 0 6 0 0 6 5 0 0 0 0 0 0 0 0 0 0 0 0 0 0 0 0 0 0 0 0 0 0 0 0 0 0 0 0 0 0 0 0 0 0 0 0 0
2 10 1 0 35 10 20 0 0 1 0 0 0 0 0 142 29 21 88 137 20 0 20 0 14 0 0 5 1 0 0 4 0 0 3 0 0 0 0 0 0 0 0 0 0 2 0 0 0 0 0 0 0 0 0 0 0 0 0 0 0 0 0 0 0 0 0 0 0 0 0 0 0
3 9 3 0 39 18 15 1 0 1 0 0 0 0 0 176 78 20 114 107 30 9 16 0 14 0 0 4 2 0 0 4 0 0 0 1 0 0 0 0 0 0 0 0 0 2 0 0 0 0 0 0 0 0 0 0 0 0 0 0 0 0 0 0 0 0 0 0 0 0 0 0 0
2 9 1 0 37 9 17 0 0 1 0 0 0 0 0 154 33 16 94 118 17 0 17 0 15 0 0 10 1 0 0 4 0 0 2 2 0 0 0 0 0 0 0 0 0 0 0 0 0 0 0 0 0 0 0 0 0 0 0 0 0 0 0 0 0 0 0 0 0 0 0 0 0
4 15 6 0 71 43 32 4 1 4 0 0 0 0 0 292 186 59 258 222 91 41 39 1 59 0 0 17 11 0 0 13 0 0 3 2 10 5 2 3 0 0 0 0 0 4 0 0 0 0 0 1 0 0 0 0 0 0 0 0 0 0 0 0 0 0 0 0 0 0 0 0 0
2 4 1 0 22 4 2 0 0 0 0 0 0 0 0 79 20 3 59 22 2 0 0 0 0 0 0 3 0 0 0 0 0 0 1 0 0 0 0 0 0 0 0 0 0 0 0 0 0 0 0 0 0 0 0 0 0 0 0 0 0 0 0 0 0 0 0 0 0 0 0 0 0
2 15 1 0 75 13 63 0 1 6 0 0 0 0 0 219 62 21 230 583 51 0 171 0 85 0 0 8 5 0 0 40 0 0 1 13 5 12 0 10 0 0 0 0 0 7 0 0 0 0 0 1 0 0 0 0 0 0 0 0 0 0 0 0 0 0 0 0 0 0 0 0 0
2 7 1 0 23 7 8 0 0 1 0 0 0 0 0 103 23 12 39 45 8 0 4 0 11 0 0 2 1 0 0 1 0 0 0 0 0 0 0 0 0 0 0 0 0 0 0 0 0 0 0 0 0 0 0 0 0 0 0 0 0 0 0 0 0 0 0 0 0 0 0 0 0
2 8 1 0 39 8 12 0 0 1 0 0 0 0 0 128 39 15 125 115 12 0 8 0 9 0 0 3 1 0 0 3 0 0 0 1 0 0 0 0 0 0 0 0 0 0 0 0 0 0 0 0 0 0 0 0 0 0 0 0 0 0 0 0 0 0 0 0 0 0 0 0 0
2 8 1 0 36 8 12 0 0 1 0 0 0 0 0 141 34 14 114 97 12 0 8 0 11 0 0 6 1 0 0 3 0 0 1 1 0 0 0 0 0 0 0 0 0 0 0 0 0 0 0 0 0 0 0 0 0 0 0 0 0 0 0 0 0 0 0 0 0 0 0 0 0
2 11 1 0 41 11 31 0 0 0 0 0 0 0 0 169 41 24 122 203 31 0 57 0 0 0 0 9 0 0 0 0 0 0 0 7 0 0 0 0 0 0 0 0 0 0 0 0 0 0 0 0 0 0 0 0 0 0 0 0 0 0 0 0 0 0 0 0 0 0 0 0 0
2 14 1 0 66 14 61 0 0 6 0 0 0 0 0 221 56 19 222 502 61 0 164 0 64 0 0 11 6 0 0 52 0 0 5 11 0 0 0 4 0 0 0 0 0 4 0 0 0 0 0 0 0 0 0 0 0 0 0 0 0 0 0 0 0 0 0 0 0 0 0 0 0
2 15 0 1 59 0 56 0 0 5 15 0 0 0 0 192 0 0 186 441 0 0 128 0 60 43 0 8 0 57 0 37 56 0 0 9 0 0 0 4 0 0 0 5 0 4 0 0 0 0 0 0 1 0 0 0 0 0 0 0 0 0 0 0 0 0 0 0 0 0 0 0 0
2 17 1 0 93 15 70 0 1 6 0 0 0 0 0 277 60 40 338 669 60 0 180 0 81 0 0 13 1 0 0 40 0 0 4 21 10 10 0 10 0 0 0 0 0 7 0 0 0 0 0 5 0 0 0 0 0 0 0 0 0 0 0 0 0 0 0 0 0 0 0 0 0
2 12 1 0 58 12 29 0 0 2 0 0 0 0 0 225 56 34 197 270 29 0 37 0 20 0 0 10 2 0 0 8 0 0 1 5 0 0 0 0 0 0 0 0 0 0 0 0 0 0 0 0 0 0 0 0 0 0 0 0 0 0 0 0 0 0 0 0 0 0 0 0 0
2 16 1 0 64 14 70 0 1 2 0 0 0 0 0 201 49 32 192 535 57 0 204 0 21 0 0 12 1 0 0 20 0 0 1 13 6 13 0 0 0 0 0 0 0 1 0 0 0 0 0 1 0 0 0 0 0 0 0 0 0 0 0 0 0 0 0 0 0 0 0 0 0
2 7 1 0 20 7 9 0 0 0 0 0 0 0 0 82 16 10 27 50 9 0 5 0 0 0 0 4 0 0 0 0 0 0 2 0 0 0 0 0 0 0 0 0 0 0 0 0 0 0 0 0 0 0 0 0 0 0 0 0 0 0 0 0 0 0 0 0 0 0 0 0 0
2 8 1 0 36 8 15 0 0 1 0 0 0 0 0 157 34 11 121 103 15 0 16 0 15 0 0 12 1 0 0 4 0 0 1 1 0 0 0 0 0 0 0 0 0 0 0 0 0 0 0 0 0 0 0 0 0 0 0 0 0 0 0 0 0 0 0 0 0 0 0 0 0
2 10 1 0 35 10 29 0 0 0 0 0 0 0 0 138 35 16 105 185 29 0 56 0 0 0 0 6 0 0 0 0 0 0 0 6 0 0 0 0 0 0 0 0 0 0 0 0 0 0 0 0 0 0 0 0 0 0 0 0 0 0 0 0 0 0 0 0 0 0 0 0 0
2 16 1 0 62 16 55 0 0 1 0 0 0 0 0 237 60 63 170 406 55 0 106 0 6 0 0 11 1 0 0 6 0 0 1 11 0 0 0 0 0 0 0 0 0 0 0 0 0 0 0 0 0 0 0 0 0 0 0 0 0 0 0 0 0 0 0 0 0 0 0 0 0
2 12 1 0 76 8 30 0 2 4 0 0 0 0 0 249 42 11 301 332 14 0 43 0 60 0 0 21 2 0 0 14 0 0 1 7 15 14 0 3 0 0 0 0 0 3 0 0 0 1 0 2 0 0 0 0 0 0 0 0 0 0 0 0 0 0 0 0 0 0 0 0 0
