26 99 312 13 142 2223 363 2311 38 8 164 266 6 23 0 205 3083 3258 179 949 7771 23226 1216 11905 39 558 3228 0 171 178 741 72 757 2543 52 10 73 456 807 2 73 170 425 14 36 0 6 111 244 6 5 12 6 79 3 22 0 0 0 3 31 19 0 2 7 0 0 0 0 0 0 0 0
15 66 95 10 154 712 372 347 12 8 182 86 3 22 0 324 1618 826 359 1772 3646 3469 1699 828 53 620 1432 15 77 375 169 95 1304 338 25 27 22 176 113 1 72 316 152 28 3 1 17 16 233 4 0 3 14 35 1 24 0 0 0 4 22 20 0 1 6 0 0 0 0 0 0 0 0
20 81 186 4 192 1404 455 1070 22 12 77 68 7 2 0 333 3101 1656 318 1869 7538 11371 2401 4270 69 412 1261 16 201 129 149 166 534 539 77 29 96 356 337 9 189 23 32 13 3 2 17 109 39 3 7 8 12 28 11 0 0 0 0 6 12 1 0 5 0 0 0 0 0 0 0 0 0
18 75 145 8 176 1114 434 696 19 12 119 112 2 8 0 325 2469 1428 320 1903 6172 7437 2238 2232 100 467 1595 4 167 230 341 189 871 704 55 28 65 290 245 14 41 87 102 24 14 4 10 26 83 2 4 7 10 43 0 2 0 0 0 6 5 6 0 1 2 0 0 0 0 0 0 0 0
11 44 48 7 152 310 279 112 7 5 104 43 6 10 0 313 1042 214 648 1820 1843 918 1577 156 83 187 590 16 32 318 49 82 715 109 7 34 37 82 38 3 130 102 49 14 3 1 29 26 93 0 1 2 5 18 10 5 0 0 0 2 27 8 0 1 2 0 0 0 0 0 0 0 0
7 54 18 3 158 240 403 22 5 12 66 11 4 2 0 345 660 388 574 2245 1788 394 2312 13 108 388 240 9 56 128 31 208 424 15 13 33 39 96 16 19 106 17 6 12 0 5 18 13 41 0 0 2 8 5 2 0 0 0 0 2 6 1 0 1 2 0 0 0 0 0 0 0 0
11 34 51 4 165 277 105 133 3 3 53 28 2 4 0 559 1277 286 1034 812 737 978 338 217 65 79 358 52 19 197 41 34 255 85 18 16 44 30 19 1 28 41 25 7 0 1 21 12 25 0 0 2 3 5 0 1 0 0 0 2 5 2 0 1 1 0 0 0 0 0 0 0 0
6 41 13 2 143 160 344 12 3 11 29 8 5 0 0 306 519 82 550 2261 1317 197 2120 4 122 149 113 12 43 66 39 182 196 10 8 41 21 59 7 8 128 0 0 4 1 2 29 19 0 0 0 1 3 3 10 0 0 0 0 7 0 0 0 1 0 0 0 0 0 0 0 0 0
12 69 64 2 222 664 400 200 25 14 35 20 5 0 0 433 1779 1132 891 2226 3651 2827 2187 406 138 156 337 17 118 74 76 191 215 88 46 31 210 378 196 8 128 0 0 5 1 2 20 46 0 4 11 24 3 13 10 0 0 0 0 7 0 0 0 4 0 0 0 0 0 0 0 0 0
6 34 14 1 168 135 204 16 8 5 19 4 0 0 0 401 568 166 1002 1610 727 203 917 9 102 18 70 37 15 71 9 62 150 6 10 25 88 133 20 2 0 0 0 3 0 10 0 0 0 5 2 5 0 6 0 0 0 0 0 0 0 0 1 0 0 0 0 0 0 0 0 0 0
7 40 21 0 169 218 227 35 11 6 0 0 0 0 0 442 792 322 975 1652 1172 496 1052 35 104 0 0 34 26 0 0 82 0 0 14 23 93 180 49 2 0 0 0 0 0 10 0 0 0 5 2 8 0 0 0 0 0 0 0 0 0 0 1 0 0 0 0 0 0 0 0 0 0
3 17 3 0 70 34 51 1 0 5 0 0 0 0 0 330 136 78 317 324 102 17 99 0 72 0 0 8 10 0 0 27 0 0 2 11 0 0 0 4 0 0 0 0 0 2 0 0 0 0 0 0 0 0 0 0 0 0 0 0 0 0 0 0 0 0 0 0 0 0 0 0 0
6 19 14 1 109 77 44 16 2 3 12 4 1 0 0 479 404 56 716 309 168 117 78 9 61 31 48 23 9 37 4 15 34 6 9 4 27 9 6 1 9 0 0 0 0 3 12 3 0 0 0 3 1 0 0 0 0 0 0 3 0 0 0 1 0 0 0 0 0 0 0 0 0
6 36 15 0 156 166 187 20 7 10 0 0 0 0 0 434 651 276 843 1459 810 304 717 15 147 0 0 30 43 0 0 122 0 0 18 29 43 119 28 8 0 0 0 0 0 7 0 0 0 3 0 7 0 0 0 0 0 0 0 0 0 0 0 0 0 0 0 0 0 0 0 0 0
3 32 3 0 134 60 302 1 2 13 0 0 0 0 0 252 213 122 541 2201 551 28 2044 0 161 0 0 11 23 0 0 253 0 0 1 43 25 51 2 23 0 0 0 0 0 6 0 0 0 1 0 3 0 0 0 0 0 0 0 0 0 0 0 0 0 0 0 0 0 0 0 0 0
4 16 5 1 120 40 58 2 2 3 4 2 0 0 0 392 237 25 838 625 147 24 149 0 62 0 6 28 6 37 10 20 5 1 8 24 35 22 2 0 0 0 0 1 0 8 0 0 0 0 0 0 0 2 0 0 0 0 0 0 0 0 1 0 0 0 0 0 0 0 0 0 0
2 22 1 0 88 18 137 0 2 9 0 0 0 0 0 230 63 43 460 1052 104 0 575 0 128 0 0 12 4 0 0 107 0 0 2 17 9 33 0 8 0 0 0 0 0 1 0 0 0 0 0 3 0 0 0 0 0 0 0 0 0 0 1 0 0 0 0 0 0 0 0 0 0
2 22 0 1 94 0 105 0 0 9 16 0 3 0 0 265 0 0 593 775 0 0 296 0 191 56 0 11 0 41 0 61 58 0 0 11 0 0 0 13 41 0 0 2 0 2 19 0 0 0 0 0 4 0 3 0 0 0 0 7 0 0 0 0 0 0 0 0 0 0 0 0 0
4 30 4 2 112 49 150 1 1 6 35 2 2 1 0 341 136 121 653 1046 198 15 499 0 122 89 33 20 5 136 10 57 197 0 3 19 20 15 0 3 38 13 1 7 0 1 4 2 7 0 0 4 2 2 1 0 0 0 0 2 2 0 0 0 0 0 0 0 0 0 0 0 0
7 32 20 1 128 161 265 30 3 14 25 5 0 0 0 262 623 111 481 1845 1261 324 1783 25 187 23 122 9 66 89 4 218 264 10 8 34 16 65 12 24 0 0 0 12 0 8 0 0 0 0 0 6 1 3 0 0 0 0 0 0 0 0 0 0 0 0 0 0 0 0 0 0 0
4 25 6 0 142 69 98 4 3 10 0 0 0 0 0 447 313 141 895 814 263 63 280 1 175 0 0 32 23 0 0 76 0 0 10 19 43 31 6 22 0 0 0 0 0 3 0 0 0 0 0 7 0 0 0 0 0 0 0 0 0 0 0 0 0 0 0 0 0 0 0 0 0
2 28 1 0 136 22 181 0 3 10 0 0 0 0 0 308 64 108 776 1560 115 0 715 0 148 0 0 20 4 0 0 122 0 0 4 32 29 60 0 8 0 0 0 0 0 7 0 0 0 3 0 6 0 0 0 0 0 0 0 0 0 0 0 0 0 0 0 0 0 0 0 0 0
6 39 13 2 120 147 301 13 4 13 36 6 2 1 0 267 454 130 396 1853 1093 200 1869 6 168 130 104 11 47 97 10 204 267 6 3 36 8 94 12 17 47 6 3 7 0 2 6 6 22 1 0 2 2 4 1 0 0 0 0 9 2 0 0 0 0 0 0 0 0 0 0 0 0
5 37 10 0 160 138 303 10 5 13 0 0 0 0 0 366 521 201 699 2061 1095 192 2036 5 153 0 0 21 41 0 0 253 0 0 16 34 38 115 15 23 0 0 0 0 0 6 0 0 0 1 0 11 0 0 0 0 0 0 0 0 0 0 0 0 0 0 0 0 0 0 0 0 0
4 33 4 2 121 40 276 1 2 13 51 2 2 1 0 252 124 0 442 1886 286 8 1655 0 164 145 50 10 9 172 0 183 471 0 0 39 16 22 1 17 47 21 1 13 0 2 7 1 7 0 0 8 2 1 1 0 0 0 0 9 2 0 0 1 0 0 0 0 0 0 0 0 0
9 40 34 2 184 275 173 70 9 8 27 14 0 0 0 546 1107 406 1103 1365 1092 779 594 85 128 10 177 33 45 118 41 90 157 40 28 27 90 129 48 8 0 0 0 8 1 7 0 0 0 3 1 11 0 12 0 0 0 0 0 0 0 0 0 0 0 0 0 0 0 0 0 0 0
2 35 1 0 127 31 328 0 2 17 0 0 0 0 0 213 88 181 440 2285 271 0 2116 0 212 0 0 6 10 0 0 277 0 0 3 37 14 57 0 27 0 0 0 0 0 6 0 0 0 0 0 5 0 0 0 0 0 0 0 0 0 0 1 0 0 0 0 0 0 0 0 0 0
3 30 2 1 99 35 160 0 0 6 21 1 2 0 0 357 102 120 443 1063 170 0 580 0 102 96 21 14 6 71 5 71 109 0 5 21 0 0 0 3 39 0 0 3 0 1 4 2 0 0 0 0 2 0 1 0 0 0 0 3 0 0 0 0 0 0 0 0 0 0 0 0 0
4 23 6 0 131 63 134 4 3 8 0 0 0 0 0 394 245 62 903 1059 370 60 572 1 113 0 0 33 18 0 0 104 0 0 8 20 63 32 3 8 0 0 0 0 0 2 0 0 0 0 1 6 0 0 0 0 0 0 0 0 0 0 0 0 0 0 0 0 0 0 0 0 0
4 26 5 1 123 52 108 2 2 9 16 2 3 0 0 384 192 63 841 772 202 26 297 0 184 56 32 20 11 41 3 61 58 1 2 11 39 17 2 13 41 0 0 2 0 2 16 5 0 0 0 7 4 0 3 0 0 0 0 7 0 0 0 1 0 0 0 0 0 0 0 0 0
2 10 1 0 53 10 19 0 0 1 0 0 0 0 0 249 47 22 231 180 19 0 17 0 12 0 0 13 1 0 0 3 0 0 3 9 0 0 0 0 0 0 0 0 0 1 0 0 0 0 0 0 0 0 0 0 0 0 0 0 0 0 0 0 0 0 0 0 0 0 0 0 0
2 25 1 0 129 21 179 0 2 7 0 0 0 0 0 285 51 66 786 1454 139 0 913 0 141 0 0 22 3 0 0 72 0 0 2 23 36 40 0 4 0 0 0 0 0 9 0 0 0 0 0 2 0 0 0 0 0 0 0 0 0 0 1 0 0 0 0 0 0 0 0 0 0
4 24 6 0 86 68 82 4 2 11 0 0 0 0 0 366 222 154 442 475 230 64 167 1 153 0 0 14 29 0 0 60 0 0 7 7 9 14 4 14 0 0 0 0 0 8 0 0 0 1 0 4 0 0 0 0 0 0 0 0 0 0 0 0 0 0 0 0 0 0 0 0 0
6 15 15 0 132 69 13 20 3 3 0 0 0 0 0 517 504 66 1060 142 57 129 6 15 55 0 0 47 13 0 0 4 0 0 10 4 67 8 9 1 0 0 0 0 0 4 0 0 0 0 1 2 0 0 0 0 0 0 0 0 0 0 0 0 0 0 0 0 0 0 0 0 0
6 20 15 0 122 98 37 20 1 2 0 0 0 0 0 546 528 128 878 357 180 192 49 15 27 0 0 39 10 0 0 12 0 0 17 15 24 5 4 0 0 0 0 0 0 0 0 0 0 0 0 0 0 0 0 0 0 0 0 0 0 0 0 0 0 0 0 0 0 0 0 0 0
2 30 1 0 127 26 296 0 2 14 0 0 0 0 0 236 75 69 519 2157 246 0 2031 0 179 0 0 9 10 0 0 256 0 0 0 40 24 48 0 23 0 0 0 0 0 6 0 0 0 1 0 4 0 0 0 0 0 0 0 0 0 0 0 0 0 0 0 0 0 0 0 0 0
4 13 6 0 93 35 25 4 2 0 0 0 0 0 0 398 219 34 525 274 62 31 30 1 0 0 0 28 0 0 0 0 0 0 4 15 26 13 4 0 0 0 0 0 0 0 0 0 0 0 0 0 0 0 0 0 0 0 0 0 0 0 0 0 0 0 0 0 0 0 0 0 0
3 25 3 0 107 50 176 1 0 5 0 0 0 0 0 323 194 109 550 1337 352 25 910 0 89 0 0 17 10 0 0 67 0 0 10 24 0 0 0 2 0 0 0 0 0 8 0 0 0 0 0 0 0 0 0 0 0 0 0 0 0 0 0 0 0 0 0 0 0 0 0 0 0
4 32 6 0 133 92 297 4 2 13 0 0 0 0 0 264 343 124 532 2074 841 88 2034 1 162 0 0 13 37 0 0 253 0 0 8 36 19 50 4 23 0 0 0 0 0 6 0 0 0 0 0 2 0 0 0 0 0 0 0 0 0 0 0 0 0 0 0 0 0 0 0 0 0
2 13 1 0 92 13 54 0 0 2 0 0 0 0 0 306 82 17 576 609 54 0 147 0 35 0 0 19 2 0 0 18 0 0 5 25 0 0 0 0 0 0 0 0 0 5 0 0 0 0 0 0 0 0 0 0 0 0 0 0 0 0 0 0 0 0 0 0 0 0 0 0 0
2 40 0 1 138 0 381 0 0 15 36 0 2 0 0 242 0 0 488 2525 0 0 2317 0 135 299 0 7 0 76 0 244 309 0 0 39 0 0 0 23 70 0 0 13 0 6 21 0 0 0 0 0 9 0 1 0 0 0 0 2 0 0 0 0 0 0 0 0 0 0 0 0 0
2 5 1 0 54 5 4 0 0 0 0 0 0 0 0 213 52 5 384 69 4 0 1 0 0 0 0 24 0 0 0 0 0 0 1 4 0 0 0 0 0 0 0 0 0 0 0 0 0 0 0 0 0 0 0 0 0 0 0 0 0 0 0 0 0 0 0 0 0 0 0 0 0
3 8 3 0 35 16 11 1 0 0 0 0 0 0 0 203 68 16 86 85 22 8 10 0 0 0 0 8 0 0 0 0 0 0 1 1 0 0 0 0 0 0 0 0 0 0 0 0 0 0 0 0 0 0 0 0 0 0 0 0 0 0 0 0 0 0 0 0 0 0 0 0 0
4 30 6 0 134 82 289 4 4 14 0 0 0 0 0 257 331 30 547 1999 782 74 2024 1 169 0 0 15 29 0 0 254 0 0 0 34 30 85 8 23 0 0 0 0 0 7 0 0 0 0 0 11 0 0 0 0 0 0 0 0 0 0 1 0 0 0 0 0 0 0 0 0 0
2 26 0 1 108 0 266 0 0 11 24 0 1 0 0 173 0 0 395 2021 0 0 1802 0 155 22 0 12 0 90 0 202 244 0 0 38 0 0 0 20 22 0 0 9 0 6 7 0 0 0 0 0 1 0 0 0 0 0 0 2 0 0 0 0 0 0 0 0 0 0 0 0 0
2 8 1 0 49 8 12 0 0 1 0 0 0 0 0 232 47 14 341 112 12 0 8 0 12 0 0 16 1 0 0 3 0 0 1 4 0 0 0 0 0 0 0 0 0 1 0 0 0 0 0 0 0 0 0 0 0 0 0 0 0 0 0 0 0 0 0 0 0 0 0 0 0
2 9 1 0 58 7 17 0 1 1 0 0 0 0 0 249 11 10 508 172 11 0 17 0 24 0 0 27 0 0 0 4 0 0 0 5 23 6 0 0 0 0 0 0 0 0 0 0 0 0 0 1 0 0 0 0 0 0 0 0 0 0 0 0 0 0 0 0 0 0 0 0 0
2 30 1 0 108 26 297 0 2 13 0 0 0 0 0 193 95 67 368 2107 244 0 2034 0 163 0 0 10 12 0 0 253 0 0 2 35 4 51 0 23 0 0 0 0 0 6 0 0 0 1 0 1 0 0 0 0 0 0 0 0 0 0 0 0 0 0 0 0 0 0 0 0 0
3 31 3 0 106 56 297 1 3 13 0 0 0 0 0 194 199 72 367 2057 517 25 2034 0 163 0 0 10 25 0 0 253 0 0 2 34 4 75 3 23 0 0 0 0 0 6 0 0 0 1 0 1 0 0 0 0 0 0 0 0 0 0 0 0 0 0 0 0 0 0 0 0 0
4 29 6 0 124 83 193 4 2 6 0 0 0 0 0 374 291 157 630 1460 550 79 947 1 101 0 0 19 15 0 0 76 0 0 16 28 23 29 4 2 0 0 0 0 0 7 0 0 0 0 0 3 0 0 0 0 0 0 0 0 0 0 0 0 0 0 0 0 0 0 0 0 0
3 18 2 1 109 19 64 0 0 2 17 1 0 0 0 392 114 10 676 626 64 0 142 0 43 64 17 24 2 78 1 13 64 0 7 22 0 0 0 0 0 0 0 2 0 5 0 0 0 0 0 0 6 0 0 0 0 0 0 0 0 0 0 0 0 0 0 0 0 0 0 0 0
2 21 1 0 97 21 167 0 0 5 0 0 0 0 0 266 83 31 519 1305 167 0 903 0 94 0 0 14 5 0 0 64 0 0 7 22 0 0 0 2 0 0 0 0 0 7 0 0 0 0 0 0 0 0 0 0 0 0 0 0 0 0 0 0 0 0 0 0 0 0 0 0 0
2 22 0 1 94 0 105 0 0 9 16 0 3 0 0 265 0 0 593 775 0 0 296 0 191 56 0 11 0 41 0 61 58 0 0 11 0 0 0 13 41 0 0 2 0 2 19 0 0 0 0 0 4 0 3 0 0 0 0 7 0 0 0 0 0 0 0 0 0 0 0 0 0
2 23 1 0 114 21 173 0 1 4 0 0 0 0 0 306 62 51 714 1388 154 0 907 0 75 0 0 23 2 0 0 64 0 0 3 25 22 19 0 2 0 0 0 0 0 7 0 0 0 0 0 2 0 0 0 0 0 0 0 0 0 0 0 0 0 0 0 0 0 0 0 0 0
2 22 1 0 95 22 169 0 0 5 0 0 0 0 0 276 81 50 513 1327 169 0 903 0 81 0 0 15 5 0 0 65 0 0 7 24 0 0 0 2 0 0 0 0 0 7 0 0 0 0 0 0 0 0 0 0 0 0 0 0 0 0 0 0 0 0 0 0 0 0 0 0 0
3 25 3 0 98 50 177 1 0 4 0 0 0 0 0 333 178 110 478 1333 354 25 913 0 77 0 0 18 8 0 0 64 0 0 9 25 0 0 0 2 0 0 0 0 0 7 0 0 0 0 0 0 0 0 0 0 0 0 0 0 0 0 0 0 0 0 0 0 0 0 0 0 0
3 26 3 0 121 50 178 1 1 4 0 0 0 0 0 350 180 115 733 1366 339 24 913 0 75 0 0 25 6 0 0 64 0 0 8 23 22 17 1 2 0 0 0 0 0 7 0 0 0 0 0 2 0 0 0 0 0 0 0 0 0 0 0 0 0 0 0 0 0 0 0 0 0
4 35 6 0 137 101 313 4 2 15 0 0 0 0 0 276 347 196 503 2222 885 97 2068 1 185 0 0 10 39 0 0 265 0 0 9 41 20 52 4 23 0 0 0 0 0 6 0 0 0 1 0 6 0 0 0 0 0 0 0 0 0 0 0 0 0 0 0 0 0 0 0 0 0
3 21 3 0 97 40 131 1 1 8 0 0 0 0 0 296 174 46 525 1033 244 19 569 0 119 0 0 22 16 0 0 104 0 0 6 20 4 18 1 8 0 0 0 0 0 2 0 0 0 0 0 0 0 0 0 0 0 0 0 0 0 0 0 0 0 0 0 0 0 0 0 0 0
2 20 1 0 101 18 131 0 1 8 0 0 0 0 0 277 56 32 681 1062 116 0 569 0 116 0 0 23 5 0 0 104 0 0 0 21 21 15 0 8 0 0 0 0 0 2 0 0 0 0 0 3 0 0 0 0 0 0 0 0 0 0 0 0 0 0 0 0 0 0 0 0 0
2 11 1 0 68 7 24 0 2 1 0 0 0 0 0 317 13 12 377 265 9 0 27 0 18 0 0 10 0 0 0 3 0 0 0 13 27 13 0 0 0 0 0 0 0 0 0 0 0 1 0 1 0 0 0 0 0 0 0 0 0 0 0 0 0 0 0 0 0 0 0 0 0
2 18 0 1 89 0 115 0 0 6 16 0 1 0 0 217 0 0 483 975 0 0 481 0 110 14 0 14 0 71 0 74 101 0 0 18 0 0 0 5 14 0 0 4 0 2 7 0 0 0 0 0 1 0 0 0 0 0 0 2 0 0 0 0 0 0 0 0 0 0 0 0 0
2 14 1 0 76 12 41 0 1 2 0 0 0 0 0 326 53 33 382 394 30 0 64 0 26 0 0 13 1 0 0 12 0 0 2 18 9 11 0 0 0 0 0 0 0 0 0 0 0 0 0 1 0 0 0 0 0 0 0 0 0 0 0 0 0 0 0 0 0 0 0 0 0
2 5 1 0 48 5 4 0 0 0 0 0 0 0 0 212 44 4 324 70 4 0 1 0 0 0 0 14 0 0 0 0 0 0 2 3 0 0 0 0 0 0 0 0 0 0 0 0 0 0 0 0 0 0 0 0 0 0 0 0 0 0 0 0 0 0 0 0 0 0 0 0 0
2 8 1 0 77 8 13 0 0 3 0 0 0 0 0 242 71 9 580 205 13 0 10 0 66 0 0 16 3 0 0 8 0 0 3 5 0 0 0 2 0 0 0 0 0 4 0 0 0 0 0 0 0 0 0 0 0 0 0 0 0 0 0 0 0 0 0 0 0 0 0 0 0
2 6 0 1 51 0 6 0 0 1 6 0 0 0 0 216 0 0 396 90 0 0 2 0 27 6 0 13 0 47 0 2 6 0 0 1 0 0 0 0 0 0 0 1 0 5 0 0 0 0 0 0 2 0 0 0 0 0 0 0 0 0 0 0 0 0 0 0 0 0 0 0 0
4 19 6 0 91 51 84 4 3 10 0 0 0 0 0 272 229 42 454 631 230 48 267 1 174 0 0 18 22 0 0 76 0 0 2 10 16 22 3 22 0 0 0 0 0 3 0 0 0 0 1 8 0 0 0 0 0 0 0 0 0 0 0 0 0 0 0 0 0 0 0 0 0
2 14 1 0 90 12 38 0 1 5 0 0 0 0 0 317 57 33 550 404 29 0 54 0 90 0 0 17 2 0 0 20 0 0 2 12 13 9 0 2 0 0 0 0 0 4 0 0 0 0 0 3 0 0 0 0 0 0 0 0 0 0 0 0 0 0 0 0 0 0 0 0 0
2 10 1 0 76 8 16 0 1 4 0 0 0 0 0 247 28 15 601 217 10 0 9 0 63 0 0 22 2 0 0 10 0 0 1 5 22 6 0 1 0 0 0 0 0 7 0 0 0 0 0 2 0 0 0 0 0 0 0 0 0 0 0 0 0 0 0 0 0 0 0 0 0
2 8 1 0 69 8 13 0 0 0 0 0 0 0 0 277 61 11 500 190 13 0 11 0 0 0 0 25 0 0 0 0 0 0 4 9 0 0 0 0 0 0 0 0 0 0 0 0 0 0 0 0 0 0 0 0 0 0 0 0 0 0 0 0 0 0 0 0 0 0 0 0 0
4 13 6 0 83 37 25 4 1 0 0 0 0 0 0 425 203 42 493 202 70 35 30 1 0 0 0 21 0 0 0 0 0 0 5 13 18 5 2 0 0 0 0 0 0 0 0 0 0 0 0 0 0 0 0 0 0 0 0 0 0 0 0 0 0 0 0 0 0 0 0 0 0
3 31 3 0 143 54 220 1 4 6 0 0 0 0 0 319 175 122 779 1793 345 23 1050 0 109 0 0 25 7 0 0 82 0 0 13 29 41 85 4 2 0 0 0 0 0 10 0 0 0 5 0 3 0 0 0 0 0 0 0 0 0 0 1 0 0 0 0 0 0 0 0 0 0
2 37 0 1 138 0 343 0 0 11 27 0 5 0 0 239 0 0 540 2442 0 0 2120 0 123 149 0 12 0 57 0 182 195 0 0 44 0 0 0 8 128 0 0 4 0 2 34 0 0 0 0 0 3 0 10 0 0 0 0 7 0 0 0 0 0 0 0 0 0 0 0 0 0
2 13 0 1 72 0 37 0 0 5 11 0 1 0 0 246 0 0 552 311 0 0 60 0 76 24 0 15 0 26 0 21 28 0 0 11 0 0 0 7 9 0 0 3 0 6 22 0 0 0 0 0 0 0 0 0 0 0 0 2 0 0 0 0 0 0 0 0 0 0 0 0 0
2 13 1 0 45 13 44 0 0 4 0 0 0 0 0 241 41 28 130 254 44 0 93 0 53 0 0 3 4 0 0 24 0 0 2 5 0 0 0 4 0 0 0 0 0 2 0 0 0 0 0 0 0 0 0 0 0 0 0 0 0 0 0 0 0 0 0 0 0 0 0 0 0
2 9 1 0 53 9 17 0 0 1 0 0 0 0 0 242 45 14 399 162 17 0 17 0 25 0 0 22 1 0 0 4 0 0 4 6 0 0 0 0 0 0 0 0 0 0 0 0 0 0 0 0 0 0 0 0 0 0 0 0 0 0 0 0 0 0 0 0 0 0 0 0 0
2 17 1 0 93 13 82 0 2 12 0 0 0 0 0 245 40 12 604 629 65 0 266 0 224 0 0 12 1 0 0 76 0 0 0 10 22 17 0 23 0 0 0 0 0 3 0 0 0 0 0 9 0 0 0 0 0 0 0 0 0 0 1 0 0 0 0 0 0 0 0 0 0
3 30 2 1 117 29 274 0 1 12 29 1 0 0 0 232 101 5 489 1908 253 0 1793 0 156 117 28 12 10 93 0 218 274 0 0 34 16 21 0 23 0 0 0 12 0 6 0 0 0 0 0 2 3 1 0 0 0 0 0 0 0 0 0 0 0 0 0 0 0 0 0 0 0
2 14 1 0 94 12 56 0 1 2 0 0 0 0 0 313 71 15 581 630 45 0 148 0 34 0 0 19 1 0 0 18 0 0 5 25 6 11 0 0 0 0 0 0 0 5 0 0 0 0 0 1 0 0 0 0 0 0 0 0 0 0 0 0 0 0 0 0 0 0 0 0 0
2 24 1 0 98 24 122 0 0 14 0 0 0 0 0 281 84 133 477 867 122 0 358 0 235 0 0 11 14 0 0 100 0 0 7 15 0 0 0 26 0 0 0 0 0 5 0 0 0 0 0 0 0 0 0 0 0 0 0 0 0 0 0 0 0 0 0 0 0 0 0 0 0
3 28 3 0 119 52 288 1 2 13 0 0 0 0 0 215 198 24 506 2057 529 24 2024 0 162 0 0 10 24 0 0 253 0 0 2 36 17 47 2 23 0 0 0 0 0 6 0 0 0 0 0 2 0 0 0 0 0 0 0 0 0 0 0 0 0 0 0 0 0 0 0 0 0
2 13 1 0 58 13 43 0 0 5 0 0 0 0 0 271 54 28 213 258 43 0 92 0 69 0 0 12 5 0 0 25 0 0 2 5 0 0 0 4 0 0 0 0 0 5 0 0 0 0 0 0 0 0 0 0 0 0 0 0 0 0 0 0 0 0 0 0 0 0 0 0 0
2 28 1 0 116 24 290 0 2 13 0 0 0 0 0 202 79 22 465 2101 243 0 2025 0 161 0 0 13 10 0 0 253 0 0 1 35 16 45 0 23 0 0 0 0 0 6 0 0 0 1 0 3 0 0 0 0 0 0 0 0 0 0 0 0 0 0 0 0 0 0 0 0 0
2 29 1 0 119 25 205 0 2 11 0 0 0 0 0 276 56 136 678 1527 162 0 977 0 174 0 0 10 2 0 0 100 0 0 0 25 28 43 0 12 0 0 0 0 0 11 0 0 0 0 0 7 0 0 0 0 0 0 0 0 0 0 1 0 0 0 0 0 0 0 0 0 0
2 7 1 0 70 7 9 0 0 2 0 0 0 0 0 269 60 5 564 137 9 0 4 0 29 0 0 17 2 0 0 6 0 0 5 7 0 0 0 0 0 0 0 0 0 5 0 0 0 0 0 0 0 0 0 0 0 0 0 0 0 0 0 0 0 0 0 0 0 0 0 0 0
2 21 1 0 107 19 167 0 1 5 0 0 0 0 0 274 62 18 687 1291 151 0 903 0 103 0 0 21 2 0 0 64 0 0 0 21 21 16 0 2 0 0 0 0 0 7 0 0 0 0 0 3 0 0 0 0 0 0 0 0 0 0 0 0 0 0 0 0 0 0 0 0 0
3 23 2 1 93 24 156 0 0 3 22 1 0 0 0 284 93 21 504 1215 156 0 774 0 72 66 22 14 3 79 1 44 156 0 1 18 0 0 0 2 0 0 0 3 0 7 0 0 0 0 0 0 6 0 0 0 0 0 0 0 0 0 0 0 0 0 0 0 0 0 0 0 0
2 23 0 1 92 0 133 0 0 8 23 0 0 0 0 280 0 0 474 1005 0 0 500 0 123 106 0 12 0 80 0 87 133 0 0 16 0 0 0 8 0 0 0 8 0 2 0 0 0 0 0 0 6 0 0 0 0 0 0 0 0 0 0 0 0 0 0 0 0 0 0 0 0
2 37 0 1 138 0 343 0 0 11 27 0 5 0 0 239 0 0 540 2442 0 0 2120 0 123 149 0 12 0 57 0 182 195 0 0 44 0 0 0 8 128 0 0 4 0 2 34 0 0 0 0 0 3 0 10 0 0 0 0 7 0 0 0 0 0 0 0 0 0 0 0 0 0
2 13 1 0 57 9 41 0 2 7 0 0 0 0 0 220 31 8 341 281 25 0 75 0 100 0 0 11 3 0 0 36 0 0 0 4 11 14 0 10 0 0 0 0 0 6 0 0 0 1 0 4 0 0 0 0 0 0 0 0 0 0 0 0 0 0 0 0 0 0 0 0 0
2 4 1 0 29 4 1 0 0 1 0 0 0 0 0 122 27 3 167 7 1 0 0 0 22 0 0 3 1 0 0 0 0 0 1 0 0 0 0 0 0 0 0 0 0 0 0 0 0 0 0 0 0 0 0 0 0 0 0 0 0 0 0 0 0 0 0 0 0 0 0 0 0
2 20 1 0 86 20 131 0 0 8 0 0 0 0 0 233 80 48 459 1045 131 0 569 0 119 0 0 12 8 0 0 104 0 0 3 20 0 0 0 8 0 0 0 0 0 2 0 0 0 0 0 0 0 0 0 0 0 0 0 0 0 0 0 0 0 0 0 0 0 0 0 0 0
2 11 1 0 50 11 24 0 0 1 0 0 0 0 0 235 46 28 302 198 24 0 26 0 25 0 0 16 1 0 0 4 0 0 2 4 0 0 0 0 0 0 0 0 0 0 0 0 0 0 0 0 0 0 0 0 0 0 0 0 0 0 0 0 0 0 0 0 0 0 0 0 0
2 4 1 0 55 2 2 0 1 0 0 0 0 0 0 221 7 1 537 49 0 0 0 0 0 0 0 26 0 0 0 0 0 0 0 3 24 2 0 0 0 0 0 0 0 0 0 0 0 0 0 0 0 0 0 0 0 0 0 0 0 0 0 0 0 0 0 0 0 0 0 0 0
2 11 1 0 67 9 22 0 1 3 0 0 0 0 0 232 21 20 522 225 15 0 21 0 59 0 0 25 1 0 0 8 0 0 0 5 22 7 0 1 0 0 0 0 0 2 0 0 0 0 0 2 0 0 0 0 0 0 0 0 0 0 0 0 0 0 0 0 0 0 0 0 0
2 22 1 0 109 20 170 0 1 4 0 0 0 0 0 285 61 35 708 1349 152 0 904 0 75 0 0 23 2 0 0 64 0 0 1 22 22 18 0 2 0 0 0 0 0 7 0 0 0 0 0 2 0 0 0 0 0 0 0 0 0 0 0 0 0 0 0 0 0 0 0 0 0
2 20 1 0 84 18 131 0 1 8 0 0 0 0 0 229 72 30 451 1029 113 0 569 0 119 0 0 12 8 0 0 104 0 0 2 19 4 18 0 8 0 0 0 0 0 2 0 0 0 0 0 0 0 0 0 0 0 0 0 0 0 0 0 0 0 0 0 0 0 0 0 0 0
2 22 1 0 90 20 170 0 1 4 0 0 0 0 0 231 76 34 470 1311 150 0 904 0 77 0 0 12 4 0 0 64 0 0 2 21 5 20 0 2 0 0 0 0 0 7 0 0 0 0 0 0 0 0 0 0 0 0 0 0 0 0 0 0 0 0 0 0 0 0 0 0 0
2 6 1 0 52 6 6 0 0 0 0 0 0 0 0 220 50 8 397 94 6 0 2 0 0 0 0 25 0 0 0 0 0 0 1 5 0 0 0 0 0 0 0 0 0 0 0 0 0 0 0 0 0 0 0 0 0 0 0 0 0 0 0 0 0 0 0 0 0 0 0 0 0
2 31 0 1 118 0 221 0 0 10 29 0 1 0 0 278 0 0 629 1530 0 0 998 0 171 200 0 16 0 68 0 88 198 0 0 26 0 0 0 16 23 0 0 4 0 4 18 0 0 0 0 0 4 0 0 0 0 0 0 6 0 0 0 0 0 0 0 0 0 0 0 0 0
