19 86 165 6 159 1354 373 874 28 10 120 88 9 7 0 250 2405 2085 197 1340 5405 9868 1448 3172 50 490 1673 1 147 198 182 117 714 600 39 10 57 384 403 4 193 87 94 16 2 0 16 126 105 3 2 9 9 58 6 2 0 0 0 8 24 6 0 3 3 0 0 0 0 0 0 0 0
22 91 215 16 139 1664 336 1245 26 4 185 270 5 25 0 170 2439 2681 106 1062 5807 13606 1161 4805 10 537 2972 3 71 262 853 33 808 2020 50 7 35 328 416 1 105 160 383 9 67 0 11 83 288 3 3 2 11 87 1 12 0 0 0 2 17 28 0 0 8 0 0 0 0 0 0 0 0
11 50 50 5 162 390 275 126 7 11 88 33 4 6 0 332 1184 388 516 1753 1977 1314 1216 198 125 298 527 10 70 254 68 145 565 88 13 29 40 115 46 10 89 90 36 28 4 4 23 23 56 0 0 5 9 13 2 4 0 0 0 7 12 0 0 1 2 0 0 0 0 0 0 0 0
7 39 18 3 156 158 191 23 5 11 60 9 3 3 0 358 560 223 688 1433 599 258 753 16 131 141 169 15 30 215 15 139 400 9 10 21 48 76 12 14 61 48 9 29 0 5 16 8 18 2 0 5 3 11 3 1 0 0 0 2 6 0 0 1 0 0 0 0 0 0 0 0 0
12 70 61 5 188 623 334 175 16 12 109 40 3 5 0 297 1529 1178 550 1749 2688 2401 1315 315 103 501 822 18 88 224 105 160 674 140 31 19 88 224 118 14 78 70 34 27 1 3 19 19 84 4 2 10 11 29 1 1 0 0 0 7 9 4 0 2 3 0 0 0 0 0 0 0 0
20 68 182 8 175 1140 280 1006 19 10 104 124 5 10 0 332 2805 1264 299 1453 4316 8806 1151 3796 71 281 1512 11 150 235 253 127 650 887 36 18 65 240 285 8 100 93 141 21 8 1 22 73 118 3 3 13 10 42 4 3 0 0 0 6 14 10 0 3 0 0 0 0 0 0 0 0 0
4 35 5 1 149 65 225 2 5 16 26 2 2 0 0 302 240 82 529 1741 394 34 1031 0 172 139 52 6 29 72 3 214 171 1 2 28 36 61 0 19 47 0 0 10 0 3 20 2 0 0 2 4 5 0 1 0 0 0 0 5 0 0 0 2 0 0 0 0 0 0 0 0 0
6 48 11 4 128 142 292 10 0 16 94 4 2 6 0 299 314 303 338 1621 790 186 1296 5 151 433 94 3 34 255 4 197 611 0 7 29 0 0 0 18 57 96 6 41 0 2 15 2 84 0 0 0 11 0 1 4 0 0 0 5 6 0 0 0 0 0 0 0 0 0 0 0 0
6 28 14 1 138 114 184 16 1 12 18 4 3 0 0 322 525 71 618 1486 720 174 945 9 150 17 71 16 45 62 3 182 126 6 11 25 14 16 3 17 52 0 0 10 0 5 24 12 0 0 0 3 0 1 3 0 0 0 0 2 0 0 0 0 0 0 0 0 0 0 0 0 0
5 33 10 0 162 122 169 10 5 9 0 0 0 0 0 405 471 246 783 1341 605 171 743 5 167 0 0 32 21 0 0 88 0 0 13 27 69 71 12 10 0 0 0 0 0 10 0 0 0 0 1 13 0 0 0 0 0 0 0 0 0 0 1 0 0 0 0 0 0 0 0 0 0
4 28 6 0 128 78 201 4 3 16 0 0 0 0 0 307 316 86 504 1555 549 72 1055 1 175 0 0 11 38 0 0 254 0 0 8 25 21 52 6 25 0 0 0 0 0 5 0 0 0 1 0 10 0 0 0 0 0 0 0 0 0 0 0 0 0 0 0 0 0 0 0 0 0
7 34 19 2 157 169 191 25 4 12 21 10 3 0 0 347 719 203 667 1491 906 305 947 16 146 19 101 14 53 80 37 182 127 18 7 24 37 55 13 17 52 0 0 10 1 5 23 15 0 0 1 7 0 4 3 0 0 0 0 2 0 0 0 0 0 0 0 0 0 0 0 0 0
5 46 8 2 150 126 324 5 2 18 50 4 2 1 0 328 376 292 422 1982 818 105 1559 1 163 264 98 5 43 119 16 254 380 2 14 33 11 37 4 21 59 15 2 14 0 2 14 4 18 0 0 8 6 2 1 0 0 0 0 7 2 0 0 0 0 0 0 0 0 0 0 0 0
12 49 63 3 153 456 212 192 11 14 57 26 2 2 0 400 1346 546 525 1368 1796 1885 869 378 148 167 477 10 123 169 38 175 347 100 20 24 40 142 83 19 45 24 16 23 0 3 13 13 29 0 3 5 7 12 1 0 0 0 0 3 4 1 0 3 0 0 0 0 0 0 0 0 0
6 25 14 1 135 99 87 16 3 4 18 4 1 0 0 475 478 81 685 698 335 148 210 9 87 78 70 36 12 48 3 28 71 6 7 19 44 14 7 2 15 0 0 1 0 2 17 4 0 0 1 4 3 2 0 0 0 0 0 3 0 0 0 0 0 0 0 0 0 0 0 0 0
6 26 15 0 142 126 67 20 2 7 0 0 0 0 0 462 606 205 742 650 315 244 134 15 153 0 0 31 29 0 0 37 0 0 18 17 31 20 8 6 0 0 0 0 0 5 0 0 0 0 0 6 0 0 0 0 0 0 0 0 0 0 0 0 0 0 0 0 0 0 0 0 0
6 37 12 3 124 117 251 11 1 6 62 6 2 3 0 306 392 97 435 1626 755 143 1157 5 96 217 121 19 18 160 6 79 428 3 7 28 0 16 1 4 54 44 6 8 0 8 16 4 32 0 0 0 9 3 1 1 0 0 0 4 4 0 0 0 0 0 0 0 0 0 0 0 0
4 26 5 1 131 68 157 2 2 7 6 2 0 0 0 321 285 111 662 1303 430 40 734 0 131 5 11 22 13 31 19 85 9 1 4 29 31 32 3 7 0 0 0 1 0 12 0 0 0 0 0 7 0 1 0 0 0 0 0 0 0 0 0 0 0 0 0 0 0 0 0 0 0
5 20 9 1 101 71 60 7 3 4 3 3 0 0 0 359 316 87 553 439 211 76 142 2 81 0 9 36 12 22 17 24 3 3 6 7 26 22 9 2 0 0 0 0 0 2 0 0 0 2 0 2 0 0 0 0 0 0 0 0 0 0 1 0 0 0 0 0 0 0 0 0 0
5 28 9 1 132 86 185 7 1 12 18 3 3 0 0 285 383 73 543 1519 539 88 945 2 150 17 53 12 33 62 3 182 126 3 7 25 7 17 2 17 52 0 0 10 0 5 25 9 0 0 0 3 0 1 3 0 0 0 0 2 0 0 0 0 0 0 0 0 0 0 0 0 0
3 32 2 1 134 31 216 0 2 13 23 1 3 0 0 305 88 52 559 1658 190 0 1017 0 143 99 23 9 11 68 2 193 142 0 2 27 30 29 0 15 65 0 0 9 0 5 18 2 0 0 0 2 3 0 3 0 0 0 0 4 0 0 0 1 0 0 0 0 0 0 0 0 0
3 9 3 0 78 16 10 1 1 3 0 0 0 0 0 300 115 14 583 119 19 7 5 0 59 0 0 27 3 0 0 3 0 0 4 3 15 1 1 3 0 0 0 0 0 2 0 0 0 0 0 3 0 0 0 0 0 0 0 0 0 0 0 0 0 0 0 0 0 0 0 0 0
5 28 9 1 111 87 187 7 0 13 21 3 2 0 0 249 337 76 381 1464 561 90 935 2 167 50 63 6 39 80 3 196 146 3 2 23 0 0 0 19 39 0 0 10 0 5 6 6 0 0 0 0 4 0 1 0 0 0 0 3 0 0 0 0 0 0 0 0 0 0 0 0 0
4 24 6 0 136 64 150 4 4 7 0 0 0 0 0 331 313 40 718 1188 387 56 728 1 138 0 0 29 14 0 0 82 0 0 5 24 40 63 8 7 0 0 0 0 0 10 0 0 0 0 0 5 0 0 0 0 0 0 0 0 0 0 1 0 0 0 0 0 0 0 0 0 0
2 22 1 0 88 20 166 0 1 8 0 0 0 0 0 272 55 35 402 1079 149 0 844 0 101 0 0 14 5 0 0 116 0 0 1 21 14 17 0 10 0 0 0 0 0 5 0 0 0 0 0 3 0 0 0 0 0 0 0 0 0 0 0 0 0 0 0 0 0 0 0 0 0
3 30 2 1 122 31 213 0 0 13 23 1 3 0 0 258 122 26 483 1643 213 0 1016 0 145 99 23 7 13 68 1 193 142 0 3 27 0 0 0 15 65 0 0 9 0 5 19 3 0 0 0 0 3 0 3 0 0 0 0 4 0 0 0 0 0 0 0 0 0 0 0 0 0
5 25 9 1 85 95 167 7 1 8 3 3 0 0 0 265 313 103 332 1015 647 113 844 2 104 0 9 13 32 17 22 116 3 3 3 21 2 18 3 10 0 0 0 0 0 5 0 0 0 0 0 0 0 0 0 0 0 0 0 0 0 0 0 0 0 0 0 0 0 0 0 0 0
2 13 1 0 74 11 43 0 1 5 0 0 0 0 0 268 34 16 444 376 36 0 87 0 84 0 0 23 1 0 0 28 0 0 2 8 16 7 0 6 0 0 0 0 0 4 0 0 0 0 0 4 0 0 0 0 0 0 0 0 0 0 0 0 0 0 0 0 0 0 0 0 0
3 31 2 1 116 32 220 0 0 15 28 1 1 0 0 236 116 27 367 1569 220 0 1022 0 173 165 28 7 15 81 1 216 195 0 3 25 0 0 0 22 25 0 0 12 0 4 7 1 0 0 0 0 6 0 0 0 0 0 0 3 0 0 0 0 0 0 0 0 0 0 0 0 0
2 9 1 0 52 9 15 0 0 1 0 0 0 0 0 259 46 17 252 151 15 0 12 0 18 0 0 19 1 0 0 2 0 0 3 3 0 0 0 0 0 0 0 0 0 3 0 0 0 0 0 0 0 0 0 0 0 0 0 0 0 0 0 0 0 0 0 0 0 0 0 0 0
3 30 3 0 135 54 199 1 3 9 0 0 0 0 0 263 192 150 561 1570 337 24 867 0 171 0 0 23 10 0 0 105 0 0 5 34 31 61 3 9 0 0 0 0 0 9 0 0 0 0 0 6 0 0 0 0 0 0 0 0 0 0 1 0 0 0 0 0 0 0 0 0 0
3 24 3 0 99 46 169 1 1 8 0 0 0 0 0 313 157 72 424 1105 320 22 847 0 101 0 0 17 13 0 0 116 0 0 5 22 14 18 1 10 0 0 0 0 0 5 0 0 0 0 0 3 0 0 0 0 0 0 0 0 0 0 0 0 0 0 0 0 0 0 0 0 0
7 34 20 1 151 175 177 30 1 7 25 5 1 0 0 391 729 176 674 1405 873 360 723 25 138 137 124 26 32 70 6 72 153 10 12 30 15 15 4 6 21 0 0 3 0 8 16 5 0 0 0 3 7 1 0 0 0 0 0 4 0 0 0 0 0 0 0 0 0 0 0 0 0
2 23 1 0 110 21 156 0 1 7 0 0 0 0 0 255 70 66 525 1320 139 0 734 0 134 0 0 18 3 0 0 85 0 0 2 27 16 17 0 7 0 0 0 0 0 12 0 0 0 0 0 4 0 0 0 0 0 0 0 0 0 0 0 0 0 0 0 0 0 0 0 0 0
2 12 1 0 76 10 41 0 1 5 0 0 0 0 0 276 41 8 442 349 32 0 86 0 87 0 0 19 4 0 0 28 0 0 1 8 16 9 0 6 0 0 0 0 0 4 0 0 0 0 0 1 0 0 0 0 0 0 0 0 0 0 0 0 0 0 0 0 0 0 0 0 0
3 16 3 0 97 30 55 1 1 6 0 0 0 0 0 315 150 41 494 580 101 14 127 0 123 0 0 21 8 0 0 37 0 0 4 15 16 9 1 5 0 0 0 0 0 6 0 0 0 0 0 4 0 0 0 0 0 0 0 0 0 0 0 0 0 0 0 0 0 0 0 0 0
2 21 1 0 73 19 164 0 1 8 0 0 0 0 0 216 66 17 288 1048 148 0 843 0 101 0 0 10 5 0 0 116 0 0 1 18 1 16 0 10 0 0 0 0 0 5 0 0 0 0 0 3 0 0 0 0 0 0 0 0 0 0 0 0 0 0 0 0 0 0 0 0 0
3 30 3 0 115 56 203 1 2 13 0 0 0 0 0 284 157 160 506 1323 363 26 929 0 185 0 0 15 17 0 0 144 0 0 5 22 28 43 2 16 0 0 0 0 0 7 0 0 0 0 0 7 0 0 0 0 0 0 0 0 0 0 1 0 0 0 0 0 0 0 0 0 0
5 16 9 1 109 50 36 7 2 6 10 3 0 0 0 408 313 46 644 328 106 50 63 2 129 9 29 33 15 48 5 18 32 3 10 7 25 6 5 7 0 0 0 4 0 6 0 0 0 0 0 5 0 1 0 0 0 0 0 0 0 0 0 0 0 0 0 0 0 0 0 0 0
4 13 6 0 60 39 19 4 0 3 0 0 0 0 0 301 172 52 269 168 57 39 14 1 24 0 0 17 9 0 0 10 0 0 4 7 0 0 0 0 0 0 0 0 0 3 0 0 0 0 0 0 0 0 0 0 0 0 0 0 0 0 0 0 0 0 0 0 0 0 0 0 0
2 10 1 0 63 10 16 0 0 4 0 0 0 0 0 244 55 21 435 158 16 0 11 0 80 0 0 18 4 0 0 6 0 0 4 2 0 0 0 3 0 0 0 0 0 5 0 0 0 0 0 0 0 0 0 0 0 0 0 0 0 0 0 0 0 0 0 0 0 0 0 0 0
4 28 6 0 119 78 176 4 3 11 0 0 0 0 0 358 243 134 567 1114 492 75 854 1 152 0 0 25 21 0 0 122 0 0 6 21 45 36 3 13 0 0 0 0 0 8 0 0 0 0 1 12 0 0 0 0 0 0 0 0 0 0 0 0 0 0 0 0 0 0 0 0 0
5 27 10 0 127 102 158 10 3 6 0 0 0 0 0 366 437 120 581 1245 581 144 737 5 115 0 0 28 19 0 0 82 0 0 8 26 25 51 9 7 0 0 0 0 0 9 0 0 0 0 0 5 0 0 0 0 0 0 0 0 0 0 0 0 0 0 0 0 0 0 0 0 0
3 13 3 0 65 26 22 1 0 4 0 0 0 0 0 296 124 49 281 180 44 13 18 0 78 0 0 16 8 0 0 9 0 0 3 8 0 0 0 3 0 0 0 0 0 4 0 0 0 0 0 0 0 0 0 0 0 0 0 0 0 0 0 0 0 0 0 0 0 0 0 0 0
2 22 0 1 87 0 154 0 0 5 18 0 2 0 0 248 0 0 413 1057 0 0 745 0 82 31 0 13 0 51 0 70 118 0 0 18 0 0 0 5 34 0 0 3 0 5 16 0 0 0 0 0 1 0 1 0 0 0 0 2 0 0 0 0 0 0 0 0 0 0 0 0 0
5 35 10 0 134 134 216 10 3 13 0 0 0 0 0 312 457 279 548 1468 795 192 969 5 206 0 0 17 43 0 0 151 0 0 6 25 30 65 9 15 0 0 0 0 0 6 0 0 0 2 0 7 0 0 0 0 0 0 0 0 0 0 1 0 0 0 0 0 0 0 0 0 0
2 23 1 0 105 19 156 0 2 7 0 0 0 0 0 236 84 46 446 1294 119 0 734 0 135 0 0 11 4 0 0 85 0 0 2 25 7 35 0 7 0 0 0 0 0 10 0 0 0 1 0 3 0 0 0 0 0 0 0 0 0 0 0 0 0 0 0 0 0 0 0 0 0
2 14 1 0 76 8 54 0 3 4 0 0 0 0 0 272 16 0 379 415 28 0 140 0 81 0 0 28 0 0 0 24 0 0 0 6 29 22 0 2 0 0 0 0 0 2 0 0 0 2 0 2 0 0 0 0 0 0 0 0 0 0 1 0 0 0 0 0 0 0 0 0 0
3 9 3 0 45 18 13 1 0 0 0 0 0 0 0 241 90 23 124 114 26 9 11 0 0 0 0 15 0 0 0 0 0 0 0 2 0 0 0 0 0 0 0 0 0 0 0 0 0 0 0 0 0 0 0 0 0 0 0 0 0 0 0 0 0 0 0 0 0 0 0 0 0
5 15 10 0 82 60 20 10 0 0 0 0 0 0 0 410 310 76 428 208 80 90 15 5 0 0 0 33 0 0 0 0 0 0 9 8 0 0 0 0 0 0 0 0 0 0 0 0 0 0 0 0 0 0 0 0 0 0 0 0 0 0 0 0 0 0 0 0 0 0 0 0 0
3 7 3 0 37 14 6 1 0 1 0 0 0 0 0 165 70 12 190 75 12 7 2 0 3 0 0 12 2 0 0 2 0 0 2 1 0 0 0 0 0 0 0 0 0 0 0 0 0 0 0 0 0 0 0 0 0 0 0 0 0 0 0 0 0 0 0 0 0 0 0 0 0
2 8 1 0 62 8 14 0 0 2 0 0 0 0 0 259 56 9 390 136 14 0 16 0 48 0 0 20 2 0 0 4 0 0 3 1 0 0 0 0 0 0 0 0 0 4 0 0 0 0 0 0 0 0 0 0 0 0 0 0 0 0 0 0 0 0 0 0 0 0 0 0 0
3 15 2 1 58 18 38 0 0 4 12 1 0 0 0 262 64 36 282 286 41 0 64 0 84 26 12 13 4 50 3 16 35 0 0 7 0 0 0 6 0 0 0 4 0 4 0 0 0 0 0 0 1 0 0 0 0 0 0 0 0 0 0 0 0 0 0 0 0 0 0 0 0
2 15 1 0 82 13 55 0 1 6 0 0 0 0 0 263 74 26 370 565 42 0 127 0 119 0 0 18 6 0 0 37 0 0 4 16 0 13 0 5 0 0 0 0 0 3 0 0 0 0 0 0 0 0 0 0 0 0 0 0 0 0 0 0 0 0 0 0 0 0 0 0 0
3 8 2 1 55 9 10 0 0 1 7 1 0 0 0 271 59 7 344 112 10 0 7 0 18 9 7 18 1 49 1 3 10 0 0 4 0 0 0 0 0 0 0 1 0 3 0 0 0 0 0 0 1 0 0 0 0 0 0 0 0 0 0 0 0 0 0 0 0 0 0 0 0
4 27 6 0 122 79 200 4 1 16 0 0 0 0 0 275 317 105 483 1534 583 77 1055 1 182 0 0 8 45 0 0 254 0 0 9 25 14 17 2 25 0 0 0 0 0 5 0 0 0 0 0 3 0 0 0 0 0 0 0 0 0 0 0 0 0 0 0 0 0 0 0 0 0
2 12 1 0 57 12 41 0 0 5 0 0 0 0 0 195 57 20 288 339 41 0 86 0 88 0 0 11 5 0 0 28 0 0 0 7 0 0 0 6 0 0 0 0 0 4 0 0 0 0 0 0 0 0 0 0 0 0 0 0 0 0 0 0 0 0 0 0 0 0 0 0 0
4 28 6 0 101 80 178 4 2 9 0 0 0 0 0 302 261 145 428 1118 497 76 859 1 125 0 0 14 23 0 0 120 0 0 3 17 16 37 4 10 0 0 0 0 0 6 0 0 0 0 0 4 0 0 0 0 0 0 0 0 0 0 0 0 0 0 0 0 0 0 0 0 0
2 21 0 1 95 0 150 0 0 6 19 0 1 0 0 268 0 0 471 1046 0 0 728 0 82 34 0 24 0 57 0 82 133 0 0 21 0 0 0 7 17 0 0 4 0 5 18 0 0 0 0 0 0 0 0 0 0 0 0 2 0 0 0 0 0 0 0 0 0 0 0 0 0
4 21 6 0 83 59 67 4 2 5 0 0 0 0 0 336 210 107 373 490 176 55 152 1 75 0 0 23 12 0 0 31 0 0 1 10 17 23 4 2 0 0 0 0 0 5 0 0 0 1 0 3 0 0 0 0 0 0 0 0 0 0 0 0 0 0 0 0 0 0 0 0 0
4 34 6 0 157 86 216 4 8 13 0 0 0 0 0 385 269 164 767 1471 512 76 969 1 195 0 0 26 19 0 0 151 0 0 4 19 88 130 10 15 0 0 0 0 0 6 0 0 0 3 2 18 0 0 0 0 0 0 0 0 0 0 1 0 0 0 0 0 0 0 0 0 0
4 23 6 0 127 61 150 4 4 6 0 0 0 0 0 329 257 33 638 1230 403 56 728 1 112 0 0 23 10 0 0 82 0 0 5 28 53 45 5 7 0 0 0 0 0 9 0 0 0 1 1 8 0 0 0 0 0 0 0 0 0 0 0 0 0 0 0 0 0 0 0 0 0
3 8 3 0 50 16 7 1 0 0 0 0 0 0 0 192 100 21 249 87 14 8 2 0 0 0 0 14 0 0 0 0 0 0 0 4 0 0 0 0 0 0 0 0 0 0 0 0 0 0 0 0 0 0 0 0 0 0 0 0 0 0 0 0 0 0 0 0 0 0 0 0 0
2 7 1 0 56 7 10 0 0 1 0 0 0 0 0 240 50 7 387 107 10 0 7 0 18 0 0 25 1 0 0 3 0 0 3 3 0 0 0 0 0 0 0 0 0 3 0 0 0 0 0 0 0 0 0 0 0 0 0 0 0 0 0 0 0 0 0 0 0 0 0 0 0
2 35 0 1 123 0 281 0 0 8 31 0 2 0 0 271 0 0 430 1846 0 0 1376 0 101 231 0 18 0 63 0 115 223 0 0 29 0 0 0 5 56 0 0 2 0 8 18 0 0 0 0 0 9 0 1 0 0 0 0 6 0 0 0 0 0 0 0 0 0 0 0 0 0
2 7 1 0 49 5 8 0 1 1 0 0 0 0 0 176 13 6 309 116 3 0 3 0 3 0 0 17 1 0 0 2 0 0 0 1 18 5 0 0 0 0 0 0 0 0 0 0 0 0 0 0 0 0 0 0 0 0 0 0 0 0 0 0 0 0 0 0 0 0 0 0 0
3 8 3 0 60 14 9 1 1 0 0 0 0 0 0 283 86 15 336 102 15 6 5 0 0 0 0 17 0 0 0 0 0 0 0 4 17 3 1 0 0 0 0 0 0 0 0 0 0 0 0 0 0 0 0 0 0 0 0 0 0 0 0 0 0 0 0 0 0 0 0 0 0
2 15 1 0 82 13 55 0 1 6 0 0 0 0 0 263 74 26 370 565 42 0 127 0 119 0 0 18 6 0 0 37 0 0 4 16 0 13 0 5 0 0 0 0 0 3 0 0 0 0 0 0 0 0 0 0 0 0 0 0 0 0 0 0 0 0 0 0 0 0 0 0 0
2 9 1 0 59 9 17 0 0 1 0 0 0 0 0 258 53 15 377 186 17 0 17 0 25 0 0 23 1 0 0 4 0 0 3 2 0 0 0 0 0 0 0 0 0 1 0 0 0 0 0 0 0 0 0 0 0 0 0 0 0 0 0 0 0 0 0 0 0 0 0 0 0
2 8 1 0 60 8 12 0 0 0 0 0 0 0 0 247 54 13 374 168 12 0 8 0 0 0 0 19 0 0 0 0 0 0 3 6 0 0 0 0 0 0 0 0 0 0 0 0 0 0 0 0 0 0 0 0 0 0 0 0 0 0 0 0 0 0 0 0 0 0 0 0 0
2 25 1 0 114 23 200 0 1 16 0 0 0 0 0 219 79 58 466 1609 180 0 1055 0 182 0 0 7 13 0 0 254 0 0 2 27 14 20 0 25 0 0 0 0 0 5 0 0 0 0 0 3 0 0 0 0 0 0 0 0 0 0 0 0 0 0 0 0 0 0 0 0 0
2 9 1 0 38 9 15 0 0 1 0 0 0 0 0 206 36 19 107 112 15 0 11 0 18 0 0 4 1 0 0 3 0 0 1 3 0 0 0 0 0 0 0 0 0 1 0 0 0 0 0 0 0 0 0 0 0 0 0 0 0 0 0 0 0 0 0 0 0 0 0 0 0
4 16 6 0 87 46 55 4 1 3 0 0 0 0 0 365 211 51 474 411 163 44 141 1 57 0 0 28 9 0 0 23 0 0 8 14 17 2 2 2 0 0 0 0 0 2 0 0 0 0 0 0 0 0 0 0 0 0 0 0 0 0 0 0 0 0 0 0 0 0 0 0 0
4 8 6 0 59 24 6 4 0 1 0 0 0 0 0 255 175 20 305 90 18 24 4 1 12 0 0 21 3 0 0 0 0 0 1 3 0 0 0 0 0 0 0 0 0 0 0 0 0 0 0 0 0 0 0 0 0 0 0 0 0 0 0 0 0 0 0 0 0 0 0 0 0
3 7 3 0 24 14 7 1 0 0 0 0 0 0 0 171 48 14 31 45 14 7 4 0 0 0 0 4 0 0 0 0 0 0 0 0 0 0 0 0 0 0 0 0 0 0 0 0 0 0 0 0 0 0 0 0 0 0 0 0 0 0 0 0 0 0 0 0 0 0 0 0 0
2 22 1 0 85 18 166 0 2 8 0 0 0 0 0 249 48 16 398 1065 131 0 844 0 101 0 0 13 5 0 0 116 0 0 1 17 16 33 0 10 0 0 0 0 0 5 0 0 0 1 0 3 0 0 0 0 0 0 0 0 0 0 0 0 0 0 0 0 0 0 0 0 0
2 6 0 1 39 0 6 0 0 0 6 0 0 0 0 147 0 0 221 70 0 0 2 0 0 9 0 12 0 39 0 0 6 0 0 4 0 0 0 0 0 0 0 0 0 0 0 0 0 0 0 0 0 0 0 0 0 0 0 0 0 0 0 0 0 0 0 0 0 0 0 0 0
2 21 1 0 98 19 150 0 1 6 0 0 0 0 0 202 88 31 424 1264 131 0 728 0 120 0 0 13 6 0 0 82 0 0 3 27 2 19 0 7 0 0 0 0 0 9 0 0 0 0 0 0 0 0 0 0 0 0 0 0 0 0 0 0 0 0 0 0 0 0 0 0 0
2 7 1 0 42 7 8 0 0 1 0 0 0 0 0 189 40 11 242 84 8 0 3 0 21 0 0 16 1 0 0 2 0 0 1 1 0 0 0 0 0 0 0 0 0 2 0 0 0 0 0 0 0 0 0 0 0 0 0 0 0 0 0 0 0 0 0 0 0 0 0 0 0
2 7 1 0 42 7 10 0 0 1 0 0 0 0 0 222 36 7 239 95 10 0 7 0 18 0 0 18 1 0 0 3 0 0 3 2 0 0 0 0 0 0 0 0 0 3 0 0 0 0 0 0 0 0 0 0 0 0 0 0 0 0 0 0 0 0 0 0 0 0 0 0 0
3 25 3 0 120 44 197 1 3 16 0 0 0 0 0 232 182 22 512 1537 340 19 1052 0 177 0 0 10 24 0 0 254 0 0 0 22 25 52 3 25 0 0 0 0 0 5 0 0 0 1 0 8 0 0 0 0 0 0 0 0 0 0 0 0 0 0 0 0 0 0 0 0 0
2 13 1 0 70 11 53 0 1 3 0 0 0 0 0 253 32 10 373 410 44 0 140 0 55 0 0 28 1 0 0 23 0 0 0 12 18 9 0 2 0 0 0 0 0 2 0 0 0 0 0 2 0 0 0 0 0 0 0 0 0 0 0 0 0 0 0 0 0 0 0 0 0
3 23 2 1 89 24 154 0 0 5 18 1 2 0 0 271 91 21 418 1037 154 0 745 0 82 31 18 14 5 51 1 70 118 0 1 18 0 0 0 5 34 0 0 3 0 5 15 2 0 0 0 0 1 0 1 0 0 0 0 2 0 0 0 0 0 0 0 0 0 0 0 0 0
2 7 1 0 53 7 7 0 0 4 0 0 0 0 0 145 53 10 299 96 7 0 4 0 94 0 0 16 4 0 0 0 0 0 0 0 0 0 0 6 0 0 0 0 0 2 0 0 0 0 0 0 0 0 0 0 0 0 0 0 0 0 0 0 0 0 0 0 0 0 0 0 0
2 6 1 0 49 6 5 0 0 2 0 0 0 0 0 192 47 7 341 56 5 0 2 0 39 0 0 18 2 0 0 2 0 0 1 0 0 0 0 0 0 0 0 0 0 4 0 0 0 0 0 0 0 0 0 0 0 0 0 0 0 0 0 0 0 0 0 0 0 0 0 0 0
3 23 3 0 91 44 165 1 1 9 0 0 0 0 0 277 139 52 410 1061 313 21 843 0 107 0 0 14 15 0 0 117 0 0 6 19 14 17 1 10 0 0 0 0 0 5 0 0 0 0 0 3 0 0 0 0 0 0 0 0 0 0 0 0 0 0 0 0 0 0 0 0 0
2 5 1 0 44 5 4 0 0 0 0 0 0 0 0 205 36 2 315 56 4 0 1 0 0 0 0 15 0 0 0 0 0 0 4 5 0 0 0 0 0 0 0 0 0 0 0 0 0 0 0 0 0 0 0 0 0 0 0 0 0 0 0 0 0 0 0 0 0 0 0 0 0
2 14 1 0 55 14 55 0 0 3 0 0 0 0 0 196 53 32 218 411 55 0 141 0 57 0 0 15 3 0 0 23 0 0 1 11 0 0 0 2 0 0 0 0 0 2 0 0 0 0 0 0 0 0 0 0 0 0 0 0 0 0 0 0 0 0 0 0 0 0 0 0 0
2 21 1 0 109 19 150 0 1 6 0 0 0 0 0 242 68 32 539 1289 134 0 728 0 117 0 0 23 3 0 0 82 0 0 2 27 17 16 0 7 0 0 0 0 0 9 0 0 0 0 0 3 0 0 0 0 0 0 0 0 0 0 0 0 0 0 0 0 0 0 0 0 0
2 6 1 0 50 6 6 0 0 1 0 0 0 0 0 221 46 6 354 76 6 0 2 0 18 0 0 20 1 0 0 2 0 0 2 2 0 0 0 0 0 0 0 0 0 3 0 0 0 0 0 0 0 0 0 0 0 0 0 0 0 0 0 0 0 0 0 0 0 0 0 0 0
2 9 1 0 45 9 17 0 0 1 0 0 0 0 0 202 45 18 196 160 17 0 17 0 25 0 0 10 1 0 0 4 0 0 0 1 0 0 0 0 0 0 0 0 0 1 0 0 0 0 0 0 0 0 0 0 0 0 0 0 0 0 0 0 0 0 0 0 0 0 0 0 0
2 8 1 0 63 8 14 0 0 2 0 0 0 0 0 253 57 9 397 136 14 0 16 0 53 0 0 22 2 0 0 4 0 0 3 1 0 0 0 0 0 0 0 0 0 2 0 0 0 0 0 0 0 0 0 0 0 0 0 0 0 0 0 0 0 0 0 0 0 0 0 0 0
2 6 1 0 41 6 6 0 0 1 0 0 0 0 0 183 41 8 226 96 6 0 4 0 7 0 0 14 1 0 0 0 0 0 0 3 0 0 0 0 0 0 0 0 0 0 0 0 0 0 0 0 0 0 0 0 0 0 0 0 0 0 0 0 0 0 0 0 0 0 0 0 0
2 17 1 0 77 13 65 0 2 5 0 0 0 0 0 272 34 35 365 512 40 0 152 0 75 0 0 23 2 0 0 31 0 0 1 9 19 23 0 2 0 0 0 0 0 5 0 0 0 1 0 3 0 0 0 0 0 0 0 0 0 0 0 0 0 0 0 0 0 0 0 0 0
2 5 1 0 33 5 4 0 0 0 0 0 0 0 0 147 29 4 182 54 4 0 1 0 0 0 0 12 0 0 0 0 0 0 2 3 0 0 0 0 0 0 0 0 0 0 0 0 0 0 0 0 0 0 0 0 0 0 0 0 0 0 0 0 0 0 0 0 0 0 0 0 0
2 23 1 0 105 19 156 0 2 7 0 0 0 0 0 236 84 46 446 1294 119 0 734 0 135 0 0 11 4 0 0 85 0 0 2 25 7 35 0 7 0 0 0 0 0 10 0 0 0 1 0 3 0 0 0 0 0 0 0 0 0 0 0 0 0 0 0 0 0 0 0 0 0
2 20 1 0 90 18 148 0 1 6 0 0 0 0 0 183 84 17 376 1242 130 0 727 0 120 0 0 10 6 0 0 82 0 0 0 27 3 18 0 7 0 0 0 0 0 9 0 0 0 0 0 0 0 0 0 0 0 0 0 0 0 0 0 0 0 0 0 0 0 0 0 0 0
2 24 1 0 119 20 197 0 2 16 0 0 0 0 0 240 67 18 508 1577 161 0 1052 0 179 0 0 11 10 0 0 254 0 0 1 28 22 34 0 25 0 0 0 0 0 5 0 0 0 1 0 6 0 0 0 0 0 0 0 0 0 0 0 0 0 0 0 0 0 0 0 0 0
2 7 1 0 34 7 8 0 0 1 0 0 0 0 0 163 34 12 193 70 8 0 3 0 21 0 0 14 1 0 0 2 0 0 0 0 0 0 0 0 0 0 0 0 0 2 0 0 0 0 0 0 0 0 0 0 0 0 0 0 0 0 0 0 0 0 0 0 0 0 0 0 0
2 25 0 1 109 0 187 0 0 13 21 0 2 0 0 215 0 0 381 1533 0 0 935 0 167 50 0 5 0 80 0 196 146 0 0 23 0 0 0 19 39 0 0 10 0 5 9 0 0 0 0 0 4 0 1 0 0 0 0 3 0 0 0 0 0 0 0 0 0 0 0 0 0
