24 105 260 16 122 2088 310 1718 38 5 235 260 8 46 0 112 2345 3851 79 716 5678 19274 727 7833 15 727 3537 0 87 228 772 41 993 2027 44 3 48 328 713 1 115 488 604 21 25 0 10 118 491 4 7 4 11 96 4 88 0 0 0 3 58 49 0 0 6 0 0 0 0 0 0 0 0
14 62 88 3 184 711 419 329 13 14 53 34 8 1 0 292 2015 718 382 2364 4609 3674 2411 816 113 190 571 7 150 124 75 244 363 172 27 36 52 218 127 11 197 13 11 9 2 3 32 85 14 2 2 12 4 17 28 0 0 0 0 11 8 0 0 3 0 0 0 0 0 0 0 0 0
23 82 236 17 138 1531 283 1463 17 4 225 259 7 49 0 222 2426 1991 149 1054 4875 13324 803 6208 18 646 3056 1 73 412 549 34 1042 1868 38 16 16 177 288 0 124 532 602 11 33 1 21 89 479 1 1 2 22 59 3 90 0 0 0 2 57 54 0 1 5 0 0 0 0 0 0 0 0
7 49 18 3 170 202 398 23 6 14 64 9 8 3 0 238 681 185 451 2689 1542 331 2284 16 138 170 184 5 54 170 12 225 473 9 4 41 28 123 20 10 190 41 9 15 0 3 42 23 30 2 0 5 3 8 28 1 0 0 0 10 16 0 0 1 0 0 0 0 0 0 0 0 0
8 56 25 3 167 310 421 39 5 14 56 16 8 1 0 267 880 447 409 2648 2240 653 2416 32 125 270 275 5 76 128 61 244 369 31 16 39 9 83 21 11 197 13 5 9 2 3 41 40 18 1 0 2 8 9 28 0 0 0 0 11 8 0 0 0 0 0 0 0 0 0 0 0 0
13 63 72 6 194 604 380 228 9 11 118 50 8 8 0 313 1728 751 434 2226 3361 2566 1950 462 85 367 932 9 96 300 88 178 832 186 30 32 60 135 72 8 176 106 56 22 1 2 37 54 104 0 2 6 16 16 28 4 0 0 0 8 32 6 0 2 1 0 0 0 0 0 0 0 0
5 39 9 1 173 115 275 7 4 15 27 3 3 0 0 353 443 120 705 2063 765 113 1479 2 199 149 79 19 32 73 3 195 195 3 8 38 44 63 8 32 71 0 0 4 0 6 21 8 0 0 0 14 3 2 3 0 0 0 0 10 0 0 0 1 0 0 0 0 0 0 0 0 0
8 52 27 1 160 303 304 50 14 14 27 6 3 0 0 357 906 495 482 1949 1616 739 1513 55 198 149 152 13 77 65 9 194 195 15 10 28 34 232 62 32 71 0 0 4 0 6 19 18 0 4 4 7 3 10 3 0 0 0 0 10 0 0 0 0 0 0 0 0 0 0 0 0 0
2 43 0 1 160 0 426 0 0 15 27 0 8 0 0 210 0 0 427 3051 0 0 2589 0 137 179 0 6 0 50 0 270 166 0 0 49 0 0 0 11 204 0 0 3 0 3 46 0 0 0 0 0 3 0 28 0 0 0 0 12 0 0 0 0 0 0 0 0 0 0 0 0 0
8 58 27 1 181 337 451 50 13 15 27 6 8 0 0 291 1002 460 454 2729 2503 821 2619 55 126 179 154 7 79 42 6 270 166 15 13 37 45 220 56 11 204 0 0 3 0 3 39 47 0 4 4 11 3 8 28 0 0 0 0 12 0 0 0 1 0 0 0 0 0 0 0 0 0
14 64 85 6 168 686 382 300 9 9 106 56 11 8 0 290 1726 822 350 2221 3789 3288 2030 690 78 300 942 7 92 251 106 137 735 236 22 37 27 146 86 4 238 91 64 14 1 1 41 91 91 0 0 2 8 18 29 4 0 0 0 9 39 6 0 2 0 0 0 0 0 0 0 0 0
3 27 2 1 113 28 206 0 0 14 22 1 2 0 0 259 117 25 528 1423 206 0 1112 0 201 55 22 12 14 67 1 190 168 0 1 19 0 0 0 38 36 0 0 6 0 7 14 2 0 0 0 0 2 0 1 0 0 0 0 8 0 0 0 0 0 0 0 0 0 0 0 0 0
6 43 12 3 143 146 271 10 3 17 61 8 1 2 0 257 469 210 430 1814 831 161 1311 3 256 302 153 7 54 176 23 207 448 7 5 35 8 56 7 40 20 24 4 19 0 6 10 3 37 0 0 1 6 5 0 0 0 0 0 11 1 1 0 0 0 0 0 0 0 0 0 0 0
2 25 1 0 117 19 135 0 3 9 0 0 0 0 0 303 36 88 727 1127 79 0 422 0 166 0 0 20 2 0 0 75 0 0 2 12 36 52 0 9 0 0 0 0 0 14 0 0 0 2 0 5 0 0 0 0 0 0 0 0 0 0 1 0 0 0 0 0 0 0 0 0 0
7 32 19 2 137 159 223 26 2 14 27 8 1 1 0 293 647 135 420 1761 1076 310 1306 19 210 43 106 14 65 103 10 192 201 12 9 35 11 39 8 44 22 2 4 13 0 7 11 4 22 0 0 5 2 2 0 0 0 0 0 1 1 0 0 0 0 0 0 0 0 0 0 0 0
7 23 21 0 135 126 45 35 6 2 0 0 0 0 0 519 654 137 910 499 221 288 61 35 50 0 0 45 8 0 0 10 0 0 10 14 66 43 27 0 0 0 0 0 0 11 0 0 0 3 1 4 0 0 0 0 0 0 0 0 0 0 0 0 0 0 0 0 0 0 0 0 0
6 21 15 0 146 87 44 20 9 2 0 0 0 0 0 550 455 85 1002 490 162 150 61 15 47 0 0 60 3 0 0 10 0 0 5 11 129 52 24 0 0 0 0 0 0 11 0 0 0 3 4 7 0 0 0 0 0 0 0 0 0 0 0 0 0 0 0 0 0 0 0 0 0
8 37 25 3 131 183 225 41 3 13 64 12 3 3 0 342 630 124 518 1396 987 377 1014 39 183 159 249 15 53 188 8 143 473 18 7 16 16 44 11 32 65 51 12 25 0 6 16 12 20 0 0 3 4 7 3 1 0 0 0 10 6 0 0 0 0 0 0 0 0 0 0 0 0
5 19 10 0 118 70 32 10 3 4 0 0 0 0 0 434 386 104 656 355 110 96 34 5 84 0 0 36 12 0 0 10 0 0 6 14 35 18 9 2 0 0 0 0 0 4 0 0 0 0 0 4 0 0 0 0 0 0 0 0 0 0 0 0 0 0 0 0 0 0 0 0 0
7 38 20 1 163 188 238 30 6 15 26 5 1 0 0 349 780 191 623 1812 1087 372 1315 25 204 102 124 19 68 79 4 210 213 10 4 33 32 110 24 37 18 0 0 7 0 8 13 5 0 0 0 7 3 6 0 0 0 0 0 8 0 0 0 0 0 0 0 0 0 0 0 0 0
6 24 14 1 145 95 78 16 6 5 13 4 0 0 0 522 420 102 1044 661 274 143 212 9 102 11 48 53 11 53 7 24 64 6 9 11 111 52 14 4 0 0 0 2 0 14 0 0 0 0 2 10 1 4 0 0 0 0 0 0 0 0 1 0 0 0 0 0 0 0 0 0 0
7 40 19 2 154 191 267 26 3 13 37 8 3 1 0 367 698 188 543 1963 1233 357 1445 19 196 140 145 19 60 111 11 184 232 12 13 38 14 60 12 32 69 7 4 5 0 6 21 12 20 1 0 4 3 3 3 0 0 0 0 9 3 0 0 0 0 0 0 0 0 0 0 0 0
6 50 14 1 172 199 430 16 4 15 27 4 8 0 0 262 646 223 459 2841 1646 297 2590 9 131 179 106 8 54 48 4 270 166 6 7 45 23 78 12 11 204 0 0 3 0 3 41 31 0 0 0 6 3 2 28 0 0 0 0 12 0 0 0 1 0 0 0 0 0 0 0 0 0
2 25 1 0 117 19 135 0 3 9 0 0 0 0 0 303 36 88 727 1127 79 0 422 0 166 0 0 20 2 0 0 75 0 0 2 12 36 52 0 9 0 0 0 0 0 14 0 0 0 2 0 5 0 0 0 0 0 0 0 0 0 0 1 0 0 0 0 0 0 0 0 0 0
3 14 3 0 87 26 34 1 1 2 0 0 0 0 0 310 132 43 503 374 59 12 46 0 51 0 0 27 2 0 0 9 0 0 0 18 20 9 1 0 0 0 0 0 0 4 0 0 0 0 0 2 0 0 0 0 0 0 0 0 0 0 0 0 0 0 0 0 0 0 0 0 0
3 18 2 1 90 18 71 0 1 2 16 1 0 0 0 356 67 17 624 590 62 0 205 0 46 44 15 31 0 59 1 18 70 0 2 10 20 10 0 1 0 0 0 2 0 8 0 0 0 0 0 2 4 1 0 0 0 0 0 0 0 0 0 0 0 0 0 0 0 0 0 0 0
4 20 6 0 89 58 82 4 1 3 0 0 0 0 0 336 249 84 504 648 233 56 258 1 53 0 0 24 9 0 0 31 0 0 7 15 2 13 2 1 0 0 0 0 0 8 0 0 0 0 0 0 0 0 0 0 0 0 0 0 0 0 0 0 0 0 0 0 0 0 0 0 0
2 19 1 0 96 17 78 0 1 9 0 0 0 0 0 294 57 65 573 662 66 0 191 0 177 0 0 19 4 0 0 53 0 0 1 10 16 12 0 11 0 0 0 0 0 11 0 0 0 0 0 5 0 0 0 0 0 0 0 0 0 0 0 0 0 0 0 0 0 0 0 0 0
3 11 3 0 59 20 21 1 1 0 0 0 0 0 0 329 96 20 300 134 34 9 24 0 0 0 0 22 0 0 0 0 0 0 5 7 6 8 1 0 0 0 0 0 0 0 0 0 0 0 0 0 0 0 0 0 0 0 0 0 0 0 0 0 0 0 0 0 0 0 0 0 0
3 26 3 0 120 50 237 1 1 17 0 0 0 0 0 172 213 44 363 1921 454 24 1481 0 248 0 0 5 31 0 0 244 0 0 3 37 9 20 1 46 0 0 0 0 0 8 0 0 0 0 0 3 0 0 0 0 0 0 0 0 0 0 0 0 0 0 0 0 0 0 0 0 0
3 27 3 0 118 48 219 1 3 18 0 0 0 0 0 279 164 40 520 1432 383 21 1251 0 242 0 0 12 24 0 0 244 0 0 4 16 27 55 3 49 0 0 0 0 0 8 0 0 0 0 0 10 0 0 0 0 0 0 0 0 0 0 1 0 0 0 0 0 0 0 0 0 0
3 29 3 0 141 52 246 1 3 17 0 0 0 0 0 255 209 63 550 1955 433 23 1488 0 235 0 0 14 21 0 0 247 0 0 5 37 25 57 3 46 0 0 0 0 0 8 0 0 0 1 0 13 0 0 0 0 0 0 0 0 0 0 0 0 0 0 0 0 0 0 0 0 0
2 26 0 1 109 0 206 0 0 14 22 0 2 0 0 241 0 0 513 1447 0 0 1112 0 201 55 0 12 0 67 0 190 168 0 0 19 0 0 0 38 36 0 0 6 0 7 15 0 0 0 0 0 2 0 1 0 0 0 0 8 0 0 0 0 0 0 0 0 0 0 0 0 0
3 10 2 1 79 11 15 0 0 1 7 1 1 0 0 312 88 7 560 183 15 0 12 0 31 12 7 34 1 23 1 2 9 0 2 5 0 0 0 0 6 0 0 0 0 1 21 1 0 0 0 0 0 0 0 0 0 0 0 1 0 0 0 0 0 0 0 0 0 0 0 0 0
4 33 4 2 122 56 251 1 0 14 37 2 3 1 0 274 197 28 491 1624 448 22 1272 0 194 141 37 12 27 106 2 190 232 0 4 20 0 0 0 33 67 8 1 4 0 6 19 3 18 0 0 0 3 0 3 0 0 0 0 11 3 0 0 0 0 0 0 0 0 0 0 0 0
2 14 1 0 91 12 38 0 1 4 0 0 0 0 0 286 47 33 642 409 30 0 53 0 87 0 0 24 0 0 0 14 0 0 3 14 17 8 0 3 0 0 0 0 0 11 0 0 0 0 0 4 0 0 0 0 0 0 0 0 0 0 0 0 0 0 0 0 0 0 0 0 0
3 17 2 1 100 18 61 0 0 4 14 1 1 0 0 355 105 12 669 566 61 0 143 0 90 40 14 29 4 46 1 28 50 0 4 12 0 0 0 4 11 0 0 1 0 8 19 1 0 0 0 0 0 0 0 0 0 0 0 3 0 0 0 0 0 0 0 0 0 0 0 0 0
4 14 5 1 93 32 20 2 1 3 8 2 0 0 0 340 177 44 658 255 41 18 15 0 76 12 15 25 4 55 5 8 14 1 3 7 19 5 1 1 0 0 0 2 0 11 0 0 0 0 0 3 0 1 0 0 0 0 0 0 0 0 0 0 0 0 0 0 0 0 0 0 0
2 15 1 0 81 15 63 0 0 6 0 0 0 0 0 258 71 31 462 566 63 0 169 0 118 0 0 14 6 0 0 44 0 0 5 10 0 0 0 8 0 0 0 0 0 8 0 0 0 0 0 0 0 0 0 0 0 0 0 0 0 0 0 0 0 0 0 0 0 0 0 0 0
4 19 6 0 84 55 70 4 1 6 0 0 0 0 0 344 229 73 422 552 196 53 178 1 117 0 0 14 17 0 0 44 0 0 6 16 5 14 2 8 0 0 0 0 0 8 0 0 0 0 0 1 0 0 0 0 0 0 0 0 0 0 0 0 0 0 0 0 0 0 0 0 0
4 35 5 1 124 70 261 2 1 15 27 2 3 0 0 291 241 41 493 1640 503 35 1316 0 194 159 53 12 29 60 1 201 186 1 5 19 3 19 1 33 69 0 0 3 0 6 18 6 0 0 0 1 3 1 3 0 0 0 0 12 0 0 0 0 0 0 0 0 0 0 0 0 0
2 32 0 1 115 0 246 0 0 19 30 0 1 0 0 258 0 0 436 1554 0 0 1218 0 272 196 0 7 0 74 0 233 227 0 0 18 0 0 0 44 19 0 0 8 0 4 11 0 0 0 0 0 4 0 0 0 0 0 0 11 0 0 0 0 0 0 0 0 0 0 0 0 0
4 22 6 0 99 60 90 4 3 4 0 0 0 0 0 362 235 96 620 729 239 54 270 1 75 0 0 28 8 0 0 35 0 0 3 15 26 31 6 1 0 0 0 0 0 9 0 0 0 0 0 4 0 0 0 0 0 0 0 0 0 0 0 0 0 0 0 0 0 0 0 0 0
4 12 5 1 67 28 17 2 0 2 8 2 0 0 0 277 137 32 435 204 37 16 14 0 52 11 16 16 4 56 4 6 14 1 3 4 0 0 0 1 0 0 0 2 0 8 0 0 0 0 0 0 1 0 0 0 0 0 0 0 0 0 0 0 0 0 0 0 0 0 0 0 0
3 7 3 0 38 12 6 1 1 0 0 0 0 0 0 183 52 10 147 68 8 5 2 0 0 0 0 7 0 0 0 0 0 0 0 2 12 4 1 0 0 0 0 0 0 0 0 0 0 0 0 0 0 0 0 0 0 0 0 0 0 0 0 0 0 0 0 0 0 0 0 0 0
4 21 6 0 104 59 86 4 2 7 0 0 0 0 0 339 258 85 594 702 233 55 244 1 128 0 0 23 17 0 0 54 0 0 1 12 24 25 4 8 0 0 0 0 0 12 0 0 0 0 0 4 0 0 0 0 0 0 0 0 0 0 0 0 0 0 0 0 0 0 0 0 0
4 15 6 0 120 39 31 4 3 5 0 0 0 0 0 445 230 39 877 364 77 36 34 1 87 0 0 40 9 0 0 19 0 0 5 4 57 16 3 2 0 0 0 0 0 11 0 0 0 0 1 6 0 0 0 0 0 0 0 0 0 0 0 0 0 0 0 0 0 0 0 0 0
2 14 0 1 85 0 63 0 0 4 12 0 1 0 0 244 0 0 579 589 0 0 184 0 86 11 0 22 0 46 0 32 54 0 0 9 0 0 0 4 9 0 0 1 0 11 18 0 0 0 0 0 0 0 0 0 0 0 0 3 0 0 0 0 0 0 0 0 0 0 0 0 0
4 45 5 1 164 90 426 2 1 15 27 2 8 0 0 247 318 61 438 2951 832 45 2589 0 136 179 53 6 29 49 1 270 166 1 4 48 5 20 1 11 204 0 0 3 0 3 44 16 0 0 0 1 3 1 28 0 0 0 0 12 0 0 0 0 0 0 0 0 0 0 0 0 0
3 18 3 0 83 34 78 1 1 6 0 0 0 0 0 288 153 50 419 633 142 16 232 0 105 0 0 14 11 0 0 50 0 0 3 10 3 14 1 8 0 0 0 0 0 11 0 0 0 0 0 1 0 0 0 0 0 0 0 0 0 0 0 0 0 0 0 0 0 0 0 0 0
2 17 1 0 97 15 80 0 1 4 0 0 0 0 0 322 48 32 656 702 68 0 256 0 77 0 0 26 1 0 0 33 0 0 4 15 19 12 0 1 0 0 0 0 0 11 0 0 0 0 0 3 0 0 0 0 0 0 0 0 0 0 0 0 0 0 0 0 0 0 0 0 0
2 9 1 0 65 9 15 0 0 3 0 0 0 0 0 246 59 15 484 155 15 0 13 0 54 0 0 29 3 0 0 7 0 0 3 3 0 0 0 1 0 0 0 0 0 4 0 0 0 0 0 0 0 0 0 0 0 0 0 0 0 0 0 0 0 0 0 0 0 0 0 0 0
4 20 6 0 103 58 73 4 1 8 0 0 0 0 0 391 254 84 637 613 208 56 181 1 140 0 0 27 19 0 0 50 0 0 8 9 17 11 2 9 0 0 0 0 0 9 0 0 0 0 0 5 0 0 0 0 0 0 0 0 0 0 0 0 0 0 0 0 0 0 0 0 0
2 8 1 0 48 8 15 0 0 1 0 0 0 0 0 238 46 11 251 98 15 0 20 0 22 0 0 16 1 0 0 0 0 0 1 6 0 0 0 0 0 0 0 0 0 2 0 0 0 0 0 0 0 0 0 0 0 0 0 0 0 0 0 0 0 0 0 0 0 0 0 0 0
3 29 3 0 116 50 247 1 4 16 0 0 0 0 0 191 207 44 332 1926 403 21 1491 0 232 0 0 5 29 0 0 244 0 0 1 34 10 85 4 46 0 0 0 0 0 8 0 0 0 3 0 3 0 0 0 0 0 0 0 0 0 0 0 0 0 0 0 0 0 0 0 0 0
3 19 3 0 109 34 81 1 2 7 0 0 0 0 0 316 138 50 739 723 138 15 235 0 129 0 0 20 8 0 0 53 0 0 1 9 37 24 2 8 0 0 0 0 0 17 0 0 0 0 0 4 0 0 0 0 0 0 0 0 0 0 1 0 0 0 0 0 0 0 0 0 0
3 35 2 1 133 34 282 0 1 15 32 1 1 0 0 225 132 12 470 2080 261 0 1507 0 204 224 31 12 15 84 0 216 258 0 0 36 1 21 0 37 24 0 0 7 0 8 13 1 0 0 0 0 7 1 0 0 0 0 0 8 0 0 0 0 0 0 0 0 0 0 0 0 0
4 31 6 0 141 85 252 4 4 16 0 0 0 0 0 264 356 94 522 1936 673 77 1501 1 222 0 0 14 35 0 0 244 0 0 3 36 24 81 8 46 0 0 0 0 0 8 0 0 0 1 0 13 0 0 0 0 0 0 0 0 0 0 0 0 0 0 0 0 0 0 0 0 0
2 28 1 0 118 22 247 0 3 16 0 0 0 0 0 180 92 39 332 1971 177 0 1491 0 233 0 0 5 14 0 0 244 0 0 1 35 11 64 0 46 0 0 0 0 0 8 0 0 0 3 0 2 0 0 0 0 0 0 0 0 0 0 0 0 0 0 0 0 0 0 0 0 0
2 16 1 0 82 16 75 0 0 6 0 0 0 0 0 247 74 35 455 646 75 0 229 0 106 0 0 17 6 0 0 50 0 0 4 10 0 0 0 8 0 0 0 0 0 11 0 0 0 0 0 0 0 0 0 0 0 0 0 0 0 0 0 0 0 0 0 0 0 0 0 0 0
2 8 1 0 70 6 10 0 1 3 0 0 0 0 0 274 28 8 483 151 6 0 4 0 59 0 0 31 1 0 0 5 0 0 0 5 20 4 0 2 0 0 0 0 0 1 0 0 0 0 0 2 0 0 0 0 0 0 0 0 0 0 0 0 0 0 0 0 0 0 0 0 0
3 28 2 1 99 27 211 0 1 14 23 1 2 0 0 233 92 5 352 1359 192 0 1127 0 202 74 22 6 13 68 0 180 166 0 1 15 5 19 0 43 43 0 0 11 0 7 9 2 0 0 0 1 2 1 1 0 0 0 0 3 0 0 0 0 0 0 0 0 0 0 0 0 0
2 5 1 0 36 5 4 0 0 0 0 0 0 0 0 188 36 6 151 48 4 0 1 0 0 0 0 13 0 0 0 0 0 0 0 3 0 0 0 0 0 0 0 0 0 0 0 0 0 0 0 0 0 0 0 0 0 0 0 0 0 0 0 0 0 0 0 0 0 0 0 0 0
2 26 1 0 114 22 240 0 2 16 0 0 0 0 0 177 93 20 325 1950 197 0 1482 0 232 0 0 7 13 0 0 244 0 0 1 35 8 41 0 46 0 0 0 0 0 8 0 0 0 1 0 3 0 0 0 0 0 0 0 0 0 0 0 0 0 0 0 0 0 0 0 0 0
3 21 3 0 85 42 91 1 0 3 0 0 0 0 0 302 162 112 464 722 182 21 274 0 53 0 0 17 6 0 0 31 0 0 4 19 0 0 0 1 0 0 0 0 0 8 0 0 0 0 0 0 0 0 0 0 0 0 0 0 0 0 0 0 0 0 0 0 0 0 0 0 0
2 4 1 0 60 2 1 0 1 1 0 0 0 0 0 246 17 1 487 21 0 0 0 0 31 0 0 30 0 0 0 0 0 0 0 3 21 1 0 0 0 0 0 0 0 1 0 0 0 0 0 1 0 0 0 0 0 0 0 0 0 0 0 0 0 0 0 0 0 0 0 0 0
2 10 1 0 74 8 21 0 1 3 0 0 0 0 0 247 61 10 503 281 14 0 22 0 55 0 0 17 2 0 0 13 0 0 2 6 4 7 0 1 0 0 0 0 0 8 0 0 0 0 0 1 0 0 0 0 0 0 0 0 0 0 0 0 0 0 0 0 0 0 0 0 0
2 10 1 0 54 8 21 0 1 3 0 0 0 0 0 220 31 12 289 173 14 0 24 0 63 0 0 19 2 0 0 9 0 0 0 3 11 7 0 3 0 0 0 0 0 3 0 0 0 0 0 1 0 0 0 0 0 0 0 0 0 0 0 0 0 0 0 0 0 0 0 0 0
3 13 3 0 63 26 27 1 0 4 0 0 0 0 0 278 120 44 316 197 54 13 30 0 77 0 0 18 8 0 0 12 0 0 3 9 0 0 0 3 0 0 0 0 0 3 0 0 0 0 0 0 0 0 0 0 0 0 0 0 0 0 0 0 0 0 0 0 0 0 0 0 0
2 15 1 0 70 15 75 0 0 4 0 0 0 0 0 244 66 24 434 637 75 0 254 0 60 0 0 15 4 0 0 31 0 0 2 13 0 0 0 1 0 0 0 0 0 9 0 0 0 0 0 0 0 0 0 0 0 0 0 0 0 0 0 0 0 0 0 0 0 0 0 0 0
2 16 1 0 75 16 78 0 0 3 0 0 0 0 0 280 67 35 450 659 78 0 255 0 53 0 0 19 3 0 0 31 0 0 4 16 0 0 0 1 0 0 0 0 0 8 0 0 0 0 0 0 0 0 0 0 0 0 0 0 0 0 0 0 0 0 0 0 0 0 0 0 0
2 8 1 0 34 8 16 0 0 0 0 0 0 0 0 190 34 12 72 110 16 0 20 0 0 0 0 6 0 0 0 0 0 0 0 6 0 0 0 0 0 0 0 0 0 0 0 0 0 0 0 0 0 0 0 0 0 0 0 0 0 0 0 0 0 0 0 0 0 0 0 0 0
3 20 3 0 118 36 85 1 2 8 0 0 0 0 0 350 145 60 789 723 148 16 241 0 136 0 0 32 9 0 0 56 0 0 6 9 36 22 2 9 0 0 0 0 0 14 0 0 0 0 0 7 0 0 0 0 0 0 0 0 0 0 0 0 0 0 0 0 0 0 0 0 0
2 27 1 0 100 23 223 0 2 18 0 0 0 0 0 213 65 57 337 1462 180 0 1256 0 233 0 0 4 13 0 0 245 0 0 3 17 12 41 0 49 0 0 0 0 0 7 0 0 0 1 0 5 0 0 0 0 0 0 0 0 0 0 0 0 0 0 0 0 0 0 0 0 0
2 12 1 0 77 10 25 0 1 5 0 0 0 0 0 289 35 25 581 266 17 0 24 0 89 0 0 26 3 0 0 12 0 0 0 6 20 8 0 4 0 0 0 0 0 9 0 0 0 0 0 2 0 0 0 0 0 0 0 0 0 0 0 0 0 0 0 0 0 0 0 0 0
2 24 1 0 107 22 215 0 1 17 0 0 0 0 0 238 66 18 503 1441 202 0 1249 0 216 0 0 12 8 0 0 242 0 0 3 18 13 13 0 49 0 0 0 0 0 7 0 0 0 0 0 9 0 0 0 0 0 0 0 0 0 0 0 0 0 0 0 0 0 0 0 0 0
2 9 1 0 82 7 20 0 1 2 0 0 0 0 0 266 40 5 624 270 15 0 30 0 48 0 0 27 0 0 0 5 0 0 1 12 19 5 0 0 0 0 0 0 0 10 0 0 0 0 0 2 0 0 0 0 0 0 0 0 0 0 0 0 0 0 0 0 0 0 0 0 0
3 6 3 0 33 12 3 1 0 1 0 0 0 0 0 177 66 11 110 33 6 6 0 0 8 0 0 6 2 0 0 1 0 0 0 1 0 0 0 0 0 0 0 0 0 0 0 0 0 0 0 0 0 0 0 0 0 0 0 0 0 0 0 0 0 0 0 0 0 0 0 0 0
4 10 6 0 71 30 11 4 0 2 0 0 0 0 0 293 205 28 517 147 33 30 7 1 35 0 0 20 6 0 0 4 0 0 4 4 0 0 0 0 0 0 0 0 0 8 0 0 0 0 0 0 0 0 0 0 0 0 0 0 0 0 0 0 0 0 0 0 0 0 0 0 0
2 20 1 0 116 16 92 0 2 7 0 0 0 0 0 303 36 54 759 863 64 0 258 0 129 0 0 20 1 0 0 55 0 0 1 18 37 28 0 8 0 0 0 0 0 17 0 0 0 0 0 4 0 0 0 0 0 0 0 0 0 0 1 0 0 0 0 0 0 0 0 0 0
2 16 1 0 70 16 78 0 0 3 0 0 0 0 0 235 66 37 430 655 78 0 255 0 53 0 0 16 3 0 0 31 0 0 2 13 0 0 0 1 0 0 0 0 0 8 0 0 0 0 0 0 0 0 0 0 0 0 0 0 0 0 0 0 0 0 0 0 0 0 0 0 0
2 8 1 0 81 6 11 0 1 2 0 0 0 0 0 282 37 6 653 178 7 0 7 0 52 0 0 28 0 0 0 4 0 0 2 3 19 4 0 0 0 0 0 0 0 11 0 0 0 0 0 2 0 0 0 0 0 0 0 0 0 0 0 0 0 0 0 0 0 0 0 0 0
2 11 1 0 84 9 23 0 1 2 0 0 0 0 0 317 40 19 628 287 16 0 23 0 51 0 0 28 0 0 0 7 0 0 1 8 20 7 0 0 0 0 0 0 0 9 0 0 0 0 0 2 0 0 0 0 0 0 0 0 0 0 0 0 0 0 0 0 0 0 0 0 0
2 9 1 0 49 9 16 0 0 2 0 0 0 0 0 208 45 16 293 156 16 0 14 0 27 0 0 20 2 0 0 6 0 0 2 3 0 0 0 1 0 0 0 0 0 1 0 0 0 0 0 0 0 0 0 0 0 0 0 0 0 0 0 0 0 0 0 0 0 0 0 0 0
2 8 1 0 40 8 13 0 0 0 0 0 0 0 0 242 40 15 130 98 13 0 11 0 0 0 0 9 0 0 0 0 0 0 0 11 0 0 0 0 0 0 0 0 0 0 0 0 0 0 0 0 0 0 0 0 0 0 0 0 0 0 0 0 0 0 0 0 0 0 0 0 0
2 8 1 0 56 8 14 0 0 2 0 0 0 0 0 225 52 10 345 161 14 0 13 0 37 0 0 19 2 0 0 6 0 0 2 4 0 0 0 1 0 0 0 0 0 3 0 0 0 0 0 0 0 0 0 0 0 0 0 0 0 0 0 0 0 0 0 0 0 0 0 0 0
2 25 1 0 114 25 238 0 0 16 0 0 0 0 0 146 104 41 331 1969 238 0 1481 0 235 0 0 5 16 0 0 244 0 0 5 39 0 0 0 46 0 0 0 0 0 8 0 0 0 0 0 0 0 0 0 0 0 0 0 0 0 0 0 0 0 0 0 0 0 0 0 0 0
2 10 1 0 93 8 22 0 1 2 0 0 0 0 0 308 49 11 690 286 16 0 30 0 52 0 0 27 0 0 0 6 0 0 1 13 20 6 0 0 0 0 0 0 0 11 0 0 0 0 0 2 0 0 0 0 0 0 0 0 0 0 0 0 0 0 0 0 0 0 0 0 0
2 15 1 0 79 15 72 0 0 7 0 0 0 0 0 245 71 22 443 610 72 0 228 0 120 0 0 13 7 0 0 50 0 0 4 9 0 0 0 8 0 0 0 0 0 12 0 0 0 0 0 0 0 0 0 0 0 0 0 0 0 0 0 0 0 0 0 0 0 0 0 0 0
2 25 1 0 109 23 217 0 1 17 0 0 0 0 0 240 72 41 509 1470 203 0 1250 0 216 0 0 11 8 0 0 242 0 0 1 19 13 14 0 49 0 0 0 0 0 7 0 0 0 0 0 9 0 0 0 0 0 0 0 0 0 0 0 0 0 0 0 0 0 0 0 0 0
2 14 1 0 102 8 40 0 3 2 0 0 0 0 0 309 40 15 697 508 12 0 60 0 52 0 0 27 0 0 0 10 0 0 1 15 29 22 0 0 0 0 0 0 0 11 0 0 0 3 0 2 0 0 0 0 0 0 0 0 0 0 0 0 0 0 0 0 0 0 0 0 0
2 4 1 0 11 4 2 0 0 0 0 0 0 0 0 67 11 4 9 9 2 0 0 0 0 0 0 1 0 0 0 0 0 0 0 1 0 0 0 0 0 0 0 0 0 0 0 0 0 0 0 0 0 0 0 0 0 0 0 0 0 0 0 0 0 0 0 0 0 0 0 0 0
2 24 1 0 98 22 215 0 1 17 0 0 0 0 0 212 74 19 352 1429 197 0 1249 0 221 0 0 8 13 0 0 242 0 0 2 17 8 18 0 49 0 0 0 0 0 7 0 0 0 0 0 4 0 0 0 0 0 0 0 0 0 0 0 0 0 0 0 0 0 0 0 0 0
2 5 1 0 22 5 4 0 0 0 0 0 0 0 0 153 22 6 45 29 4 0 1 0 0 0 0 4 0 0 0 0 0 0 0 1 0 0 0 0 0 0 0 0 0 0 0 0 0 0 0 0 0 0 0 0 0 0 0 0 0 0 0 0 0 0 0 0 0 0 0 0 0
2 9 1 0 71 9 14 0 0 4 0 0 0 0 0 259 63 14 518 167 14 0 13 0 74 0 0 27 4 0 0 6 0 0 4 3 0 0 0 2 0 0 0 0 0 6 0 0 0 0 0 0 0 0 0 0 0 0 0 0 0 0 0 0 0 0 0 0 0 0 0 0 0
2 12 1 0 83 10 26 0 1 4 0 0 0 0 0 313 39 24 596 289 18 0 27 0 88 0 0 27 2 0 0 10 0 0 1 10 20 8 0 3 0 0 0 0 0 9 0 0 0 0 0 2 0 0 0 0 0 0 0 0 0 0 0 0 0 0 0 0 0 0 0 0 0
2 27 0 1 96 0 211 0 0 14 23 0 2 0 0 200 0 0 342 1401 0 0 1127 0 203 74 0 6 0 69 0 180 166 0 0 16 0 0 0 43 43 0 0 11 0 7 10 0 0 0 0 0 2 0 1 0 0 0 0 3 0 0 0 0 0 0 0 0 0 0 0 0 0
2 5 1 0 36 5 3 0 0 1 0 0 0 0 0 180 34 5 254 37 3 0 0 0 8 0 0 19 1 0 0 1 0 0 1 1 0 0 0 0 0 0 0 0 0 0 0 0 0 0 0 0 0 0 0 0 0 0 0 0 0 0 0 0 0 0 0 0 0 0 0 0 0
2 9 1 0 79 7 19 0 1 3 0 0 0 0 0 268 34 4 600 266 13 0 21 0 55 0 0 31 2 0 0 13 0 0 2 6 20 6 0 1 0 0 0 0 0 8 0 0 0 0 0 1 0 0 0 0 0 0 0 0 0 0 0 0 0 0 0 0 0 0 0 0 0
2 6 1 0 63 6 5 0 0 1 0 0 0 0 0 255 57 6 499 79 5 0 1 0 27 0 0 23 1 0 0 1 0 0 3 2 0 0 0 0 0 0 0 0 0 8 0 0 0 0 0 0 0 0 0 0 0 0 0 0 0 0 0 0 0 0 0 0 0 0 0 0 0
