4 37 4 2 151 53 273 1 2 16 46 2 4 1 0 329 163 16 1012 1715 379 17 1270 0 254 193 45 21 13 114 0 202 305 0 2 26 45 24 1 24 99 14 1 17 0 5 25 3 14 0 0 9 7 1 6 0 0 0 0 9 4 0 0 1 0 0 0 0 0 0 0 0 0
21 79 194 16 158 1268 383 1063 20 9 256 230 8 37 0 248 2467 1542 397 1326 5257 9319 1885 3904 59 573 3246 6 133 397 503 98 1912 1520 26 16 84 281 271 2 196 565 432 35 35 1 15 91 328 3 4 9 17 90 4 46 0 0 0 3 60 48 0 1 5 0 0 0 0 0 0 0 0
19 78 160 11 148 1155 506 799 21 13 193 153 7 17 0 274 2118 1355 232 1641 6922 7728 2919 2664 65 447 2488 10 177 311 367 216 1584 954 28 19 61 384 269 5 176 255 206 40 26 1 13 72 159 6 4 10 7 70 15 14 0 0 0 7 46 12 0 1 4 0 0 0 0 0 0 0 0
30 81 419 16 181 2081 247 3645 34 10 186 382 7 33 0 250 4483 2056 441 903 5804 25252 716 22251 50 331 4128 10 230 311 676 84 893 4344 53 11 144 324 802 4 124 332 683 35 43 0 7 134 241 2 9 22 11 113 7 40 0 0 0 3 58 44 0 4 2 0 0 0 0 0 0 0 0
5 42 9 1 169 124 294 7 4 17 28 3 4 0 0 341 421 146 1092 1781 823 122 1397 2 255 189 82 24 41 51 3 229 176 3 4 25 59 63 8 24 102 0 0 7 0 5 23 11 0 0 0 10 6 2 6 0 0 0 0 10 0 0 0 1 0 0 0 0 0 0 0 0 0
14 84 82 9 145 878 603 266 19 16 160 88 8 10 0 200 1425 1770 326 2165 5861 3834 3519 532 135 313 1470 5 152 272 383 254 1271 355 19 21 41 437 152 11 218 127 85 32 18 1 15 67 99 11 2 14 7 67 15 3 0 0 0 10 28 8 0 1 1 0 0 0 0 0 0 0 0
16 51 116 4 235 692 206 505 17 17 37 54 1 1 0 471 2833 732 1631 1365 2698 4243 732 1474 281 21 488 46 194 146 137 163 184 328 28 25 223 185 192 26 17 1 13 17 5 13 0 14 6 3 8 42 1 22 0 0 0 0 0 0 0 0 1 0 0 0 0 0 0 0 0 0 0
4 47 4 2 123 75 514 1 1 17 52 2 6 1 0 304 188 27 324 2474 867 29 3744 0 163 257 50 15 25 105 0 334 438 0 1 39 1 16 0 14 191 12 1 12 0 1 22 6 22 0 0 1 7 2 15 0 0 0 0 13 6 0 0 0 0 0 0 0 0 0 0 0 0
3 22 2 1 122 21 158 0 1 14 19 1 1 0 0 308 97 0 861 1099 147 0 763 0 233 17 18 24 7 62 0 174 143 0 2 19 21 11 0 32 15 0 0 10 0 8 13 1 0 0 0 7 1 1 0 0 0 0 0 4 0 0 0 0 0 0 0 0 0 0 0 0 0
8 42 27 1 174 258 265 50 10 18 14 6 1 0 0 453 908 353 1022 1480 1619 664 1229 55 256 12 78 35 95 41 20 238 76 15 12 20 107 140 42 37 14 0 0 2 0 9 0 6 0 3 4 29 1 6 0 0 0 0 0 0 0 0 0 0 0 0 0 0 0 0 0 0 0
5 44 8 2 175 119 257 5 3 17 43 4 4 1 0 360 371 297 1116 1602 688 106 1027 1 268 216 83 23 40 122 4 200 225 2 11 28 54 32 4 28 77 7 2 11 0 6 21 7 25 1 0 8 9 3 2 0 0 0 0 9 4 0 0 1 0 0 0 0 0 0 0 0 0
8 55 27 1 135 328 499 50 6 19 39 6 3 0 0 384 751 368 466 2060 2903 813 3567 55 190 342 231 19 101 61 6 361 382 15 9 34 30 95 31 28 107 0 0 9 0 4 8 17 0 0 0 13 8 3 3 0 0 0 0 10 0 0 0 1 0 0 0 0 0 0 0 0 0
4 43 5 1 158 87 299 2 3 17 28 2 4 0 0 329 239 196 1012 1858 556 44 1401 0 256 189 55 21 25 52 5 229 176 1 5 28 47 51 3 24 102 0 0 7 0 5 24 7 0 0 0 9 6 1 6 0 0 0 0 10 0 0 0 1 0 0 0 0 0 0 0 0 0
4 39 5 1 132 77 291 2 2 17 28 2 4 0 0 317 254 70 722 1775 551 38 1396 0 262 189 54 15 31 51 1 229 176 1 3 27 5 32 2 24 102 0 0 7 0 5 25 8 0 0 0 3 6 2 6 0 0 0 0 10 0 0 0 0 0 0 0 0 0 0 0 0 0
12 29 62 4 198 261 56 183 10 6 36 34 1 3 0 517 1546 203 1611 656 430 1034 93 344 131 29 274 64 39 216 48 35 117 123 16 14 166 58 63 4 9 28 24 13 3 8 17 8 6 1 5 12 2 22 0 1 0 0 0 2 2 0 0 0 0 0 0 0 0 0 0 0 0
4 44 6 0 136 122 431 4 5 18 0 0 0 0 0 352 294 338 494 2049 1168 115 3340 1 215 0 0 22 38 0 0 368 0 0 13 34 37 123 7 34 0 0 0 0 0 9 0 0 0 1 1 14 0 0 0 0 0 0 0 0 0 0 1 0 0 0 0 0 0 0 0 0 0
5 44 9 1 122 153 433 7 6 20 11 3 0 0 0 343 368 300 415 1942 1535 173 3354 2 217 10 29 16 59 22 29 384 42 3 4 29 36 149 11 36 0 0 0 3 0 8 0 0 0 3 1 18 0 4 0 0 0 0 0 0 0 0 0 0 0 0 0 0 0 0 0 0 0
10 26 45 0 192 216 74 120 9 9 0 0 0 0 0 545 1439 131 1515 748 602 798 198 210 145 0 0 69 66 0 0 79 0 0 23 15 114 62 66 10 0 0 0 0 0 8 0 0 0 1 2 15 0 0 0 0 0 0 0 0 0 0 0 0 0 0 0 0 0 0 0 0 0
4 40 6 0 132 116 406 4 2 17 0 0 0 0 0 334 327 290 537 1984 1169 112 3267 1 205 0 0 24 40 0 0 368 0 0 5 36 25 49 4 33 0 0 0 0 0 9 0 0 0 0 0 9 0 0 0 0 0 0 0 0 0 0 1 0 0 0 0 0 0 0 0 0 0
2 32 1 0 112 28 391 0 2 18 0 0 0 0 0 256 52 26 472 1948 345 0 3255 0 222 0 0 16 6 0 0 366 0 0 1 32 24 46 0 34 0 0 0 0 0 9 0 0 0 0 0 10 0 0 0 0 0 0 0 0 0 0 1 0 0 0 0 0 0 0 0 0 0
5 37 10 0 134 142 394 10 3 17 0 0 0 0 0 319 459 156 596 1877 1500 204 3255 5 205 0 0 22 57 0 0 367 0 0 9 32 25 76 9 33 0 0 0 0 0 9 0 0 0 0 0 9 0 0 0 0 0 0 0 0 0 0 1 0 0 0 0 0 0 0 0 0 0
3 21 2 1 117 23 131 0 1 11 17 1 0 0 0 235 106 48 891 1076 121 0 549 0 199 0 16 28 8 76 3 118 126 0 0 25 24 15 0 17 0 0 0 10 0 7 0 0 0 0 0 4 0 1 0 0 0 0 0 0 0 0 0 0 0 0 0 0 0 0 0 0 0
3 41 2 1 134 40 425 0 1 19 36 1 2 0 0 259 122 26 510 2211 414 0 3126 0 223 249 35 16 19 73 0 342 360 0 2 30 8 11 0 28 63 0 0 10 0 6 11 2 0 0 0 0 11 1 1 0 0 0 0 9 0 0 0 0 0 0 0 0 0 0 0 0 0
3 18 3 0 127 32 74 1 2 10 0 0 0 0 0 283 181 37 992 862 127 14 199 0 164 0 0 30 13 0 0 81 0 0 2 19 31 19 2 10 0 0 0 0 0 8 0 0 0 1 0 7 0 0 0 0 0 0 0 0 0 0 0 0 0 0 0 0 0 0 0 0 0
6 44 14 1 122 181 415 16 5 19 29 4 0 0 0 309 462 308 425 1865 1564 279 3051 9 205 28 111 15 68 72 10 354 363 6 11 30 21 142 15 36 0 0 0 15 0 8 0 0 0 3 0 12 0 5 0 0 0 0 0 0 0 0 0 0 0 0 0 0 0 0 0 0 0
2 27 1 0 100 25 178 0 1 11 0 0 0 0 0 278 86 130 578 1221 153 0 741 0 193 0 0 22 11 0 0 142 0 0 6 28 1 25 0 17 0 0 0 0 0 7 0 0 0 0 0 0 0 0 0 0 0 0 0 0 0 0 0 0 0 0 0 0 0 0 0 0 0
2 6 1 0 82 4 3 0 1 3 0 0 0 0 0 248 45 3 773 65 2 0 0 0 77 0 0 31 0 0 0 1 0 0 1 1 16 1 0 1 0 0 0 0 0 10 0 0 0 0 0 3 0 0 0 0 0 0 0 0 0 0 0 0 0 0 0 0 0 0 0 0 0
3 15 3 0 80 30 54 1 0 4 0 0 0 0 0 354 150 42 561 284 108 15 133 0 36 0 0 27 8 0 0 30 0 0 5 12 0 0 0 3 0 0 0 0 0 1 0 0 0 0 0 0 0 0 0 0 0 0 0 0 0 0 0 0 0 0 0 0 0 0 0 0 0
2 14 1 0 68 14 45 0 0 1 0 0 0 0 0 288 56 39 489 315 45 0 91 0 29 0 0 28 1 0 0 3 0 0 6 14 0 0 0 0 0 0 0 0 0 0 0 0 0 0 0 0 0 0 0 0 0 0 0 0 0 0 0 0 0 0 0 0 0 0 0 0 0
3 40 1 2 128 13 399 0 0 18 63 0 2 1 0 255 58 12 490 2153 60 0 2813 0 222 265 0 16 6 142 0 304 674 0 0 30 0 0 0 28 62 25 0 22 0 6 12 0 11 0 0 0 12 0 1 0 0 0 0 8 2 0 0 0 0 0 0 0 0 0 0 0 0
4 24 4 2 73 36 101 1 2 2 32 2 0 1 0 373 106 67 369 600 111 9 294 0 29 73 29 33 2 101 7 22 167 0 1 15 0 25 1 0 0 13 1 4 0 1 0 0 6 0 0 0 5 3 0 0 0 0 0 0 0 0 0 0 0 0 0 0 0 0 0 0 0
3 25 3 0 121 48 152 1 1 12 0 0 0 0 0 281 181 109 879 1163 288 23 664 0 217 0 0 27 19 0 0 145 0 0 5 25 23 16 1 17 0 0 0 0 0 7 0 0 0 0 0 5 0 0 0 0 0 0 0 0 0 0 0 0 0 0 0 0 0 0 0 0 0
4 31 4 2 104 47 199 1 0 12 46 2 0 1 0 323 148 27 532 1110 287 15 779 0 197 215 46 18 15 140 2 128 310 0 3 20 0 0 0 17 0 16 1 21 0 7 0 0 14 0 0 0 9 0 0 0 0 0 0 0 0 0 0 0 0 0 0 0 0 0 0 0 0
4 48 4 2 125 71 506 1 0 17 61 2 6 1 0 304 182 90 324 2489 670 21 3555 0 164 266 61 16 26 118 4 325 627 0 2 40 0 0 0 14 191 21 1 12 0 1 22 6 13 0 0 0 7 0 15 0 0 0 0 13 6 0 0 0 0 0 0 0 0 0 0 0 0
2 26 0 1 109 0 146 0 0 11 26 0 0 0 0 283 0 0 663 1040 0 0 479 0 171 162 0 22 0 97 0 94 146 0 0 24 0 0 0 11 0 0 0 11 0 9 0 0 0 0 0 0 6 0 0 0 0 0 0 0 0 0 0 0 0 0 0 0 0 0 0 0 0
2 44 1 0 124 38 491 0 3 20 0 0 0 0 0 265 67 308 413 2506 380 0 3659 0 214 0 0 18 11 0 0 416 0 0 4 39 20 105 0 34 0 0 0 0 0 8 0 0 0 3 0 9 0 0 0 0 0 0 0 0 0 0 0 0 0 0 0 0 0 0 0 0 0
3 37 3 0 117 70 410 1 2 17 0 0 0 0 0 288 187 168 485 2099 765 33 3285 0 193 0 0 21 27 0 0 371 0 0 7 41 13 55 2 33 0 0 0 0 0 8 0 0 0 0 0 7 0 0 0 0 0 0 0 0 0 0 0 0 0 0 0 0 0 0 0 0 0
5 50 8 2 130 124 506 5 1 17 62 4 6 1 0 316 312 127 335 2405 1150 97 3555 1 161 292 122 15 42 112 4 325 627 2 7 38 5 26 1 14 191 21 2 12 0 1 21 12 14 0 0 1 8 2 15 0 0 0 0 13 6 0 0 0 0 0 0 0 0 0 0 0 0
3 13 3 0 104 24 25 1 1 3 0 0 0 0 0 300 145 35 957 332 44 11 31 0 98 0 0 33 3 0 0 7 0 0 5 5 25 6 1 1 0 0 0 0 0 9 0 0 0 0 0 3 0 0 0 0 0 0 0 0 0 0 0 0 0 0 0 0 0 0 0 0 0
2 19 1 0 89 17 106 0 1 5 0 0 0 0 0 366 51 39 470 695 91 0 406 0 63 0 0 32 3 0 0 52 0 0 3 19 15 15 0 1 0 0 0 0 0 5 0 0 0 0 0 2 0 0 0 0 0 0 0 0 0 0 0 0 0 0 0 0 0 0 0 0 0
2 16 0 1 61 0 90 0 0 2 14 0 1 0 0 261 0 0 231 596 0 0 340 0 29 12 0 17 0 47 0 24 76 0 0 17 0 0 0 0 14 0 0 2 0 1 6 0 0 0 0 0 1 0 0 0 0 0 0 0 0 0 0 0 0 0 0 0 0 0 0 0 0
6 10 15 0 79 46 4 20 2 2 0 0 0 0 0 347 350 29 583 71 19 84 1 15 29 0 0 21 7 0 0 0 0 0 4 2 17 1 8 1 0 0 0 0 0 0 0 0 0 0 0 3 0 0 0 0 0 0 0 0 0 0 0 0 0 0 0 0 0 0 0 0 0
3 24 2 1 97 26 105 0 0 7 18 1 2 0 0 307 97 42 593 804 106 0 278 0 137 74 18 18 7 76 2 56 67 0 2 17 0 0 0 6 35 0 0 6 0 8 2 2 0 0 0 0 6 0 1 0 0 0 0 1 0 0 0 0 0 0 0 0 0 0 0 0 0
2 20 1 0 49 16 87 0 2 4 0 0 0 0 0 341 24 61 112 383 56 0 216 0 33 0 0 12 1 0 0 30 0 0 2 13 9 29 0 3 0 0 0 0 0 1 0 0 0 1 0 3 0 0 0 0 0 0 0 0 0 0 0 0 0 0 0 0 0 0 0 0 0
3 7 3 0 75 14 5 1 0 0 0 0 0 0 0 301 140 11 629 103 10 7 1 0 0 0 0 37 0 0 0 0 0 0 5 7 0 0 0 0 0 0 0 0 0 0 0 0 0 0 0 0 0 0 0 0 0 0 0 0 0 0 0 0 0 0 0 0 0 0 0 0 0
2 31 1 0 99 29 390 0 1 17 0 0 0 0 0 249 65 26 383 1953 369 0 3255 0 197 0 0 16 9 0 0 366 0 0 2 33 11 21 0 33 0 0 0 0 0 8 0 0 0 0 0 8 0 0 0 0 0 0 0 0 0 0 0 0 0 0 0 0 0 0 0 0 0
2 9 1 0 71 9 21 0 0 1 0 0 0 0 0 249 67 12 573 280 21 0 30 0 39 0 0 29 1 0 0 5 0 0 2 8 0 0 0 0 0 0 0 0 0 3 0 0 0 0 0 0 0 0 0 0 0 0 0 0 0 0 0 0 0 0 0 0 0 0 0 0 0
3 11 3 0 99 20 22 1 1 2 0 0 0 0 0 275 162 20 809 293 38 9 30 0 65 0 0 38 2 0 0 6 0 0 2 6 15 6 1 0 0 0 0 0 0 7 0 0 0 0 0 2 0 0 0 0 0 0 0 0 0 0 0 0 0 0 0 0 0 0 0 0 0
3 33 2 1 98 34 369 0 0 15 32 1 0 0 0 257 101 30 313 1844 369 0 2923 0 181 107 32 15 15 81 1 324 369 0 2 29 0 0 0 33 0 0 0 15 0 7 0 0 0 0 0 0 5 0 0 0 0 0 0 0 0 0 0 0 0 0 0 0 0 0 0 0 0
2 11 1 0 63 9 36 0 1 1 0 0 0 0 0 305 36 6 477 176 28 0 84 0 35 0 0 27 0 0 0 0 0 0 2 8 11 8 0 0 0 0 0 0 0 2 0 0 0 0 0 1 0 0 0 0 0 0 0 0 0 0 0 0 0 0 0 0 0 0 0 0 0
3 28 3 0 128 52 194 1 2 17 0 0 0 0 0 241 176 115 814 1384 352 24 919 0 285 0 0 19 22 0 0 219 0 0 2 22 33 36 2 37 0 0 0 0 0 9 0 0 0 0 0 10 0 0 0 0 0 0 0 0 0 0 1 0 0 0 0 0 0 0 0 0 0
4 39 6 0 124 107 278 4 5 20 0 0 0 0 0 298 296 301 545 1645 716 97 1294 1 281 0 0 15 48 0 0 264 0 0 7 23 25 112 10 38 0 0 0 0 0 9 0 0 0 3 0 12 0 0 0 0 0 0 0 0 0 0 0 0 0 0 0 0 0 0 0 0 0
3 24 3 0 85 46 176 1 1 16 0 0 0 0 0 224 157 59 387 1144 333 22 889 0 255 0 0 9 31 0 0 214 0 0 4 19 2 19 1 37 0 0 0 0 0 8 0 0 0 0 0 1 0 0 0 0 0 0 0 0 0 0 0 0 0 0 0 0 0 0 0 0 0
4 31 4 2 133 43 201 1 1 18 44 2 2 1 0 254 197 11 813 1481 245 13 815 0 297 157 42 16 23 140 0 190 297 0 1 32 0 16 0 31 43 16 1 21 0 6 22 2 10 0 0 1 3 2 1 0 0 0 0 9 2 0 0 0 0 0 0 0 0 0 0 0 0
4 8 6 0 91 20 5 4 2 1 0 0 0 0 0 360 200 10 612 101 10 16 1 1 27 0 0 42 2 0 0 1 0 0 4 5 32 5 4 0 0 0 0 0 0 4 0 0 0 0 0 1 0 0 0 0 0 0 0 0 0 0 0 0 0 0 0 0 0 0 0 0 0
3 7 3 0 85 12 7 1 1 0 0 0 0 0 0 314 104 5 878 119 11 5 4 0 0 0 0 45 0 0 0 0 0 0 5 3 28 3 1 0 0 0 0 0 0 0 0 0 0 0 0 0 0 0 0 0 0 0 0 0 0 0 0 0 0 0 0 0 0 0 0 0 0
3 29 3 0 105 54 179 1 2 11 0 0 0 0 0 322 185 164 589 1188 316 25 741 0 192 0 0 22 21 0 0 142 0 0 7 28 5 42 2 17 0 0 0 0 0 7 0 0 0 0 0 1 0 0 0 0 0 0 0 0 0 0 0 0 0 0 0 0 0 0 0 0 0
3 11 3 0 92 18 22 1 2 1 0 0 0 0 0 268 147 14 745 293 31 7 30 0 38 0 0 33 1 0 0 5 0 0 2 5 16 13 2 0 0 0 0 0 0 3 0 0 0 0 0 1 0 0 0 0 0 0 0 0 0 0 0 0 0 0 0 0 0 0 0 0 0
2 45 0 1 120 0 495 0 0 19 39 0 3 0 0 265 0 0 371 2368 0 0 3567 0 203 342 0 14 0 64 0 361 382 0 0 39 0 0 0 28 107 0 0 9 0 4 15 0 0 0 0 0 8 0 3 0 0 0 0 10 0 0 0 0 0 0 0 0 0 0 0 0 0
2 19 0 1 92 0 128 0 0 9 17 0 1 0 0 188 0 0 594 1014 0 0 561 0 177 16 0 16 0 64 0 103 111 0 0 21 0 0 0 16 17 0 0 9 0 7 14 0 0 0 0 0 0 0 0 0 0 0 0 0 0 0 0 0 0 0 0 0 0 0 0 0 0
3 7 3 0 64 12 6 1 1 1 0 0 0 0 0 284 87 7 436 97 9 5 2 0 27 0 0 34 1 0 0 2 0 0 2 3 18 3 1 0 0 0 0 0 0 4 0 0 0 0 0 1 0 0 0 0 0 0 0 0 0 0 0 0 0 0 0 0 0 0 0 0 0
2 25 1 0 112 19 162 0 3 12 0 0 0 0 0 251 51 59 719 1232 106 0 687 0 200 0 0 24 5 0 0 147 0 0 1 19 26 50 0 17 0 0 0 0 0 8 0 0 0 3 0 7 0 0 0 0 0 0 0 0 0 0 0 0 0 0 0 0 0 0 0 0 0
2 12 1 0 48 10 30 0 1 1 0 0 0 0 0 232 43 23 267 237 21 0 40 0 13 0 0 19 0 0 0 5 0 0 1 10 1 9 0 0 0 0 0 0 0 1 0 0 0 0 0 1 0 0 0 0 0 0 0 0 0 0 0 0 0 0 0 0 0 0 0 0 0
3 48 2 1 124 47 531 0 1 18 35 1 6 0 0 297 122 27 326 2556 515 0 3872 0 163 279 34 15 16 50 0 359 305 0 1 39 0 16 0 14 196 0 0 4 0 1 22 6 0 0 0 2 7 1 15 0 0 0 0 14 0 0 0 0 0 0 0 0 0 0 0 0 0
2 21 0 1 91 0 158 0 0 14 19 0 1 0 0 224 0 0 443 1119 0 0 765 0 244 17 0 15 0 67 0 170 141 0 0 19 0 0 0 34 17 0 0 12 0 8 10 0 0 0 0 0 1 0 0 0 0 0 0 2 0 0 0 0 0 0 0 0 0 0 0 0 0
2 47 0 1 125 0 531 0 0 18 35 0 6 0 0 288 0 0 325 2615 0 0 3872 0 165 279 0 15 0 51 0 359 305 0 0 40 0 0 0 14 196 0 0 4 0 1 23 0 0 0 0 0 7 0 15 0 0 0 0 14 0 0 0 0 0 0 0 0 0 0 0 0 0
2 45 0 1 120 0 495 0 0 19 39 0 3 0 0 265 0 0 371 2368 0 0 3567 0 203 342 0 14 0 64 0 361 382 0 0 39 0 0 0 28 107 0 0 9 0 4 15 0 0 0 0 0 8 0 3 0 0 0 0 10 0 0 0 0 0 0 0 0 0 0 0 0 0
3 30 2 1 95 29 364 0 1 14 27 1 1 0 0 253 92 1 310 1879 338 0 2942 0 174 0 26 16 13 69 0 304 339 0 0 33 3 26 0 30 25 0 0 12 0 7 10 1 0 0 0 1 0 1 0 0 0 0 0 2 0 0 0 0 0 0 0 0 0 0 0 0 0
2 17 1 0 64 17 102 0 0 4 0 0 0 0 0 296 62 29 260 641 102 0 404 0 37 0 0 21 4 0 0 50 0 0 1 17 0 0 0 1 0 0 0 0 0 1 0 0 0 0 0 0 0 0 0 0 0 0 0 0 0 0 0 0 0 0 0 0 0 0 0 0 0
2 13 1 0 38 13 52 0 0 4 0 0 0 0 0 284 38 22 78 230 52 0 132 0 36 0 0 8 4 0 0 30 0 0 0 11 0 0 0 3 0 0 0 0 0 1 0 0 0 0 0 0 0 0 0 0 0 0 0 0 0 0 0 0 0 0 0 0 0 0 0 0 0
2 5 1 0 75 3 1 0 1 3 0 0 0 0 0 252 38 1 700 12 1 0 0 0 76 0 0 33 0 0 0 0 0 0 1 0 16 0 0 1 0 0 0 0 0 8 0 0 0 0 0 3 0 0 0 0 0 0 0 0 0 0 0 0 0 0 0 0 0 0 0 0 0
3 18 3 0 63 34 102 1 1 4 0 0 0 0 0 355 108 42 234 619 203 16 404 0 37 0 0 19 8 0 0 50 0 0 3 18 6 1 1 1 0 0 0 0 0 1 0 0 0 0 0 0 0 0 0 0 0 0 0 0 0 0 0 0 0 0 0 0 0 0 0 0 0
2 31 1 0 84 29 391 0 1 16 0 0 0 0 0 204 74 26 248 1951 362 0 3255 0 186 0 0 10 16 0 0 366 0 0 2 33 3 29 0 33 0 0 0 0 0 7 0 0 0 0 0 0 0 0 0 0 0 0 0 0 0 0 0 0 0 0 0 0 0 0 0 0 0
3 14 2 1 60 15 45 0 0 3 13 1 0 0 0 295 62 13 445 241 45 0 100 0 32 26 13 23 3 50 1 18 45 0 0 8 0 0 0 3 0 0 0 3 0 1 0 0 0 0 0 0 4 0 0 0 0 0 0 0 0 0 0 0 0 0 0 0 0 0 0 0 0
3 32 2 1 111 31 367 0 1 14 29 1 1 0 0 299 100 2 460 1880 343 0 2939 0 165 53 28 25 11 65 0 312 344 0 1 32 9 24 0 26 23 0 0 8 0 7 13 1 0 0 0 3 1 1 0 0 0 0 0 6 0 0 0 0 0 0 0 0 0 0 0 0 0
2 21 0 1 107 0 158 0 0 14 19 0 1 0 0 226 0 0 752 1147 0 0 761 0 232 17 0 18 0 55 0 178 145 0 0 19 0 0 0 30 13 0 0 8 0 8 22 0 0 0 0 0 1 0 0 0 0 0 0 6 0 0 0 0 0 0 0 0 0 0 0 0 0
2 44 1 0 124 38 491 0 3 20 0 0 0 0 0 265 67 308 413 2506 380 0 3659 0 214 0 0 18 11 0 0 416 0 0 4 39 20 105 0 34 0 0 0 0 0 8 0 0 0 3 0 9 0 0 0 0 0 0 0 0 0 0 0 0 0 0 0 0 0 0 0 0 0
2 25 1 0 112 19 162 0 3 12 0 0 0 0 0 251 51 59 719 1232 106 0 687 0 200 0 0 24 5 0 0 147 0 0 1 19 26 50 0 17 0 0 0 0 0 8 0 0 0 3 0 7 0 0 0 0 0 0 0 0 0 0 0 0 0 0 0 0 0 0 0 0 0
3 20 3 0 86 40 107 1 0 4 0 0 0 0 0 343 162 74 599 712 214 20 408 0 37 0 0 34 8 0 0 50 0 0 5 20 0 0 0 1 0 0 0 0 0 1 0 0 0 0 0 0 0 0 0 0 0 0 0 0 0 0 0 0 0 0 0 0 0 0 0 0 0
2 20 1 0 49 16 87 0 2 4 0 0 0 0 0 341 24 61 112 383 56 0 216 0 33 0 0 12 1 0 0 30 0 0 2 13 9 29 0 3 0 0 0 0 0 1 0 0 0 1 0 3 0 0 0 0 0 0 0 0 0 0 0 0 0 0 0 0 0 0 0 0 0
3 39 3 0 99 72 426 1 3 16 0 0 0 0 0 272 163 194 296 2035 757 33 3339 0 183 0 0 16 29 0 0 366 0 0 4 36 12 93 3 33 0 0 0 0 0 7 0 0 0 1 0 3 0 0 0 0 0 0 0 0 0 0 0 0 0 0 0 0 0 0 0 0 0
2 12 1 0 55 12 37 0 0 2 0 0 0 0 0 278 49 24 273 196 37 0 84 0 46 0 0 21 2 0 0 0 0 0 3 9 0 0 0 1 0 0 0 0 0 0 0 0 0 0 0 0 0 0 0 0 0 0 0 0 0 0 0 0 0 0 0 0 0 0 0 0 0
2 40 1 0 102 34 441 0 3 20 0 0 0 0 0 245 66 205 281 2112 341 0 3387 0 214 0 0 8 12 0 0 396 0 0 3 32 11 94 0 36 0 0 0 0 0 8 0 0 0 3 0 8 0 0 0 0 0 0 0 0 0 0 0 0 0 0 0 0 0 0 0 0 0
2 7 1 0 70 5 9 0 1 2 0 0 0 0 0 209 16 4 727 132 6 0 7 0 54 0 0 31 0 0 0 3 0 0 0 4 26 3 0 0 0 0 0 0 0 1 0 0 0 0 0 2 0 0 0 0 0 0 0 0 0 0 0 0 0 0 0 0 0 0 0 0 0
2 7 1 0 56 7 7 0 0 2 0 0 0 0 0 210 52 10 511 81 7 0 2 0 62 0 0 18 2 0 0 2 0 0 2 3 0 0 0 1 0 0 0 0 0 6 0 0 0 0 0 0 0 0 0 0 0 0 0 0 0 0 0 0 0 0 0 0 0 0 0 0 0
2 22 0 1 95 0 104 0 0 7 18 0 2 0 0 267 0 0 592 820 0 0 278 0 137 74 0 16 0 76 0 56 67 0 0 17 0 0 0 6 35 0 0 6 0 8 3 0 0 0 0 0 6 0 1 0 0 0 0 1 0 0 0 0 0 0 0 0 0 0 0 0 0
2 4 1 0 72 2 2 0 1 0 0 0 0 0 0 212 16 1 780 66 0 0 0 0 0 0 0 33 0 0 0 0 0 0 0 3 28 2 0 0 0 0 0 0 0 0 0 0 0 0 0 0 0 0 0 0 0 0 0 0 0 0 0 0 0 0 0 0 0 0 0 0 0
3 6 3 0 70 12 1 1 0 3 0 0 0 0 0 230 136 9 610 19 2 6 0 0 79 0 0 24 6 0 0 0 0 0 2 0 0 0 0 1 0 0 0 0 0 8 0 0 0 0 0 0 0 0 0 0 0 0 0 0 0 0 0 0 0 0 0 0 0 0 0 0 0
2 9 1 0 73 9 20 0 0 2 0 0 0 0 0 259 69 12 634 210 20 0 30 0 46 0 0 33 2 0 0 5 0 0 2 10 0 0 0 0 0 0 0 0 0 1 0 0 0 0 0 0 0 0 0 0 0 0 0 0 0 0 0 0 0 0 0 0 0 0 0 0 0
2 18 0 1 81 0 126 0 0 10 18 0 0 0 0 186 0 0 511 986 0 0 547 0 192 16 0 14 0 79 0 116 126 0 0 20 0 0 0 17 0 0 0 10 0 7 0 0 0 0 0 0 1 0 0 0 0 0 0 0 0 0 0 0 0 0 0 0 0 0 0 0 0
2 8 1 0 47 8 13 0 0 0 0 0 0 0 0 191 43 13 282 98 13 0 11 0 0 0 0 22 0 0 0 0 0 0 2 7 0 0 0 0 0 0 0 0 0 0 0 0 0 0 0 0 0 0 0 0 0 0 0 0 0 0 0 0 0 0 0 0 0 0 0 0 0
2 6 1 0 49 6 5 0 0 2 0 0 0 0 0 229 45 6 263 76 5 0 1 0 43 0 0 18 2 0 0 2 0 0 2 4 0 0 0 1 0 0 0 0 0 4 0 0 0 0 0 0 0 0 0 0 0 0 0 0 0 0 0 0 0 0 0 0 0 0 0 0 0
2 30 0 1 101 0 365 0 0 14 28 0 1 0 0 237 0 0 410 1928 0 0 2938 0 171 27 0 19 0 69 0 312 343 0 0 34 0 0 0 26 22 0 0 8 0 7 13 0 0 0 0 0 0 0 0 0 0 0 0 6 0 0 0 0 0 0 0 0 0 0 0 0 0
2 9 1 0 45 9 16 0 0 0 0 0 0 0 0 202 43 19 398 134 16 0 14 0 0 0 0 19 0 0 0 0 0 0 1 5 0 0 0 0 0 0 0 0 0 0 0 0 0 0 0 0 0 0 0 0 0 0 0 0 0 0 0 0 0 0 0 0 0 0 0 0 0
2 4 1 0 40 4 1 0 0 1 0 0 0 0 0 184 40 4 239 23 1 0 0 0 13 0 0 20 1 0 0 0 0 0 0 2 0 0 0 0 0 0 0 0 0 0 0 0 0 0 0 0 0 0 0 0 0 0 0 0 0 0 0 0 0 0 0 0 0 0 0 0 0
2 20 1 0 57 18 111 0 1 4 0 0 0 0 0 276 51 54 210 647 95 0 414 0 35 0 0 17 2 0 0 50 0 0 2 17 0 16 0 1 0 0 0 0 0 1 0 0 0 0 0 2 0 0 0 0 0 0 0 0 0 0 0 0 0 0 0 0 0 0 0 0 0
2 4 1 0 24 4 2 0 0 0 0 0 0 0 0 152 24 4 108 24 2 0 0 0 0 0 0 7 0 0 0 0 0 0 0 0 0 0 0 0 0 0 0 0 0 0 0 0 0 0 0 0 0 0 0 0 0 0 0 0 0 0 0 0 0 0 0 0 0 0 0 0 0
2 9 1 0 69 7 21 0 1 1 0 0 0 0 0 182 65 5 599 279 14 0 30 0 39 0 0 23 1 0 0 5 0 0 1 5 1 7 0 0 0 0 0 0 0 3 0 0 0 0 0 0 0 0 0 0 0 0 0 0 0 0 0 0 0 0 0 0 0 0 0 0 0
2 18 1 0 55 16 104 0 1 4 0 0 0 0 0 292 49 27 207 625 88 0 405 0 37 0 0 18 4 0 0 50 0 0 1 17 2 16 0 1 0 0 0 0 0 1 0 0 0 0 0 0 0 0 0 0 0 0 0 0 0 0 0 0 0 0 0 0 0 0 0 0 0
2 15 1 0 112 13 69 0 1 10 0 0 0 0 0 232 58 11 922 775 60 0 197 0 185 0 0 26 6 0 0 79 0 0 1 18 24 9 0 10 0 0 0 0 0 9 0 0 0 0 0 4 0 0 0 0 0 0 0 0 0 0 0 0 0 0 0 0 0 0 0 0 0
