8 64 26 2 119 345 501 45 13 17 69 10 4 1 0 306 626 528 192 1567 2512 765 2930 45 93 543 333 4 86 102 10 322 612 20 11 18 24 238 55 16 133 20 5 24 0 3 6 20 21 4 3 4 7 12 2 0 0 0 0 5 4 0 0 0 2 0 0 0 0 0 0 0 0
27 69 333 18 150 1601 232 2499 18 5 151 402 3 24 0 332 3390 1587 233 768 5172 16995 850 12816 33 233 3241 4 111 264 835 72 652 4107 44 13 65 177 377 4 27 142 490 15 98 0 0 63 171 2 3 4 12 61 0 8 0 0 0 0 12 31 0 0 3 0 0 0 0 0 0 0 0
11 64 52 3 195 525 344 141 15 13 75 21 5 3 0 391 1466 1048 778 1540 2478 1892 1735 245 110 228 507 17 84 129 55 212 647 63 23 20 117 184 104 9 119 59 21 25 0 4 23 33 22 3 3 15 4 18 3 1 0 0 0 6 10 0 0 2 0 0 0 0 0 0 0 0 0
4 44 4 2 123 70 342 1 2 15 54 2 2 1 0 345 197 308 365 1725 434 16 1928 0 122 173 52 13 17 124 18 284 504 0 7 24 0 30 2 16 54 22 1 24 0 3 10 2 8 1 0 0 5 2 1 0 0 0 0 4 2 0 0 0 0 0 0 0 0 0 0 0 0
10 47 40 5 163 300 282 87 5 10 103 26 5 7 0 417 1027 312 655 1313 1520 826 1482 115 84 254 494 22 46 227 36 171 840 57 16 21 65 54 26 7 120 122 31 33 0 1 12 23 57 0 1 6 8 10 2 4 0 0 0 5 17 3 0 0 1 0 0 0 0 0 0 0 0
3 28 2 1 89 29 285 0 0 16 25 1 1 0 0 228 90 26 314 1440 285 0 1953 0 141 24 25 7 16 70 1 326 262 0 1 20 0 0 0 21 23 0 0 14 0 3 7 1 0 0 0 0 0 0 0 0 0 0 0 2 0 0 0 0 0 0 0 0 0 0 0 0 0
10 52 40 5 119 359 319 85 5 11 89 30 5 5 0 393 825 537 314 1268 1948 1025 1692 105 88 201 487 10 67 178 73 202 697 75 11 14 5 96 27 7 120 69 24 26 1 0 10 24 61 1 0 0 5 11 4 1 0 0 0 6 15 4 0 1 0 0 0 0 0 0 0 0 0
22 65 223 8 149 1204 301 1387 24 14 109 146 2 7 0 348 2637 1229 300 1076 5268 10275 1589 5945 73 175 1914 6 240 214 319 243 774 1224 39 11 85 224 412 17 47 90 123 40 19 3 5 34 36 4 6 12 3 46 0 2 0 0 0 2 4 2 0 2 0 0 0 0 0 0 0 0 0
10 54 43 2 179 416 257 105 11 8 44 14 2 1 0 453 1270 742 855 1293 1767 1389 1074 161 140 137 293 38 48 100 35 86 314 42 24 22 85 178 67 6 46 17 7 9 0 5 2 14 8 3 2 13 3 15 1 0 0 0 0 0 2 0 1 0 0 0 0 0 0 0 0 0 0
10 49 41 4 128 362 237 91 5 6 67 26 1 3 0 462 929 638 429 1093 1557 1101 934 121 81 147 401 31 39 157 96 69 461 67 17 19 5 89 29 3 24 52 18 13 3 2 2 6 18 1 0 2 8 11 0 1 0 0 0 0 2 0 0 0 0 0 0 0 0 0 0 0 0
11 49 50 5 120 390 291 125 5 12 82 35 4 5 0 338 955 483 367 1214 2048 1320 1614 190 108 167 523 11 82 174 74 210 674 105 15 14 8 91 34 13 95 67 29 31 1 0 5 25 59 0 0 3 4 11 1 1 0 0 0 4 11 4 0 0 0 0 0 0 0 0 0 0 0
4 33 6 0 109 87 234 4 6 13 0 0 0 0 0 304 240 152 550 1226 596 78 1241 1 203 0 0 19 30 0 0 159 0 0 8 19 31 102 9 14 0 0 0 0 0 7 0 0 0 2 1 9 0 0 0 0 0 0 0 0 0 0 0 0 0 0 0 0 0 0 0 0 0
2 28 0 1 90 0 212 0 0 6 24 0 2 0 0 212 0 0 375 1201 0 0 1103 0 87 105 0 15 0 65 0 90 163 0 0 23 0 0 0 3 47 0 0 5 0 2 9 0 0 0 0 0 3 0 1 0 0 0 0 1 0 0 0 0 0 0 0 0 0 0 0 0 0
11 30 54 1 161 281 55 156 7 7 5 9 0 0 0 583 1400 314 899 336 519 1162 77 294 116 0 44 37 59 8 24 25 9 36 20 6 76 22 56 4 0 0 0 1 0 3 0 0 0 0 2 10 0 1 0 0 0 0 0 0 0 0 0 0 0 0 0 0 0 0 0 0 0
7 26 21 0 197 142 61 35 7 4 0 0 0 0 0 508 885 183 1352 616 323 326 101 35 102 0 0 65 13 0 0 20 0 0 16 15 127 41 29 2 0 0 0 0 0 6 0 0 0 1 2 11 0 0 0 0 0 0 0 0 0 0 0 0 0 0 0 0 0 0 0 0 0
2 31 1 0 89 27 246 0 2 9 0 0 0 0 0 228 72 150 346 1318 193 0 1297 0 111 0 0 18 6 0 0 146 0 0 2 25 5 51 0 7 0 0 0 0 0 2 0 0 0 1 0 3 0 0 0 0 0 0 0 0 0 0 0 0 0 0 0 0 0 0 0 0 0
4 30 5 1 89 60 212 2 1 6 24 2 2 0 0 245 176 36 372 1132 405 30 1103 0 87 105 47 16 12 64 1 90 163 1 1 22 2 19 1 3 47 0 0 5 0 2 7 4 0 0 0 0 3 1 1 0 0 0 0 1 0 0 0 0 0 0 0 0 0 0 0 0 0
2 32 1 0 89 28 322 0 2 18 0 0 0 0 0 255 67 91 283 1572 266 0 2212 0 149 0 0 7 16 0 0 384 0 0 5 19 5 54 0 24 0 0 0 0 0 3 0 0 0 1 0 2 0 0 0 0 0 0 0 0 0 0 0 0 0 0 0 0 0 0 0 0 0
3 44 1 2 92 20 447 0 0 19 64 0 2 1 0 230 41 0 145 1757 185 0 2789 0 129 390 0 1 5 120 0 352 628 0 0 30 0 0 0 23 79 22 0 32 0 3 5 0 18 0 0 0 6 0 1 0 0 0 0 1 2 0 0 0 0 0 0 0 0 0 0 0 0
6 28 15 0 118 132 91 20 4 6 0 0 0 0 0 396 501 237 635 551 428 248 201 15 82 0 0 37 25 0 0 38 0 0 8 9 34 27 16 5 0 0 0 0 0 4 0 0 0 0 0 5 0 0 0 0 0 0 0 0 0 0 0 0 0 0 0 0 0 0 0 0 0
5 34 7 3 93 71 289 3 0 15 61 5 2 2 0 254 201 39 290 1361 578 37 1783 0 128 153 94 10 30 143 4 280 524 2 2 17 0 0 0 17 52 28 2 26 0 1 7 2 29 0 0 0 3 0 1 0 0 0 0 4 4 1 0 0 0 0 0 0 0 0 0 0 0
5 19 10 0 68 74 33 10 1 0 0 0 0 0 0 412 262 128 182 231 127 108 34 5 0 0 0 10 0 0 0 0 0 0 4 10 1 5 3 0 0 0 0 0 0 0 0 0 0 0 0 0 0 0 0 0 0 0 0 0 0 0 0 0 0 0 0 0 0 0 0 0 0
5 24 10 0 148 90 67 10 3 9 0 0 0 0 0 391 477 162 998 593 248 126 114 5 149 0 0 38 29 0 0 47 0 0 8 8 46 20 9 8 0 0 0 0 0 6 0 0 0 0 0 7 0 0 0 0 0 0 0 0 0 0 0 0 0 0 0 0 0 0 0 0 0
4 17 6 0 90 49 43 4 1 2 0 0 0 0 0 362 245 74 364 417 119 47 76 1 43 0 0 19 5 0 0 12 0 0 5 12 7 10 2 1 0 0 0 0 0 2 0 0 0 0 0 1 0 0 0 0 0 0 0 0 0 0 0 0 0 0 0 0 0 0 0 0 0
2 18 1 0 97 16 65 0 1 7 0 0 0 0 0 303 72 60 523 588 50 0 127 0 146 0 0 17 6 0 0 33 0 0 4 14 8 15 0 8 0 0 0 0 0 7 0 0 0 0 0 1 0 0 0 0 0 0 0 0 0 0 0 0 0 0 0 0 0 0 0 0 0
3 40 2 1 99 41 334 0 3 15 27 1 3 0 0 288 87 156 293 1558 287 0 2076 0 123 108 26 8 12 52 5 302 232 0 1 15 11 66 0 13 75 0 0 9 0 2 11 2 0 1 0 3 2 1 3 0 0 0 0 6 0 0 0 1 0 0 0 0 0 0 0 0 0
2 33 0 1 92 0 311 0 0 17 29 0 2 0 0 210 0 0 293 1539 0 0 2015 0 140 135 0 6 0 59 0 325 258 0 0 17 0 0 0 16 51 0 0 10 0 1 10 0 0 0 0 0 3 0 1 0 0 0 0 7 0 0 0 0 0 0 0 0 0 0 0 0 0
7 28 21 0 127 162 88 35 3 8 0 0 0 0 0 375 672 227 627 705 498 390 188 35 151 0 0 20 42 0 0 48 0 0 16 16 26 30 15 8 0 0 0 0 0 9 0 0 0 0 0 6 0 0 0 0 0 0 0 0 0 0 0 0 0 0 0 0 0 0 0 0 0
2 16 0 1 85 0 50 0 0 6 14 0 1 0 0 244 0 0 560 440 0 0 81 0 129 48 0 20 0 38 0 26 41 0 0 8 0 0 0 5 9 0 0 1 0 5 20 0 0 0 0 0 1 0 0 0 0 0 0 5 0 0 0 0 0 0 0 0 0 0 0 0 0
2 13 1 0 81 13 35 0 0 7 0 0 0 0 0 204 77 34 526 339 35 0 59 0 128 0 0 21 7 0 0 24 0 0 2 5 0 0 0 5 0 0 0 0 0 3 0 0 0 0 0 0 0 0 0 0 0 0 0 0 0 0 0 0 0 0 0 0 0 0 0 0 0
5 17 10 0 73 68 28 10 0 0 0 0 0 0 0 293 278 101 417 199 112 102 28 5 0 0 0 27 0 0 0 0 0 0 7 4 0 0 0 0 0 0 0 0 0 0 0 0 0 0 0 0 0 0 0 0 0 0 0 0 0 0 0 0 0 0 0 0 0 0 0 0 0
2 16 1 0 56 16 59 0 0 1 0 0 0 0 0 262 46 55 143 371 59 0 132 0 5 0 0 15 1 0 0 8 0 0 5 10 0 0 0 0 0 0 0 0 0 0 0 0 0 0 0 0 0 0 0 0 0 0 0 0 0 0 0 0 0 0 0 0 0 0 0 0 0
3 31 3 0 85 62 313 1 0 18 0 0 0 0 0 206 160 129 261 1527 626 31 2196 0 151 0 0 5 36 0 0 384 0 0 5 18 0 0 0 24 0 0 0 0 0 3 0 0 0 0 0 0 0 0 0 0 0 0 0 0 0 0 0 0 0 0 0 0 0 0 0 0 0
3 31 3 0 95 58 313 1 2 18 0 0 0 0 0 263 156 76 315 1501 579 27 2196 0 145 0 0 13 30 0 0 384 0 0 3 18 11 47 2 24 0 0 0 0 0 3 0 0 0 0 0 6 0 0 0 0 0 0 0 0 0 0 0 0 0 0 0 0 0 0 0 0 0
3 11 3 0 106 14 22 1 4 2 0 0 0 0 0 262 96 3 822 313 24 6 27 0 67 0 0 36 2 0 0 8 0 0 2 11 55 18 1 1 0 0 0 0 0 4 0 0 0 1 1 2 0 0 0 0 0 0 0 0 0 0 0 0 0 0 0 0 0 0 0 0 0
2 5 1 0 56 5 2 0 0 2 0 0 0 0 0 171 54 5 497 28 2 0 0 0 49 0 0 22 2 0 0 1 0 0 1 1 0 0 0 0 0 0 0 0 0 3 0 0 0 0 0 0 0 0 0 0 0 0 0 0 0 0 0 0 0 0 0 0 0 0 0 0 0
5 38 8 2 97 93 302 5 1 16 53 4 2 1 0 268 224 138 288 1413 627 69 1807 1 128 151 104 7 31 118 8 288 503 2 4 17 6 23 1 17 53 22 2 25 0 1 6 4 7 0 0 3 3 2 1 0 0 0 0 5 2 0 0 0 0 0 0 0 0 0 0 0 0
2 20 1 0 88 16 86 0 2 4 0 0 0 0 0 305 81 62 397 671 53 0 211 0 79 0 0 19 3 0 0 26 0 0 2 16 1 31 0 3 0 0 0 0 0 5 0 0 0 1 0 1 0 0 0 0 0 0 0 0 0 0 0 0 0 0 0 0 0 0 0 0 0
2 14 1 0 76 12 41 0 1 5 0 0 0 0 0 213 58 31 396 393 31 0 64 0 87 0 0 15 3 0 0 25 0 0 1 7 7 10 0 5 0 0 0 0 0 5 0 0 0 0 0 2 0 0 0 0 0 0 0 0 0 0 0 0 0 0 0 0 0 0 0 0 0
2 30 1 0 106 26 233 0 2 13 0 0 0 0 0 233 51 129 543 1327 186 0 1241 0 205 0 0 17 6 0 0 159 0 0 4 23 20 45 0 14 0 0 0 0 0 7 0 0 0 1 0 7 0 0 0 0 0 0 0 0 0 0 0 0 0 0 0 0 0 0 0 0 0
8 20 28 0 138 132 33 56 4 7 0 0 0 0 0 416 803 114 1005 254 215 375 54 70 129 0 0 46 40 0 0 25 0 0 7 3 71 16 21 5 0 0 0 0 0 6 0 0 0 0 1 7 0 0 0 0 0 0 0 0 0 0 1 0 0 0 0 0 0 0 0 0 0
2 17 0 1 86 0 58 0 0 6 15 0 1 0 0 201 0 0 563 515 0 0 105 0 103 55 0 21 0 38 0 31 47 0 0 8 0 0 0 4 11 0 0 2 0 5 21 0 0 0 0 0 1 0 0 0 0 0 0 4 0 0 0 0 0 0 0 0 0 0 0 0 0
2 28 0 1 81 0 287 0 0 16 26 0 1 0 0 184 0 0 271 1456 0 0 1954 0 140 47 0 7 0 63 0 326 263 0 0 17 0 0 0 21 24 0 0 14 0 3 7 0 0 0 0 0 1 0 0 0 0 0 0 2 0 0 0 0 0 0 0 0 0 0 0 0 0
2 10 1 0 91 6 22 0 2 2 0 0 0 0 0 207 46 3 695 324 9 0 27 0 68 0 0 29 1 0 0 8 0 0 2 13 20 11 0 1 0 0 0 0 0 4 0 0 0 1 0 1 0 0 0 0 0 0 0 0 0 0 0 0 0 0 0 0 0 0 0 0 0
5 17 10 0 104 64 46 10 2 5 0 0 0 0 0 309 353 58 613 458 168 90 100 5 123 0 0 26 15 0 0 20 0 0 4 13 25 16 6 4 0 0 0 0 0 7 0 0 0 0 0 5 0 0 0 0 0 0 0 0 0 0 0 0 0 0 0 0 0 0 0 0 0
3 27 2 1 82 34 204 0 0 7 20 1 0 0 0 250 90 135 334 1156 225 0 1056 0 108 0 20 20 7 64 7 112 183 0 5 28 0 0 0 7 0 0 0 7 0 2 0 0 0 0 0 0 0 0 0 0 0 0 0 0 0 0 0 0 0 0 0 0 0 0 0 0 0
4 30 5 1 103 62 212 2 0 6 26 2 1 0 0 342 214 54 412 1162 424 32 1092 0 87 126 52 25 12 61 2 100 188 1 3 21 0 0 0 4 24 0 0 4 0 2 6 2 0 0 0 0 7 0 0 0 0 0 0 2 0 0 0 0 0 0 0 0 0 0 0 0 0
3 38 3 0 102 72 335 1 2 20 0 0 0 0 0 301 176 279 317 1602 614 34 2224 0 162 0 0 11 38 0 0 392 0 0 9 20 4 54 2 24 0 0 0 0 0 3 0 0 0 1 0 2 0 0 0 0 0 0 0 0 0 0 0 0 0 0 0 0 0 0 0 0 0
7 17 19 2 98 87 35 25 1 4 13 10 0 0 0 297 506 80 596 297 166 163 48 16 70 0 63 24 19 55 19 15 34 18 5 6 8 10 3 3 0 0 0 4 1 1 0 0 0 0 0 1 0 2 0 0 0 0 0 0 0 0 0 0 0 0 0 0 0 0 0 0 0
2 12 0 1 73 0 35 0 0 4 10 0 1 0 0 187 0 0 552 330 0 0 65 0 82 16 0 26 0 26 0 18 28 0 0 5 0 0 0 2 7 0 0 1 0 3 22 0 0 0 0 0 0 0 0 0 0 0 0 3 0 0 0 0 0 0 0 0 0 0 0 0 0
7 18 19 2 52 92 46 25 1 1 14 10 0 0 0 303 258 91 98 227 220 172 91 16 7 0 68 13 4 35 20 3 45 18 2 6 7 11 3 0 0 0 0 1 1 0 0 0 0 0 0 1 0 2 0 0 0 0 0 0 0 0 0 0 0 0 0 0 0 0 0 0 0
2 13 1 0 77 13 42 0 0 6 0 0 0 0 0 206 73 28 503 362 42 0 85 0 108 0 0 18 6 0 0 31 0 0 2 5 0 0 0 5 0 0 0 0 0 5 0 0 0 0 0 0 0 0 0 0 0 0 0 0 0 0 0 0 0 0 0 0 0 0 0 0 0
2 10 1 0 33 10 19 0 0 2 0 0 0 0 0 144 31 23 92 113 19 0 16 0 14 0 0 6 2 0 0 8 0 0 1 3 0 0 0 0 0 0 0 0 0 0 0 0 0 0 0 0 0 0 0 0 0 0 0 0 0 0 0 0 0 0 0 0 0 0 0 0 0
2 33 1 0 83 29 328 0 2 18 0 0 0 0 0 203 67 119 255 1567 272 0 2227 0 147 0 0 8 14 0 0 384 0 0 1 16 5 54 0 24 0 0 0 0 0 3 0 0 0 1 0 4 0 0 0 0 0 0 0 0 0 0 0 0 0 0 0 0 0 0 0 0 0
3 32 1 2 88 8 290 0 0 14 50 0 3 1 0 260 24 0 282 1472 27 0 1801 0 126 103 0 6 1 117 0 266 474 0 0 19 0 0 0 13 73 21 0 22 0 2 13 0 5 0 0 0 2 0 3 0 0 0 0 5 3 0 0 0 0 0 0 0 0 0 0 0 0
3 16 3 0 65 32 44 1 0 7 0 0 0 0 0 210 126 67 332 301 88 16 68 0 117 0 0 11 14 0 0 29 0 0 2 6 0 0 0 7 0 0 0 0 0 5 0 0 0 0 0 0 0 0 0 0 0 0 0 0 0 0 0 0 0 0 0 0 0 0 0 0 0
4 33 6 0 121 87 244 4 6 11 0 0 0 0 0 288 272 135 579 1416 613 78 1284 1 175 0 0 21 22 0 0 156 0 0 2 26 39 115 9 10 0 0 0 0 0 5 0 0 0 2 1 9 0 0 0 0 0 0 0 0 0 0 1 0 0 0 0 0 0 0 0 0 0
2 19 1 0 96 19 72 0 0 9 0 0 0 0 0 221 88 86 528 637 72 0 144 0 149 0 0 18 9 0 0 52 0 0 4 10 0 0 0 8 0 0 0 0 0 5 0 0 0 0 0 0 0 0 0 0 0 0 0 0 0 0 0 0 0 0 0 0 0 0 0 0 0
3 12 3 0 44 24 27 1 0 0 0 0 0 0 0 242 84 37 98 149 54 12 39 0 0 0 0 9 0 0 0 0 0 0 2 5 0 0 0 0 0 0 0 0 0 0 0 0 0 0 0 0 0 0 0 0 0 0 0 0 0 0 0 0 0 0 0 0 0 0 0 0 0
3 33 3 0 94 62 318 1 2 18 0 0 0 0 0 236 161 153 309 1558 605 29 2202 0 148 0 0 8 33 0 0 384 0 0 3 19 9 31 2 24 0 0 0 0 0 3 0 0 0 0 0 3 0 0 0 0 0 0 0 0 0 0 0 0 0 0 0 0 0 0 0 0 0
2 31 1 0 89 27 246 0 2 9 0 0 0 0 0 228 72 150 346 1318 193 0 1297 0 111 0 0 18 6 0 0 146 0 0 2 25 5 51 0 7 0 0 0 0 0 2 0 0 0 1 0 3 0 0 0 0 0 0 0 0 0 0 0 0 0 0 0 0 0 0 0 0 0
3 29 2 1 79 30 286 0 0 17 26 1 1 0 0 195 81 27 264 1413 286 0 1953 0 149 48 26 6 17 60 1 327 263 0 1 18 0 0 0 21 23 0 0 14 0 2 6 1 0 0 0 0 0 0 0 0 0 0 0 3 0 0 0 0 0 0 0 0 0 0 0 0 0
2 6 1 0 31 6 7 0 0 0 0 0 0 0 0 159 27 6 90 59 7 0 4 0 0 0 0 12 0 0 0 0 0 0 2 2 0 0 0 0 0 0 0 0 0 0 0 0 0 0 0 0 0 0 0 0 0 0 0 0 0 0 0 0 0 0 0 0 0 0 0 0 0
2 6 1 0 59 4 5 0 1 1 0 0 0 0 0 203 20 4 418 81 2 0 1 0 23 0 0 16 0 0 0 1 0 0 0 5 19 3 0 0 0 0 0 0 0 2 0 0 0 0 0 1 0 0 0 0 0 0 0 0 0 0 0 0 0 0 0 0 0 0 0 0 0
3 19 3 0 81 38 52 1 0 5 0 0 0 0 0 319 152 109 384 418 104 19 78 0 89 0 0 15 10 0 0 25 0 0 5 12 0 0 0 5 0 0 0 0 0 5 0 0 0 0 0 0 0 0 0 0 0 0 0 0 0 0 0 0 0 0 0 0 0 0 0 0 0
2 21 0 1 71 0 183 0 0 7 21 0 0 0 0 160 0 0 322 1056 0 0 1021 0 108 20 0 14 0 71 0 112 183 0 0 24 0 0 0 7 0 0 0 7 0 2 0 0 0 0 0 0 0 0 0 0 0 0 0 0 0 0 0 0 0 0 0 0 0 0 0 0 0
3 7 3 0 67 12 7 1 1 0 0 0 0 0 0 214 124 8 543 76 10 5 4 0 0 0 0 26 0 0 0 0 0 0 1 1 4 4 1 0 0 0 0 0 0 0 0 0 0 0 0 0 0 0 0 0 0 0 0 0 0 0 0 0 0 0 0 0 0 0 0 0 0
2 20 1 0 88 16 86 0 2 4 0 0 0 0 0 305 81 62 397 671 53 0 211 0 79 0 0 19 3 0 0 26 0 0 2 16 1 31 0 3 0 0 0 0 0 5 0 0 0 1 0 1 0 0 0 0 0 0 0 0 0 0 0 0 0 0 0 0 0 0 0 0 0
2 10 0 1 25 0 18 0 0 2 10 0 0 0 0 127 0 0 63 83 0 0 14 0 17 24 0 3 0 23 0 6 18 0 0 0 0 0 0 0 0 0 0 2 0 0 0 0 0 0 0 0 1 0 0 0 0 0 0 0 0 0 0 0 0 0 0 0 0 0 0 0 0
2 13 0 1 53 0 34 0 0 4 13 0 0 0 0 175 0 0 238 267 0 0 48 0 67 39 0 6 0 51 0 15 34 0 0 4 0 0 0 3 0 0 0 4 0 1 0 0 0 0 0 0 1 0 0 0 0 0 0 0 0 0 0 0 0 0 0 0 0 0 0 0 0
2 10 1 0 41 8 21 0 1 0 0 0 0 0 0 213 21 14 116 169 13 0 24 0 0 0 0 13 0 0 0 0 0 0 1 3 9 8 0 0 0 0 0 0 0 0 0 0 0 0 0 0 0 0 0 0 0 0 0 0 0 0 0 0 0 0 0 0 0 0 0 0 0
4 17 6 0 71 51 50 4 0 1 0 0 0 0 0 323 199 78 315 294 150 51 114 1 5 0 0 17 3 0 0 8 0 0 7 9 0 0 0 0 0 0 0 0 0 0 0 0 0 0 0 0 0 0 0 0 0 0 0 0 0 0 0 0 0 0 0 0 0 0 0 0 0
2 23 1 0 70 23 203 0 0 8 0 0 0 0 0 191 68 41 308 1123 203 0 1185 0 109 0 0 14 8 0 0 138 0 0 1 25 0 0 0 7 0 0 0 0 0 2 0 0 0 0 0 0 0 0 0 0 0 0 0 0 0 0 0 0 0 0 0 0 0 0 0 0 0
2 11 1 0 52 9 25 0 1 0 0 0 0 0 0 223 30 18 161 224 16 0 30 0 0 0 0 14 0 0 0 0 0 0 2 5 9 9 0 0 0 0 0 0 0 0 0 0 0 0 0 0 0 0 0 0 0 0 0 0 0 0 0 0 0 0 0 0 0 0 0 0 0
2 6 1 0 44 6 6 0 0 1 0 0 0 0 0 144 42 7 314 48 6 0 4 0 26 0 0 17 1 0 0 0 0 0 1 0 0 0 0 0 0 0 0 0 0 1 0 0 0 0 0 0 0 0 0 0 0 0 0 0 0 0 0 0 0 0 0 0 0 0 0 0 0
5 9 10 0 51 36 7 10 0 0 0 0 0 0 0 234 198 26 144 54 28 54 4 5 0 0 0 10 0 0 0 0 0 0 3 0 0 0 0 0 0 0 0 0 0 0 0 0 0 0 0 0 0 0 0 0 0 0 0 0 0 0 0 0 0 0 0 0 0 0 0 0 0
3 36 3 0 121 68 341 1 2 20 0 0 0 0 0 255 178 196 460 1782 626 32 2263 0 187 0 0 5 32 0 0 396 0 0 7 23 21 54 2 25 0 0 0 0 0 5 0 0 0 1 0 8 0 0 0 0 0 0 0 0 0 0 0 0 0 0 0 0 0 0 0 0 0
3 17 3 0 89 32 55 1 1 2 0 0 0 0 0 351 134 67 454 442 104 15 106 0 42 0 0 21 2 0 0 12 0 0 3 14 18 6 1 1 0 0 0 0 0 2 0 0 0 0 0 2 0 0 0 0 0 0 0 0 0 0 0 0 0 0 0 0 0 0 0 0 0
2 9 1 0 33 9 16 0 0 2 0 0 0 0 0 131 31 17 89 99 16 0 13 0 14 0 0 3 2 0 0 8 0 0 1 2 0 0 0 0 0 0 0 0 0 0 0 0 0 0 0 0 0 0 0 0 0 0 0 0 0 0 0 0 0 0 0 0 0 0 0 0 0
4 26 6 0 102 76 205 4 1 8 0 0 0 0 0 261 247 85 609 1092 598 74 1186 1 106 0 0 30 21 0 0 138 0 0 6 23 22 17 2 7 0 0 0 0 0 2 0 0 0 0 0 3 0 0 0 0 0 0 0 0 0 0 0 0 0 0 0 0 0 0 0 0 0
2 29 1 0 91 27 310 0 1 18 0 0 0 0 0 199 52 49 403 1535 286 0 2193 0 148 0 0 10 15 0 0 384 0 0 1 17 17 24 0 24 0 0 0 0 0 3 0 0 0 0 0 3 0 0 0 0 0 0 0 0 0 0 0 0 0 0 0 0 0 0 0 0 0
2 12 1 0 76 10 41 0 1 5 0 0 0 0 0 196 27 8 560 355 34 0 85 0 79 0 0 27 2 0 0 30 0 0 1 5 22 7 0 5 0 0 0 0 0 4 0 0 0 0 0 3 0 0 0 0 0 0 0 0 0 0 0 0 0 0 0 0 0 0 0 0 0
2 23 1 0 70 19 203 0 2 8 0 0 0 0 0 199 55 0 309 1092 164 0 1185 0 108 0 0 15 7 0 0 138 0 0 0 22 7 37 0 7 0 0 0 0 0 2 0 0 0 1 0 1 0 0 0 0 0 0 0 0 0 0 0 0 0 0 0 0 0 0 0 0 0
2 14 1 0 71 14 48 0 0 3 0 0 0 0 0 230 69 39 351 476 48 0 103 0 75 0 0 13 3 0 0 18 0 0 1 15 0 0 0 3 0 0 0 0 0 5 0 0 0 0 0 0 0 0 0 0 0 0 0 0 0 0 0 0 0 0 0 0 0 0 0 0 0
2 23 1 0 78 21 203 0 1 8 0 0 0 0 0 196 62 19 344 1118 184 0 1185 0 107 0 0 14 6 0 0 138 0 0 1 23 6 19 0 7 0 0 0 0 0 2 0 0 0 0 0 2 0 0 0 0 0 0 0 0 0 0 0 0 0 0 0 0 0 0 0 0 0
2 25 1 0 85 23 208 0 1 8 0 0 0 0 0 248 66 57 358 1166 188 0 1189 0 106 0 0 20 5 0 0 138 0 0 3 25 5 20 0 7 0 0 0 0 0 2 0 0 0 0 0 3 0 0 0 0 0 0 0 0 0 0 0 0 0 0 0 0 0 0 0 0 0
2 27 1 0 85 23 217 0 2 8 0 0 0 0 0 276 56 74 340 1195 172 0 1205 0 106 0 0 15 5 0 0 138 0 0 2 25 11 43 0 7 0 0 0 0 0 2 0 0 0 1 0 3 0 0 0 0 0 0 0 0 0 0 0 0 0 0 0 0 0 0 0 0 0
2 5 1 0 55 5 4 0 0 0 0 0 0 0 0 178 51 4 518 78 4 0 1 0 0 0 0 26 0 0 0 0 0 0 2 1 0 0 0 0 0 0 0 0 0 0 0 0 0 0 0 0 0 0 0 0 0 0 0 0 0 0 0 0 0 0 0 0 0 0 0 0 0
2 11 1 0 64 11 35 0 0 2 0 0 0 0 0 208 60 16 284 365 35 0 71 0 44 0 0 8 2 0 0 12 0 0 2 11 0 0 0 1 0 0 0 0 0 2 0 0 0 0 0 0 0 0 0 0 0 0 0 0 0 0 0 0 0 0 0 0 0 0 0 0 0
2 14 0 1 34 0 45 0 0 1 14 0 0 0 0 181 0 0 56 219 0 0 91 0 5 44 0 7 0 32 0 3 45 0 0 6 0 0 0 0 0 0 0 1 0 0 0 0 0 0 0 0 1 0 0 0 0 0 0 0 0 0 0 0 0 0 0 0 0 0 0 0 0
2 7 1 0 66 7 6 0 0 3 0 0 0 0 0 189 62 10 514 82 6 0 1 0 79 0 0 22 3 0 0 3 0 0 2 1 0 0 0 1 0 0 0 0 0 3 0 0 0 0 0 0 0 0 0 0 0 0 0 0 0 0 0 0 0 0 0 0 0 0 0 0 0
2 10 1 0 35 10 24 0 0 0 0 0 0 0 0 199 35 21 83 138 24 0 36 0 0 0 0 8 0 0 0 0 0 0 0 4 0 0 0 0 0 0 0 0 0 0 0 0 0 0 0 0 0 0 0 0 0 0 0 0 0 0 0 0 0 0 0 0 0 0 0 0 0
2 11 1 0 27 11 27 0 0 0 0 0 0 0 0 176 25 27 40 130 27 0 39 0 0 0 0 7 0 0 0 0 0 0 1 4 0 0 0 0 0 0 0 0 0 0 0 0 0 0 0 0 0 0 0 0 0 0 0 0 0 0 0 0 0 0 0 0 0 0 0 0 0
2 10 1 0 24 10 19 0 0 2 0 0 0 0 0 139 24 24 42 89 19 0 16 0 13 0 0 4 2 0 0 8 0 0 0 1 0 0 0 0 0 0 0 0 0 0 0 0 0 0 0 0 0 0 0 0 0 0 0 0 0 0 0 0 0 0 0 0 0 0 0 0 0
2 10 1 0 91 6 22 0 2 2 0 0 0 0 0 224 35 5 691 325 10 0 27 0 67 0 0 26 0 0 0 8 0 0 0 13 27 10 0 1 0 0 0 0 0 4 0 0 0 1 0 2 0 0 0 0 0 0 0 0 0 0 0 0 0 0 0 0 0 0 0 0 0
2 26 0 1 77 0 284 0 0 16 24 0 1 0 0 174 0 0 259 1468 0 0 1952 0 146 0 0 6 0 64 0 328 263 0 0 18 0 0 0 20 21 0 0 13 0 3 5 0 0 0 0 0 0 0 0 0 0 0 0 3 0 0 0 0 0 0 0 0 0 0 0 0 0
2 13 1 0 79 13 32 0 0 4 0 0 0 0 0 198 73 39 536 340 32 0 38 0 82 0 0 21 4 0 0 16 0 0 3 14 0 0 0 1 0 0 0 0 0 4 0 0 0 0 0 0 0 0 0 0 0 0 0 0 0 0 0 0 0 0 0 0 0 0 0 0 0
2 8 1 0 62 8 16 0 0 0 0 0 0 0 0 234 56 9 429 160 16 0 20 0 0 0 0 28 0 0 0 0 0 0 3 5 0 0 0 0 0 0 0 0 0 0 0 0 0 0 0 0 0 0 0 0 0 0 0 0 0 0 0 0 0 0 0 0 0 0 0 0 0
2 45 0 1 93 0 470 0 0 20 41 0 2 0 0 230 0 0 145 1827 0 0 3028 0 129 408 0 1 0 69 0 389 388 0 0 30 0 0 0 23 80 0 0 18 0 3 5 0 0 0 0 0 6 0 1 0 0 0 0 2 0 0 0 0 0 0 0 0 0 0 0 0 0
2 26 0 1 89 0 284 0 0 16 24 0 1 0 0 191 0 0 417 1481 0 0 1953 0 133 0 0 10 0 51 0 326 262 0 0 18 0 0 0 21 22 0 0 14 0 3 18 0 0 0 0 0 0 0 0 0 0 0 0 2 0 0 0 0 0 0 0 0 0 0 0 0 0
