19 63 158 13 164 980 187 769 10 6 126 179 4 21 0 426 2495 1313 378 827 2738 6704 434 2468 38 226 1680 10 88 234 496 47 483 1081 48 12 35 79 146 0 62 137 258 13 36 0 18 52 149 1 0 3 7 20 1 12 0 0 0 4 15 21 0 1 2 0 0 0 0 0 0 0 0
18 64 142 11 162 921 202 653 14 9 129 150 5 13 0 331 2256 1208 340 885 2744 5832 506 1957 68 348 1651 2 120 280 375 74 507 906 34 8 55 117 182 10 64 112 150 27 27 2 10 63 132 1 1 3 7 33 0 5 0 0 0 3 16 15 0 1 4 0 0 0 0 0 0 0 0
8 54 25 3 138 297 272 40 9 15 57 14 3 2 0 417 693 633 303 1192 1405 644 1005 35 108 255 258 9 78 119 45 183 287 26 15 11 42 134 35 15 72 16 8 15 0 1 9 13 39 0 2 6 5 8 3 0 0 0 0 6 3 1 0 2 1 0 0 0 0 0 0 0 0
11 53 51 4 148 425 271 131 14 15 69 32 4 2 0 364 1144 470 365 1167 2066 1434 1002 205 96 309 514 8 112 153 73 165 380 107 13 13 60 164 94 15 94 24 14 23 3 4 8 26 34 0 3 10 3 16 3 0 0 0 0 5 7 1 0 3 1 0 0 0 0 0 0 0 0
9 49 31 5 135 296 244 54 3 9 76 25 7 5 0 349 792 496 353 1232 1385 701 869 51 77 219 350 10 49 190 71 110 390 50 11 18 6 38 13 4 125 49 19 15 1 1 26 34 61 1 0 1 2 8 6 1 0 0 0 7 15 4 0 0 0 0 0 0 0 0 0 0 0
3 33 1 2 99 17 225 0 0 15 43 0 3 1 0 275 48 15 229 1301 113 0 925 0 121 184 0 6 7 108 0 180 259 0 1 22 0 0 0 15 72 13 0 17 0 2 16 0 14 0 0 0 1 0 3 0 0 0 0 6 3 0 0 0 0 0 0 0 0 0 0 0 0
9 41 33 3 134 281 189 65 2 12 39 17 2 2 0 381 856 461 450 1018 1259 790 633 75 128 64 213 16 76 126 54 119 192 40 18 16 7 29 10 10 30 17 10 12 0 6 13 10 18 0 0 4 3 4 1 0 0 0 0 4 4 1 0 0 0 0 0 0 0 0 0 0 0
6 39 11 4 107 116 177 10 0 8 71 4 4 6 0 334 301 231 294 855 451 150 555 5 97 230 71 10 17 191 8 61 354 0 3 12 0 0 0 7 74 72 6 18 0 3 13 4 57 0 0 0 3 0 3 4 0 0 0 5 12 0 0 0 0 0 0 0 0 0 0 0 0
13 60 74 4 147 632 223 244 10 10 62 40 3 2 0 484 1450 1133 401 972 2199 2900 638 519 89 167 604 27 92 116 139 102 303 172 32 13 44 130 91 8 40 23 20 14 4 4 12 29 11 1 0 10 4 16 1 0 0 0 0 4 3 0 0 1 1 0 0 0 0 0 0 0 0
14 36 87 4 168 427 79 320 7 5 27 40 0 4 0 532 1924 442 626 587 904 2259 148 780 72 30 260 46 55 96 85 28 89 181 27 10 52 34 72 3 0 16 37 4 0 3 0 0 23 0 1 6 0 9 0 1 0 0 0 0 0 2 0 0 0 0 0 0 0 0 0 0 0
7 45 19 2 147 224 191 26 6 9 32 8 1 1 0 404 680 551 524 1018 896 428 579 19 97 96 124 30 40 74 28 108 143 12 17 10 25 89 25 9 16 4 4 6 0 4 14 4 21 1 0 5 4 4 0 0 0 0 0 3 1 0 0 0 1 0 0 0 0 0 0 0 0
3 27 2 1 88 29 137 0 1 10 21 1 1 0 0 243 90 71 283 859 126 0 478 0 118 89 20 15 9 68 3 111 113 0 2 13 0 17 0 10 18 0 0 7 0 4 4 1 0 0 0 1 1 1 0 0 0 0 0 3 0 0 0 0 0 0 0 0 0 0 0 0 0
14 38 87 4 138 424 104 322 4 7 56 36 3 6 0 424 1497 448 401 677 972 2152 307 799 80 38 496 22 64 191 64 58 306 144 20 8 20 33 40 8 35 75 54 23 0 4 10 27 9 0 0 3 1 8 3 4 0 0 0 1 9 0 0 0 0 0 0 0 0 0 0 0 0
3 29 2 1 102 30 162 0 1 13 24 1 1 0 0 314 88 64 361 1008 156 0 603 0 124 124 23 15 12 53 2 145 139 0 3 15 10 9 0 17 20 0 0 9 0 4 12 1 0 0 0 1 4 1 0 0 0 0 0 4 0 0 0 0 0 0 0 0 0 0 0 0 0
5 24 10 0 127 94 83 10 1 7 0 0 0 0 0 324 452 154 514 758 319 138 205 5 115 0 0 29 24 0 0 47 0 0 14 18 12 13 3 4 0 0 0 0 0 6 0 0 0 0 0 4 0 0 0 0 0 0 0 0 0 0 0 0 0 0 0 0 0 0 0 0 0
5 28 9 1 102 97 114 7 3 7 9 3 0 0 0 324 290 206 442 644 389 108 317 2 114 0 25 26 17 48 17 49 33 3 6 15 25 34 7 8 0 0 0 3 0 7 0 0 0 0 0 8 0 2 0 0 0 0 0 0 0 0 0 0 0 0 0 0 0 0 0 0 0
3 22 3 0 97 40 130 1 2 12 0 0 0 0 0 253 147 61 352 875 241 18 530 0 135 0 0 17 21 0 0 141 0 0 4 14 18 19 2 13 0 0 0 0 0 5 0 0 0 0 0 3 0 0 0 0 0 0 0 0 0 0 0 0 0 0 0 0 0 0 0 0 0
4 16 6 0 102 46 62 4 1 5 0 0 0 0 0 290 280 35 464 531 176 44 182 1 84 0 0 28 13 0 0 36 0 0 5 9 7 10 2 2 0 0 0 0 0 4 0 0 0 0 0 2 0 0 0 0 0 0 0 0 0 0 0 0 0 0 0 0 0 0 0 0 0
4 29 6 0 76 85 149 4 1 8 0 0 0 0 0 290 212 217 191 691 423 83 494 1 83 0 0 12 24 0 0 68 0 0 7 9 1 24 2 10 0 0 0 0 0 3 0 0 0 0 0 0 0 0 0 0 0 0 0 0 0 0 0 0 0 0 0 0 0 0 0 0 0
2 14 0 1 78 0 38 0 0 4 12 0 1 0 0 222 0 0 404 382 0 0 52 0 68 35 0 20 0 47 0 16 29 0 0 3 0 0 0 2 9 0 0 1 0 6 13 0 0 0 0 0 1 0 0 0 0 0 0 3 0 0 0 0 0 0 0 0 0 0 0 0 0
2 21 0 1 87 0 133 0 0 9 15 0 3 0 0 226 0 0 278 936 0 0 560 0 103 14 0 9 0 45 0 113 86 0 0 10 0 0 0 11 41 0 0 5 0 4 19 0 0 0 0 0 0 0 3 0 0 0 0 4 0 0 0 0 0 0 0 0 0 0 0 0 0
4 39 6 0 109 113 226 4 2 17 0 0 0 0 0 343 289 444 273 1247 640 109 883 1 151 0 0 13 49 0 0 202 0 0 12 15 6 38 4 25 0 0 0 0 0 4 0 0 0 0 0 2 0 0 0 0 0 0 0 0 0 0 0 0 0 0 0 0 0 0 0 0 0
4 31 5 1 110 62 167 2 2 11 25 2 1 0 0 282 198 76 315 1042 309 31 594 0 121 146 50 11 21 70 3 120 140 1 4 14 15 28 2 12 24 0 0 10 0 7 7 1 0 0 0 1 4 0 0 0 0 0 0 1 0 0 0 1 0 0 0 0 0 0 0 0 0
6 28 14 1 105 117 139 16 1 9 15 4 3 0 0 340 429 137 352 867 546 183 564 9 103 14 59 13 36 44 6 113 86 6 8 9 1 16 3 11 41 0 0 5 0 4 15 12 0 0 0 0 0 1 3 0 0 0 0 4 0 0 0 0 0 0 0 0 0 0 0 0 0
10 22 44 1 151 179 28 112 4 1 9 8 1 0 0 475 1159 137 744 318 212 637 27 182 24 20 70 53 6 41 8 4 16 28 13 12 51 16 28 0 8 0 0 0 0 3 14 7 0 0 0 2 0 2 0 0 0 0 0 1 0 0 0 1 0 0 0 0 0 0 0 0 0
4 15 6 0 70 43 32 4 1 3 0 0 0 0 0 289 186 56 285 282 91 41 44 1 37 0 0 22 7 0 0 14 0 0 6 2 5 5 2 2 0 0 0 0 0 2 0 0 0 0 0 2 0 0 0 0 0 0 0 0 0 0 0 0 0 0 0 0 0 0 0 0 0
3 27 3 0 72 52 148 1 1 8 0 0 0 0 0 257 132 166 183 709 272 25 494 0 83 0 0 12 16 0 0 68 0 0 4 9 2 24 1 10 0 0 0 0 0 3 0 0 0 0 0 0 0 0 0 0 0 0 0 0 0 0 0 0 0 0 0 0 0 0 0 0 0
4 28 6 0 65 82 116 4 1 5 0 0 0 0 0 349 186 241 116 513 338 80 327 1 33 0 0 7 12 0 0 43 0 0 2 10 1 10 2 4 0 0 0 0 0 1 0 0 0 0 0 3 0 0 0 0 0 0 0 0 0 0 0 0 0 0 0 0 0 0 0 0 0
8 31 28 0 139 211 88 56 3 6 0 0 0 0 0 395 891 316 535 733 587 615 205 70 90 0 0 34 38 0 0 42 0 0 19 12 20 29 18 3 0 0 0 0 0 4 0 0 0 0 0 4 0 0 0 0 0 0 0 0 0 0 0 0 0 0 0 0 0 0 0 0 0
2 17 1 0 86 17 71 0 0 5 0 0 0 0 0 227 78 56 362 646 71 0 189 0 77 0 0 19 5 0 0 39 0 0 4 11 0 0 0 2 0 0 0 0 0 6 0 0 0 0 0 0 0 0 0 0 0 0 0 0 0 0 0 0 0 0 0 0 0 0 0 0 0
4 34 5 1 87 71 199 2 1 9 23 2 3 0 0 277 180 127 191 966 385 37 781 0 87 124 45 7 18 64 4 111 121 1 2 9 2 19 1 12 66 0 0 6 0 4 1 6 0 0 0 0 2 1 3 0 0 0 0 3 0 0 0 0 0 0 0 0 0 0 0 0 0
8 22 28 0 110 148 39 56 3 7 0 0 0 0 0 393 672 150 458 348 257 429 45 70 100 0 0 23 41 0 0 26 0 0 8 5 37 16 15 6 0 0 0 0 0 8 0 0 0 0 1 8 0 0 0 0 0 0 0 0 0 0 0 0 0 0 0 0 0 0 0 0 0
3 19 2 1 90 20 125 0 0 11 16 1 1 0 0 263 94 14 362 852 125 0 532 0 112 0 16 17 11 49 1 131 112 0 4 10 0 0 0 17 13 0 0 8 0 4 13 1 0 0 0 0 0 0 0 0 0 0 0 3 0 0 0 0 0 0 0 0 0 0 0 0 0
5 15 10 0 105 58 23 10 1 3 0 0 0 0 0 304 373 63 535 299 85 84 23 5 56 0 0 35 11 0 0 11 0 0 7 10 16 7 3 2 0 0 0 0 0 3 0 0 0 0 0 1 0 0 0 0 0 0 0 0 0 0 0 0 0 0 0 0 0 0 0 0 0
6 32 15 0 106 160 165 20 0 13 0 0 0 0 0 357 498 302 301 1000 825 320 665 15 126 0 0 16 65 0 0 166 0 0 16 13 0 0 0 21 0 0 0 0 0 4 0 0 0 0 0 0 0 0 0 0 0 0 0 0 0 0 0 0 0 0 0 0 0 0 0 0 0
3 9 3 0 65 18 13 1 0 0 0 0 0 0 0 208 126 21 337 172 26 9 11 0 0 0 0 24 0 0 0 0 0 0 2 1 0 0 0 0 0 0 0 0 0 0 0 0 0 0 0 0 0 0 0 0 0 0 0 0 0 0 0 0 0 0 0 0 0 0 0 0 0
3 23 3 0 61 46 109 1 0 5 0 0 0 0 0 288 114 135 140 503 218 23 325 0 65 0 0 8 10 0 0 39 0 0 4 8 0 0 0 6 0 0 0 0 0 4 0 0 0 0 0 0 0 0 0 0 0 0 0 0 0 0 0 0 0 0 0 0 0 0 0 0 0
2 16 1 0 52 16 77 0 0 4 0 0 0 0 0 222 50 38 166 402 77 0 249 0 56 0 0 12 4 0 0 32 0 0 1 5 0 0 0 6 0 0 0 0 0 3 0 0 0 0 0 0 0 0 0 0 0 0 0 0 0 0 0 0 0 0 0 0 0 0 0 0 0
2 17 1 0 99 11 59 0 3 7 0 0 0 0 0 243 38 27 487 582 25 0 112 0 123 0 0 27 2 0 0 39 0 0 1 13 28 30 0 4 0 0 0 0 0 5 0 0 0 2 0 3 0 0 0 0 0 0 0 0 0 0 1 0 0 0 0 0 0 0 0 0 0
2 7 1 0 42 7 9 0 0 0 0 0 0 0 0 170 38 10 172 94 9 0 5 0 0 0 0 11 0 0 0 0 0 0 2 2 0 0 0 0 0 0 0 0 0 0 0 0 0 0 0 0 0 0 0 0 0 0 0 0 0 0 0 0 0 0 0 0 0 0 0 0 0
5 12 10 0 76 48 13 10 0 1 0 0 0 0 0 265 300 50 392 125 52 72 8 5 15 0 0 25 4 0 0 3 0 0 2 3 0 0 0 0 0 0 0 0 0 3 0 0 0 0 0 0 0 0 0 0 0 0 0 0 0 0 0 0 0 0 0 0 0 0 0 0 0
5 10 10 0 67 38 5 10 1 3 0 0 0 0 0 265 228 29 328 57 20 54 2 5 44 0 0 25 10 0 0 2 0 0 5 3 14 0 3 0 0 0 0 0 0 1 0 0 0 0 0 2 0 0 0 0 0 0 0 0 0 0 0 0 0 0 0 0 0 0 0 0 0
2 19 1 0 77 17 87 0 1 6 0 0 0 0 0 273 69 56 270 540 70 0 259 0 59 0 0 14 6 0 0 42 0 0 4 11 0 17 0 5 0 0 0 0 0 1 0 0 0 0 0 0 0 0 0 0 0 0 0 0 0 0 0 0 0 0 0 0 0 0 0 0 0
2 27 1 0 81 25 175 0 1 14 0 0 0 0 0 259 63 132 207 1030 152 0 706 0 133 0 0 5 12 0 0 173 0 0 4 12 4 23 0 21 0 0 0 0 0 5 0 0 0 0 0 2 0 0 0 0 0 0 0 0 0 0 0 0 0 0 0 0 0 0 0 0 0
2 12 1 0 57 12 30 0 0 1 0 0 0 0 0 224 49 31 227 259 30 0 42 0 15 0 0 15 1 0 0 3 0 0 4 4 0 0 0 0 0 0 0 0 0 3 0 0 0 0 0 0 0 0 0 0 0 0 0 0 0 0 0 0 0 0 0 0 0 0 0 0 0
4 15 6 0 90 41 43 4 2 5 0 0 0 0 0 268 219 34 440 361 112 37 90 1 93 0 0 26 12 0 0 29 0 0 1 12 24 17 4 2 0 0 0 0 0 3 0 0 0 0 0 1 0 0 0 0 0 0 0 0 0 0 1 0 0 0 0 0 0 0 0 0 0
3 20 2 1 69 22 116 0 1 10 16 1 0 0 0 189 71 43 207 788 105 0 437 0 127 0 15 10 9 62 3 114 110 0 2 13 0 17 0 13 0 0 0 10 0 5 0 0 0 0 0 1 0 1 0 0 0 0 0 0 0 0 0 0 0 0 0 0 0 0 0 0 0
6 26 12 3 78 87 102 11 1 2 39 6 1 3 0 308 268 98 206 613 312 109 269 5 39 87 75 13 8 106 12 16 169 3 2 10 2 10 1 1 19 28 6 2 0 1 1 2 20 0 0 0 3 3 0 1 0 0 0 0 2 0 0 0 0 0 0 0 0 0 0 0 0
4 12 6 0 76 36 17 4 0 3 0 0 0 0 0 248 222 43 407 165 51 36 14 1 39 0 0 26 9 0 0 3 0 0 3 1 0 0 0 3 0 0 0 0 0 1 0 0 0 0 0 0 0 0 0 0 0 0 0 0 0 0 0 0 0 0 0 0 0 0 0 0 0
2 17 0 1 67 0 110 0 0 10 17 0 0 0 0 166 0 0 208 781 0 0 433 0 128 15 0 9 0 65 0 114 110 0 0 13 0 0 0 13 0 0 0 10 0 5 0 0 0 0 0 0 1 0 0 0 0 0 0 0 0 0 0 0 0 0 0 0 0 0 0 0 0
2 12 1 0 35 12 38 0 0 1 0 0 0 0 0 229 35 27 71 173 38 0 78 0 9 0 0 6 1 0 0 7 0 0 0 6 0 0 0 0 0 0 0 0 0 1 0 0 0 0 0 0 0 0 0 0 0 0 0 0 0 0 0 0 0 0 0 0 0 0 0 0 0
5 11 10 0 81 42 8 10 1 1 0 0 0 0 0 240 289 40 415 116 29 60 2 5 22 0 0 25 3 0 0 1 0 0 1 1 16 3 3 0 0 0 0 0 0 3 0 0 0 0 0 1 0 0 0 0 0 0 0 0 0 0 0 0 0 0 0 0 0 0 0 0 0
3 25 2 1 87 27 118 0 0 4 21 1 1 0 0 284 97 44 278 702 119 0 349 0 43 107 21 17 4 61 2 34 98 0 2 11 0 0 0 2 19 0 0 2 0 1 2 1 0 0 0 0 3 0 0 0 0 0 0 2 0 0 0 0 0 0 0 0 0 0 0 0 0
2 8 1 0 33 8 12 0 0 0 0 0 0 0 0 200 33 16 91 95 12 0 8 0 0 0 0 8 0 0 0 0 0 0 0 2 0 0 0 0 0 0 0 0 0 0 0 0 0 0 0 0 0 0 0 0 0 0 0 0 0 0 0 0 0 0 0 0 0 0 0 0 0
2 23 0 1 94 0 131 0 0 10 19 0 2 0 0 249 0 0 349 939 0 0 479 0 118 68 0 14 0 48 0 110 97 0 0 13 0 0 0 6 32 0 0 4 0 6 18 0 0 0 0 0 2 0 1 0 0 0 0 6 0 0 0 0 0 0 0 0 0 0 0 0 0
3 19 3 0 66 36 81 1 1 4 0 0 0 0 0 267 92 67 239 409 153 17 252 0 52 0 0 19 4 0 0 32 0 0 5 5 13 9 1 6 0 0 0 0 0 3 0 0 0 0 0 4 0 0 0 0 0 0 0 0 0 0 0 0 0 0 0 0 0 0 0 0 0
3 9 3 0 50 16 10 1 1 3 0 0 0 0 0 147 79 16 199 104 17 7 5 0 36 0 0 4 3 0 0 3 0 0 0 0 9 3 1 3 0 0 0 0 0 1 0 0 0 0 0 3 0 0 0 0 0 0 0 0 0 0 0 0 0 0 0 0 0 0 0 0 0
3 21 3 0 79 38 141 1 2 13 0 0 0 0 0 203 127 17 253 874 252 17 629 0 121 0 0 6 21 0 0 166 0 0 2 8 11 30 2 21 0 0 0 0 0 4 0 0 0 0 0 5 0 0 0 0 0 0 0 0 0 0 0 0 0 0 0 0 0 0 0 0 0
2 6 1 0 35 6 7 0 0 0 0 0 0 0 0 131 33 7 153 49 7 0 4 0 0 0 0 11 0 0 0 0 0 0 1 2 0 0 0 0 0 0 0 0 0 0 0 0 0 0 0 0 0 0 0 0 0 0 0 0 0 0 0 0 0 0 0 0 0 0 0 0 0
2 24 1 0 80 20 146 0 2 11 0 0 0 0 0 214 58 74 225 933 108 0 563 0 125 0 0 12 7 0 0 139 0 0 1 11 8 36 0 13 0 0 0 0 0 5 0 0 0 1 0 4 0 0 0 0 0 0 0 0 0 0 0 0 0 0 0 0 0 0 0 0 0
2 14 1 0 77 14 62 0 0 5 0 0 0 0 0 215 69 20 348 561 62 0 182 0 78 0 0 21 5 0 0 36 0 0 4 10 0 0 0 2 0 0 0 0 0 4 0 0 0 0 0 0 0 0 0 0 0 0 0 0 0 0 0 0 0 0 0 0 0 0 0 0 0
2 29 0 1 78 0 193 0 0 9 23 0 3 0 0 237 0 0 170 1013 0 0 777 0 87 124 0 7 0 65 0 111 121 0 0 10 0 0 0 12 66 0 0 6 0 4 3 0 0 0 0 0 2 0 3 0 0 0 0 3 0 0 0 0 0 0 0 0 0 0 0 0 0
2 21 1 0 77 21 99 0 0 7 0 0 0 0 0 241 67 99 293 607 99 0 288 0 95 0 0 19 7 0 0 46 0 0 5 6 0 0 0 8 0 0 0 0 0 5 0 0 0 0 0 0 0 0 0 0 0 0 0 0 0 0 0 0 0 0 0 0 0 0 0 0 0
2 16 1 0 49 14 56 0 1 1 0 0 0 0 0 259 36 46 108 314 43 0 112 0 8 0 0 6 0 0 0 7 0 0 2 5 4 13 0 0 0 0 0 0 0 1 0 0 0 0 0 1 0 0 0 0 0 0 0 0 0 0 0 0 0 0 0 0 0 0 0 0 0
2 11 1 0 55 11 28 0 0 3 0 0 0 0 0 221 51 22 251 261 28 0 41 0 39 0 0 17 3 0 0 14 0 0 2 3 0 0 0 2 0 0 0 0 0 2 0 0 0 0 0 0 0 0 0 0 0 0 0 0 0 0 0 0 0 0 0 0 0 0 0 0 0
3 12 3 0 49 22 27 1 1 0 0 0 0 0 0 253 74 31 139 194 48 10 39 0 0 0 0 11 0 0 0 0 0 0 1 2 11 6 1 0 0 0 0 0 0 0 0 0 0 0 0 0 0 0 0 0 0 0 0 0 0 0 0 0 0 0 0 0 0 0 0 0 0
2 29 0 1 78 0 193 0 0 9 23 0 3 0 0 237 0 0 170 1013 0 0 777 0 87 124 0 7 0 65 0 111 121 0 0 10 0 0 0 12 66 0 0 6 0 4 3 0 0 0 0 0 2 0 3 0 0 0 0 3 0 0 0 0 0 0 0 0 0 0 0 0 0
2 7 1 0 45 5 10 0 1 1 0 0 0 0 0 175 12 4 248 101 6 0 7 0 14 0 0 21 0 0 0 3 0 0 0 1 16 4 0 0 0 0 0 0 0 3 0 0 0 0 0 1 0 0 0 0 0 0 0 0 0 0 0 0 0 0 0 0 0 0 0 0 0
2 23 1 0 83 19 115 0 2 8 0 0 0 0 0 258 60 86 334 715 78 0 336 0 93 0 0 17 5 0 0 64 0 0 2 15 8 35 0 6 0 0 0 0 0 4 0 0 0 1 0 3 0 0 0 0 0 0 0 0 0 0 0 0 0 0 0 0 0 0 0 0 0
2 26 1 0 80 22 160 0 2 12 0 0 0 0 0 246 61 104 214 955 117 0 605 0 137 0 0 9 9 0 0 146 0 0 1 14 8 43 0 13 0 0 0 0 0 4 0 0 0 0 0 1 0 0 0 0 0 0 0 0 0 0 1 0 0 0 0 0 0 0 0 0 0
2 16 0 1 50 0 71 0 0 1 12 0 2 0 0 219 0 0 135 399 0 0 214 0 11 19 0 7 0 27 0 10 46 0 0 6 0 0 0 0 23 0 0 0 0 0 10 0 0 0 0 0 1 0 1 0 0 0 0 1 0 0 0 0 0 0 0 0 0 0 0 0 0
2 12 0 1 69 0 36 0 0 3 12 0 0 0 0 185 0 0 349 338 0 0 66 0 66 25 0 19 0 65 0 17 36 0 0 13 0 0 0 2 0 0 0 3 0 4 0 0 0 0 0 0 2 0 0 0 0 0 0 0 0 0 0 0 0 0 0 0 0 0 0 0 0
2 15 1 0 56 13 75 0 1 4 0 0 0 0 0 207 48 11 228 382 62 0 248 0 56 0 0 19 4 0 0 32 0 0 1 4 3 13 0 6 0 0 0 0 0 3 0 0 0 0 0 0 0 0 0 0 0 0 0 0 0 0 0 0 0 0 0 0 0 0 0 0 0
3 16 3 0 61 32 74 1 0 5 0 0 0 0 0 212 118 39 221 362 148 16 248 0 77 0 0 11 10 0 0 32 0 0 2 4 0 0 0 6 0 0 0 0 0 4 0 0 0 0 0 0 0 0 0 0 0 0 0 0 0 0 0 0 0 0 0 0 0 0 0 0 0
2 16 0 1 50 0 71 0 0 1 12 0 2 0 0 219 0 0 135 399 0 0 214 0 11 19 0 7 0 27 0 10 46 0 0 6 0 0 0 0 23 0 0 0 0 0 10 0 0 0 0 0 1 0 1 0 0 0 0 1 0 0 0 0 0 0 0 0 0 0 0 0 0
2 30 1 0 117 26 202 0 2 17 0 0 0 0 0 226 64 154 374 1422 155 0 811 0 183 0 0 11 10 0 0 202 0 0 6 16 18 47 0 23 0 0 0 0 0 5 0 0 0 0 0 5 0 0 0 0 0 0 0 0 0 0 1 0 0 0 0 0 0 0 0 0 0
4 14 6 0 39 42 28 4 0 0 0 0 0 0 0 212 113 61 68 138 84 42 39 1 0 0 0 8 0 0 0 0 0 0 2 4 0 0 0 0 0 0 0 0 0 0 0 0 0 0 0 0 0 0 0 0 0 0 0 0 0 0 0 0 0 0 0 0 0 0 0 0 0
2 17 1 0 99 11 59 0 3 7 0 0 0 0 0 243 38 27 487 582 25 0 112 0 123 0 0 27 2 0 0 39 0 0 1 13 28 30 0 4 0 0 0 0 0 5 0 0 0 2 0 3 0 0 0 0 0 0 0 0 0 0 1 0 0 0 0 0 0 0 0 0 0
2 23 1 0 83 19 115 0 2 8 0 0 0 0 0 258 60 86 334 715 78 0 336 0 93 0 0 17 5 0 0 64 0 0 2 15 8 35 0 6 0 0 0 0 0 4 0 0 0 1 0 3 0 0 0 0 0 0 0 0 0 0 0 0 0 0 0 0 0 0 0 0 0
2 19 1 0 77 17 87 0 1 6 0 0 0 0 0 273 69 56 270 540 70 0 259 0 59 0 0 14 6 0 0 42 0 0 4 11 0 17 0 5 0 0 0 0 0 1 0 0 0 0 0 0 0 0 0 0 0 0 0 0 0 0 0 0 0 0 0 0 0 0 0 0 0
2 10 1 0 51 10 23 0 0 1 0 0 0 0 0 202 43 17 206 149 23 0 35 0 25 0 0 18 1 0 0 1 0 0 4 5 0 0 0 0 0 0 0 0 0 1 0 0 0 0 0 0 0 0 0 0 0 0 0 0 0 0 0 0 0 0 0 0 0 0 0 0 0
2 7 1 0 53 7 11 0 0 0 0 0 0 0 0 156 49 8 274 146 11 0 10 0 0 0 0 18 0 0 0 0 0 0 2 0 0 0 0 0 0 0 0 0 0 0 0 0 0 0 0 0 0 0 0 0 0 0 0 0 0 0 0 0 0 0 0 0 0 0 0 0 0
3 11 3 0 43 22 24 1 0 0 0 0 0 0 0 171 84 30 115 192 48 11 36 0 0 0 0 6 0 0 0 0 0 0 1 3 0 0 0 0 0 0 0 0 0 0 0 0 0 0 0 0 0 0 0 0 0 0 0 0 0 0 0 0 0 0 0 0 0 0 0 0 0
2 7 1 0 24 7 9 0 0 0 0 0 0 0 0 108 24 12 41 59 9 0 5 0 0 0 0 1 0 0 0 0 0 0 0 0 0 0 0 0 0 0 0 0 0 0 0 0 0 0 0 0 0 0 0 0 0 0 0 0 0 0 0 0 0 0 0 0 0 0 0 0 0
2 10 1 0 32 10 24 0 0 0 0 0 0 0 0 176 32 21 56 142 24 0 36 0 0 0 0 10 0 0 0 0 0 0 0 3 0 0 0 0 0 0 0 0 0 0 0 0 0 0 0 0 0 0 0 0 0 0 0 0 0 0 0 0 0 0 0 0 0 0 0 0 0
3 13 3 0 75 26 27 1 0 4 0 0 0 0 0 245 142 43 298 237 54 13 39 0 71 0 0 15 8 0 0 0 0 0 4 3 0 0 0 6 0 0 0 0 0 4 0 0 0 0 0 0 0 0 0 0 0 0 0 0 0 0 0 0 0 0 0 0 0 0 0 0 0
2 20 1 0 74 20 128 0 0 11 0 0 0 0 0 214 70 49 219 863 128 0 529 0 129 0 0 12 11 0 0 139 0 0 2 14 0 0 0 13 0 0 0 0 0 5 0 0 0 0 0 0 0 0 0 0 0 0 0 0 0 0 0 0 0 0 0 0 0 0 0 0 0
2 12 1 0 71 12 29 0 0 5 0 0 0 0 0 240 61 27 327 307 29 0 35 0 76 0 0 16 5 0 0 20 0 0 5 4 0 0 0 5 0 0 0 0 0 7 0 0 0 0 0 0 0 0 0 0 0 0 0 0 0 0 0 0 0 0 0 0 0 0 0 0 0
2 11 1 0 33 11 36 0 0 1 0 0 0 0 0 211 29 16 55 161 36 0 77 0 9 0 0 5 1 0 0 7 0 0 2 4 0 0 0 0 0 0 0 0 0 1 0 0 0 0 0 0 0 0 0 0 0 0 0 0 0 0 0 0 0 0 0 0 0 0 0 0 0
2 14 1 0 68 12 63 0 1 4 0 0 0 0 0 172 56 11 238 562 51 0 182 0 62 0 0 10 4 0 0 36 0 0 0 9 6 12 0 2 0 0 0 0 0 3 0 0 0 0 0 0 0 0 0 0 0 0 0 0 0 0 0 0 0 0 0 0 0 0 0 0 0
2 11 1 0 60 9 26 0 1 5 0 0 0 0 0 187 46 13 266 263 19 0 32 0 74 0 0 10 3 0 0 20 0 0 1 2 5 7 0 5 0 0 0 0 0 7 0 0 0 0 0 2 0 0 0 0 0 0 0 0 0 0 0 0 0 0 0 0 0 0 0 0 0
2 8 1 0 19 8 12 0 0 0 0 0 0 0 0 140 19 16 13 53 12 0 8 0 0 0 0 4 0 0 0 0 0 0 0 2 0 0 0 0 0 0 0 0 0 0 0 0 0 0 0 0 0 0 0 0 0 0 0 0 0 0 0 0 0 0 0 0 0 0 0 0 0
3 8 3 0 28 16 9 1 0 0 0 0 0 0 0 174 54 18 54 61 18 8 5 0 0 0 0 6 0 0 0 0 0 0 1 2 0 0 0 0 0 0 0 0 0 0 0 0 0 0 0 0 0 0 0 0 0 0 0 0 0 0 0 0 0 0 0 0 0 0 0 0 0
2 10 1 0 48 10 26 0 0 3 0 0 0 0 0 187 46 15 202 241 26 0 40 0 39 0 0 12 3 0 0 14 0 0 1 2 0 0 0 2 0 0 0 0 0 2 0 0 0 0 0 0 0 0 0 0 0 0 0 0 0 0 0 0 0 0 0 0 0 0 0 0 0
2 10 1 0 35 10 24 0 0 0 0 0 0 0 0 188 33 20 82 144 24 0 36 0 0 0 0 12 0 0 0 0 0 0 1 5 0 0 0 0 0 0 0 0 0 0 0 0 0 0 0 0 0 0 0 0 0 0 0 0 0 0 0 0 0 0 0 0 0 0 0 0 0
2 14 1 0 52 14 45 0 0 1 0 0 0 0 0 233 42 40 193 273 45 0 87 0 9 0 0 14 1 0 0 7 0 0 5 4 0 0 0 0 0 0 0 0 0 1 0 0 0 0 0 0 0 0 0 0 0 0 0 0 0 0 0 0 0 0 0 0 0 0 0 0 0
2 21 1 0 74 21 131 0 0 11 0 0 0 0 0 215 72 67 215 874 131 0 532 0 129 0 0 10 11 0 0 139 0 0 1 14 0 0 0 13 0 0 0 0 0 5 0 0 0 0 0 0 0 0 0 0 0 0 0 0 0 0 0 0 0 0 0 0 0 0 0 0 0
2 4 1 0 17 4 2 0 0 0 0 0 0 0 0 67 17 4 33 17 2 0 0 0 0 0 0 0 0 0 0 0 0 0 0 0 0 0 0 0 0 0 0 0 0 0 0 0 0 0 0 0 0 0 0 0 0 0 0 0 0 0 0 0 0 0 0 0 0 0 0 0 0
2 10 1 0 54 10 23 0 0 1 0 0 0 0 0 183 50 19 238 155 23 0 35 0 23 0 0 16 1 0 0 1 0 0 2 4 0 0 0 0 0 0 0 0 0 3 0 0 0 0 0 0 0 0 0 0 0 0 0 0 0 0 0 0 0 0 0 0 0 0 0 0 0
2 4 1 0 23 4 2 0 0 0 0 0 0 0 0 107 23 4 84 21 2 0 0 0 0 0 0 8 0 0 0 0 0 0 0 1 0 0 0 0 0 0 0 0 0 0 0 0 0 0 0 0 0 0 0 0 0 0 0 0 0 0 0 0 0 0 0 0 0 0 0 0 0
