27 95 336 15 136 2190 286 2573 40 4 182 329 9 23 0 202 3018 3104 142 792 6201 23430 799 13641 15 448 3792 6 88 234 826 36 722 3361 45 3 74 342 854 0 153 181 454 12 51 0 9 174 241 2 12 3 12 101 7 12 0 0 0 1 48 31 0 3 3 0 0 0 0 0 0 0 0
15 68 95 10 155 751 363 342 9 14 175 96 4 17 0 286 1604 1126 288 1764 3556 3627 1780 788 118 440 1535 3 141 405 259 188 1255 403 23 33 21 158 83 5 105 251 132 42 13 2 15 27 178 1 0 4 15 33 3 14 0 0 0 9 25 15 0 0 1 0 0 0 0 0 0 0 0
20 81 178 12 147 1299 364 944 21 7 180 176 9 20 0 239 2243 1771 224 1332 5346 9442 1742 3359 45 512 2470 3 101 334 430 85 1069 1172 37 19 43 271 302 1 210 214 253 22 25 0 15 115 227 4 2 6 8 62 6 15 0 0 0 4 45 21 0 2 4 0 0 0 0 0 0 0 0
4 43 5 1 141 85 365 2 3 17 32 2 3 0 0 268 262 123 411 2203 672 42 2287 0 201 215 61 12 31 75 2 281 268 1 5 36 12 62 3 19 87 0 0 8 0 4 15 6 0 0 0 3 5 3 3 0 0 0 0 9 0 0 0 0 0 0 0 0 0 0 0 0 0
15 60 97 8 142 664 369 362 9 13 150 82 4 11 0 287 1550 532 250 1715 3707 3274 1927 874 109 508 1414 6 132 308 122 202 1170 374 15 24 9 166 84 11 113 168 95 36 6 1 17 33 144 2 0 4 17 29 3 5 0 0 0 10 19 11 0 0 4 0 0 0 0 0 0 0 0
7 41 18 3 152 168 329 22 2 14 66 11 4 2 0 278 620 101 481 2015 1287 258 2014 13 181 207 230 15 52 187 7 212 544 15 4 37 15 30 6 18 107 29 6 21 0 4 23 13 31 0 0 4 5 4 3 0 0 0 0 7 7 1 0 0 0 0 0 0 0 0 0 0 0
6 38 14 1 154 147 221 16 6 14 27 4 2 0 0 376 439 146 961 1317 822 217 922 9 198 171 107 29 44 50 4 163 168 6 4 16 105 66 13 18 47 0 0 7 0 6 17 6 0 0 2 12 5 1 1 0 0 0 0 7 0 0 0 2 0 0 0 0 0 0 0 0 0
3 30 1 2 113 18 206 0 0 13 38 0 2 1 0 238 69 0 565 1395 144 0 870 0 210 155 0 13 9 95 0 148 220 0 0 20 0 0 0 18 46 10 0 11 0 6 23 0 16 0 0 0 5 0 1 0 0 0 0 6 2 0 0 0 0 0 0 0 0 0 0 0 0
7 54 18 3 150 233 425 22 4 18 77 11 3 2 0 263 591 449 321 2368 1677 375 2446 13 182 310 267 6 70 192 30 299 692 15 16 43 10 83 12 16 92 35 6 21 0 3 16 8 36 0 0 4 8 6 3 0 0 0 0 13 6 1 0 1 0 0 0 0 0 0 0 0 0
8 45 26 2 170 269 244 44 4 12 30 12 4 0 0 458 922 406 861 1527 1406 627 982 41 183 124 177 27 63 75 48 145 142 28 19 25 48 62 19 11 86 0 0 6 1 7 20 23 0 0 0 9 2 3 6 0 0 0 0 6 0 0 0 1 0 0 0 0 0 0 0 0 0
4 39 4 2 115 55 308 1 0 14 60 2 1 1 0 262 150 81 325 1773 352 15 1862 0 172 302 60 11 16 157 2 238 549 0 2 37 0 0 0 18 23 23 1 22 0 8 9 1 13 0 0 0 6 0 0 0 0 0 0 4 1 0 0 0 0 0 0 0 0 0 0 0 0
10 57 42 3 183 406 366 98 15 13 71 20 3 2 0 392 1188 514 656 1825 2379 1236 2056 140 130 299 447 32 75 146 31 220 577 57 17 21 104 237 87 15 85 30 12 21 0 6 15 16 35 5 3 16 10 20 3 0 0 0 0 5 6 1 0 2 0 0 0 0 0 0 0 0 0
7 50 20 1 160 249 344 30 9 15 31 5 1 0 0 355 759 468 506 1948 1580 497 2102 25 183 159 147 15 70 63 9 269 287 10 13 28 33 162 34 19 27 0 0 10 0 8 9 5 0 4 1 6 9 8 0 0 0 0 0 4 0 0 0 0 0 0 0 0 0 0 0 0 0
11 41 53 2 138 364 298 147 7 15 30 18 1 0 0 345 1189 318 386 1734 2569 1396 2026 259 171 24 264 12 124 93 44 263 272 70 6 36 33 115 54 21 24 0 0 14 1 9 4 9 0 0 1 11 0 6 0 0 0 0 0 1 0 0 0 0 0 0 0 0 0 0 0 0 0
3 33 2 1 139 33 220 0 1 12 23 1 4 0 0 281 128 41 672 1589 206 0 946 0 189 124 22 20 9 61 1 145 121 0 2 25 10 15 0 11 86 0 0 6 0 7 26 4 0 0 0 3 2 1 6 0 0 0 0 6 0 0 0 0 0 0 0 0 0 0 0 0 0
2 19 1 0 92 15 76 0 2 5 0 0 0 0 0 279 45 56 620 636 47 0 169 0 98 0 0 25 2 0 0 33 0 0 0 16 22 27 0 2 0 0 0 0 0 4 0 0 0 1 0 3 0 0 0 0 0 0 0 0 0 0 0 0 0 0 0 0 0 0 0 0 0
2 31 1 0 125 25 319 0 3 16 0 0 0 0 0 196 71 46 459 2118 246 0 2270 0 203 0 0 12 8 0 0 317 0 0 0 36 24 69 0 23 0 0 0 0 0 9 0 0 0 2 0 6 0 0 0 0 0 0 0 0 0 0 1 0 0 0 0 0 0 0 0 0 0
2 21 0 1 98 0 99 0 0 7 19 0 1 0 0 277 0 0 651 760 0 0 277 0 145 82 0 23 0 48 0 58 84 0 0 20 0 0 0 7 15 0 0 3 0 3 21 0 0 0 0 0 2 0 0 0 0 0 0 4 0 0 0 0 0 0 0 0 0 0 0 0 0
7 26 18 3 108 128 105 20 2 10 24 15 0 0 0 280 485 171 625 791 510 202 281 8 189 13 117 20 45 102 51 72 104 24 3 14 25 16 7 17 0 0 0 10 3 5 0 0 0 0 0 5 0 3 0 0 0 0 0 0 0 0 0 0 0 0 0 0 0 0 0 0 0
9 22 35 1 119 166 36 77 2 4 6 7 0 0 0 501 842 168 680 329 267 532 36 105 97 0 41 31 28 37 15 12 14 21 11 9 24 7 13 2 0 0 0 1 0 7 0 0 0 0 0 3 0 1 0 0 0 0 0 0 0 0 0 0 0 0 0 0 0 0 0 0 0
3 32 3 0 125 56 319 1 4 16 0 0 0 0 0 213 191 50 460 2067 541 24 2270 0 202 0 0 12 23 0 0 317 0 0 1 35 25 93 4 23 0 0 0 0 0 9 0 0 0 2 0 7 0 0 0 0 0 0 0 0 0 0 1 0 0 0 0 0 0 0 0 0 0
6 47 13 2 144 161 414 13 4 18 60 6 3 1 0 254 476 132 320 2372 1321 198 2509 6 182 307 177 8 58 142 6 316 577 6 5 42 13 72 11 16 94 21 3 14 0 3 16 8 15 0 0 4 8 3 3 0 0 0 0 14 3 0 0 1 0 0 0 0 0 0 0 0 0
5 32 9 1 132 100 165 7 3 12 22 3 0 0 0 287 380 190 662 1207 472 104 681 2 198 72 63 17 31 78 7 140 148 3 8 27 24 40 6 20 0 0 0 11 0 10 0 0 0 0 0 6 0 3 0 0 0 0 0 0 0 0 0 0 0 0 0 0 0 0 0 0 0
3 14 3 0 97 26 45 1 1 3 0 0 0 0 0 329 138 27 774 338 81 12 104 0 60 0 0 42 4 0 0 17 0 0 4 8 23 9 1 0 0 0 0 0 0 4 0 0 0 0 0 2 0 0 0 0 0 0 0 0 0 0 0 0 0 0 0 0 0 0 0 0 0
5 46 9 1 133 138 378 7 4 15 32 3 3 0 0 278 390 200 406 2106 1045 138 2324 2 164 216 92 12 44 58 4 267 268 3 8 35 6 98 8 15 89 0 0 8 0 6 20 9 0 3 0 1 4 4 3 0 0 0 0 7 0 0 0 0 0 0 0 0 0 0 0 0 0
7 19 21 0 155 100 22 35 7 3 0 0 0 0 0 561 637 103 1207 287 110 227 18 35 61 0 0 70 11 0 0 6 0 0 7 7 136 22 23 0 0 0 0 0 0 4 0 0 0 0 4 7 0 0 0 0 0 0 0 0 0 0 0 0 0 0 0 0 0 0 0 0 0
6 20 15 0 115 94 43 20 3 2 0 0 0 0 0 484 419 121 838 326 203 179 66 15 35 0 0 49 8 0 0 10 0 0 7 11 70 12 9 0 0 0 0 0 0 1 0 0 0 0 1 2 0 0 0 0 0 0 0 0 0 0 0 0 0 0 0 0 0 0 0 0 0
3 31 2 1 124 32 296 0 0 14 28 1 1 0 0 212 121 26 449 2003 296 0 2027 0 177 94 28 12 14 83 1 264 272 0 4 40 0 0 0 19 24 0 0 10 0 8 14 1 0 0 0 0 2 0 0 0 0 0 0 4 0 0 0 0 0 0 0 0 0 0 0 0 0
2 18 0 1 93 0 79 0 0 9 16 0 1 0 0 262 0 0 625 687 0 0 218 0 171 47 0 23 0 45 0 65 67 0 0 9 0 0 0 13 12 0 0 5 0 4 21 0 0 0 0 0 1 0 0 0 0 0 0 4 0 0 0 0 0 0 0 0 0 0 0 0 0
2 11 1 0 89 11 24 0 0 3 0 0 0 0 0 284 81 24 622 307 24 0 27 0 62 0 0 27 3 0 0 12 0 0 4 8 0 0 0 0 0 0 0 0 0 7 0 0 0 0 0 0 0 0 0 0 0 0 0 0 0 0 0 0 0 0 0 0 0 0 0 0 0
4 12 6 0 118 32 15 4 2 4 0 0 0 0 0 402 268 28 883 215 39 28 10 1 105 0 0 49 8 0 0 9 0 0 7 5 34 6 4 2 0 0 0 0 0 6 0 0 0 0 0 4 0 0 0 0 0 0 0 0 0 0 0 0 0 0 0 0 0 0 0 0 0
3 33 3 0 120 60 321 1 3 15 0 0 0 0 0 222 201 104 380 2059 565 27 2273 0 177 0 0 11 25 0 0 314 0 0 3 37 14 75 3 23 0 0 0 0 0 9 0 0 0 1 0 5 0 0 0 0 0 0 0 0 0 0 0 0 0 0 0 0 0 0 0 0 0
3 19 3 0 94 36 86 1 1 9 0 0 0 0 0 288 150 58 568 584 162 17 280 0 169 0 0 22 14 0 0 74 0 0 3 8 14 10 1 11 0 0 0 0 0 8 0 0 0 0 0 4 0 0 0 0 0 0 0 0 0 0 0 0 0 0 0 0 0 0 0 0 0
2 18 1 0 59 16 70 0 1 3 0 0 0 0 0 223 57 62 334 439 54 0 154 0 36 0 0 19 3 0 0 22 0 0 1 7 0 16 0 0 0 0 0 0 0 1 0 0 0 0 0 0 0 0 0 0 0 0 0 0 0 0 0 0 0 0 0 0 0 0 0 0 0
2 17 1 0 70 17 86 0 0 8 0 0 0 0 0 237 64 39 384 609 86 0 280 0 150 0 0 17 8 0 0 74 0 0 3 11 0 0 0 11 0 0 0 0 0 4 0 0 0 0 0 0 0 0 0 0 0 0 0 0 0 0 0 0 0 0 0 0 0 0 0 0 0
3 13 3 0 42 24 27 1 1 3 0 0 0 0 0 276 83 37 128 158 45 11 28 0 23 0 0 12 5 0 0 12 0 0 0 7 0 9 1 0 0 0 0 0 0 0 0 0 0 0 0 1 0 0 0 0 0 0 0 0 0 0 0 0 0 0 0 0 0 0 0 0 0
8 31 28 0 150 203 117 56 7 13 0 0 0 0 0 488 862 240 895 896 760 573 327 70 230 0 0 32 75 0 0 103 0 0 13 17 73 59 36 19 0 0 0 0 0 7 0 0 0 0 2 16 0 0 0 0 0 0 0 0 0 0 0 0 0 0 0 0 0 0 0 0 0
2 14 0 1 53 0 43 0 0 3 14 0 0 0 0 195 0 0 360 300 0 0 81 0 40 44 0 22 0 51 0 13 43 0 0 7 0 0 0 0 0 0 0 3 0 1 0 0 0 0 0 0 1 0 0 0 0 0 0 0 0 0 0 0 0 0 0 0 0 0 0 0 0
6 28 14 1 102 117 149 16 1 11 21 4 0 0 0 286 409 153 397 1060 597 183 662 9 173 52 83 10 44 79 6 136 145 6 7 19 2 3 3 20 0 0 0 11 0 9 0 0 0 0 0 0 2 1 0 0 0 0 0 0 0 0 0 0 0 0 0 0 0 0 0 0 0
3 32 2 1 136 31 219 0 1 12 23 1 4 0 0 280 124 12 669 1573 205 0 946 0 189 124 22 20 9 61 0 145 121 0 1 25 10 14 0 11 86 0 0 6 0 7 26 4 0 0 0 3 2 1 6 0 0 0 0 6 0 0 0 0 0 0 0 0 0 0 0 0 0
4 12 6 0 79 32 14 4 2 3 0 0 0 0 0 309 188 32 548 167 34 28 7 1 79 0 0 28 6 0 0 6 0 0 4 4 19 8 4 1 0 0 0 0 0 3 0 0 0 0 0 3 0 0 0 0 0 0 0 0 0 0 0 0 0 0 0 0 0 0 0 0 0
3 40 2 1 138 40 362 0 1 17 32 1 3 0 0 226 127 48 408 2255 339 0 2286 0 203 215 31 11 16 77 1 281 268 0 2 38 8 24 0 19 87 0 0 8 0 4 16 3 0 0 0 1 5 1 3 0 0 0 0 9 0 0 0 0 0 0 0 0 0 0 0 0 0
4 35 6 0 121 101 331 4 2 15 0 0 0 0 0 219 315 181 371 2130 939 97 2298 1 176 0 0 11 39 0 0 314 0 0 6 41 15 52 4 23 0 0 0 0 0 9 0 0 0 1 0 6 0 0 0 0 0 0 0 0 0 0 0 0 0 0 0 0 0 0 0 0 0
2 12 1 0 88 10 27 0 1 4 0 0 0 0 0 292 50 22 626 324 19 0 30 0 88 0 0 28 2 0 0 14 0 0 2 6 16 8 0 1 0 0 0 0 0 7 0 0 0 0 0 2 0 0 0 0 0 0 0 0 0 0 0 0 0 0 0 0 0 0 0 0 0
2 29 0 1 115 0 293 0 0 13 27 0 1 0 0 200 0 0 431 2014 0 0 2024 0 161 71 0 12 0 80 0 261 269 0 0 42 0 0 0 19 24 0 0 10 0 9 15 0 0 0 0 0 1 0 0 0 0 0 0 3 0 0 0 0 0 0 0 0 0 0 0 0 0
2 11 1 0 95 7 20 0 2 5 0 0 0 0 0 276 16 12 763 281 9 0 15 0 134 0 0 33 0 0 0 12 0 0 0 4 38 11 0 3 0 0 0 0 0 4 0 0 0 0 0 3 0 0 0 0 0 0 0 0 0 0 1 0 0 0 0 0 0 0 0 0 0
2 16 1 0 88 14 83 0 1 9 0 0 0 0 0 252 54 12 560 583 73 0 279 0 169 0 0 21 5 0 0 74 0 0 1 8 14 10 0 11 0 0 0 0 0 8 0 0 0 0 0 4 0 0 0 0 0 0 0 0 0 0 0 0 0 0 0 0 0 0 0 0 0
3 11 3 0 41 20 15 1 1 1 0 0 0 0 0 201 69 28 166 110 25 9 9 0 20 0 0 14 1 0 0 3 0 0 4 1 2 5 1 0 0 0 0 0 0 0 0 0 0 0 0 1 0 0 0 0 0 0 0 0 0 0 0 0 0 0 0 0 0 0 0 0 0
3 13 3 0 82 24 43 1 1 3 0 0 0 0 0 282 112 19 633 299 78 11 104 0 60 0 0 30 4 0 0 16 0 0 2 6 23 8 1 0 0 0 0 0 0 4 0 0 0 0 0 2 0 0 0 0 0 0 0 0 0 0 0 0 0 0 0 0 0 0 0 0 0
3 33 3 0 112 60 325 1 3 15 0 0 0 0 0 204 206 99 321 2052 568 27 2283 0 180 0 0 6 28 0 0 314 0 0 2 35 6 76 3 23 0 0 0 0 0 9 0 0 0 3 0 2 0 0 0 0 0 0 0 0 0 0 0 0 0 0 0 0 0 0 0 0 0
2 7 1 0 49 7 10 0 0 1 0 0 0 0 0 224 41 6 339 70 10 0 10 0 28 0 0 16 1 0 0 0 0 0 4 3 0 0 0 0 0 0 0 0 0 1 0 0 0 0 0 0 0 0 0 0 0 0 0 0 0 0 0 0 0 0 0 0 0 0 0 0 0
2 13 0 1 54 0 35 0 0 1 13 0 0 0 0 237 0 0 245 247 0 0 51 0 23 41 0 15 0 52 0 4 35 0 0 4 0 0 0 0 0 0 0 1 0 4 0 0 0 0 0 0 1 0 0 0 0 0 0 0 0 0 0 0 0 0 0 0 0 0 0 0 0
2 13 1 0 75 9 35 0 2 1 0 0 0 0 0 280 56 18 447 351 16 0 51 0 30 0 0 27 0 0 0 4 0 0 2 10 7 17 0 0 0 0 0 0 0 1 0 0 0 1 0 1 0 0 0 0 0 0 0 0 0 0 0 0 0 0 0 0 0 0 0 0 0
4 19 6 0 124 55 53 4 1 5 0 0 0 0 0 428 298 90 871 553 152 53 90 1 99 0 0 38 13 0 0 27 0 0 13 18 23 7 2 2 0 0 0 0 0 7 0 0 0 0 0 2 0 0 0 0 0 0 0 0 0 0 0 0 0 0 0 0 0 0 0 0 0
3 30 3 0 111 58 313 1 1 15 0 0 0 0 0 207 198 74 328 2056 601 28 2264 0 180 0 0 7 28 0 0 314 0 0 5 39 6 25 1 23 0 0 0 0 0 9 0 0 0 0 0 2 0 0 0 0 0 0 0 0 0 0 0 0 0 0 0 0 0 0 0 0 0
2 23 0 1 114 0 152 0 0 11 21 0 1 0 0 233 0 0 654 1222 0 0 679 0 177 66 0 18 0 64 0 131 135 0 0 21 0 0 0 16 17 0 0 7 0 8 21 0 0 0 0 0 2 0 0 0 0 0 0 4 0 0 0 0 0 0 0 0 0 0 0 0 0
3 34 3 0 132 62 329 1 3 17 0 0 0 0 0 227 201 122 482 2191 582 28 2288 0 205 0 0 10 25 0 0 324 0 0 5 39 23 76 3 23 0 0 0 0 0 11 0 0 0 0 0 7 0 0 0 0 0 0 0 0 0 0 1 0 0 0 0 0 0 0 0 0 0
3 17 3 0 112 30 82 1 2 10 0 0 0 0 0 319 145 14 773 670 146 13 261 0 166 0 0 32 11 0 0 86 0 0 1 9 34 18 2 17 0 0 0 0 0 4 0 0 0 0 0 9 0 0 0 0 0 0 0 0 0 0 0 0 0 0 0 0 0 0 0 0 0
4 9 6 0 53 27 10 4 0 1 0 0 0 0 0 247 151 21 247 103 30 27 7 1 27 0 0 19 3 0 0 3 0 0 4 7 0 0 0 0 0 0 0 0 0 2 0 0 0 0 0 0 0 0 0 0 0 0 0 0 0 0 0 0 0 0 0 0 0 0 0 0 0
3 19 2 1 79 20 77 0 0 11 18 1 0 0 0 208 84 18 401 587 77 0 208 0 179 64 18 13 11 72 1 71 77 0 0 9 0 0 0 17 0 0 0 11 0 4 0 0 0 0 0 0 1 0 0 0 0 0 0 0 0 0 0 0 0 0 0 0 0 0 0 0 0
2 7 1 0 37 7 10 0 0 1 0 0 0 0 0 187 37 10 120 70 10 0 10 0 18 0 0 13 1 0 0 0 0 0 0 3 0 0 0 0 0 0 0 0 0 0 0 0 0 0 0 0 0 0 0 0 0 0 0 0 0 0 0 0 0 0 0 0 0 0 0 0 0
3 26 3 0 104 52 174 1 0 12 0 0 0 0 0 280 192 131 411 1253 348 26 805 0 180 0 0 11 24 0 0 164 0 0 8 28 0 0 0 20 0 0 0 0 0 9 0 0 0 0 0 0 0 0 0 0 0 0 0 0 0 0 0 0 0 0 0 0 0 0 0 0 0
3 20 3 0 93 36 87 1 2 10 0 0 0 0 0 315 146 58 507 693 150 16 263 0 169 0 0 24 14 0 0 86 0 0 3 10 14 24 2 17 0 0 0 0 0 4 0 0 0 0 0 6 0 0 0 0 0 0 0 0 0 0 0 0 0 0 0 0 0 0 0 0 0
2 5 1 0 40 5 4 0 0 0 0 0 0 0 0 183 38 5 327 45 4 0 1 0 0 0 0 18 0 0 0 0 0 0 1 3 0 0 0 0 0 0 0 0 0 0 0 0 0 0 0 0 0 0 0 0 0 0 0 0 0 0 0 0 0 0 0 0 0 0 0 0 0
2 19 1 0 92 15 76 0 2 5 0 0 0 0 0 279 45 56 620 636 47 0 169 0 98 0 0 25 2 0 0 33 0 0 0 16 22 27 0 2 0 0 0 0 0 4 0 0 0 1 0 3 0 0 0 0 0 0 0 0 0 0 0 0 0 0 0 0 0 0 0 0 0
2 18 1 0 59 16 70 0 1 3 0 0 0 0 0 223 57 62 334 439 54 0 154 0 36 0 0 19 3 0 0 22 0 0 1 7 0 16 0 0 0 0 0 0 0 1 0 0 0 0 0 0 0 0 0 0 0 0 0 0 0 0 0 0 0 0 0 0 0 0 0 0 0
3 11 2 1 40 15 23 0 1 2 5 1 0 0 0 244 54 20 125 139 29 0 24 0 23 0 4 12 2 24 5 6 8 0 0 7 1 9 0 0 0 0 0 2 0 0 0 0 0 0 0 0 0 1 0 0 0 0 0 0 0 0 0 0 0 0 0 0 0 0 0 0 0
2 9 1 0 42 9 22 0 0 0 0 0 0 0 0 221 40 13 160 176 22 0 35 0 0 0 0 16 0 0 0 0 0 0 1 8 0 0 0 0 0 0 0 0 0 0 0 0 0 0 0 0 0 0 0 0 0 0 0 0 0 0 0 0 0 0 0 0 0 0 0 0 0
2 28 1 0 130 22 192 0 3 15 0 0 0 0 0 243 55 93 668 1494 129 0 850 0 244 0 0 13 6 0 0 181 0 0 3 26 31 59 0 22 0 0 0 0 0 10 0 0 0 2 0 7 0 0 0 0 0 0 0 0 0 0 1 0 0 0 0 0 0 0 0 0 0
4 23 6 0 108 63 160 4 3 12 0 0 0 0 0 263 269 21 495 1139 434 57 785 1 171 0 0 17 27 0 0 164 0 0 2 19 21 46 6 20 0 0 0 0 0 9 0 0 0 0 0 9 0 0 0 0 0 0 0 0 0 0 0 0 0 0 0 0 0 0 0 0 0
2 17 1 0 79 15 86 0 1 8 0 0 0 0 0 221 44 25 499 621 74 0 280 0 147 0 0 22 5 0 0 74 0 0 1 10 15 12 0 11 0 0 0 0 0 4 0 0 0 0 0 3 0 0 0 0 0 0 0 0 0 0 0 0 0 0 0 0 0 0 0 0 0
2 10 1 0 46 10 28 0 0 1 0 0 0 0 0 209 42 14 210 162 28 0 50 0 6 0 0 16 1 0 0 6 0 0 2 2 0 0 0 0 0 0 0 0 0 0 0 0 0 0 0 0 0 0 0 0 0 0 0 0 0 0 0 0 0 0 0 0 0 0 0 0 0
4 9 6 0 59 27 10 4 0 1 0 0 0 0 0 242 173 23 299 91 30 27 7 1 21 0 0 23 3 0 0 3 0 0 2 2 0 0 0 0 0 0 0 0 0 0 0 0 0 0 0 0 0 0 0 0 0 0 0 0 0 0 0 0 0 0 0 0 0 0 0 0 0
2 13 1 0 75 9 35 0 2 1 0 0 0 0 0 280 56 18 447 351 16 0 51 0 30 0 0 27 0 0 0 4 0 0 2 10 7 17 0 0 0 0 0 0 0 1 0 0 0 1 0 1 0 0 0 0 0 0 0 0 0 0 0 0 0 0 0 0 0 0 0 0 0
2 21 1 0 94 19 160 0 1 12 0 0 0 0 0 224 71 17 430 1202 146 0 785 0 175 0 0 12 7 0 0 164 0 0 1 21 8 14 0 20 0 0 0 0 0 9 0 0 0 0 0 5 0 0 0 0 0 0 0 0 0 0 0 0 0 0 0 0 0 0 0 0 0
2 6 0 1 31 0 8 0 0 2 6 0 0 0 0 119 0 0 120 75 0 0 4 0 23 4 0 10 0 29 0 6 8 0 0 1 0 0 0 0 0 0 0 2 0 0 0 0 0 0 0 0 1 0 0 0 0 0 0 0 0 0 0 0 0 0 0 0 0 0 0 0 0
3 32 3 0 119 58 320 1 3 15 0 0 0 0 0 203 201 75 382 2047 564 26 2273 0 177 0 0 9 25 0 0 314 0 0 2 36 14 74 3 23 0 0 0 0 0 9 0 0 0 1 0 5 0 0 0 0 0 0 0 0 0 0 0 0 0 0 0 0 0 0 0 0 0
2 5 1 0 46 5 4 0 0 0 0 0 0 0 0 158 46 6 358 74 4 0 1 0 0 0 0 18 0 0 0 0 0 0 0 3 0 0 0 0 0 0 0 0 0 0 0 0 0 0 0 0 0 0 0 0 0 0 0 0 0 0 0 0 0 0 0 0 0 0 0 0 0
2 12 1 0 57 12 30 0 0 1 0 0 0 0 0 238 55 34 266 251 30 0 42 0 21 0 0 24 1 0 0 3 0 0 1 8 0 0 0 0 0 0 0 0 0 0 0 0 0 0 0 0 0 0 0 0 0 0 0 0 0 0 0 0 0 0 0 0 0 0 0 0 0
2 6 1 0 74 4 6 0 1 1 0 0 0 0 0 249 23 2 649 113 3 0 2 0 31 0 0 30 0 0 0 2 0 0 1 6 24 3 0 0 0 0 0 0 0 3 0 0 0 0 0 1 0 0 0 0 0 0 0 0 0 0 0 0 0 0 0 0 0 0 0 0 0
2 7 1 0 39 7 8 0 0 1 0 0 0 0 0 172 33 9 175 81 8 0 3 0 22 0 0 13 1 0 0 2 0 0 3 3 0 0 0 0 0 0 0 0 0 0 0 0 0 0 0 0 0 0 0 0 0 0 0 0 0 0 0 0 0 0 0 0 0 0 0 0 0
2 16 1 0 88 14 84 0 1 8 0 0 0 0 0 237 42 13 647 610 74 0 279 0 146 0 0 24 4 0 0 74 0 0 0 10 21 10 0 11 0 0 0 0 0 4 0 0 0 0 0 4 0 0 0 0 0 0 0 0 0 0 0 0 0 0 0 0 0 0 0 0 0
2 14 0 1 78 0 72 0 0 6 12 0 1 0 0 211 0 0 513 560 0 0 228 0 134 0 0 22 0 44 0 50 62 0 0 9 0 0 0 8 10 0 0 4 0 4 16 0 0 0 0 0 0 0 0 0 0 0 0 2 0 0 0 0 0 0 0 0 0 0 0 0 0
2 11 1 0 29 11 30 0 0 1 0 0 0 0 0 167 29 24 46 153 30 0 51 0 6 0 0 5 1 0 0 6 0 0 0 2 0 0 0 0 0 0 0 0 0 0 0 0 0 0 0 0 0 0 0 0 0 0 0 0 0 0 0 0 0 0 0 0 0 0 0 0 0
2 8 1 0 57 6 12 0 1 1 0 0 0 0 0 249 20 7 347 142 7 0 8 0 26 0 0 25 0 0 0 3 0 0 1 7 17 5 0 0 0 0 0 0 0 2 0 0 0 0 0 1 0 0 0 0 0 0 0 0 0 0 0 0 0 0 0 0 0 0 0 0 0
2 8 1 0 65 8 10 0 0 3 0 0 0 0 0 207 63 14 457 99 10 0 7 0 81 0 0 25 3 0 0 3 0 0 1 1 0 0 0 1 0 0 0 0 0 1 0 0 0 0 0 0 0 0 0 0 0 0 0 0 0 0 0 0 0 0 0 0 0 0 0 0 0
2 32 1 0 106 26 325 0 3 15 0 0 0 0 0 187 88 68 294 2082 243 0 2283 0 180 0 0 5 13 0 0 314 0 0 1 35 7 76 0 23 0 0 0 0 0 9 0 0 0 3 0 2 0 0 0 0 0 0 0 0 0 0 0 0 0 0 0 0 0 0 0 0 0
2 20 1 0 97 18 95 0 1 11 0 0 0 0 0 262 51 64 660 705 83 0 289 0 210 0 0 21 5 0 0 82 0 0 1 9 19 12 0 13 0 0 0 0 0 8 0 0 0 0 0 6 0 0 0 0 0 0 0 0 0 0 0 0 0 0 0 0 0 0 0 0 0
3 39 2 1 121 38 363 0 1 15 32 1 3 0 0 222 120 13 386 2179 339 0 2304 0 165 216 31 9 15 61 0 267 268 0 0 40 1 24 0 15 89 0 0 8 0 6 22 3 0 0 0 0 4 1 3 0 0 0 0 7 0 0 0 0 0 0 0 0 0 0 0 0 0
2 31 0 1 126 0 219 0 0 12 23 0 4 0 0 240 0 0 606 1614 0 0 946 0 192 124 0 15 0 62 0 145 121 0 0 26 0 0 0 11 86 0 0 6 0 7 27 0 0 0 0 0 2 0 6 0 0 0 0 6 0 0 0 0 0 0 0 0 0 0 0 0 0
4 30 6 0 168 74 192 4 8 15 0 0 0 0 0 385 219 93 1072 1410 473 70 850 1 232 0 0 31 24 0 0 181 0 0 3 22 130 99 4 22 0 0 0 0 0 10 0 0 0 2 4 19 0 0 0 0 0 0 0 0 0 0 1 0 0 0 0 0 0 0 0 0 0
2 29 1 0 117 23 313 0 3 15 0 0 0 0 0 218 71 0 438 2061 244 0 2264 0 176 0 0 13 9 0 0 314 0 0 0 36 20 63 0 23 0 0 0 0 0 9 0 0 0 3 0 6 0 0 0 0 0 0 0 0 0 0 0 0 0 0 0 0 0 0 0 0 0
2 29 1 0 117 23 313 0 3 15 0 0 0 0 0 218 71 0 438 2061 244 0 2264 0 176 0 0 13 9 0 0 314 0 0 0 36 20 63 0 23 0 0 0 0 0 9 0 0 0 3 0 6 0 0 0 0 0 0 0 0 0 0 0 0 0 0 0 0 0 0 0 0 0
2 6 1 0 52 6 6 0 0 0 0 0 0 0 0 233 46 6 384 98 6 0 2 0 0 0 0 20 0 0 0 0 0 0 3 3 0 0 0 0 0 0 0 0 0 0 0 0 0 0 0 0 0 0 0 0 0 0 0 0 0 0 0 0 0 0 0 0 0 0 0 0 0
2 13 1 0 48 13 46 0 0 2 0 0 0 0 0 184 48 30 308 330 46 0 105 0 30 0 0 16 2 0 0 16 0 0 0 7 0 0 0 0 0 0 0 0 0 1 0 0 0 0 0 0 0 0 0 0 0 0 0 0 0 0 0 0 0 0 0 0 0 0 0 0 0
2 13 1 0 68 11 33 0 1 3 0 0 0 0 0 278 40 28 424 283 24 0 45 0 64 0 0 25 1 0 0 8 0 0 2 7 11 9 0 2 0 0 0 0 0 4 0 0 0 0 0 2 0 0 0 0 0 0 0 0 0 0 0 0 0 0 0 0 0 0 0 0 0
2 9 1 0 48 9 15 0 0 3 0 0 0 0 0 196 48 18 339 138 15 0 11 0 66 0 0 15 3 0 0 8 0 0 0 2 0 0 0 2 0 0 0 0 0 4 0 0 0 0 0 0 0 0 0 0 0 0 0 0 0 0 0 0 0 0 0 0 0 0 0 0 0
2 4 1 0 69 2 1 0 1 1 0 0 0 0 0 250 20 1 644 28 0 0 0 0 31 0 0 31 0 0 0 0 0 0 0 2 24 1 0 0 0 0 0 0 0 3 0 0 0 0 0 1 0 0 0 0 0 0 0 0 0 0 0 0 0 0 0 0 0 0 0 0 0
2 21 1 0 93 21 160 0 0 12 0 0 0 0 0 217 87 35 409 1211 160 0 785 0 180 0 0 10 12 0 0 164 0 0 3 22 0 0 0 20 0 0 0 0 0 9 0 0 0 0 0 0 0 0 0 0 0 0 0 0 0 0 0 0 0 0 0 0 0 0 0 0 0
2 10 1 0 53 10 28 0 0 1 0 0 0 0 0 219 51 15 361 163 28 0 50 0 6 0 0 19 1 0 0 6 0 0 1 5 0 0 0 0 0 0 0 0 0 0 0 0 0 0 0 0 0 0 0 0 0 0 0 0 0 0 0 0 0 0 0 0 0 0 0 0 0
