22 83 219 12 171 1528 242 1317 26 7 155 206 4 17 0 353 3005 2324 347 859 4125 12828 599 5380 47 383 2550 9 124 261 566 25 618 1617 61 10 78 266 420 3 53 142 260 12 31 0 12 58 156 9 3 8 6 89 1 9 0 0 0 3 21 18 0 1 0 0 0 0 0 0 0 0 0
11 65 46 9 142 475 341 96 3 2 153 57 8 12 0 355 974 938 216 1548 2320 1325 1316 108 21 518 890 11 10 314 209 28 858 138 18 25 9 50 15 1 172 140 55 8 11 0 20 41 163 0 0 2 18 11 5 5 0 0 0 0 31 13 0 0 1 0 0 0 0 0 0 0 0
13 45 72 6 146 440 194 227 5 10 82 52 4 7 0 390 1413 471 470 1187 1718 1854 785 457 143 131 694 7 92 226 108 106 465 192 16 20 14 72 43 5 65 68 56 17 4 0 18 32 48 1 0 4 3 12 3 2 0 0 0 7 12 4 0 0 0 0 0 0 0 0 0 0 0
19 72 165 6 193 1137 229 876 25 13 103 84 3 9 0 422 2864 1594 471 1089 3267 8360 737 3199 108 319 1381 10 181 228 169 100 557 549 42 19 115 241 333 5 49 108 117 27 0 2 14 36 91 1 15 21 7 46 3 5 0 0 0 5 15 6 0 0 1 0 0 0 0 0 0 0 0
8 44 27 1 164 266 217 50 8 12 22 6 2 0 0 426 923 414 596 1421 1237 666 825 55 190 104 128 16 63 61 13 94 123 15 11 24 47 107 42 10 38 0 0 3 0 5 14 11 0 6 0 12 1 4 1 0 0 0 0 6 0 0 0 1 0 0 0 0 0 0 0 0 0
12 57 63 3 208 535 242 191 22 13 48 28 0 1 0 442 1716 872 768 1451 2035 2199 934 371 144 99 412 21 94 139 93 157 336 113 26 22 175 285 162 16 0 19 9 20 2 4 0 0 5 3 11 27 2 25 0 0 0 0 0 0 0 0 1 0 0 0 0 0 0 0 0 0 0
6 53 11 4 147 188 383 6 5 11 61 12 3 2 0 301 503 449 277 2118 1337 135 1865 0 112 276 186 9 42 130 115 166 355 7 12 32 13 125 6 9 88 14 4 7 3 2 13 12 16 2 0 1 10 14 3 0 0 0 0 5 0 1 0 0 0 0 0 0 0 0 0 0 0
10 25 41 4 115 179 59 92 1 8 42 24 1 4 0 390 796 133 576 415 381 542 99 125 144 65 243 15 51 151 27 34 136 61 11 7 14 4 6 8 10 32 21 13 0 4 15 5 24 0 0 3 0 2 0 1 0 0 0 5 3 2 0 0 0 0 0 0 0 0 0 0 0
10 53 43 2 165 430 284 104 15 11 17 16 0 0 0 421 1258 764 546 1517 2213 1463 1138 155 144 3 129 22 81 35 82 123 79 54 21 23 67 248 107 11 0 0 0 2 1 4 0 0 0 8 2 16 0 7 0 0 0 0 0 0 0 0 0 0 0 0 0 0 0 0 0 0 0
15 42 102 3 191 543 62 417 13 2 17 37 1 1 0 721 2222 645 1012 467 752 3177 68 1145 31 9 197 60 21 104 87 7 31 206 39 11 132 79 145 0 4 2 12 3 2 3 0 12 4 1 3 4 1 15 0 0 0 0 0 0 1 0 0 0 0 0 0 0 0 0 0 0 0
5 20 8 2 93 61 82 5 0 2 17 4 1 1 0 351 254 65 426 467 247 58 276 1 39 20 34 16 5 102 8 12 67 2 2 10 0 0 0 0 14 2 2 3 0 3 2 2 12 0 0 0 4 0 0 0 0 0 0 0 1 0 0 0 0 0 0 0 0 0 0 0 0
5 28 10 0 113 102 140 10 5 6 0 0 0 0 0 449 363 144 442 829 486 138 468 5 62 0 0 25 21 0 0 59 0 0 6 26 37 72 15 2 0 0 0 0 0 1 0 0 0 1 0 3 0 0 0 0 0 0 0 0 0 0 0 0 0 0 0 0 0 0 0 0 0
3 27 2 1 117 26 163 0 1 9 22 1 2 0 0 291 111 8 453 1187 148 0 686 0 153 104 21 12 8 64 0 69 123 0 1 25 4 15 0 9 38 0 0 3 0 5 20 2 0 0 0 1 1 1 1 0 0 0 0 6 0 0 0 0 0 0 0 0 0 0 0 0 0
6 42 14 1 130 169 317 16 2 10 31 4 3 0 0 342 515 152 253 1852 1234 255 1655 9 104 229 122 16 39 65 3 156 222 6 4 31 6 35 6 9 88 0 0 5 0 2 13 12 0 0 0 1 9 2 3 0 0 0 0 5 0 0 0 0 0 0 0 0 0 0 0 0 0
3 30 3 0 119 52 199 1 4 9 0 0 0 0 0 328 169 123 416 1428 309 22 868 0 144 0 0 19 11 0 0 103 0 0 4 27 27 77 4 10 0 0 0 0 0 3 0 0 0 6 0 7 0 0 0 0 0 0 0 0 0 0 0 0 0 0 0 0 0 0 0 0 0
10 43 42 3 158 319 205 98 4 11 54 20 3 2 0 444 1132 359 534 1279 1415 1007 903 140 151 178 351 11 74 155 30 129 325 57 22 26 15 44 26 7 55 21 12 14 0 2 20 18 27 0 0 3 5 6 3 0 0 0 0 8 6 1 0 0 0 0 0 0 0 0 0 0 0
5 37 10 0 118 140 238 10 4 9 0 0 0 0 0 377 422 335 284 1409 883 198 1059 5 116 0 0 13 32 0 0 112 0 0 7 31 16 67 12 10 0 0 0 0 0 4 0 0 0 1 0 4 0 0 0 0 0 0 0 0 0 0 0 0 0 0 0 0 0 0 0 0 0
7 36 20 1 158 174 211 30 7 11 26 5 1 0 0 453 657 149 597 1279 991 342 1024 25 126 131 126 25 40 68 4 160 185 10 9 23 86 68 19 13 22 0 0 7 0 3 5 5 0 0 4 15 2 4 0 0 0 0 0 4 0 0 0 0 0 0 0 0 0 0 0 0 0
7 40 20 1 129 204 231 30 3 11 28 5 1 0 0 418 627 284 307 1407 1124 414 1090 25 134 160 138 10 52 78 8 156 196 10 10 26 12 38 13 16 28 0 0 11 0 4 0 5 0 0 0 3 11 2 0 0 0 0 0 0 0 0 0 0 0 0 0 0 0 0 0 0 0
5 27 9 1 114 88 105 7 4 8 12 3 0 0 0 394 285 156 531 728 333 94 272 2 115 19 34 24 20 53 13 60 44 3 5 21 48 43 7 8 0 0 0 2 0 4 0 0 0 0 1 10 1 2 0 0 0 0 0 0 0 0 0 0 0 0 0 0 0 0 0 0 0
4 27 6 0 114 73 162 4 4 7 0 0 0 0 0 345 290 96 495 1101 415 65 745 1 123 0 0 22 15 0 0 82 0 0 5 19 18 65 8 9 0 0 0 0 0 4 0 0 0 3 0 6 0 0 0 0 0 0 0 0 0 0 0 0 0 0 0 0 0 0 0 0 0
3 26 3 0 104 48 203 1 2 13 0 0 0 0 0 244 168 61 316 1432 368 22 1121 0 161 0 0 9 20 0 0 196 0 0 2 24 15 36 2 17 0 0 0 0 0 4 0 0 0 1 0 6 0 0 0 0 0 0 0 0 0 0 0 0 0 0 0 0 0 0 0 0 0
4 18 5 1 95 39 50 2 1 2 13 2 0 0 0 362 173 55 469 459 95 21 107 0 41 28 25 29 2 62 4 14 46 1 4 22 18 9 1 1 0 0 0 2 0 0 0 0 0 0 0 2 2 1 0 0 0 0 0 0 0 0 0 0 0 0 0 0 0 0 0 0 0
4 38 6 0 126 110 287 4 2 15 0 0 0 0 0 294 339 319 315 1803 800 106 1448 1 169 0 0 8 42 0 0 228 0 0 16 34 2 59 4 18 0 0 0 0 0 5 0 0 0 1 0 3 0 0 0 0 0 0 0 0 0 0 0 0 0 0 0 0 0 0 0 0 0
4 14 6 0 80 40 23 4 1 1 0 0 0 0 0 292 234 55 483 247 61 38 21 1 28 0 0 22 3 0 0 4 0 0 3 5 0 8 2 0 0 0 0 0 0 1 0 0 0 0 0 0 0 0 0 0 0 0 0 0 0 0 0 0 0 0 0 0 0 0 0 0 0
3 12 3 0 79 22 24 1 1 1 0 0 0 0 0 285 150 30 501 276 41 10 31 0 22 0 0 27 2 0 0 5 0 0 3 9 1 7 1 0 0 0 0 0 0 2 0 0 0 0 0 0 0 0 0 0 0 0 0 0 0 0 0 0 0 0 0 0 0 0 0 0 0
3 36 3 0 119 68 286 1 2 15 0 0 0 0 0 273 203 250 297 1829 511 32 1448 0 169 0 0 6 27 0 0 228 0 0 13 33 3 59 2 18 0 0 0 0 0 5 0 0 0 1 0 3 0 0 0 0 0 0 0 0 0 0 0 0 0 0 0 0 0 0 0 0 0
3 18 2 1 94 19 56 0 0 8 15 1 1 0 0 278 93 15 504 523 56 0 93 0 147 55 15 9 8 53 1 39 45 0 2 5 0 0 0 8 11 0 0 4 0 7 16 1 0 0 0 0 1 0 0 0 0 0 0 4 0 0 0 0 0 0 0 0 0 0 0 0 0
4 20 5 1 98 39 82 2 2 3 15 2 1 0 0 363 171 33 536 488 150 19 275 0 40 32 28 22 5 61 1 15 67 1 2 8 22 15 2 0 14 0 0 2 0 3 2 2 0 0 0 1 4 2 0 0 0 0 0 1 0 0 0 0 0 0 0 0 0 0 0 0 0
3 22 3 0 87 42 79 1 1 8 0 0 0 0 0 338 134 125 399 518 146 20 185 0 113 0 0 18 12 0 0 52 0 0 2 11 16 12 1 7 0 0 0 0 0 5 0 0 0 0 0 4 0 0 0 0 0 0 0 0 0 0 0 0 0 0 0 0 0 0 0 0 0
2 30 0 1 112 0 224 0 0 11 28 0 1 0 0 299 0 0 288 1551 0 0 1088 0 137 160 0 9 0 80 0 156 196 0 0 26 0 0 0 16 28 0 0 11 0 4 5 0 0 0 0 0 11 0 0 0 0 0 0 0 0 0 0 0 0 0 0 0 0 0 0 0 0
2 24 1 0 100 18 161 0 3 7 0 0 0 0 0 282 59 44 406 1144 106 0 745 0 124 0 0 19 2 0 0 82 0 0 1 20 17 49 0 9 0 0 0 0 0 4 0 0 0 3 0 5 0 0 0 0 0 0 0 0 0 0 0 0 0 0 0 0 0 0 0 0 0
2 19 0 1 55 0 79 0 0 4 15 0 2 0 0 224 0 0 204 419 0 0 191 0 65 54 0 16 0 37 0 27 49 0 0 6 0 0 0 3 28 0 0 2 0 3 8 0 0 0 0 0 0 0 1 0 0 0 0 2 0 0 0 0 0 0 0 0 0 0 0 0 0
2 29 1 0 119 21 199 0 4 9 0 0 0 0 0 299 52 96 415 1455 110 0 868 0 144 0 0 19 2 0 0 103 0 0 2 27 28 77 0 10 0 0 0 0 0 3 0 0 0 6 0 7 0 0 0 0 0 0 0 0 0 0 0 0 0 0 0 0 0 0 0 0 0
2 15 1 0 79 13 47 0 1 4 0 0 0 0 0 260 38 38 402 421 37 0 81 0 79 0 0 19 1 0 0 21 0 0 2 5 17 10 0 2 0 0 0 0 0 4 0 0 0 0 0 3 0 0 0 0 0 0 0 0 0 0 0 0 0 0 0 0 0 0 0 0 0
3 32 2 1 115 31 233 0 1 12 27 1 2 0 0 291 100 10 376 1432 218 0 1130 0 144 158 26 11 8 76 0 161 181 0 1 22 13 15 0 14 50 0 0 8 0 4 5 2 0 0 0 4 4 1 1 0 0 0 0 4 0 0 0 0 0 0 0 0 0 0 0 0 0
7 42 20 1 134 209 316 30 3 10 31 5 3 0 0 358 648 132 288 1798 1531 416 1655 25 100 229 152 17 45 64 2 156 222 10 6 30 14 49 12 9 88 0 0 5 0 2 12 15 0 0 0 5 9 3 3 0 0 0 0 5 0 0 0 0 0 0 0 0 0 0 0 0 0
5 14 9 1 92 45 29 7 1 1 9 3 0 0 0 337 279 42 480 329 81 48 50 2 13 8 26 25 3 51 4 6 27 3 2 15 17 8 2 0 0 0 0 1 0 0 0 0 0 0 0 0 0 1 0 0 0 0 0 0 0 0 0 0 0 0 0 0 0 0 0 0 0
2 20 1 0 100 18 147 0 1 7 0 0 0 0 0 275 63 16 432 1037 134 0 729 0 125 0 0 20 2 0 0 78 0 0 1 24 15 13 0 9 0 0 0 0 0 5 0 0 0 0 0 5 0 0 0 0 0 0 0 0 0 0 0 0 0 0 0 0 0 0 0 0 0
2 23 1 0 83 23 121 0 0 6 0 0 0 0 0 316 73 121 267 756 121 0 394 0 71 0 0 13 6 0 0 51 0 0 5 17 0 0 0 3 0 0 0 0 0 4 0 0 0 0 0 0 0 0 0 0 0 0 0 0 0 0 0 0 0 0 0 0 0 0 0 0 0
5 23 10 0 106 86 70 10 3 5 0 0 0 0 0 355 379 137 556 584 253 120 136 5 70 0 0 25 19 0 0 31 0 0 10 16 12 27 9 2 0 0 0 0 0 3 0 0 0 0 0 1 0 0 0 0 0 0 0 0 0 0 0 0 0 0 0 0 0 0 0 0 0
2 4 1 0 64 4 2 0 0 0 0 0 0 0 0 230 60 2 485 52 2 0 0 0 0 0 0 24 0 0 0 0 0 0 2 6 0 0 0 0 0 0 0 0 0 0 0 0 0 0 0 0 0 0 0 0 0 0 0 0 0 0 0 0 0 0 0 0 0 0 0 0 0
4 30 6 0 121 86 207 4 2 13 0 0 0 0 0 284 309 161 404 1431 584 82 1123 1 162 0 0 12 33 0 0 195 0 0 9 25 15 37 4 17 0 0 0 0 0 4 0 0 0 0 0 6 0 0 0 0 0 0 0 0 0 0 0 0 0 0 0 0 0 0 0 0 0
5 29 10 0 112 106 141 10 5 6 0 0 0 0 0 417 375 161 426 829 486 147 468 5 62 0 0 21 21 0 0 59 0 0 12 26 23 76 12 2 0 0 0 0 0 1 0 0 0 1 1 3 0 0 0 0 0 0 0 0 0 0 0 0 0 0 0 0 0 0 0 0 0
3 21 2 1 73 23 80 0 0 4 15 1 2 0 0 286 85 34 352 422 81 0 191 0 65 54 15 22 4 37 2 27 49 0 4 6 0 0 0 3 28 0 0 2 0 3 7 2 0 0 0 0 0 0 1 0 0 0 0 2 0 0 0 0 0 0 0 0 0 0 0 0 0
2 5 1 0 54 5 3 0 0 1 0 0 0 0 0 211 50 4 343 70 3 0 1 0 15 0 0 23 1 0 0 0 0 0 2 2 0 0 0 0 0 0 0 0 0 1 0 0 0 0 0 0 0 0 0 0 0 0 0 0 0 0 0 0 0 0 0 0 0 0 0 0 0
3 23 3 0 82 44 152 1 1 7 0 0 0 0 0 265 145 71 243 1041 285 21 731 0 111 0 0 13 13 0 0 80 0 0 2 24 7 19 1 9 0 0 0 0 0 3 0 0 0 0 0 1 0 0 0 0 0 0 0 0 0 0 0 0 0 0 0 0 0 0 0 0 0
3 22 3 0 93 44 148 1 0 7 0 0 0 0 0 253 178 72 309 1035 296 22 729 0 118 0 0 18 14 0 0 78 0 0 4 25 0 0 0 9 0 0 0 0 0 5 0 0 0 0 0 0 0 0 0 0 0 0 0 0 0 0 0 0 0 0 0 0 0 0 0 0 0
2 26 1 0 85 26 148 0 0 9 0 0 0 0 0 303 77 164 256 872 148 0 496 0 99 0 0 12 9 0 0 80 0 0 4 18 0 0 0 8 0 0 0 0 0 5 0 0 0 0 0 0 0 0 0 0 0 0 0 0 0 0 0 0 0 0 0 0 0 0 0 0 0
4 12 6 0 71 32 20 4 2 1 0 0 0 0 0 295 167 30 330 201 54 28 20 1 28 0 0 21 3 0 0 4 0 0 7 4 16 6 4 0 0 0 0 0 0 1 0 0 0 0 0 0 0 0 0 0 0 0 0 0 0 0 0 0 0 0 0 0 0 0 0 0 0
5 20 10 0 88 80 91 10 0 3 0 0 0 0 0 406 340 90 334 497 364 120 330 5 17 0 0 29 12 0 0 34 0 0 6 15 0 0 0 1 0 0 0 0 0 1 0 0 0 0 0 0 0 0 0 0 0 0 0 0 0 0 0 0 0 0 0 0 0 0 0 0 0
2 21 0 1 74 0 103 0 0 3 21 0 0 0 0 294 0 0 243 641 0 0 315 0 13 98 0 10 0 62 0 26 103 0 0 16 0 0 0 1 0 0 0 3 0 1 0 0 0 0 0 0 6 0 0 0 0 0 0 0 0 0 0 0 0 0 0 0 0 0 0 0 0
2 27 1 0 93 25 179 0 1 10 0 0 0 0 0 259 76 134 280 1178 159 0 789 0 140 0 0 16 5 0 0 98 0 0 2 24 4 20 0 13 0 0 0 0 0 4 0 0 0 0 0 5 0 0 0 0 0 0 0 0 0 0 0 0 0 0 0 0 0 0 0 0 0
2 29 0 1 125 0 213 0 0 13 23 0 3 0 0 252 0 0 435 1615 0 0 1052 0 174 101 0 6 0 61 0 165 148 0 0 27 0 0 0 7 59 0 0 3 0 2 26 0 0 0 0 0 1 0 3 0 0 0 0 10 0 0 0 0 0 0 0 0 0 0 0 0 0
3 8 3 0 49 14 8 1 1 1 0 0 0 0 0 240 73 13 211 86 12 6 4 0 14 0 0 9 1 0 0 1 0 0 0 5 12 4 1 0 0 0 0 0 0 1 0 0 0 0 0 1 0 0 0 0 0 0 0 0 0 0 0 0 0 0 0 0 0 0 0 0 0
2 10 1 0 73 8 20 0 1 1 0 0 0 0 0 229 67 14 465 255 12 0 20 0 28 0 0 20 1 0 0 4 0 0 1 5 2 8 0 0 0 0 0 0 0 1 0 0 0 0 0 0 0 0 0 0 0 0 0 0 0 0 0 0 0 0 0 0 0 0 0 0 0
3 14 2 1 59 17 33 0 0 1 11 1 0 0 0 231 64 33 286 322 36 0 52 0 13 23 11 11 1 52 3 6 30 0 0 14 0 0 0 0 0 0 0 1 0 0 0 0 0 0 0 0 1 0 0 0 0 0 0 0 0 0 0 0 0 0 0 0 0 0 0 0 0
2 10 1 0 56 10 23 0 0 1 0 0 0 0 0 230 52 19 240 240 23 0 31 0 22 0 0 13 1 0 0 5 0 0 2 9 0 0 0 0 0 0 0 0 0 2 0 0 0 0 0 0 0 0 0 0 0 0 0 0 0 0 0 0 0 0 0 0 0 0 0 0 0
2 13 1 0 43 13 38 0 0 4 0 0 0 0 0 188 41 35 150 203 38 0 64 0 42 0 0 11 4 0 0 20 0 0 1 1 0 0 0 4 0 0 0 0 0 1 0 0 0 0 0 0 0 0 0 0 0 0 0 0 0 0 0 0 0 0 0 0 0 0 0 0 0
2 14 1 0 83 14 42 0 0 9 0 0 0 0 0 212 79 38 432 458 42 0 64 0 153 0 0 5 9 0 0 48 0 0 2 3 0 0 0 12 0 0 0 0 0 8 0 0 0 0 0 0 0 0 0 0 0 0 0 0 0 0 0 0 0 0 0 0 0 0 0 0 0
4 15 6 0 62 45 36 4 0 6 0 0 0 0 0 272 180 60 334 162 108 45 61 1 59 0 0 22 18 0 0 22 0 0 3 1 0 0 0 5 0 0 0 0 0 2 0 0 0 0 0 0 0 0 0 0 0 0 0 0 0 0 0 0 0 0 0 0 0 0 0 0 0
2 31 0 1 101 0 233 0 0 12 27 0 2 0 0 240 0 0 255 1474 0 0 1130 0 148 158 0 9 0 77 0 161 181 0 0 23 0 0 0 14 50 0 0 8 0 4 6 0 0 0 0 0 4 0 1 0 0 0 0 4 0 0 0 0 0 0 0 0 0 0 0 0 0
2 8 1 0 65 6 14 0 1 2 0 0 0 0 0 239 31 4 449 160 10 0 16 0 51 0 0 17 0 0 0 4 0 0 1 2 15 4 0 0 0 0 0 0 0 5 0 0 0 0 0 2 0 0 0 0 0 0 0 0 0 0 0 0 0 0 0 0 0 0 0 0 0
2 9 1 0 60 9 15 0 0 1 0 0 0 0 0 207 58 19 408 180 15 0 11 0 31 0 0 13 1 0 0 3 0 0 1 2 0 0 0 0 0 0 0 0 0 3 0 0 0 0 0 0 0 0 0 0 0 0 0 0 0 0 0 0 0 0 0 0 0 0 0 0 0
4 7 6 0 43 21 3 4 0 1 0 0 0 0 0 196 127 16 142 20 9 21 1 1 11 0 0 12 3 0 0 0 0 0 1 1 0 0 0 0 0 0 0 0 0 0 0 0 0 0 0 0 0 0 0 0 0 0 0 0 0 0 0 0 0 0 0 0 0 0 0 0 0
3 18 3 0 82 32 54 1 2 4 0 0 0 0 0 298 143 70 407 461 90 14 95 0 73 0 0 20 5 0 0 22 0 0 2 9 7 18 2 2 0 0 0 0 0 5 0 0 0 0 0 3 0 0 0 0 0 0 0 0 0 0 0 0 0 0 0 0 0 0 0 0 0
2 8 1 0 48 8 15 0 0 1 0 0 0 0 0 175 48 12 324 167 15 0 16 0 31 0 0 11 1 0 0 4 0 0 0 4 0 0 0 0 0 0 0 0 0 3 0 0 0 0 0 0 0 0 0 0 0 0 0 0 0 0 0 0 0 0 0 0 0 0 0 0 0
2 17 1 0 95 15 66 0 1 4 0 0 0 0 0 307 50 46 524 622 54 0 155 0 76 0 0 20 1 0 0 29 0 0 4 23 17 12 0 1 0 0 0 0 0 3 0 0 0 0 0 3 0 0 0 0 0 0 0 0 0 0 0 0 0 0 0 0 0 0 0 0 0
2 17 0 1 75 0 55 0 0 9 15 0 1 0 0 203 0 0 357 415 0 0 90 0 152 55 0 4 0 54 0 39 43 0 0 2 0 0 0 11 12 0 0 6 0 6 8 0 0 0 0 0 1 0 0 0 0 0 0 3 0 0 0 0 0 0 0 0 0 0 0 0 0
2 22 1 0 99 22 153 0 0 6 0 0 0 0 0 265 81 63 370 1122 153 0 733 0 103 0 0 19 6 0 0 78 0 0 9 30 0 0 0 9 0 0 0 0 0 3 0 0 0 0 0 0 0 0 0 0 0 0 0 0 0 0 0 0 0 0 0 0 0 0 0 0 0
2 30 1 0 130 26 232 0 2 14 0 0 0 0 0 256 74 129 484 1756 184 0 1189 0 166 0 0 12 8 0 0 208 0 0 4 35 21 46 0 17 0 0 0 0 0 4 0 0 0 1 0 6 0 0 0 0 0 0 0 0 0 0 0 0 0 0 0 0 0 0 0 0 0
3 12 3 0 80 22 23 1 1 2 0 0 0 0 0 261 120 30 516 270 39 10 23 0 57 0 0 19 2 0 0 7 0 0 1 3 18 7 1 0 0 0 0 0 0 4 0 0 0 0 0 2 0 0 0 0 0 0 0 0 0 0 0 0 0 0 0 0 0 0 0 0 0
3 6 3 0 39 12 3 1 0 1 0 0 0 0 0 195 78 11 199 37 6 6 0 0 13 0 0 9 2 0 0 1 0 0 0 1 0 0 0 0 0 0 0 0 0 0 0 0 0 0 0 0 0 0 0 0 0 0 0 0 0 0 0 0 0 0 0 0 0 0 0 0 0
2 8 1 0 61 6 12 0 1 0 0 0 0 0 0 219 35 9 352 169 6 0 8 0 0 0 0 15 0 0 0 0 0 0 0 7 13 6 0 0 0 0 0 0 0 0 0 0 0 0 0 0 0 0 0 0 0 0 0 0 0 0 0 0 0 0 0 0 0 0 0 0 0
2 12 1 0 30 12 35 0 0 4 0 0 0 0 0 144 28 26 62 158 35 0 61 0 42 0 0 9 4 0 0 20 0 0 1 1 0 0 0 4 0 0 0 0 0 1 0 0 0 0 0 0 0 0 0 0 0 0 0 0 0 0 0 0 0 0 0 0 0 0 0 0 0
2 6 1 0 33 6 7 0 0 0 0 0 0 0 0 178 31 7 93 69 7 0 4 0 0 0 0 7 0 0 0 0 0 0 1 4 0 0 0 0 0 0 0 0 0 0 0 0 0 0 0 0 0 0 0 0 0 0 0 0 0 0 0 0 0 0 0 0 0 0 0 0 0
2 15 1 0 50 15 63 0 0 6 0 0 0 0 0 172 48 35 197 396 63 0 168 0 82 0 0 11 6 0 0 46 0 0 1 5 0 0 0 7 0 0 0 0 0 4 0 0 0 0 0 0 0 0 0 0 0 0 0 0 0 0 0 0 0 0 0 0 0 0 0 0 0
2 5 1 0 19 5 4 0 0 0 0 0 0 0 0 96 19 6 39 33 4 0 1 0 0 0 0 7 0 0 0 0 0 0 0 0 0 0 0 0 0 0 0 0 0 0 0 0 0 0 0 0 0 0 0 0 0 0 0 0 0 0 0 0 0 0 0 0 0 0 0 0 0
2 13 1 0 76 9 40 0 2 2 0 0 0 0 0 249 29 13 381 434 21 0 74 0 16 0 0 16 1 0 0 14 0 0 1 14 22 17 0 0 0 0 0 0 0 0 0 0 0 1 0 1 0 0 0 0 0 0 0 0 0 0 0 0 0 0 0 0 0 0 0 0 0
2 9 1 0 54 9 14 0 0 2 0 0 0 0 0 209 50 18 346 151 14 0 9 0 40 0 0 11 2 0 0 5 0 0 2 3 0 0 0 0 0 0 0 0 0 3 0 0 0 0 0 0 0 0 0 0 0 0 0 0 0 0 0 0 0 0 0 0 0 0 0 0 0
2 24 1 0 100 18 161 0 3 7 0 0 0 0 0 282 59 44 406 1144 106 0 745 0 124 0 0 19 2 0 0 82 0 0 1 20 17 49 0 9 0 0 0 0 0 4 0 0 0 3 0 5 0 0 0 0 0 0 0 0 0 0 0 0 0 0 0 0 0 0 0 0 0
2 24 1 0 99 22 200 0 1 13 0 0 0 0 0 223 89 38 320 1426 180 0 1119 0 168 0 0 8 11 0 0 195 0 0 2 26 2 20 0 17 0 0 0 0 0 5 0 0 0 0 0 2 0 0 0 0 0 0 0 0 0 0 0 0 0 0 0 0 0 0 0 0 0
3 16 3 0 71 28 63 1 2 6 0 0 0 0 0 253 95 23 364 410 105 12 168 0 79 0 0 21 9 0 0 46 0 0 2 4 20 21 2 7 0 0 0 0 0 4 0 0 0 0 0 3 0 0 0 0 0 0 0 0 0 0 0 0 0 0 0 0 0 0 0 0 0
2 11 1 0 62 11 24 0 0 3 0 0 0 0 0 244 60 27 299 254 24 0 31 0 39 0 0 14 3 0 0 7 0 0 1 8 0 0 0 1 0 0 0 0 0 3 0 0 0 0 0 0 0 0 0 0 0 0 0 0 0 0 0 0 0 0 0 0 0 0 0 0 0
2 18 1 0 61 16 94 0 1 3 0 0 0 0 0 264 44 38 118 537 79 0 333 0 16 0 0 6 2 0 0 34 0 0 1 14 7 15 0 1 0 0 0 0 0 1 0 0 0 0 0 1 0 0 0 0 0 0 0 0 0 0 0 0 0 0 0 0 0 0 0 0 0
2 11 1 0 68 9 26 0 1 1 0 0 0 0 0 259 48 18 337 282 17 0 34 0 22 0 0 18 1 0 0 5 0 0 0 11 10 9 0 0 0 0 0 0 0 2 0 0 0 0 0 0 0 0 0 0 0 0 0 0 0 0 0 0 0 0 0 0 0 0 0 0 0
2 12 1 0 51 10 36 0 1 3 0 0 0 0 0 205 41 14 219 280 26 0 66 0 54 0 0 12 3 0 0 17 0 0 2 4 3 10 0 2 0 0 0 0 0 3 0 0 0 0 0 0 0 0 0 0 0 0 0 0 0 0 0 0 0 0 0 0 0 0 0 0 0
2 15 1 0 59 15 46 0 0 5 0 0 0 0 0 250 51 50 270 279 46 0 76 0 68 0 0 19 5 0 0 24 0 0 4 8 0 0 0 4 0 0 0 0 0 2 0 0 0 0 0 0 0 0 0 0 0 0 0 0 0 0 0 0 0 0 0 0 0 0 0 0 0
2 12 1 0 61 10 37 0 1 2 0 0 0 0 0 214 53 15 298 381 27 0 71 0 17 0 0 12 2 0 0 14 0 0 1 15 3 10 0 0 0 0 0 0 0 0 0 0 0 0 0 0 0 0 0 0 0 0 0 0 0 0 0 0 0 0 0 0 0 0 0 0 0
2 24 1 0 96 24 201 0 0 12 0 0 0 0 0 203 90 60 278 1453 201 0 1120 0 155 0 0 13 12 0 0 194 0 0 3 26 0 0 0 17 0 0 0 0 0 4 0 0 0 0 0 0 0 0 0 0 0 0 0 0 0 0 0 0 0 0 0 0 0 0 0 0 0
2 6 1 0 39 4 6 0 1 1 0 0 0 0 0 175 15 2 146 69 2 0 2 0 12 0 0 14 1 0 0 2 0 0 1 4 11 4 0 0 0 0 0 0 0 0 0 0 0 0 0 0 0 0 0 0 0 0 0 0 0 0 0 0 0 0 0 0 0 0 0 0 0
3 18 3 0 77 36 91 1 0 3 0 0 0 0 0 322 146 55 282 517 182 18 330 0 17 0 0 15 6 0 0 34 0 0 4 17 0 0 0 1 0 0 0 0 0 1 0 0 0 0 0 0 0 0 0 0 0 0 0 0 0 0 0 0 0 0 0 0 0 0 0 0 0
2 14 1 0 61 14 61 0 0 6 0 0 0 0 0 207 59 23 285 401 61 0 167 0 82 0 0 13 6 0 0 46 0 0 1 5 0 0 0 7 0 0 0 0 0 4 0 0 0 0 0 0 0 0 0 0 0 0 0 0 0 0 0 0 0 0 0 0 0 0 0 0 0
2 25 1 0 107 23 204 0 1 12 0 0 0 0 0 234 83 57 366 1479 183 0 1123 0 153 0 0 11 10 0 0 194 0 0 3 29 8 21 0 17 0 0 0 0 0 4 0 0 0 0 0 2 0 0 0 0 0 0 0 0 0 0 0 0 0 0 0 0 0 0 0 0 0
3 5 3 0 30 8 2 1 1 0 0 0 0 0 0 196 48 5 78 22 2 3 0 0 0 0 0 6 0 0 0 0 0 0 0 1 6 2 1 0 0 0 0 0 0 0 0 0 0 0 0 0 0 0 0 0 0 0 0 0 0 0 0 0 0 0 0 0 0 0 0 0 0
2 8 1 0 65 6 12 0 1 1 0 0 0 0 0 231 30 7 447 166 7 0 8 0 30 0 0 16 0 0 0 3 0 0 1 4 16 5 0 0 0 0 0 0 0 3 0 0 0 0 0 1 0 0 0 0 0 0 0 0 0 0 0 0 0 0 0 0 0 0 0 0 0
2 15 1 0 81 13 47 0 1 4 0 0 0 0 0 267 42 39 487 424 37 0 81 0 82 0 0 18 1 0 0 21 0 0 1 5 17 10 0 2 0 0 0 0 0 6 0 0 0 0 0 3 0 0 0 0 0 0 0 0 0 0 0 0 0 0 0 0 0 0 0 0 0
2 4 1 0 47 4 2 0 0 0 0 0 0 0 0 180 45 3 355 41 2 0 0 0 0 0 0 20 0 0 0 0 0 0 1 3 0 0 0 0 0 0 0 0 0 0 0 0 0 0 0 0 0 0 0 0 0 0 0 0 0 0 0 0 0 0 0 0 0 0 0 0 0
2 7 0 1 68 0 7 0 0 2 5 0 1 0 0 197 0 0 462 126 0 0 1 0 45 6 0 12 0 43 0 4 3 0 0 5 0 0 0 0 4 0 0 1 0 3 12 0 0 0 0 0 0 0 0 0 0 0 0 1 0 0 0 0 0 0 0 0 0 0 0 0 0
2 8 1 0 45 8 15 0 0 1 0 0 0 0 0 156 45 12 318 164 15 0 16 0 31 0 0 10 1 0 0 4 0 0 0 4 0 0 0 0 0 0 0 0 0 3 0 0 0 0 0 0 0 0 0 0 0 0 0 0 0 0 0 0 0 0 0 0 0 0 0 0 0
