8 77 25 3 135 395 759 40 13 20 94 14 12 2 0 224 671 780 174 2372 3537 803 6438 35 78 493 417 2 91 136 30 466 964 26 8 24 24 330 54 7 410 32 8 27 0 0 19 52 38 5 1 14 7 17 31 0 0 0 0 8 20 1 0 0 4 0 0 0 0 0 0 0 0
37 78 641 25 135 2527 129 6946 38 4 193 773 6 51 0 215 4228 2206 205 410 3820 38675 203 53033 12 307 5478 2 114 310 1295 22 565 11269 40 7 102 190 1134 1 67 416 1405 22 218 1 9 159 250 1 13 7 6 145 0 89 0 0 0 1 46 31 0 5 2 0 0 0 0 0 0 0 0
21 79 194 16 137 1239 434 1069 17 13 301 218 3 43 0 217 2187 1584 174 1178 5254 9108 2746 3974 46 620 3341 12 136 371 514 311 3074 1412 32 12 28 260 234 7 82 968 438 112 35 1 11 29 322 5 0 7 14 81 0 84 0 0 0 5 27 42 0 1 6 0 0 0 0 0 0 0 0
8 38 26 2 228 198 165 45 12 15 40 10 2 1 0 441 844 233 2251 1126 767 433 674 45 325 99 192 66 43 114 13 135 266 20 6 20 263 91 37 32 31 16 5 16 0 5 24 7 6 0 7 37 3 8 0 0 0 0 0 9 2 0 0 3 0 0 0 0 0 0 0 0 0
8 71 25 3 147 375 732 40 6 21 92 14 9 2 0 248 732 733 218 2536 3573 786 6320 35 100 415 414 1 102 151 35 522 1026 26 24 34 15 147 26 13 320 35 8 35 0 2 19 37 41 1 0 4 10 10 28 0 0 0 0 6 17 1 0 0 0 0 0 0 0 0 0 0 0
5 55 8 2 120 143 726 5 3 22 55 4 8 1 0 239 303 19 183 2754 1951 121 6751 1 109 263 108 3 55 101 1 596 528 2 0 38 6 80 5 14 289 10 2 21 0 1 19 15 27 0 0 5 7 2 28 0 0 0 0 7 8 0 0 1 0 0 0 0 0 0 0 0 0
8 57 25 3 137 303 580 39 5 23 82 16 2 1 0 346 715 586 347 2126 2831 600 5367 32 175 216 409 12 110 143 68 626 1079 31 16 37 12 108 17 41 38 33 5 36 2 5 12 11 6 2 1 6 3 10 0 0 0 0 0 9 1 0 0 0 0 0 0 0 0 0 0 0 0
3 16 3 0 109 28 38 1 2 5 0 0 0 0 0 356 164 52 874 439 61 12 48 0 128 0 0 32 6 0 0 19 0 0 4 15 21 15 2 3 0 0 0 0 0 11 0 0 0 0 0 4 0 0 0 0 0 0 0 0 0 0 0 0 0 0 0 0 0 0 0 0 0
4 57 5 1 121 117 744 2 0 23 38 2 8 0 0 239 248 164 173 2912 1489 60 6881 0 116 290 76 3 46 53 3 619 391 1 0 42 0 0 0 14 296 0 0 15 0 1 20 16 0 0 0 0 7 0 28 0 0 0 0 8 0 0 0 0 0 0 0 0 0 0 0 0 0
10 47 40 5 138 279 505 87 5 21 132 26 1 7 0 283 859 232 462 2039 2522 707 4432 115 166 147 617 18 97 247 39 532 1891 57 10 32 31 103 27 36 27 189 31 72 0 5 9 4 47 1 0 11 8 11 0 4 0 0 0 9 3 3 0 1 0 0 0 0 0 0 0 0 0
5 65 7 3 129 136 733 3 4 20 98 5 9 2 0 229 267 310 166 2648 1377 71 6352 0 92 480 156 3 38 153 10 522 1056 2 7 34 3 126 4 11 315 35 2 32 0 1 25 9 43 1 0 2 8 4 28 0 0 0 0 8 17 1 0 1 2 0 0 0 0 0 0 0 0
11 40 54 1 215 362 171 156 8 16 20 9 1 0 0 548 1652 411 1914 978 1492 1458 770 294 309 35 178 65 121 41 14 171 148 36 34 13 153 59 60 34 11 0 0 6 0 3 24 7 0 0 2 24 1 2 0 0 0 0 0 9 0 0 0 2 0 0 0 0 0 0 0 0 0
7 38 21 0 151 214 211 35 7 22 0 0 0 0 0 317 699 323 1328 1172 1166 503 955 35 437 0 0 31 99 0 0 223 0 0 7 13 81 100 32 50 0 0 0 0 0 2 0 0 0 0 1 31 0 0 0 0 0 0 0 0 0 0 1 0 0 0 0 0 0 0 0 0 0
4 46 5 1 114 90 593 2 5 26 38 2 0 0 0 227 215 123 287 2239 1038 44 5831 0 215 102 71 7 39 74 3 698 574 1 1 28 16 157 5 52 0 0 0 24 0 6 0 0 0 5 0 13 3 5 0 0 0 0 0 0 0 0 1 0 0 0 0 0 0 0 0 0 0
6 61 13 2 130 228 734 13 3 23 55 6 8 1 0 240 455 341 201 2732 2711 312 6755 6 116 263 161 1 83 98 12 597 528 6 9 38 8 84 8 14 289 10 3 21 0 1 19 24 27 1 0 4 7 4 28 0 0 0 0 7 8 0 0 0 0 0 0 0 0 0 0 0 0
5 48 8 2 110 112 566 5 1 22 72 4 3 1 0 229 258 163 304 2091 1128 78 5413 1 187 218 142 9 45 122 6 570 1002 2 3 31 2 32 1 38 100 31 2 33 0 5 12 6 7 0 0 1 8 2 1 0 0 0 0 9 3 0 0 0 0 0 0 0 0 0 0 0 0
4 56 5 1 124 110 743 2 2 23 38 2 8 0 0 233 236 36 194 2851 1423 54 6881 0 111 290 74 3 41 51 0 619 391 1 3 39 6 63 2 14 296 0 0 15 0 1 20 16 0 0 0 5 7 2 28 0 0 0 0 8 0 0 0 0 0 0 0 0 0 0 0 0 0
9 43 32 4 89 228 511 59 5 21 104 22 1 3 0 267 478 40 137 1831 2408 469 4852 62 165 127 507 7 100 194 39 559 1492 45 1 29 11 153 18 46 33 97 15 62 3 6 2 5 8 1 0 5 3 17 0 1 0 0 0 1 2 0 0 0 0 0 0 0 0 0 0 0 0
2 22 0 1 114 0 160 0 0 14 20 0 1 0 0 207 0 0 1012 1148 0 0 766 0 270 35 0 29 0 50 0 170 148 0 0 18 0 0 0 34 12 0 0 6 0 3 27 0 0 0 0 0 1 0 0 0 0 0 0 8 0 0 0 0 0 0 0 0 0 0 0 0 0
2 43 1 0 106 35 624 0 4 27 0 0 0 0 0 198 60 95 262 2456 486 0 6367 0 221 0 0 7 13 0 0 756 0 0 1 32 16 128 0 52 0 0 0 0 0 6 0 0 0 5 0 12 0 0 0 0 0 0 0 0 0 0 1 0 0 0 0 0 0 0 0 0 0
2 54 0 1 119 0 743 0 0 23 38 0 8 0 0 219 0 0 172 3014 0 0 6881 0 116 290 0 2 0 53 0 619 391 0 0 41 0 0 0 14 296 0 0 15 0 1 22 0 0 0 0 0 7 0 28 0 0 0 0 8 0 0 0 0 0 0 0 0 0 0 0 0 0
3 42 2 1 97 43 586 0 0 24 39 1 1 0 0 198 98 40 164 2284 586 0 5851 0 186 167 39 4 24 77 1 665 548 0 1 37 0 0 0 49 38 0 0 23 0 7 5 1 0 0 0 0 3 0 0 0 0 0 0 1 0 0 0 0 0 0 0 0 0 0 0 0 0
8 28 26 2 176 164 44 45 8 7 16 10 0 1 0 445 917 216 1801 480 235 382 40 45 220 31 76 67 32 56 28 19 26 20 9 8 112 45 38 4 0 4 5 2 0 13 0 0 8 1 2 15 1 4 0 0 0 0 0 0 0 0 0 0 0 0 0 0 0 0 0 0 0
5 49 9 1 113 153 599 7 3 24 37 3 0 0 0 238 335 359 218 2256 1717 159 5843 2 183 65 108 9 67 68 9 690 572 3 9 30 8 105 6 51 0 0 0 24 0 6 0 0 0 1 0 5 5 3 0 0 0 0 0 0 0 0 0 0 0 0 0 0 0 0 0 0 0
7 19 19 2 107 94 26 26 1 2 18 8 0 1 0 378 543 93 822 242 121 180 23 19 73 36 71 45 10 73 11 6 34 12 8 7 1 1 4 1 0 5 4 2 0 1 0 0 8 0 0 0 4 1 0 0 0 0 0 0 0 0 0 0 0 0 0 0 0 0 0 0 0
5 44 9 1 104 129 590 7 6 26 35 3 0 0 0 227 297 106 260 2238 1589 126 5830 2 216 0 99 7 64 69 3 698 571 3 2 30 16 190 12 52 0 0 0 24 0 6 0 0 0 5 0 14 0 6 0 0 0 0 0 0 0 0 1 0 0 0 0 0 0 0 0 0 0
4 15 5 1 45 32 27 2 1 0 9 2 1 0 0 360 100 41 76 150 51 17 30 0 0 20 17 10 0 21 3 0 16 1 1 8 0 5 1 0 9 0 0 0 0 0 6 2 0 0 0 0 0 1 0 0 0 0 0 0 0 0 0 0 0 0 0 0 0 0 0 0 0
4 26 4 2 95 33 155 1 1 13 41 2 1 1 0 311 114 13 452 972 153 8 668 0 283 98 39 16 13 140 0 128 274 0 0 18 5 17 0 40 21 17 1 25 0 3 5 1 6 0 0 0 5 2 0 0 0 0 0 1 1 0 0 0 0 0 0 0 0 0 0 0 0
2 9 1 0 60 7 16 0 1 2 0 0 0 0 0 234 24 10 332 175 11 0 20 0 39 0 0 33 0 0 0 0 0 0 0 6 17 5 0 1 0 0 0 0 0 1 0 0 0 0 0 2 0 0 0 0 0 0 0 0 0 0 0 0 0 0 0 0 0 0 0 0 0
3 45 2 1 109 49 615 0 3 25 35 1 0 0 0 190 103 219 278 2546 547 0 5916 0 203 0 32 10 15 74 7 698 571 0 5 36 11 108 0 51 0 0 0 24 0 5 0 0 0 2 0 9 0 3 0 0 0 0 0 0 0 0 1 0 0 0 0 0 0 0 0 0 0
3 43 2 1 86 42 593 0 1 23 38 1 2 0 0 199 80 6 134 2218 561 0 5896 0 174 160 37 4 21 63 0 637 516 0 1 32 4 32 0 47 75 0 0 22 0 6 3 2 0 0 0 2 5 1 1 0 0 0 0 1 0 0 0 0 0 0 0 0 0 0 0 0 0
3 27 3 0 97 52 187 1 1 18 0 0 0 0 0 248 177 121 461 1171 356 25 908 0 318 0 0 15 35 0 0 208 0 0 5 17 3 18 1 44 0 0 0 0 0 3 0 0 0 0 0 1 0 0 0 0 0 0 0 0 0 0 0 0 0 0 0 0 0 0 0 0 0
3 22 2 1 86 23 158 0 0 14 19 1 1 0 0 174 86 20 450 1062 158 0 772 0 293 17 19 13 14 71 1 156 140 0 1 16 0 0 0 41 18 0 0 13 0 3 5 1 0 0 0 0 1 0 0 0 0 0 0 1 0 0 0 0 0 0 0 0 0 0 0 0 0
5 42 8 2 97 94 557 5 3 25 68 4 0 1 0 208 218 166 154 2252 1049 60 5324 1 199 0 130 4 48 146 10 644 1076 2 1 39 8 101 3 51 0 34 2 46 0 6 0 0 0 1 0 6 0 6 0 0 0 0 0 0 0 0 0 0 0 0 0 0 0 0 0 0 0
3 15 3 0 78 26 38 1 2 4 0 0 0 0 0 447 103 40 337 263 61 11 52 0 53 0 0 35 5 0 0 16 0 0 3 17 22 15 2 2 0 0 0 0 0 2 0 0 0 0 0 3 0 0 0 0 0 0 0 0 0 0 0 0 0 0 0 0 0 0 0 0 0
8 19 28 0 155 125 25 56 4 4 0 0 0 0 0 443 863 102 1723 344 156 354 24 70 123 0 0 69 22 0 0 13 0 0 11 4 97 19 21 2 0 0 0 0 0 9 0 0 0 0 1 6 0 0 0 0 0 0 0 0 0 0 0 0 0 0 0 0 0 0 0 0 0
5 14 10 0 105 52 23 10 2 2 0 0 0 0 0 366 356 44 929 301 80 72 25 5 53 0 0 49 6 0 0 4 0 0 6 7 25 12 6 1 0 0 0 0 0 8 0 0 0 0 0 2 0 0 0 0 0 0 0 0 0 0 0 0 0 0 0 0 0 0 0 0 0
3 15 3 0 129 22 36 1 4 6 0 0 0 0 0 259 162 24 1265 526 44 10 43 0 170 0 0 39 6 0 0 24 0 0 1 10 44 26 1 3 0 0 0 0 0 14 0 0 0 1 1 6 0 0 0 0 0 0 0 0 0 0 0 0 0 0 0 0 0 0 0 0 0
4 13 5 1 129 26 26 2 3 5 7 2 0 0 0 270 152 24 1656 283 48 14 28 0 149 0 12 60 4 39 4 13 18 1 0 4 94 12 1 4 0 0 0 3 0 9 0 0 0 0 1 8 0 2 0 0 0 0 0 0 0 0 0 0 0 0 0 0 0 0 0 0 0
6 61 14 1 129 247 747 16 2 23 38 4 8 0 0 253 493 343 195 2801 2955 375 6882 9 115 290 150 2 91 51 5 619 391 6 12 39 9 37 6 14 296 0 0 15 0 1 18 32 0 0 0 1 7 2 28 0 0 0 0 8 0 0 0 0 0 0 0 0 0 0 0 0 0
2 9 1 0 37 5 20 0 2 2 0 0 0 0 0 291 14 0 58 135 9 0 26 0 15 0 0 12 1 0 0 8 0 0 0 6 11 9 0 1 0 0 0 0 0 0 0 0 0 1 0 1 0 0 0 0 0 0 0 0 0 0 0 0 0 0 0 0 0 0 0 0 0
2 43 0 1 88 0 601 0 0 22 37 0 3 0 0 203 0 0 148 2334 0 0 5946 0 169 157 0 5 0 70 0 611 486 0 0 37 0 0 0 44 109 0 0 20 0 5 5 0 0 0 0 0 3 0 3 0 0 0 0 2 0 0 0 0 0 0 0 0 0 0 0 0 0
3 28 3 0 108 54 193 1 1 18 0 0 0 0 0 267 192 134 489 1227 363 26 921 0 315 0 0 18 34 0 0 210 0 0 7 23 4 23 1 44 0 0 0 0 0 3 0 0 0 0 0 2 0 0 0 0 0 0 0 0 0 0 0 0 0 0 0 0 0 0 0 0 0
2 8 1 0 88 6 9 0 1 3 0 0 0 0 0 205 21 9 1092 144 6 0 3 0 104 0 0 45 0 0 0 4 0 0 0 5 32 3 0 1 0 0 0 0 0 3 0 0 0 0 0 3 0 0 0 0 0 0 0 0 0 0 0 0 0 0 0 0 0 0 0 0 0
4 17 6 0 106 49 53 4 1 2 0 0 0 0 0 393 266 59 911 462 148 47 119 1 56 0 0 40 4 0 0 11 0 0 8 8 17 11 2 0 0 0 0 0 0 9 0 0 0 0 0 2 0 0 0 0 0 0 0 0 0 0 0 0 0 0 0 0 0 0 0 0 0
3 42 1 2 87 35 595 0 0 21 43 0 3 1 0 203 72 0 148 2285 574 0 5931 0 169 125 0 5 21 85 0 605 503 0 0 37 0 0 0 44 107 4 0 20 0 5 5 0 32 0 0 0 3 0 3 0 0 0 0 1 3 0 0 0 0 0 0 0 0 0 0 0 0
2 7 1 0 84 5 10 0 1 1 0 0 0 0 0 217 47 4 898 206 6 0 7 0 37 0 0 40 0 0 0 3 0 0 0 1 18 4 0 0 0 0 0 0 0 8 0 0 0 0 0 1 0 0 0 0 0 0 0 0 0 0 0 0 0 0 0 0 0 0 0 0 0
3 19 3 0 59 36 60 1 1 3 0 0 0 0 0 340 112 93 199 372 109 17 126 0 38 0 0 20 6 0 0 14 0 0 3 8 0 11 1 1 0 0 0 0 0 1 0 0 0 0 0 0 0 0 0 0 0 0 0 0 0 0 0 0 0 0 0 0 0 0 0 0 0
2 38 0 1 84 0 574 0 0 24 38 0 0 0 0 167 0 0 145 2302 0 0 5805 0 190 99 0 6 0 72 0 690 574 0 0 32 0 0 0 51 0 0 0 24 0 6 0 0 0 0 0 0 6 0 0 0 0 0 0 0 0 0 0 0 0 0 0 0 0 0 0 0 0
3 12 3 0 67 24 24 1 0 1 0 0 0 0 0 254 126 37 655 142 48 12 35 0 9 0 0 29 2 0 0 1 0 0 4 6 0 0 0 0 0 0 0 0 0 1 0 0 0 0 0 0 0 0 0 0 0 0 0 0 0 0 0 0 0 0 0 0 0 0 0 0 0
4 8 6 0 71 22 5 4 1 2 0 0 0 0 0 232 189 16 646 70 14 20 1 1 72 0 0 27 6 0 0 2 0 0 3 1 9 1 2 1 0 0 0 0 0 3 0 0 0 0 0 0 0 0 0 0 0 0 0 0 0 0 0 0 0 0 0 0 0 0 0 0 0
3 19 3 0 112 36 63 1 1 4 0 0 0 0 0 375 169 78 879 595 114 17 134 0 109 0 0 35 5 0 0 19 0 0 10 12 16 12 1 2 0 0 0 0 0 10 0 0 0 0 0 3 0 0 0 0 0 0 0 0 0 0 0 0 0 0 0 0 0 0 0 0 0
2 43 0 1 88 0 601 0 0 22 37 0 3 0 0 203 0 0 148 2334 0 0 5946 0 169 157 0 5 0 70 0 611 486 0 0 37 0 0 0 44 109 0 0 20 0 5 5 0 0 0 0 0 3 0 3 0 0 0 0 2 0 0 0 0 0 0 0 0 0 0 0 0 0
2 7 1 0 84 5 6 0 1 3 0 0 0 0 0 204 17 6 1086 93 4 0 1 0 103 0 0 48 0 0 0 3 0 0 0 6 32 2 0 1 0 0 0 0 0 0 0 0 0 0 0 3 0 0 0 0 0 0 0 0 0 0 0 0 0 0 0 0 0 0 0 0 0
2 15 1 0 116 13 42 0 1 7 0 0 0 0 0 201 49 41 1210 486 34 0 57 0 193 0 0 36 2 0 0 29 0 0 1 16 30 8 0 5 0 0 0 0 0 13 0 0 0 0 0 5 0 0 0 0 0 0 0 0 0 0 0 0 0 0 0 0 0 0 0 0 0
2 13 1 0 57 11 37 0 1 5 0 0 0 0 0 219 45 23 518 252 26 0 60 0 132 0 0 23 5 0 0 21 0 0 1 5 5 11 0 7 0 0 0 0 0 1 0 0 0 0 0 0 0 0 0 0 0 0 0 0 0 0 0 0 0 0 0 0 0 0 0 0 0
2 10 1 0 72 10 21 0 0 3 0 0 0 0 0 229 68 19 633 270 21 0 22 0 82 0 0 25 3 0 0 13 0 0 2 6 0 0 0 1 0 0 0 0 0 2 0 0 0 0 0 0 0 0 0 0 0 0 0 0 0 0 0 0 0 0 0 0 0 0 0 0 0
5 19 10 0 96 76 51 10 0 2 0 0 0 0 0 413 364 108 783 387 204 114 114 5 57 0 0 43 8 0 0 10 0 0 10 12 0 0 0 0 0 0 0 0 0 1 0 0 0 0 0 0 0 0 0 0 0 0 0 0 0 0 0 0 0 0 0 0 0 0 0 0 0
3 18 3 0 95 36 62 1 0 4 0 0 0 0 0 336 172 78 749 538 124 18 133 0 102 0 0 40 8 0 0 21 0 0 9 13 0 0 0 1 0 0 0 0 0 3 0 0 0 0 0 0 0 0 0 0 0 0 0 0 0 0 0 0 0 0 0 0 0 0 0 0 0
3 10 3 0 32 18 22 1 1 0 0 0 0 0 0 304 52 15 51 101 37 8 35 0 0 0 0 10 0 0 0 0 0 0 0 4 6 7 1 0 0 0 0 0 0 0 0 0 0 0 0 0 0 0 0 0 0 0 0 0 0 0 0 0 0 0 0 0 0 0 0 0 0
3 12 3 0 120 22 24 1 1 3 0 0 0 0 0 293 162 27 1320 341 44 10 26 0 90 0 0 46 4 0 0 11 0 0 5 5 33 4 1 2 0 0 0 0 0 9 0 0 0 0 0 2 0 0 0 0 0 0 0 0 0 0 0 0 0 0 0 0 0 0 0 0 0
2 38 0 1 84 0 575 0 0 23 36 0 1 0 0 154 0 0 147 2329 0 0 5837 0 189 65 0 6 0 78 0 659 539 0 0 35 0 0 0 50 36 0 0 23 0 6 0 0 0 0 0 0 3 0 0 0 0 0 0 0 0 0 0 0 0 0 0 0 0 0 0 0 0
2 12 1 0 99 10 33 0 1 6 0 0 0 0 0 243 30 14 1188 275 28 0 56 0 165 0 0 39 1 0 0 22 0 0 2 5 30 5 0 7 0 0 0 0 0 9 0 0 0 0 0 5 0 0 0 0 0 0 0 0 0 0 0 0 0 0 0 0 0 0 0 0 0
2 7 1 0 96 5 7 0 1 2 0 0 0 0 0 218 26 5 1267 135 4 0 2 0 71 0 0 47 0 0 0 3 0 0 1 6 33 3 0 0 0 0 0 0 0 8 0 0 0 0 0 2 0 0 0 0 0 0 0 0 0 0 0 0 0 0 0 0 0 0 0 0 0
2 9 1 0 45 9 22 0 0 0 0 0 0 0 0 252 43 13 218 125 22 0 35 0 0 0 0 22 0 0 0 0 0 0 1 5 0 0 0 0 0 0 0 0 0 0 0 0 0 0 0 0 0 0 0 0 0 0 0 0 0 0 0 0 0 0 0 0 0 0 0 0 0
3 7 3 0 72 12 4 1 1 2 0 0 0 0 0 175 135 12 774 70 7 5 0 0 46 0 0 24 3 0 0 2 0 0 0 0 4 1 1 0 0 0 0 0 0 9 0 0 0 0 0 1 0 0 0 0 0 0 0 0 0 0 0 0 0 0 0 0 0 0 0 0 0
2 43 1 0 91 39 626 0 2 25 0 0 0 0 0 172 72 168 142 2447 549 0 6376 0 190 0 0 5 22 0 0 748 0 0 2 36 6 75 0 51 0 0 0 0 0 6 0 0 0 1 0 3 0 0 0 0 0 0 0 0 0 0 0 0 0 0 0 0 0 0 0 0 0
3 43 2 1 81 42 593 0 1 23 38 1 2 0 0 161 80 7 123 2216 559 0 5896 0 176 160 37 3 23 63 0 637 516 0 0 32 1 34 0 47 75 0 0 22 0 6 3 2 0 0 0 0 5 1 1 0 0 0 0 1 0 0 0 0 0 0 0 0 0 0 0 0 0
2 9 1 0 53 9 18 0 0 0 0 0 0 0 0 244 49 16 264 201 18 0 21 0 0 0 0 24 0 0 0 0 0 0 2 8 0 0 0 0 0 0 0 0 0 0 0 0 0 0 0 0 0 0 0 0 0 0 0 0 0 0 0 0 0 0 0 0 0 0 0 0 0
2 9 0 1 82 0 25 0 0 3 7 0 1 0 0 210 0 0 1079 217 0 0 41 0 100 0 0 42 0 15 0 12 21 0 0 5 0 0 0 3 4 0 0 0 0 1 32 0 0 0 0 0 0 0 0 0 0 0 0 3 0 0 0 0 0 0 0 0 0 0 0 0 0
2 25 0 1 127 0 171 0 0 15 23 0 1 0 0 222 0 0 1009 1249 0 0 781 0 304 88 0 28 0 62 0 174 157 0 0 19 0 0 0 34 14 0 0 6 0 3 26 0 0 0 0 0 2 0 0 0 0 0 0 9 0 0 0 0 0 0 0 0 0 0 0 0 0
3 9 3 0 81 18 11 1 0 1 0 0 0 0 0 243 152 19 814 198 22 9 7 0 38 0 0 27 2 0 0 3 0 0 5 3 0 0 0 0 0 0 0 0 0 8 0 0 0 0 0 0 0 0 0 0 0 0 0 0 0 0 0 0 0 0 0 0 0 0 0 0 0
3 7 3 0 30 14 7 1 0 0 0 0 0 0 0 204 58 13 75 58 14 7 4 0 0 0 0 3 0 0 0 0 0 0 1 0 0 0 0 0 0 0 0 0 0 0 0 0 0 0 0 0 0 0 0 0 0 0 0 0 0 0 0 0 0 0 0 0 0 0 0 0 0
2 23 0 1 119 0 163 0 0 14 21 0 1 0 0 212 0 0 1018 1187 0 0 769 0 268 53 0 30 0 55 0 170 150 0 0 18 0 0 0 34 13 0 0 6 0 3 27 0 0 0 0 0 1 0 0 0 0 0 0 8 0 0 0 0 0 0 0 0 0 0 0 0 0
2 4 1 0 38 4 1 0 0 1 0 0 0 0 0 175 36 3 220 17 1 0 0 0 19 0 0 18 1 0 0 0 0 0 1 0 0 0 0 0 0 0 0 0 0 1 0 0 0 0 0 0 0 0 0 0 0 0 0 0 0 0 0 0 0 0 0 0 0 0 0 0 0
2 38 1 0 86 36 606 0 1 25 0 0 0 0 0 183 74 34 145 2393 572 0 6341 0 191 0 0 5 23 0 0 748 0 0 1 37 4 34 0 51 0 0 0 0 0 6 0 0 0 0 0 2 0 0 0 0 0 0 0 0 0 0 0 0 0 0 0 0 0 0 0 0 0
2 12 1 0 94 10 28 0 1 6 0 0 0 0 0 193 28 21 1175 261 22 0 36 0 155 0 0 39 2 0 0 20 0 0 0 6 31 6 0 4 0 0 0 0 0 9 0 0 0 0 0 4 0 0 0 0 0 0 0 0 0 0 0 0 0 0 0 0 0 0 0 0 0
2 5 1 0 48 5 3 0 0 1 0 0 0 0 0 161 46 5 591 12 3 0 1 0 39 0 0 26 1 0 0 0 0 0 1 1 0 0 0 0 0 0 0 0 0 1 0 0 0 0 0 0 0 0 0 0 0 0 0 0 0 0 0 0 0 0 0 0 0 0 0 0 0
2 13 1 0 44 11 47 0 1 1 0 0 0 0 0 262 40 17 174 318 36 0 113 0 20 0 0 18 1 0 0 8 0 0 1 7 1 11 0 0 0 0 0 0 0 1 0 0 0 0 0 0 0 0 0 0 0 0 0 0 0 0 0 0 0 0 0 0 0 0 0 0 0
2 8 1 0 31 8 12 0 0 0 0 0 0 0 0 193 31 16 74 89 12 0 8 0 0 0 0 4 0 0 0 0 0 0 0 2 0 0 0 0 0 0 0 0 0 0 0 0 0 0 0 0 0 0 0 0 0 0 0 0 0 0 0 0 0 0 0 0 0 0 0 0 0
2 19 1 0 85 19 75 0 0 6 0 0 0 0 0 322 73 84 676 537 75 0 168 0 152 0 0 37 6 0 0 29 0 0 6 13 0 0 0 7 0 0 0 0 0 2 0 0 0 0 0 0 0 0 0 0 0 0 0 0 0 0 0 0 0 0 0 0 0 0 0 0 0
2 8 1 0 43 8 16 0 0 0 0 0 0 0 0 173 43 12 218 177 16 0 20 0 0 0 0 22 0 0 0 0 0 0 0 7 0 0 0 0 0 0 0 0 0 0 0 0 0 0 0 0 0 0 0 0 0 0 0 0 0 0 0 0 0 0 0 0 0 0 0 0 0
3 39 3 0 86 76 606 1 1 25 0 0 0 0 0 164 165 71 151 2357 1178 37 6341 0 192 0 0 5 49 0 0 748 0 0 3 37 0 34 1 51 0 0 0 0 0 6 0 0 0 0 0 1 0 0 0 0 0 0 0 0 0 0 0 0 0 0 0 0 0 0 0 0 0
2 8 1 0 22 6 14 0 1 2 0 0 0 0 0 168 19 5 28 73 9 0 13 0 17 0 0 3 1 0 0 6 0 0 0 0 1 5 0 1 0 0 0 0 0 0 0 0 0 0 0 1 0 0 0 0 0 0 0 0 0 0 0 0 0 0 0 0 0 0 0 0 0
2 46 1 0 110 40 649 0 3 26 0 0 0 0 0 190 68 226 278 2629 535 0 6453 0 203 0 0 10 14 0 0 756 0 0 5 36 11 110 0 51 0 0 0 0 0 5 0 0 0 2 0 10 0 0 0 0 0 0 0 0 0 0 1 0 0 0 0 0 0 0 0 0 0
2 39 1 0 85 35 607 0 2 26 0 0 0 0 0 164 68 34 143 2368 540 0 6341 0 195 0 0 4 21 0 0 749 0 0 0 35 6 65 0 51 0 0 0 0 0 6 0 0 0 1 0 5 0 0 0 0 0 0 0 0 0 0 0 0 0 0 0 0 0 0 0 0 0
3 41 2 1 109 43 586 0 2 24 35 1 0 0 0 184 100 131 312 2451 538 0 5824 0 179 0 33 12 11 75 4 690 571 0 1 39 14 61 0 51 0 0 0 24 0 6 0 0 0 1 0 13 0 2 0 0 0 0 0 0 0 0 0 0 0 0 0 0 0 0 0 0 0
2 36 0 1 87 0 571 0 0 24 36 0 0 0 0 163 0 0 173 2344 0 0 5804 0 192 32 0 5 0 81 0 690 571 0 0 35 0 0 0 51 0 0 0 24 0 6 0 0 0 0 0 0 3 0 0 0 0 0 0 0 0 0 0 0 0 0 0 0 0 0 0 0 0
2 9 1 0 73 9 15 0 0 1 0 0 0 0 0 219 67 17 770 217 15 0 11 0 38 0 0 25 1 0 0 3 0 0 3 4 0 0 0 0 0 0 0 0 0 8 0 0 0 0 0 0 0 0 0 0 0 0 0 0 0 0 0 0 0 0 0 0 0 0 0 0 0
2 9 1 0 116 7 18 0 1 4 0 0 0 0 0 208 47 5 1288 310 14 0 22 0 129 0 0 40 1 0 0 11 0 0 1 12 32 4 0 2 0 0 0 0 0 14 0 0 0 0 0 3 0 0 0 0 0 0 0 0 0 0 0 0 0 0 0 0 0 0 0 0 0
2 5 1 0 65 5 3 0 0 1 0 0 0 0 0 148 65 6 766 65 3 0 0 0 38 0 0 23 1 0 0 1 0 0 0 1 0 0 0 0 0 0 0 0 0 8 0 0 0 0 0 0 0 0 0 0 0 0 0 0 0 0 0 0 0 0 0 0 0 0 0 0 0
2 12 1 0 88 10 29 0 1 5 0 0 0 0 0 186 22 21 1048 277 23 0 37 0 137 0 0 41 1 0 0 20 0 0 0 6 31 6 0 3 0 0 0 0 0 1 0 0 0 0 0 4 0 0 0 0 0 0 0 0 0 0 0 0 0 0 0 0 0 0 0 0 0
2 36 0 1 83 0 571 0 0 24 36 0 0 0 0 165 0 0 144 2342 0 0 5804 0 192 33 0 4 0 79 0 690 571 0 0 36 0 0 0 51 0 0 0 24 0 6 0 0 0 0 0 0 2 0 0 0 0 0 0 0 0 0 0 0 0 0 0 0 0 0 0 0 0
2 22 1 0 90 20 175 0 1 16 0 0 0 0 0 173 76 17 464 1137 157 0 895 0 299 0 0 15 14 0 0 202 0 0 2 17 4 18 0 43 0 0 0 0 0 3 0 0 0 0 0 2 0 0 0 0 0 0 0 0 0 0 0 0 0 0 0 0 0 0 0 0 0
2 38 0 1 84 0 575 0 0 23 36 0 1 0 0 154 0 0 147 2329 0 0 5837 0 189 65 0 6 0 78 0 659 539 0 0 35 0 0 0 50 36 0 0 23 0 6 0 0 0 0 0 0 3 0 0 0 0 0 0 0 0 0 0 0 0 0 0 0 0 0 0 0 0
2 9 0 1 47 0 19 0 0 3 9 0 0 0 0 175 0 0 518 140 0 0 23 0 102 12 0 23 0 43 0 9 19 0 0 4 0 0 0 3 0 0 0 3 0 1 0 0 0 0 0 0 2 0 0 0 0 0 0 0 0 0 0 0 0 0 0 0 0 0 0 0 0
2 4 1 0 78 2 1 0 1 1 0 0 0 0 0 164 9 1 1131 37 0 0 0 0 37 0 0 47 0 0 0 0 0 0 0 0 34 1 0 0 0 0 0 0 0 2 0 0 0 0 0 1 0 0 0 0 0 0 0 0 0 0 0 0 0 0 0 0 0 0 0 0 0
2 13 1 0 36 13 34 0 0 2 0 0 0 0 0 245 32 40 51 170 34 0 48 0 18 0 0 6 2 0 0 6 0 0 2 5 0 0 0 1 0 0 0 0 0 0 0 0 0 0 0 0 0 0 0 0 0 0 0 0 0 0 0 0 0 0 0 0 0 0 0 0 0
2 12 1 0 78 12 29 0 0 2 0 0 0 0 0 265 70 31 759 263 29 0 40 0 55 0 0 27 2 0 0 4 0 0 4 7 0 0 0 1 0 0 0 0 0 8 0 0 0 0 0 0 0 0 0 0 0 0 0 0 0 0 0 0 0 0 0 0 0 0 0 0 0
2 8 1 0 114 4 7 0 2 5 0 0 0 0 0 240 13 4 1361 156 2 0 1 0 150 0 0 39 0 0 0 4 0 0 0 3 49 5 0 3 0 0 0 0 0 15 0 0 0 0 0 3 0 0 0 0 0 0 0 0 0 0 1 0 0 0 0 0 0 0 0 0 0
