99 0 4750 101 0 0 0 147239 0 0 0 9426 0 181 3 0 0 0 0 0 0 0 0 3316490 0 0 0 0 0 0 0 0 0 426233 0 0 0 0 0 0 0 0 16418 0 4531 0 0 0 0 0 0 0 0 0 0 100 0 0 275 0 0 316 0 0 0 0 0 13 0 0 0 0 0
4 103 3 3 16 16 4382 1 0 90 277 0 8 3 0 27 32 21 13 28 14 8 130200 0 0 0 0 2 0 0 0 8067 12396 0 0 0 0 0 0 147 722 269 0 254 0 0 0 0 0 0 0 0 0 0 7 1 3 0 0 16 16 0 0 0 0 0 0 0 0 0 0 0 0
3 101 1 2 11 5 4470 0 0 94 187 0 5 1 0 19 11 6 13 19 4 0 134211 0 0 0 0 1 0 0 0 8507 8472 0 0 0 0 0 0 160 456 91 0 177 0 0 0 0 0 0 0 0 0 0 4 0 3 0 0 11 5 0 0 0 0 0 0 0 0 0 0 0 0
2 99 0 1 5 0 4559 0 0 98 95 0 2 0 0 7 0 0 6 5 0 0 138309 0 0 0 0 0 0 0 0 8955 4372 0 0 0 0 0 0 173 185 0 0 93 0 0 0 0 0 0 0 0 0 0 1 0 3 0 0 5 0 0 0 0 0 0 0 0 0 0 0 0 0
1 98 0 0 0 0 4652 0 0 101 0 0 0 0 0 0 0 0 0 0 0 0 142587 0 0 0 0 0 0 0 0 9325 0 0 0 0 0 0 0 181 0 0 0 0 0 0 0 0 0 0 0 0 0 0 0 0 3 0 0 0 0 0 0 0 0 0 0 0 0 0 0 0 0
6 101 10 5 15 32 4195 10 0 88 457 0 8 10 0 18 60 23 16 22 20 48 121908 5 0 0 0 1 0 0 0 7713 20234 0 0 0 0 0 0 143 711 898 0 425 0 0 0 0 0 0 0 0 0 0 5 10 3 0 0 15 32 0 0 0 0 0 0 0 0 0 0 0 0
3 100 1 2 11 4 4467 0 0 95 188 0 4 1 0 16 11 4 15 11 2 0 134119 0 0 0 0 0 0 0 0 8595 8563 0 0 0 0 0 0 163 365 92 0 179 0 0 0 0 0 0 0 0 0 0 2 0 3 0 0 11 4 0 0 0 0 0 0 0 0 0 0 0 0
4 96 3 3 2 2 4368 1 0 97 284 0 1 3 0 3 4 0 1 0 0 1 129575 0 0 0 0 0 0 0 0 8662 13012 0 0 0 0 0 0 175 92 283 0 289 0 0 0 0 0 0 0 0 0 0 0 1 3 0 0 2 2 0 0 0 0 0 0 0 0 0 0 0 0
4 97 3 3 4 4 4369 1 0 96 283 0 2 3 0 12 8 1 3 0 0 2 129665 0 0 0 0 0 0 0 0 8575 12923 0 0 0 0 0 0 172 184 281 0 284 0 0 0 0 0 0 0 0 0 0 0 1 3 0 0 4 4 0 0 0 0 0 0 0 0 0 0 0 0
3 99 1 2 5 3 4465 0 0 96 189 0 3 1 0 10 5 2 6 1 1 0 134033 0 0 0 0 0 0 0 0 8673 8649 0 0 0 0 0 0 171 278 93 0 187 0 0 0 0 0 0 0 0 0 0 1 0 3 0 0 5 3 0 0 0 0 0 0 0 0 0 0 0 0
1 98 0 0 0 0 4652 0 0 101 0 0 0 0 0 0 0 0 0 0 0 0 142587 0 0 0 0 0 0 0 0 9325 0 0 0 0 0 0 0 181 0 0 0 0 0 0 0 0 0 0 0 0 0 0 0 0 3 0 0 0 0 0 0 0 0 0 0 0 0 0 0 0 0
2 99 0 1 4 0 4559 0 0 98 95 0 2 0 0 9 0 0 3 4 0 0 138310 0 0 0 0 0 0 0 0 8953 4371 0 0 0 0 0 0 174 186 0 0 94 0 0 0 0 0 0 0 0 0 0 1 0 3 0 0 4 0 0 0 0 0 0 0 0 0 0 0 0 0
5 102 6 4 9 24 4286 4 0 90 368 0 8 6 0 16 27 23 6 10 12 24 126014 1 3 0 0 0 3 0 0 7875 16399 0 0 0 0 0 0 154 725 540 0 346 0 0 0 0 0 0 0 0 0 0 4 4 2 0 0 9 24 0 0 0 0 1 0 0 0 0 0 0 0
5 106 6 4 13 36 4302 4 0 86 364 0 12 6 0 20 39 49 8 40 48 36 126373 1 0 0 0 0 3 0 0 7549 16059 0 0 0 0 0 0 134 1069 528 0 326 0 0 0 0 0 0 0 0 0 0 16 4 2 0 0 13 36 0 0 0 0 1 0 0 0 0 0 0 0
1 98 0 0 0 0 4652 0 0 101 0 0 0 0 0 0 0 0 0 0 0 0 142587 0 0 0 0 0 0 0 0 9325 0 0 0 0 0 0 0 181 0 0 0 0 0 0 0 0 0 0 0 0 0 0 0 0 3 0 0 0 0 0 0 0 0 0 0 0 0 0 0 0 0
2 99 0 1 5 0 4559 0 0 98 95 0 2 0 0 8 0 0 6 5 0 0 138309 0 0 0 0 0 0 0 0 8955 4372 0 0 0 0 0 0 173 185 0 0 93 0 0 0 0 0 0 0 0 0 0 1 0 3 0 0 5 0 0 0 0 0 0 0 0 0 0 0 0 0
2 99 0 1 1 0 4559 0 0 98 95 0 2 0 0 2 0 0 0 1 0 0 138313 0 0 0 0 0 0 0 0 8947 4368 0 0 0 0 0 0 177 189 0 0 97 0 0 0 0 0 0 0 0 0 0 1 0 3 0 0 1 0 0 0 0 0 0 0 0 0 0 0 0 0
5 99 5 5 7 13 4282 2 0 91 373 2 5 5 1 18 19 8 2 5 5 8 125836 0 0 0 4 0 0 2 3 8046 16665 1 0 0 0 0 0 160 454 457 0 357 0 0 0 0 0 0 0 0 0 0 2 2 2 92 0 7 13 0 0 0 0 0 2 2 0 0 0 0 0
3 100 0 3 9 0 4472 0 0 94 192 0 4 0 1 14 0 0 9 27 0 0 134210 0 0 0 0 0 0 9 0 8514 8573 0 0 0 0 0 0 158 359 0 0 179 0 0 0 0 0 0 0 0 0 0 6 0 2 92 0 9 0 0 0 0 0 0 4 0 0 0 0 0 0
2 99 0 1 4 0 4559 0 0 98 95 0 2 0 0 13 0 0 3 4 0 0 138310 0 0 0 0 0 0 0 0 8953 4371 0 0 0 0 0 0 174 186 0 0 94 0 0 0 0 0 0 0 0 0 0 1 0 3 0 0 4 0 0 0 0 0 0 0 0 0 0 0 0 0
2 101 0 1 7 0 4565 0 0 97 93 0 4 0 0 9 0 0 7 19 0 0 138491 0 2 0 0 0 0 0 0 8786 4190 0 0 0 0 0 0 165 365 0 0 88 0 0 0 0 0 0 0 0 0 0 5 0 2 0 0 7 0 0 0 0 0 1 0 0 0 0 0 0 0
3 100 1 2 7 4 4468 0 0 95 188 0 4 1 0 13 7 3 3 8 3 0 134123 0 0 0 0 1 0 0 0 8589 8560 0 0 0 0 0 0 166 367 92 0 183 0 0 0 0 0 0 0 0 0 0 3 0 3 0 0 7 4 0 0 0 0 0 0 0 0 0 0 0 0
3 99 1 2 10 3 4465 0 0 96 189 0 3 1 0 15 10 2 13 8 1 0 134028 0 0 0 0 0 0 0 0 8683 8654 0 0 0 0 0 0 166 273 93 0 182 0 0 0 0 0 0 0 0 0 0 1 0 3 0 0 10 3 0 0 0 0 0 0 0 0 0 0 0 0
7 101 14 7 14 45 4110 16 0 85 543 4 9 14 1 24 70 27 9 28 45 81 118072 9 0 0 0 0 0 0 9 7374 23810 6 0 0 0 0 0 135 787 1243 0 496 0 0 0 0 0 0 0 0 0 0 9 16 2 92 0 14 45 0 0 0 0 0 0 4 0 0 0 0 0
2 98 0 1 0 0 4557 0 0 99 96 0 1 0 0 0 0 0 0 0 0 0 138221 0 0 0 0 0 0 0 0 9036 4461 0 0 0 0 0 0 180 96 0 0 99 0 0 0 0 0 0 0 0 0 0 0 0 3 0 0 0 0 0 0 0 0 0 0 0 0 0 0 0 0
6 100 9 6 9 26 4197 7 0 88 460 3 7 9 1 11 32 14 4 16 27 31 121913 2 0 0 6 0 0 4 5 7708 20323 3 0 0 0 0 0 147 621 811 0 431 0 0 0 0 0 0 0 0 0 0 7 7 2 91 0 9 26 0 0 0 0 0 2 3 0 0 0 0 0
4 104 3 3 14 18 4385 1 0 89 276 0 9 3 0 20 28 27 11 28 18 9 130293 0 0 0 0 1 0 0 0 7976 12305 0 0 0 0 0 0 146 814 267 0 253 0 0 0 0 0 0 0 0 0 0 9 1 3 0 0 14 18 0 0 0 0 0 0 0 0 0 0 0 0
3 101 1 2 12 5 4470 0 0 94 187 0 5 1 0 21 12 6 13 19 4 0 134210 0 0 0 0 2 0 0 0 8509 8473 0 0 0 0 0 0 159 455 91 0 176 0 0 0 0 0 0 0 0 0 0 4 0 3 0 0 12 5 0 0 0 0 0 0 0 0 0 0 0 0
3 101 1 2 9 5 4470 0 0 94 187 0 5 1 0 14 9 6 10 17 4 0 134213 0 0 0 0 1 0 0 0 8503 8470 0 0 0 0 0 0 162 458 91 0 179 0 0 0 0 0 0 0 0 0 0 4 0 3 0 0 9 5 0 0 0 0 0 0 0 0 0 0 0 0
3 100 1 2 9 4 4467 0 0 96 188 0 4 1 0 14 9 3 9 9 2 0 134119 0 3 0 0 0 1 0 0 8595 8563 0 0 0 0 0 0 165 365 92 0 180 0 0 0 0 0 0 0 0 0 0 2 0 2 0 0 9 4 0 0 0 0 1 0 0 0 0 0 0 0
1 98 0 0 0 0 4652 0 0 101 0 0 0 0 0 0 0 0 0 0 0 0 142587 0 0 0 0 0 0 0 0 9325 0 0 0 0 0 0 0 181 0 0 0 0 0 0 0 0 0 0 0 0 0 0 0 0 3 0 0 0 0 0 0 0 0 0 0 0 0 0 0 0 0
3 101 1 2 9 5 4471 0 0 95 187 0 5 1 0 13 9 4 10 16 5 0 134211 0 2 0 0 0 1 0 0 8510 8473 0 0 0 0 0 0 161 454 91 0 178 0 0 0 0 0 0 0 0 0 0 5 0 2 0 0 9 5 0 0 0 0 1 0 0 0 0 0 0 0
3 98 1 2 1 2 4463 0 0 97 190 0 2 1 0 4 1 1 0 0 0 0 133945 0 0 0 0 0 0 0 0 8755 8737 0 0 0 0 0 0 177 189 94 0 193 0 0 0 0 0 0 0 0 0 0 0 0 3 0 0 1 2 0 0 0 0 0 0 0 0 0 0 0 0
2 98 0 1 0 0 4557 0 0 99 96 0 1 0 0 0 0 0 0 0 0 0 138221 0 0 0 0 0 0 0 0 9036 4461 0 0 0 0 0 0 180 96 0 0 99 0 0 0 0 0 0 0 0 0 0 0 0 3 0 0 0 0 0 0 0 0 0 0 0 0 0 0 0 0
3 100 1 2 3 4 4467 0 0 95 188 0 4 1 0 4 3 4 3 3 2 0 134127 0 0 0 0 0 0 0 0 8579 8555 0 0 0 0 0 0 171 373 92 0 187 0 0 0 0 0 0 0 0 0 0 2 0 3 0 0 3 4 0 0 0 0 0 0 0 0 0 0 0 0
4 100 3 3 8 10 4378 1 0 93 280 0 5 3 0 21 16 4 5 18 12 5 129935 0 0 0 0 0 0 0 0 8322 12660 0 0 0 0 0 0 159 450 275 0 271 0 0 0 0 0 0 0 0 0 0 6 1 3 0 0 8 10 0 0 0 0 0 0 0 0 0 0 0 0
6 100 10 5 12 28 4191 10 0 89 458 0 7 10 0 21 48 19 9 9 8 42 121823 5 0 0 0 0 0 0 0 7790 20315 0 0 0 0 0 0 150 628 902 0 433 0 0 0 0 0 0 0 0 0 0 2 10 3 0 0 12 28 0 0 0 0 0 0 0 0 0 0 0 0
2 100 0 1 8 0 4562 0 0 97 94 0 3 0 0 14 0 0 10 16 0 0 138399 0 0 0 0 1 0 0 0 8872 4282 0 0 0 0 0 0 167 274 0 0 89 0 0 0 0 0 0 0 0 0 0 3 0 3 0 0 8 0 0 0 0 0 0 0 0 0 0 0 0 0
3 101 1 2 9 5 4472 0 0 94 187 0 5 1 0 16 9 4 5 18 6 0 134214 0 0 0 0 0 0 0 0 8507 8472 0 0 0 0 0 0 160 454 91 0 179 0 0 0 0 0 0 0 0 0 0 6 0 3 0 0 9 5 0 0 0 0 0 0 0 0 0 0 0 0
3 101 1 2 10 5 4469 0 0 95 187 0 5 1 0 15 10 6 8 12 3 0 134210 0 2 0 0 0 1 0 0 8507 8472 0 0 0 0 0 0 162 457 91 0 177 0 0 0 0 0 0 0 0 0 0 3 0 2 0 0 10 5 0 0 0 0 1 0 0 0 0 0 0 0
3 100 1 2 8 4 4468 0 0 95 188 0 4 1 0 13 8 3 7 8 3 0 134122 0 0 0 0 0 0 0 0 8591 8561 0 0 0 0 0 0 165 366 92 0 182 0 0 0 0 0 0 0 0 0 0 3 0 3 0 0 8 4 0 0 0 0 0 0 0 0 0 0 0 0
3 101 1 2 6 5 4469 0 0 95 187 0 5 1 0 14 6 6 4 7 3 0 134214 0 2 0 0 0 1 0 0 8499 8468 0 0 0 0 0 0 166 461 91 0 181 0 0 0 0 0 0 0 0 0 0 3 0 2 0 0 6 5 0 0 0 0 1 0 0 0 0 0 0 0
3 99 1 2 4 3 4467 0 0 96 189 0 3 1 0 8 4 0 1 8 3 0 134033 0 0 0 0 0 0 0 0 8675 8650 0 0 0 0 0 0 170 275 93 0 188 0 0 0 0 0 0 0 0 0 0 3 0 3 0 0 4 3 0 0 0 0 0 0 0 0 0 0 0 0
4 104 3 3 12 18 4388 1 0 89 276 0 9 3 0 19 24 24 5 33 24 9 130297 0 0 0 0 0 0 0 0 7978 12306 0 0 0 0 0 0 145 810 267 0 255 0 0 0 0 0 0 0 0 0 0 12 1 3 0 0 12 18 0 0 0 0 0 0 0 0 0 0 0 0
5 101 5 5 11 18 4288 2 0 89 372 2 7 5 1 13 28 15 8 20 15 11 126011 0 0 0 6 0 0 5 4 7884 16497 1 0 0 0 0 0 149 628 452 0 345 0 0 0 0 0 0 0 0 0 0 6 2 2 91 0 11 18 0 0 0 0 0 3 2 0 0 0 0 0
4 99 3 3 6 8 4374 1 0 94 281 0 4 3 0 6 12 3 2 8 6 4 129845 0 0 0 0 0 0 0 0 8403 12746 0 0 0 0 0 0 165 364 277 0 276 0 0 0 0 0 0 0 0 0 0 3 1 3 0 0 6 8 0 0 0 0 0 0 0 0 0 0 0 0
1 98 0 0 0 0 4652 0 0 101 0 0 0 0 0 0 0 0 0 0 0 0 142587 0 0 0 0 0 0 0 0 9325 0 0 0 0 0 0 0 181 0 0 0 0 0 0 0 0 0 0 0 0 0 0 0 0 3 0 0 0 0 0 0 0 0 0 0 0 0 0 0 0 0
3 100 0 3 5 0 4468 0 0 94 192 0 4 0 1 8 0 0 1 5 0 0 134214 0 0 4 0 0 0 5 0 8498 8561 0 0 0 0 0 0 166 371 0 0 183 0 0 0 0 0 0 0 0 0 0 2 0 2 92 0 5 0 0 0 0 0 0 4 0 0 0 0 0 0
2 99 0 1 2 0 4559 0 0 98 95 0 2 0 0 4 0 0 0 2 0 0 138312 0 0 0 0 0 0 0 0 8949 4369 0 0 0 0 0 0 176 188 0 0 96 0 0 0 0 0 0 0 0 0 0 1 0 3 0 0 2 0 0 0 0 0 0 0 0 0 0 0 0 0
2 99 0 1 1 0 4559 0 0 98 95 0 2 0 0 2 0 0 0 1 0 0 138313 0 0 0 0 0 0 0 0 8947 4368 0 0 0 0 0 0 177 189 0 0 97 0 0 0 0 0 0 0 0 0 0 1 0 3 0 0 1 0 0 0 0 0 0 0 0 0 0 0 0 0
3 100 1 2 14 4 4468 0 0 95 188 0 4 1 0 15 14 3 18 22 3 0 134116 0 0 0 0 2 0 0 0 8603 8567 0 0 0 0 0 0 159 360 92 0 176 0 0 0 0 0 0 0 0 0 0 3 0 3 0 0 14 4 0 0 0 0 0 0 0 0 0 0 0 0
3 101 1 2 9 5 4472 0 0 94 187 0 5 1 0 15 9 4 6 21 6 0 134214 0 0 0 0 0 0 0 0 8507 8472 0 0 0 0 0 0 160 454 91 0 179 0 0 0 0 0 0 0 0 0 0 6 0 3 0 0 9 5 0 0 0 0 0 0 0 0 0 0 0 0
2 102 0 1 9 0 4570 0 0 96 92 0 5 0 0 14 0 0 9 36 0 0 138584 0 0 0 0 0 0 0 0 8706 4101 0 0 0 0 0 0 158 451 0 0 85 0 0 0 0 0 0 0 0 0 0 9 0 2 0 0 9 0 0 0 0 0 1 0 0 0 0 0 0 0
5 99 6 4 8 15 4280 4 0 92 371 0 5 6 0 18 24 9 6 6 3 15 125747 1 0 0 0 0 0 0 0 8133 16660 0 0 0 0 0 0 161 455 549 0 360 0 0 0 0 0 0 0 0 0 0 1 4 3 0 0 8 15 0 0 0 0 0 0 0 0 0 0 0 0
2 98 0 1 1 0 4557 0 0 99 96 0 1 0 0 4 0 0 0 0 0 0 138220 0 0 0 0 0 0 0 0 9038 4462 0 0 0 0 0 0 179 95 0 0 98 0 0 0 0 0 0 0 0 0 0 0 0 3 0 0 1 0 0 0 0 0 0 0 0 0 0 0 0 0
1 98 0 0 0 0 4652 0 0 101 0 0 0 0 0 0 0 0 0 0 0 0 142587 0 0 0 0 0 0 0 0 9325 0 0 0 0 0 0 0 181 0 0 0 0 0 0 0 0 0 0 0 0 0 0 0 0 3 0 0 0 0 0 0 0 0 0 0 0 0 0 0 0 0
2 99 0 1 4 0 4559 0 0 98 95 0 2 0 0 6 0 0 3 4 0 0 138310 0 0 0 0 0 0 0 0 8953 4371 0 0 0 0 0 0 174 186 0 0 94 0 0 0 0 0 0 0 0 0 0 1 0 3 0 0 4 0 0 0 0 0 0 0 0 0 0 0 0 0
2 97 0 1 0 0 4556 0 0 100 97 0 0 0 0 0 0 0 0 0 0 0 138127 0 0 0 0 0 0 0 0 9129 4556 0 0 0 0 0 0 181 0 0 0 100 0 0 0 0 0 0 0 0 0 0 0 0 3 0 0 0 0 0 0 0 0 0 0 0 0 0 0 0 0
5 100 6 4 7 18 4282 4 0 91 370 0 6 6 0 19 21 13 3 5 6 18 125838 1 0 0 0 0 0 0 0 8043 16571 0 0 0 0 0 0 160 547 546 0 357 0 0 0 0 0 0 0 0 0 0 2 4 3 0 0 7 18 0 0 0 0 0 0 0 0 0 0 0 0
3 98 1 2 5 2 4463 0 0 97 190 0 2 1 0 6 5 1 6 0 0 0 133941 0 0 0 0 0 0 0 0 8763 8741 0 0 0 0 0 0 173 185 94 0 189 0 0 0 0 0 0 0 0 0 0 0 0 3 0 0 5 2 0 0 0 0 0 0 0 0 0 0 0 0
1 98 0 0 0 0 4652 0 0 101 0 0 0 0 0 0 0 0 0 0 0 0 142587 0 0 0 0 0 0 0 0 9325 0 0 0 0 0 0 0 181 0 0 0 0 0 0 0 0 0 0 0 0 0 0 0 0 3 0 0 0 0 0 0 0 0 0 0 0 0 0 0 0 0
2 98 0 1 4 0 4557 0 0 99 96 0 1 0 0 7 0 0 6 0 0 0 138217 0 0 0 0 0 0 0 0 9044 4465 0 0 0 0 0 0 176 92 0 0 95 0 0 0 0 0 0 0 0 0 0 0 0 3 0 0 4 0 0 0 0 0 0 0 0 0 0 0 0 0
2 97 0 1 0 0 4556 0 0 100 97 0 0 0 0 0 0 0 0 0 0 0 138127 0 0 0 0 0 0 0 0 9129 4556 0 0 0 0 0 0 181 0 0 0 100 0 0 0 0 0 0 0 0 0 0 0 0 3 0 0 0 0 0 0 0 0 0 0 0 0 0 0 0 0
6 101 10 5 5 32 4196 10 0 89 457 0 8 10 0 6 20 21 1 8 24 48 121916 5 2 0 0 0 4 0 0 7700 20227 0 0 0 0 0 0 152 717 898 0 434 0 0 0 0 0 0 0 0 0 0 6 10 2 0 0 5 32 0 0 0 0 1 0 0 0 0 0 0 0
4 101 3 3 12 12 4376 1 0 93 279 0 6 3 0 23 24 11 10 10 6 6 130020 0 2 0 0 0 2 0 0 8237 12572 0 0 0 0 0 0 157 544 273 0 263 0 0 0 0 0 0 0 0 0 0 3 1 2 0 0 12 12 0 0 0 0 1 0 0 0 0 0 0 0
5 98 5 5 6 10 4280 2 0 92 374 2 4 5 1 11 15 5 2 3 2 6 125747 0 0 0 4 0 0 3 2 8132 16752 1 0 0 0 0 0 163 364 460 0 362 0 0 0 0 0 0 0 0 0 0 1 2 2 92 0 6 10 0 0 0 0 0 2 2 0 0 0 0 0
3 97 1 2 1 1 4462 0 0 98 191 0 1 1 0 1 1 0 0 0 0 0 133852 0 0 0 0 0 0 0 0 8847 8830 0 0 0 0 0 0 178 94 95 0 195 0 0 0 0 0 0 0 0 0 0 0 0 3 0 0 1 1 0 0 0 0 0 0 0 0 0 0 0 0
3 101 1 2 7 5 4472 0 0 94 187 0 5 1 0 12 7 4 2 18 6 0 134216 0 0 0 0 0 0 0 0 8503 8470 0 0 0 0 0 0 162 456 91 0 181 0 0 0 0 0 0 0 0 0 0 6 0 3 0 0 7 5 0 0 0 0 0 0 0 0 0 0 0 0
4 99 3 3 13 8 4374 1 0 94 281 0 4 3 0 15 26 3 17 20 6 4 129838 0 0 0 0 2 0 0 0 8417 12753 0 0 0 0 0 0 158 357 277 0 269 0 0 0 0 0 0 0 0 0 0 3 1 3 0 0 13 8 0 0 0 0 0 0 0 0 0 0 0 0
2 98 0 1 3 0 4557 0 0 99 96 0 1 0 0 7 0 0 3 0 0 0 138218 0 0 0 0 0 0 0 0 9042 4464 0 0 0 0 0 0 177 93 0 0 96 0 0 0 0 0 0 0 0 0 0 0 0 3 0 0 3 0 0 0 0 0 0 0 0 0 0 0 0 0
5 103 6 4 15 27 4293 4 0 89 367 0 9 6 0 23 45 25 12 29 30 27 126100 1 0 0 0 0 3 0 0 7811 16322 0 0 0 0 0 0 141 800 537 0 336 0 0 0 0 0 0 0 0 0 0 10 4 2 0 0 15 27 0 0 0 0 1 0 0 0 0 0 0 0
3 99 1 2 7 3 4467 0 0 96 189 0 3 1 0 9 7 0 4 14 3 0 134030 0 0 0 0 1 0 0 0 8681 8653 0 0 0 0 0 0 167 272 93 0 185 0 0 0 0 0 0 0 0 0 0 3 0 3 0 0 7 3 0 0 0 0 0 0 0 0 0 0 0 0
3 100 0 3 9 0 4472 0 0 94 192 0 4 0 1 14 0 0 9 27 0 0 134210 0 0 0 0 0 0 9 0 8514 8573 0 0 0 0 0 0 158 359 0 0 179 0 0 0 0 0 0 0 0 0 0 6 0 2 92 0 9 0 0 0 0 0 0 4 0 0 0 0 0 0
4 102 3 3 13 14 4380 1 0 91 278 0 7 3 0 12 26 15 6 20 12 7 130112 0 0 0 0 2 0 0 0 8150 12483 0 0 0 0 0 0 152 633 271 0 260 0 0 0 0 0 0 0 0 0 0 6 1 3 0 0 13 14 0 0 0 0 0 0 0 0 0 0 0 0
3 100 1 2 6 4 4467 0 0 96 188 0 4 1 0 16 6 3 4 4 2 0 134122 0 2 0 0 0 1 0 0 8589 8560 0 0 0 0 0 0 168 368 92 0 183 0 0 0 0 0 0 0 0 0 0 2 0 2 0 0 6 4 0 0 0 0 1 0 0 0 0 0 0 0
3 99 1 2 6 3 4465 0 0 96 189 0 3 1 0 14 6 2 7 4 1 0 134032 0 0 0 0 0 0 0 0 8675 8650 0 0 0 0 0 0 170 277 93 0 186 0 0 0 0 0 0 0 0 0 0 1 0 3 0 0 6 3 0 0 0 0 0 0 0 0 0 0 0 0
1 98 0 0 0 0 4652 0 0 101 0 0 0 0 0 0 0 0 0 0 0 0 142587 0 0 0 0 0 0 0 0 9325 0 0 0 0 0 0 0 181 0 0 0 0 0 0 0 0 0 0 0 0 0 0 0 0 3 0 0 0 0 0 0 0 0 0 0 0 0 0 0 0 0
1 98 0 0 0 0 4652 0 0 101 0 0 0 0 0 0 0 0 0 0 0 0 142587 0 0 0 0 0 0 0 0 9325 0 0 0 0 0 0 0 181 0 0 0 0 0 0 0 0 0 0 0 0 0 0 0 0 3 0 0 0 0 0 0 0 0 0 0 0 0 0 0 0 0
2 97 0 1 0 0 4556 0 0 100 97 0 0 0 0 0 0 0 0 0 0 0 138127 0 0 0 0 0 0 0 0 9129 4556 0 0 0 0 0 0 181 0 0 0 100 0 0 0 0 0 0 0 0 0 0 0 0 3 0 0 0 0 0 0 0 0 0 0 0 0 0 0 0 0
3 96 1 2 0 0 4461 0 0 99 192 0 0 1 0 0 0 0 0 0 0 0 133760 0 0 0 0 0 0 0 0 8937 8922 0 0 0 0 0 0 180 0 96 0 198 0 0 0 0 0 0 0 0 0 0 0 0 3 0 0 0 0 0 0 0 0 0 0 0 0 0 0 0 0
4 100 3 3 7 10 4378 1 0 93 280 0 5 3 0 6 14 4 5 18 12 5 129936 0 0 0 0 1 0 0 0 8320 12659 0 0 0 0 0 0 160 451 275 0 272 0 0 0 0 0 0 0 0 0 0 6 1 3 0 0 7 10 0 0 0 0 0 0 0 0 0 0 0 0
3 101 1 2 7 5 4472 0 0 94 187 0 5 1 0 4 7 4 6 21 6 0 134216 0 0 0 0 1 0 0 0 8503 8470 0 0 0 0 0 0 162 456 91 0 181 0 0 0 0 0 0 0 0 0 0 6 0 3 0 0 7 5 0 0 0 0 0 0 0 0 0 0 0 0
5 101 6 4 16 21 4284 4 0 90 369 0 7 6 0 27 48 18 16 16 9 21 125919 1 0 0 0 0 0 0 0 7973 16492 0 0 0 0 0 0 149 629 543 0 344 0 0 0 0 0 0 0 0 0 0 3 4 3 0 0 16 21 0 0 0 0 0 0 0 0 0 0 0 0
2 98 0 1 3 0 4557 0 0 99 96 0 1 0 0 4 0 0 3 0 0 0 138218 0 0 0 0 0 0 0 0 9042 4464 0 0 0 0 0 0 177 93 0 0 96 0 0 0 0 0 0 0 0 0 0 0 0 3 0 0 3 0 0 0 0 0 0 0 0 0 0 0 0 0
1 98 0 0 0 0 4652 0 0 101 0 0 0 0 0 0 0 0 0 0 0 0 142587 0 0 0 0 0 0 0 0 9325 0 0 0 0 0 0 0 181 0 0 0 0 0 0 0 0 0 0 0 0 0 0 0 0 3 0 0 0 0 0 0 0 0 0 0 0 0 0 0 0 0
2 98 0 1 1 0 4557 0 0 99 96 0 1 0 0 1 0 0 0 0 0 0 138220 0 0 0 0 0 0 0 0 9038 4462 0 0 0 0 0 0 179 95 0 0 98 0 0 0 0 0 0 0 0 0 0 0 0 3 0 0 1 0 0 0 0 0 0 0 0 0 0 0 0 0
3 100 1 2 9 4 4468 0 0 95 188 0 4 1 0 12 9 3 8 10 3 0 134121 0 0 0 0 0 0 0 0 8593 8562 0 0 0 0 0 0 164 365 92 0 181 0 0 0 0 0 0 0 0 0 0 3 0 3 0 0 9 4 0 0 0 0 0 0 0 0 0 0 0 0
4 103 3 3 12 16 4384 1 0 90 277 0 8 3 0 23 24 19 4 25 18 8 130205 0 0 0 0 0 0 0 0 8063 12394 0 0 0 0 0 0 149 722 269 0 258 0 0 0 0 0 0 0 0 0 0 9 1 3 0 0 12 16 0 0 0 0 0 0 0 0 0 0 0 0
2 101 0 1 8 0 4566 0 0 96 93 0 4 0 0 15 0 0 5 24 0 0 138493 0 0 0 0 0 0 0 0 8785 4190 0 0 0 0 0 0 163 364 0 0 88 0 0 0 0 0 0 0 0 0 0 6 0 3 0 0 8 0 0 0 0 0 0 0 0 0 0 0 0 0
3 101 0 3 9 0 4471 0 0 93 192 0 5 0 1 11 0 0 9 14 0 0 134301 0 0 6 0 0 0 9 0 8420 8476 0 0 0 0 0 0 158 458 0 0 177 0 0 0 0 0 0 0 0 0 0 4 0 2 91 0 9 0 0 0 0 0 0 5 0 0 0 0 0 0
3 100 1 2 7 4 4471 0 0 95 188 0 4 1 0 5 7 0 6 21 6 0 134123 0 0 0 0 1 0 0 0 8595 8563 0 0 0 0 0 0 163 361 92 0 183 0 0 0 0 0 0 0 0 0 0 6 0 3 0 0 7 4 0 0 0 0 0 0 0 0 0 0 0 0
2 97 0 1 0 0 4556 0 0 100 97 0 0 0 0 0 0 0 0 0 0 0 138127 0 0 0 0 0 0 0 0 9129 4556 0 0 0 0 0 0 181 0 0 0 100 0 0 0 0 0 0 0 0 0 0 0 0 3 0 0 0 0 0 0 0 0 0 0 0 0 0 0 0 0
2 101 0 1 8 0 4566 0 0 96 93 0 4 0 0 5 0 0 6 24 0 0 138493 0 0 0 0 1 0 0 0 8785 4190 0 0 0 0 0 0 163 364 0 0 88 0 0 0 0 0 0 0 0 0 0 6 0 3 0 0 8 0 0 0 0 0 0 0 0 0 0 0 0 0
2 98 0 1 3 0 4557 0 0 99 96 0 1 0 0 6 0 0 3 0 0 0 138218 0 0 0 0 0 0 0 0 9042 4464 0 0 0 0 0 0 177 93 0 0 96 0 0 0 0 0 0 0 0 0 0 0 0 3 0 0 3 0 0 0 0 0 0 0 0 0 0 0 0 0
3 100 1 2 9 4 4468 0 0 95 188 0 4 1 0 12 9 3 7 10 3 0 134121 0 0 0 0 1 0 0 0 8593 8562 0 0 0 0 0 0 164 365 92 0 181 0 0 0 0 0 0 0 0 0 0 3 0 3 0 0 9 4 0 0 0 0 0 0 0 0 0 0 0 0
3 101 1 2 9 5 4472 0 0 94 187 0 5 1 0 15 9 4 5 18 6 0 134214 0 0 0 0 0 0 0 0 8507 8472 0 0 0 0 0 0 160 454 91 0 179 0 0 0 0 0 0 0 0 0 0 6 0 3 0 0 9 5 0 0 0 0 0 0 0 0 0 0 0 0
5 102 6 4 14 24 4292 4 0 90 368 0 8 6 0 24 42 17 13 30 30 24 126010 1 0 0 0 0 3 0 0 7899 16410 0 0 0 0 0 0 143 708 540 0 341 0 0 0 0 0 0 0 0 0 0 10 4 2 0 0 14 24 0 0 0 0 1 0 0 0 0 0 0 0
3 97 1 2 4 1 4462 0 0 98 191 0 1 1 0 7 4 0 6 0 0 0 133849 0 0 0 0 0 0 0 0 8853 8833 0 0 0 0 0 0 175 91 95 0 192 0 0 0 0 0 0 0 0 0 0 0 0 3 0 0 4 1 0 0 0 0 0 0 0 0 0 0 0 0
4 99 3 3 9 8 4374 1 0 94 281 0 4 3 0 16 18 3 6 12 6 4 129842 0 0 0 0 1 0 0 0 8409 12749 0 0 0 0 0 0 162 361 277 0 273 0 0 0 0 0 0 0 0 0 0 3 1 3 0 0 9 8 0 0 0 0 0 0 0 0 0 0 0 0
3 99 1 2 6 3 4467 0 0 96 189 0 3 1 0 16 6 0 3 12 3 0 134031 0 0 0 0 0 0 0 0 8679 8652 0 0 0 0 0 0 168 273 93 0 186 0 0 0 0 0 0 0 0 0 0 3 0 3 0 0 6 3 0 0 0 0 0 0 0 0 0 0 0 0
