99 0 4750 101 0 0 0 147250 0 0 0 9402 0 196 1 0 0 0 0 0 0 0 0 3317488 0 0 0 0 0 0 0 0 0 424100 0 0 0 0 0 0 0 0 17721 0 4494 0 0 0 0 0 0 0 0 0 0 127 0 0 89 0 0 350 0 0 0 0 0 7 0 0 0 0 0
5 99 6 4 4 15 4282 4 0 92 371 0 5 6 0 10 12 7 1 2 9 15 125761 1 0 0 0 0 0 0 0 8105 16658 0 0 0 0 0 0 178 455 549 0 364 0 0 0 0 0 0 0 0 0 0 3 4 1 0 0 4 15 0 0 0 0 0 0 0 0 0 0 0 0
3 101 1 2 9 5 4472 0 0 94 187 0 5 1 0 27 9 4 8 15 6 0 134225 0 0 0 0 0 0 0 0 8483 8472 0 0 0 0 0 0 175 454 91 0 179 0 0 0 0 0 0 0 0 0 0 6 0 1 0 0 9 5 0 0 0 0 0 0 0 0 0 0 0 0
2 102 0 1 6 0 4571 0 0 95 92 0 5 0 0 15 0 0 6 24 0 0 138602 0 0 0 0 0 0 0 0 8672 4097 0 0 0 0 0 0 175 454 0 0 89 0 0 0 0 0 0 0 0 0 0 10 0 1 0 0 6 0 0 0 0 0 0 0 0 0 0 0 0 0
2 97 0 1 0 0 4556 0 0 100 97 0 0 0 0 0 0 0 0 0 0 0 138138 0 0 0 0 0 0 0 0 9105 4556 0 0 0 0 0 0 196 0 0 0 100 0 0 0 0 0 0 0 0 0 0 0 0 1 0 0 0 0 0 0 0 0 0 0 0 0 0 0 0 0
2 98 0 1 1 0 4557 0 0 99 96 0 1 0 0 0 0 0 0 0 0 0 138231 0 0 0 0 0 0 0 0 9014 4462 0 0 0 0 0 0 194 95 0 0 98 0 0 0 0 0 0 0 0 0 0 0 0 1 0 0 1 0 0 0 0 0 0 0 0 0 0 0 0 0
5 98 6 4 9 12 4279 4 0 93 372 0 4 6 0 19 27 5 10 3 3 12 125666 1 0 0 0 0 0 0 0 8201 16750 0 0 0 0 0 0 176 361 552 0 363 0 0 0 0 0 0 0 0 0 0 1 4 1 0 0 9 12 0 0 0 0 0 0 0 0 0 0 0 0
2 102 0 1 6 0 4571 0 0 95 92 0 5 0 0 15 0 0 6 24 0 0 138602 0 0 0 0 0 0 0 0 8672 4097 0 0 0 0 0 0 175 454 0 0 89 0 0 0 0 0 0 0 0 0 0 10 0 1 0 0 6 0 0 0 0 0 0 0 0 0 0 0 0 0
5 101 6 4 18 21 4288 4 0 90 369 0 7 6 0 27 54 14 24 35 21 21 125928 1 0 0 0 0 0 0 0 7961 16498 0 0 0 0 0 0 158 619 543 0 342 0 0 0 0 0 0 0 0 0 0 7 4 1 0 0 18 21 0 0 0 0 0 0 0 0 0 0 0 0
2 102 0 1 11 0 4571 0 0 95 92 0 5 0 0 27 0 0 13 44 0 0 138597 0 0 0 0 0 0 0 0 8682 4102 0 0 0 0 0 0 170 449 0 0 84 0 0 0 0 0 0 0 0 0 0 10 0 1 0 0 11 0 0 0 0 0 0 0 0 0 0 0 0 0
2 100 0 1 7 0 4562 0 0 97 94 0 3 0 0 18 0 0 7 14 0 0 138411 0 0 0 0 0 0 0 0 8846 4281 0 0 0 0 0 0 183 275 0 0 90 0 0 0 0 0 0 0 0 0 0 3 0 1 0 0 7 0 0 0 0 0 0 0 0 0 0 0 0 0
3 101 1 2 8 5 4470 0 0 94 187 0 5 1 0 10 6 5 4 12 4 0 134225 0 0 0 0 0 0 0 0 8477 8469 0 1 0 0 0 0 178 459 91 0 180 0 0 0 0 0 0 0 0 0 0 4 0 1 0 0 8 5 0 0 0 0 0 0 0 0 0 0 0 0
4 100 3 3 9 10 4375 1 0 93 280 0 5 3 0 21 16 6 9 10 6 5 129945 0 0 0 0 0 0 0 0 8294 12658 0 1 0 0 0 0 176 455 275 0 270 0 0 0 0 0 0 0 0 0 0 3 1 1 0 0 9 10 0 0 0 0 0 0 0 0 0 0 0 0
3 101 1 2 18 5 4472 0 0 94 187 0 5 1 0 20 18 4 29 42 6 0 134216 0 0 0 0 0 0 0 0 8501 8481 0 0 0 0 0 0 166 445 91 0 170 0 0 0 0 0 0 0 0 0 0 6 0 1 0 0 18 5 0 0 0 0 0 0 0 0 0 0 0 0
4 107 3 3 16 24 4398 1 0 86 273 0 12 3 0 32 32 47 14 54 38 12 130580 0 0 0 0 0 0 0 0 7703 12044 0 0 0 0 0 0 146 1074 261 0 242 0 0 0 0 0 0 0 0 0 0 19 1 1 0 0 16 24 0 0 0 0 0 0 0 0 0 0 0 0
2 97 0 1 0 0 4556 0 0 100 97 0 0 0 0 0 0 0 0 0 0 0 138138 0 0 0 0 0 0 0 0 9105 4556 0 0 0 0 0 0 196 0 0 0 100 0 0 0 0 0 0 0 0 0 0 0 0 1 0 0 0 0 0 0 0 0 0 0 0 0 0 0 0 0
3 100 1 2 8 4 4467 0 0 95 188 0 4 1 0 14 8 4 7 8 2 0 134133 0 0 0 0 0 0 0 0 8565 8560 0 0 0 0 0 0 181 368 92 0 182 0 0 0 0 0 0 0 0 0 0 2 0 1 0 0 8 4 0 0 0 0 0 0 0 0 0 0 0 0
4 99 3 3 8 8 4372 1 0 94 281 0 4 3 0 15 16 5 5 4 2 4 129855 0 0 0 0 0 0 0 0 8379 12746 0 0 0 0 0 0 180 366 277 0 274 0 0 0 0 0 0 0 0 0 0 1 1 1 0 0 8 8 0 0 0 0 0 0 0 0 0 0 0 0
7 103 15 6 27 55 4115 20 0 84 541 0 11 15 0 30 135 42 29 64 65 110 118160 15 0 0 0 0 0 0 0 7297 23651 0 0 0 0 0 0 130 948 1325 0 477 0 0 0 0 0 0 0 0 0 0 13 20 1 0 0 27 55 0 0 0 0 0 0 0 0 0 0 0 0
2 99 0 1 4 0 4559 0 0 98 95 0 2 0 0 10 0 0 2 4 0 0 138321 0 0 0 0 0 0 0 0 8929 4371 0 0 0 0 0 0 189 186 0 0 94 0 0 0 0 0 0 0 0 0 0 1 0 1 0 0 4 0 0 0 0 0 0 0 0 0 0 0 0 0
2 101 0 1 6 0 4566 0 0 96 93 0 4 0 0 14 0 0 2 18 0 0 138506 0 0 0 0 0 0 0 0 8757 4188 0 0 0 0 0 0 180 366 0 0 90 0 0 0 0 0 0 0 0 0 0 6 0 1 0 0 6 0 0 0 0 0 0 0 0 0 0 0 0 0
6 107 10 5 21 56 4213 10 0 82 451 0 14 10 0 40 82 73 18 48 68 84 122452 5 0 0 0 1 0 0 0 7191 19730 0 1 0 0 0 0 134 1233 874 0 389 0 0 0 0 0 0 0 0 0 0 17 10 1 0 0 21 56 0 0 0 0 0 0 0 0 0 0 0 0
4 101 3 3 8 12 4377 1 0 92 279 0 6 3 0 20 16 11 4 8 8 6 130037 0 0 0 0 0 0 0 0 8203 12567 0 0 0 0 0 0 175 548 273 0 268 0 0 0 0 0 0 0 0 0 0 4 1 1 0 0 8 12 0 0 0 0 0 0 0 0 0 0 0 0
4 99 3 3 10 8 4373 1 0 94 281 0 4 3 0 14 18 3 8 10 4 4 129852 0 0 0 0 2 0 0 0 8385 12749 0 1 0 0 0 0 177 362 277 0 272 0 0 0 0 0 0 0 0 0 0 2 1 1 0 0 10 8 0 0 0 0 0 0 0 0 0 0 0 0
1 98 0 0 0 0 4652 0 0 101 0 0 0 0 0 0 0 0 0 0 0 0 142598 0 0 0 0 0 0 0 0 9301 0 0 0 0 0 0 0 196 0 0 0 0 0 0 0 0 0 0 0 0 0 0 0 0 1 0 0 0 0 0 0 0 0 0 0 0 0 0 0 0 0
3 102 1 2 19 6 4474 0 0 93 186 0 6 1 0 20 19 8 29 47 7 0 134307 0 0 0 0 0 0 0 0 8413 8390 0 0 0 0 0 0 163 537 90 0 167 0 0 0 0 0 0 0 0 0 0 7 0 1 0 0 19 6 0 0 0 0 0 0 0 0 0 0 0 0
3 97 1 2 0 1 4462 0 0 98 191 0 1 1 0 0 0 0 0 0 0 0 133864 0 0 0 0 0 0 0 0 8821 8829 0 0 0 0 0 0 194 95 95 0 196 0 0 0 0 0 0 0 0 0 0 0 0 1 0 0 0 1 0 0 0 0 0 0 0 0 0 0 0 0
3 100 1 2 7 4 4467 0 0 95 188 0 4 1 0 17 7 4 4 7 2 0 134134 0 0 0 0 0 0 0 0 8563 8559 0 0 0 0 0 0 182 369 92 0 183 0 0 0 0 0 0 0 0 0 0 2 0 1 0 0 7 4 0 0 0 0 0 0 0 0 0 0 0 0
3 100 1 2 5 4 4467 0 0 96 188 0 4 1 0 7 5 3 4 5 2 0 134134 0 5 0 0 0 1 0 0 8563 8559 0 0 0 0 0 0 184 369 92 0 184 0 0 0 0 0 0 0 0 0 0 2 0 0 0 0 5 4 0 0 0 0 1 0 0 0 0 0 0 0
3 98 1 2 5 2 4463 0 0 97 190 0 2 1 0 6 5 1 4 0 0 0 133952 0 0 0 0 0 0 0 0 8739 8741 0 0 0 0 0 0 188 185 94 0 189 0 0 0 0 0 0 0 0 0 0 0 0 1 0 0 5 2 0 0 0 0 0 0 0 0 0 0 0 0
1 98 0 0 0 0 4652 0 0 101 0 0 0 0 0 0 0 0 0 0 0 0 142598 0 0 0 0 0 0 0 0 9301 0 0 0 0 0 0 0 196 0 0 0 0 0 0 0 0 0 0 0 0 0 0 0 0 1 0 0 0 0 0 0 0 0 0 0 0 0 0 0 0 0
2 99 0 1 3 0 4559 0 0 98 95 0 2 0 0 6 0 0 3 3 0 0 138322 0 0 0 0 0 0 0 0 8927 4370 0 0 0 0 0 0 190 187 0 0 95 0 0 0 0 0 0 0 0 0 0 1 0 1 0 0 3 0 0 0 0 0 0 0 0 0 0 0 0 0
3 98 1 2 5 2 4464 0 0 97 190 0 2 1 0 7 5 0 3 5 1 0 133951 0 0 0 0 1 0 0 0 8741 8742 0 0 0 0 0 0 187 183 94 0 189 0 0 0 0 0 0 0 0 0 0 1 0 1 0 0 5 2 0 0 0 0 0 0 0 0 0 0 0 0
2 99 0 1 6 0 4559 0 0 98 95 0 2 0 0 5 0 0 6 6 0 0 138319 0 0 0 0 0 0 0 0 8933 4373 0 0 0 0 0 0 187 184 0 0 92 0 0 0 0 0 0 0 0 0 0 1 0 1 0 0 6 0 0 0 0 0 0 0 0 0 0 0 0 0
4 99 3 3 9 8 4372 1 0 94 281 0 4 3 0 9 18 5 13 1 2 4 129854 0 0 0 0 0 0 0 0 8381 12747 0 0 0 0 0 0 179 365 277 0 273 0 0 0 0 0 0 0 0 0 0 1 1 1 0 0 9 8 0 0 0 0 0 0 0 0 0 0 0 0
6 102 9 6 13 32 4198 7 0 86 460 3 9 9 1 19 45 24 10 19 22 37 122096 2 0 4 12 0 0 3 5 7516 20153 3 2 0 0 0 0 155 803 805 0 417 0 0 0 0 0 0 0 0 0 0 6 7 0 89 0 13 32 0 0 0 0 0 4 3 0 0 0 0 0
1 98 0 0 0 0 4652 0 0 101 0 0 0 0 0 0 0 0 0 0 0 0 142598 0 0 0 0 0 0 0 0 9301 0 0 0 0 0 0 0 196 0 0 0 0 0 0 0 0 0 0 0 0 0 0 0 0 1 0 0 0 0 0 0 0 0 0 0 0 0 0 0 0 0
2 97 0 1 0 0 4556 0 0 100 97 0 0 0 0 0 0 0 0 0 0 0 138138 0 0 0 0 0 0 0 0 9105 4556 0 0 0 0 0 0 196 0 0 0 100 0 0 0 0 0 0 0 0 0 0 0 0 1 0 0 0 0 0 0 0 0 0 0 0 0 0 0 0 0
4 98 3 3 3 6 4371 1 0 95 282 0 3 3 0 9 6 2 0 2 2 3 129768 0 0 0 0 0 0 0 0 8460 12832 0 0 0 0 0 0 186 277 279 0 282 0 0 0 0 0 0 0 0 0 0 1 1 1 0 0 3 6 0 0 0 0 0 0 0 0 0 0 0 0
3 102 1 2 11 6 4473 0 0 93 186 0 6 1 0 24 11 9 9 22 6 0 134314 0 0 0 0 0 0 0 0 8395 8381 0 0 0 0 0 0 172 547 90 0 175 0 0 0 0 0 0 0 0 0 0 6 0 1 0 0 11 6 0 0 0 0 0 0 0 0 0 0 0 0
3 99 1 2 3 3 4465 0 0 96 189 0 3 1 0 5 3 2 1 2 1 0 134046 0 0 0 0 0 0 0 0 8645 8647 0 0 0 0 0 0 188 280 93 0 189 0 0 0 0 0 0 0 0 0 0 1 0 1 0 0 3 3 0 0 0 0 0 0 0 0 0 0 0 0
2 100 0 1 5 0 4562 0 0 97 94 0 3 0 0 15 0 0 2 10 0 0 138413 0 0 0 0 0 0 0 0 8842 4279 0 0 0 0 0 0 185 277 0 0 92 0 0 0 0 0 0 0 0 0 0 3 0 1 0 0 5 0 0 0 0 0 0 0 0 0 0 0 0 0
3 102 1 2 10 6 4477 0 0 93 186 0 6 1 0 26 10 5 13 40 10 0 134319 0 0 0 0 0 0 0 0 8401 8384 0 0 0 0 0 0 169 540 90 0 176 0 0 0 0 0 0 0 0 0 0 10 0 1 0 0 10 6 0 0 0 0 0 0 0 0 0 0 0 0
6 99 10 5 14 24 4190 10 0 90 459 0 6 10 0 25 56 13 16 10 8 36 121742 5 0 0 0 0 0 0 0 7859 20404 0 0 0 0 0 0 164 534 906 0 436 0 0 0 0 0 0 0 0 0 0 2 10 1 0 0 14 24 0 0 0 0 0 0 0 0 0 0 0 0
7 98 15 6 15 30 4103 20 0 89 546 0 6 15 0 23 75 9 17 30 30 60 117730 15 0 0 0 0 0 0 0 7699 24057 0 0 0 0 0 0 154 519 1350 0 519 0 0 0 0 0 0 0 0 0 0 6 20 1 0 0 15 30 0 0 0 0 0 0 0 0 0 0 0 0
2 97 0 1 0 0 4556 0 0 100 97 0 0 0 0 0 0 0 0 0 0 0 138138 0 0 0 0 0 0 0 0 9105 4556 0 0 0 0 0 0 196 0 0 0 100 0 0 0 0 0 0 0 0 0 0 0 0 1 0 0 0 0 0 0 0 0 0 0 0 0 0 0 0 0
1 98 0 0 0 0 4652 0 0 101 0 0 0 0 0 0 0 0 0 0 0 0 142598 0 0 0 0 0 0 0 0 9301 0 0 0 0 0 0 0 196 0 0 0 0 0 0 0 0 0 0 0 0 0 0 0 0 1 0 0 0 0 0 0 0 0 0 0 0 0 0 0 0 0
3 104 1 2 11 8 4482 0 0 91 184 0 8 1 0 25 11 15 13 32 13 0 134502 0 0 0 0 0 0 0 0 8225 8202 0 0 0 0 0 0 163 723 88 0 171 0 0 0 0 0 0 0 0 0 0 13 0 1 0 0 11 8 0 0 0 0 0 0 0 0 0 0 0 0
4 98 3 3 6 6 4373 1 0 95 282 0 3 3 0 15 12 0 6 12 6 3 129764 0 0 0 0 0 0 0 0 8470 12837 0 0 0 0 0 0 181 270 279 0 279 0 0 0 0 0 0 0 0 0 0 3 1 1 0 0 6 6 0 0 0 0 0 0 0 0 0 0 0 0
5 100 5 5 8 13 4285 2 0 90 375 2 6 5 1 13 17 5 5 12 8 7 125933 0 0 6 10 0 0 7 1 7944 16582 1 0 0 0 0 0 168 542 457 0 352 0 0 0 0 0 0 0 0 0 0 4 2 0 89 0 8 13 0 0 0 0 0 5 2 0 0 0 0 0
2 100 0 1 4 0 4562 0 0 97 94 0 3 0 0 6 0 0 3 8 0 0 138414 0 0 0 0 0 0 0 0 8840 4278 0 0 0 0 0 0 186 278 0 0 93 0 0 0 0 0 0 0 0 0 0 3 0 1 0 0 4 0 0 0 0 0 0 0 0 0 0 0 0 0
4 101 3 3 5 12 4379 1 0 92 279 0 6 3 0 11 10 9 0 10 12 6 130039 0 0 0 0 0 0 0 0 8201 12566 0 0 0 0 0 0 176 547 273 0 271 0 0 0 0 0 0 0 0 0 0 6 1 1 0 0 5 12 0 0 0 0 0 0 0 0 0 0 0 0
2 100 0 1 7 0 4561 0 0 98 94 0 3 0 0 9 0 0 5 9 0 0 138409 0 5 0 0 0 0 0 0 8848 4282 0 0 0 0 0 0 184 275 0 0 89 0 0 0 0 0 0 0 0 0 0 2 0 0 0 0 7 0 0 0 0 0 1 0 0 0 0 0 0 0
2 98 0 1 3 0 4557 0 0 99 96 0 1 0 0 7 0 0 3 0 0 0 138229 0 0 0 0 0 0 0 0 9018 4464 0 0 0 0 0 0 192 93 0 0 96 0 0 0 0 0 0 0 0 0 0 0 0 1 0 0 3 0 0 0 0 0 0 0 0 0 0 0 0 0
5 98 6 4 6 12 4281 4 0 93 372 0 4 6 0 8 18 3 6 4 9 12 125668 1 0 0 0 0 0 0 0 8199 16749 0 0 0 0 0 0 177 360 552 0 366 0 0 0 0 0 0 0 0 0 0 3 4 1 0 0 6 12 0 0 0 0 0 0 0 0 0 0 0 0
3 101 1 2 6 5 4470 0 0 94 187 0 5 1 0 13 6 6 2 9 4 0 134227 0 0 0 0 0 0 0 0 8473 8467 0 0 0 0 0 0 180 461 91 0 182 0 0 0 0 0 0 0 0 0 0 4 0 1 0 0 6 5 0 0 0 0 0 0 0 0 0 0 0 0
3 99 1 2 7 3 4465 0 0 96 189 0 3 1 0 10 5 1 6 4 1 0 134042 0 0 0 0 0 0 0 0 8653 8651 0 1 0 0 0 0 184 276 93 0 185 0 0 0 0 0 0 0 0 0 0 1 0 1 0 0 7 3 0 0 0 0 0 0 0 0 0 0 0 0
3 103 1 2 8 7 4479 0 0 92 185 0 7 1 0 17 8 10 7 23 11 0 134413 0 0 0 0 0 0 0 0 8307 8290 0 0 0 0 0 0 169 635 89 0 176 0 0 0 0 0 0 0 0 0 0 11 0 1 0 0 8 7 0 0 0 0 0 0 0 0 0 0 0 0
2 99 0 1 3 0 4559 0 0 98 95 0 2 0 0 6 0 0 3 3 0 0 138322 0 0 0 0 0 0 0 0 8927 4370 0 0 0 0 0 0 190 187 0 0 95 0 0 0 0 0 0 0 0 0 0 1 0 1 0 0 3 0 0 0 0 0 0 0 0 0 0 0 0 0
3 103 1 2 8 7 4477 0 0 92 185 0 7 1 0 13 8 12 5 21 9 0 134410 0 0 0 0 0 0 0 0 8303 8288 0 0 0 0 0 0 171 639 89 0 176 0 0 0 0 0 0 0 0 0 0 9 0 1 0 0 8 7 0 0 0 0 0 0 0 0 0 0 0 0
3 101 1 2 9 5 4470 0 0 94 187 0 5 1 0 7 9 6 7 13 4 0 134224 0 0 0 0 0 0 0 0 8479 8470 0 0 0 0 0 0 177 458 91 0 179 0 0 0 0 0 0 0 0 0 0 4 0 1 0 0 9 5 0 0 0 0 0 0 0 0 0 0 0 0
3 101 1 2 8 5 4470 0 0 94 187 0 5 1 0 16 8 6 4 12 4 0 134225 0 0 0 0 0 0 0 0 8477 8469 0 0 0 0 0 0 178 459 91 0 180 0 0 0 0 0 0 0 0 0 0 4 0 1 0 0 8 5 0 0 0 0 0 0 0 0 0 0 0 0
5 101 5 5 9 16 4287 2 0 89 374 2 7 5 1 11 19 9 5 14 11 9 126022 0 0 6 10 0 0 6 2 7858 16495 1 1 0 0 0 0 165 632 454 0 347 0 0 0 0 0 0 0 0 0 0 5 2 0 89 0 9 16 0 0 0 0 0 5 2 0 0 0 0 0
3 99 1 2 7 3 4467 0 0 96 189 0 3 1 0 15 7 0 7 14 3 0 134041 0 0 0 0 0 0 0 0 8657 8653 0 0 0 0 0 0 182 272 93 0 185 0 0 0 0 0 0 0 0 0 0 3 0 1 0 0 7 3 0 0 0 0 0 0 0 0 0 0 0 0
6 108 10 5 16 60 4220 10 0 81 450 0 15 10 0 34 64 82 9 44 92 90 122550 5 0 0 0 0 0 0 0 7104 19644 0 0 0 0 0 0 132 1318 870 0 389 0 0 0 0 0 0 0 0 0 0 23 10 1 0 0 16 60 0 0 0 0 0 0 0 0 0 0 0 0
1 98 0 0 0 0 4652 0 0 101 0 0 0 0 0 0 0 0 0 0 0 0 142598 0 0 0 0 0 0 0 0 9301 0 0 0 0 0 0 0 196 0 0 0 0 0 0 0 0 0 0 0 0 0 0 0 0 1 0 0 0 0 0 0 0 0 0 0 0 0 0 0 0 0
2 100 0 1 6 0 4561 0 0 98 94 0 3 0 0 8 0 0 4 7 0 0 138410 0 5 0 0 0 0 0 0 8846 4281 0 0 0 0 0 0 185 276 0 0 90 0 0 0 0 0 0 0 0 0 0 2 0 0 0 0 6 0 0 0 0 0 1 0 0 0 0 0 0 0
2 99 0 1 3 0 4559 0 0 98 95 0 2 0 0 3 0 0 1 3 0 0 138322 0 0 0 0 0 0 0 0 8927 4370 0 0 0 0 0 0 190 187 0 0 95 0 0 0 0 0 0 0 0 0 0 1 0 1 0 0 3 0 0 0 0 0 0 0 0 0 0 0 0 0
4 101 3 3 7 12 4376 1 0 93 279 0 6 3 0 10 12 10 5 7 6 6 130036 0 5 0 0 0 2 0 0 8203 12567 0 1 0 0 0 0 177 549 273 0 268 0 0 0 0 0 0 0 0 0 0 3 1 0 0 0 7 12 0 0 0 0 1 0 0 0 0 0 0 0
1 98 0 0 0 0 4652 0 0 101 0 0 0 0 0 0 0 0 0 0 0 0 142598 0 0 0 0 0 0 0 0 9301 0 0 0 0 0 0 0 196 0 0 0 0 0 0 0 0 0 0 0 0 0 0 0 0 1 0 0 0 0 0 0 0 0 0 0 0 0 0 0 0 0
2 98 0 1 1 0 4557 0 0 99 96 0 1 0 0 0 0 0 0 0 0 0 138231 0 0 0 0 0 0 0 0 9014 4462 0 0 0 0 0 0 194 95 0 0 98 0 0 0 0 0 0 0 0 0 0 0 0 1 0 0 1 0 0 0 0 0 0 0 0 0 0 0 0 0
3 100 1 2 6 4 4468 0 0 95 188 0 4 1 0 9 4 2 2 8 3 0 134135 0 0 0 0 0 0 0 0 8563 8559 0 1 0 0 0 0 182 368 92 0 184 0 0 0 0 0 0 0 0 0 0 3 0 1 0 0 6 4 0 0 0 0 0 0 0 0 0 0 0 0
4 101 3 3 10 12 4379 1 0 92 279 0 6 3 0 29 20 9 8 12 12 6 130036 0 0 0 0 0 0 0 0 8211 12571 0 0 0 0 0 0 171 542 273 0 266 0 0 0 0 0 0 0 0 0 0 6 1 1 0 0 10 12 0 0 0 0 0 0 0 0 0 0 0 0
4 103 3 3 13 16 4382 1 0 91 277 0 8 3 0 21 22 18 12 23 14 8 130212 0 4 0 0 0 2 0 0 8042 12395 0 2 0 0 0 0 165 723 269 0 256 0 0 0 0 0 0 0 0 0 0 7 1 0 0 0 13 16 0 0 0 0 1 0 0 0 0 0 0 0
3 100 1 2 5 4 4468 0 0 95 188 0 4 1 0 5 5 3 3 8 3 0 134136 0 0 0 0 0 0 0 0 8561 8558 0 0 0 0 0 0 183 369 92 0 185 0 0 0 0 0 0 0 0 0 0 3 0 1 0 0 5 4 0 0 0 0 0 0 0 0 0 0 0 0
2 98 0 1 1 0 4557 0 0 99 96 0 1 0 0 3 0 0 0 0 0 0 138231 0 0 0 0 0 0 0 0 9014 4462 0 0 0 0 0 0 194 95 0 0 98 0 0 0 0 0 0 0 0 0 0 0 0 1 0 0 1 0 0 0 0 0 0 0 0 0 0 0 0 0
5 102 6 4 15 24 4289 4 0 89 368 0 8 6 0 16 45 21 23 36 21 24 126022 1 0 0 0 0 0 0 0 7865 16406 0 0 0 0 0 0 160 715 540 0 341 0 0 0 0 0 0 0 0 0 0 7 4 1 0 0 15 24 0 0 0 0 0 0 0 0 0 0 0 0
5 99 6 4 8 15 4280 4 0 92 371 0 5 6 0 10 22 8 5 3 3 15 125758 1 0 0 0 0 0 0 0 8109 16660 0 1 0 0 0 0 176 455 549 0 360 0 0 0 0 0 0 0 0 0 0 1 4 1 0 0 8 15 0 0 0 0 0 0 0 0 0 0 0 0
1 98 0 0 0 0 4652 0 0 101 0 0 0 0 0 0 0 0 0 0 0 0 142598 0 0 0 0 0 0 0 0 9301 0 0 0 0 0 0 0 196 0 0 0 0 0 0 0 0 0 0 0 0 0 0 0 0 1 0 0 0 0 0 0 0 0 0 0 0 0 0 0 0 0
2 98 0 1 1 0 4557 0 0 99 96 0 1 0 0 5 0 0 0 0 0 0 138231 0 0 0 0 0 0 0 0 9014 4462 0 0 0 0 0 0 194 95 0 0 98 0 0 0 0 0 0 0 0 0 0 0 0 1 0 0 1 0 0 0 0 0 0 0 0 0 0 0 0 0
2 102 0 1 6 0 4571 0 0 95 92 0 5 0 0 15 0 0 6 24 0 0 138602 0 0 0 0 0 0 0 0 8672 4097 0 0 0 0 0 0 175 454 0 0 89 0 0 0 0 0 0 0 0 0 0 10 0 1 0 0 6 0 0 0 0 0 0 0 0 0 0 0 0 0
2 102 0 1 11 0 4571 0 0 95 92 0 5 0 0 27 0 0 13 44 0 0 138597 0 0 0 0 0 0 0 0 8682 4102 0 0 0 0 0 0 170 449 0 0 84 0 0 0 0 0 0 0 0 0 0 10 0 1 0 0 11 0 0 0 0 0 0 0 0 0 0 0 0 0
2 99 0 1 6 0 4559 0 0 98 95 0 2 0 0 18 0 0 7 6 0 0 138319 0 0 0 0 0 0 0 0 8933 4373 0 0 0 0 0 0 187 184 0 0 92 0 0 0 0 0 0 0 0 0 0 1 0 1 0 0 6 0 0 0 0 0 0 0 0 0 0 0 0 0
2 100 0 1 5 0 4562 0 0 97 94 0 3 0 0 4 0 0 3 10 0 0 138413 0 0 0 0 0 0 0 0 8842 4279 0 0 0 0 0 0 185 277 0 0 92 0 0 0 0 0 0 0 0 0 0 3 0 1 0 0 5 0 0 0 0 0 0 0 0 0 0 0 0 0
3 97 1 2 5 1 4462 0 0 98 191 0 1 1 0 10 5 0 10 0 0 0 133859 0 0 0 0 0 0 0 0 8831 8834 0 0 0 0 0 0 189 90 95 0 191 0 0 0 0 0 0 0 0 0 0 0 0 1 0 0 5 1 0 0 0 0 0 0 0 0 0 0 0 0
2 97 0 1 0 0 4556 0 0 100 97 0 0 0 0 0 0 0 0 0 0 0 138138 0 0 0 0 0 0 0 0 9105 4556 0 0 0 0 0 0 196 0 0 0 100 0 0 0 0 0 0 0 0 0 0 0 0 1 0 0 0 0 0 0 0 0 0 0 0 0 0 0 0 0
2 100 0 1 4 0 4562 0 0 97 94 0 3 0 0 6 0 0 3 8 0 0 138414 0 0 0 0 0 0 0 0 8840 4278 0 0 0 0 0 0 186 278 0 0 93 0 0 0 0 0 0 0 0 0 0 3 0 1 0 0 4 0 0 0 0 0 0 0 0 0 0 0 0 0
5 104 6 4 19 30 4296 4 0 88 366 0 10 6 0 25 55 31 17 49 36 30 126195 1 4 0 0 0 3 0 0 7708 16239 0 1 0 0 0 0 149 885 534 0 328 0 0 0 0 0 0 0 0 0 0 12 4 0 0 0 19 30 0 0 0 0 1 0 0 0 0 0 0 0
3 97 1 2 0 1 4462 0 0 98 191 0 1 1 0 0 0 0 0 0 0 0 133864 0 0 0 0 0 0 0 0 8821 8829 0 0 0 0 0 0 194 95 95 0 196 0 0 0 0 0 0 0 0 0 0 0 0 1 0 0 0 1 0 0 0 0 0 0 0 0 0 0 0 0
3 97 1 2 3 1 4462 0 0 98 191 0 1 1 0 5 3 0 2 0 0 0 133861 0 0 0 0 1 0 0 0 8827 8832 0 0 0 0 0 0 191 92 95 0 193 0 0 0 0 0 0 0 0 0 0 0 0 1 0 0 3 1 0 0 0 0 0 0 0 0 0 0 0 0
2 97 0 1 0 0 4556 0 0 100 97 0 0 0 0 0 0 0 0 0 0 0 138138 0 0 0 0 0 0 0 0 9105 4556 0 0 0 0 0 0 196 0 0 0 100 0 0 0 0 0 0 0 0 0 0 0 0 1 0 0 0 0 0 0 0 0 0 0 0 0 0 0 0 0
4 101 3 3 18 12 4380 1 0 92 279 0 6 3 0 26 34 7 22 42 14 6 130027 0 0 0 0 1 0 0 0 8229 12580 0 1 0 0 0 0 162 532 273 0 258 0 0 0 0 0 0 0 0 0 0 7 1 1 0 0 18 12 0 0 0 0 0 0 0 0 0 0 0 0
1 98 0 0 0 0 4652 0 0 101 0 0 0 0 0 0 0 0 0 0 0 0 142598 0 0 0 0 0 0 0 0 9301 0 0 0 0 0 0 0 196 0 0 0 0 0 0 0 0 0 0 0 0 0 0 0 0 1 0 0 0 0 0 0 0 0 0 0 0 0 0 0 0 0
3 103 1 2 16 7 4477 0 0 92 185 0 7 1 0 23 16 12 18 45 9 0 134402 0 0 0 0 0 0 0 0 8319 8296 0 0 0 0 0 0 163 631 89 0 168 0 0 0 0 0 0 0 0 0 0 9 0 1 0 0 16 7 0 0 0 0 0 0 0 0 0 0 0 0
2 100 0 1 10 0 4562 0 0 97 94 0 3 0 0 19 0 0 12 20 0 0 138408 0 0 0 0 1 0 0 0 8852 4284 0 0 0 0 0 0 180 272 0 0 87 0 0 0 0 0 0 0 0 0 0 3 0 1 0 0 10 0 0 0 0 0 0 0 0 0 0 0 0 0
5 99 6 4 15 15 4281 4 0 92 371 0 5 6 0 25 45 8 20 12 6 15 125750 1 0 0 0 0 0 0 0 8125 16668 0 0 0 0 0 0 168 446 549 0 353 0 0 0 0 0 0 0 0 0 0 2 4 1 0 0 15 15 0 0 0 0 0 0 0 0 0 0 0 0
2 98 0 1 2 0 4557 0 0 99 96 0 1 0 0 5 0 0 1 0 0 0 138230 0 0 0 0 0 0 0 0 9016 4463 0 0 0 0 0 0 193 94 0 0 97 0 0 0 0 0 0 0 0 0 0 0 0 1 0 0 2 0 0 0 0 0 0 0 0 0 0 0 0 0
4 100 3 3 13 10 4375 1 0 93 280 0 5 3 0 24 26 7 15 16 6 5 129941 0 0 0 0 1 0 0 0 8302 12662 0 0 0 0 0 0 172 451 275 0 266 0 0 0 0 0 0 0 0 0 0 3 1 1 0 0 13 10 0 0 0 0 0 0 0 0 0 0 0 0
2 100 0 1 4 0 4562 0 0 97 94 0 3 0 0 9 0 0 1 8 0 0 138414 0 0 0 0 0 0 0 0 8840 4278 0 0 0 0 0 0 186 278 0 0 93 0 0 0 0 0 0 0 0 0 0 3 0 1 0 0 4 0 0 0 0 0 0 0 0 0 0 0 0 0
2 101 0 1 9 0 4565 0 0 97 93 0 4 0 0 13 0 0 6 23 0 0 138500 0 4 0 0 0 0 0 0 8766 4192 0 0 0 0 0 0 178 363 0 0 86 0 0 0 0 0 0 0 0 0 0 5 0 0 0 0 9 0 0 0 0 0 1 0 0 0 0 0 0 0
