99 0 4750 101 0 0 0 147259 0 0 0 9385 0 203 2 0 0 0 0 0 0 0 0 3318285 0 0 0 0 0 0 0 0 0 422651 0 0 0 0 0 0 0 0 18292 0 4438 0 0 0 0 0 0 0 0 0 0 130 0 0 180 0 0 385 0 0 0 0 0 12 0 3 0 0 0
1 98 0 0 0 0 4652 0 0 101 0 0 0 0 0 0 0 0 0 0 0 0 142607 0 0 0 0 0 0 0 0 9284 0 0 0 0 0 0 0 203 0 0 0 0 0 0 0 0 0 0 0 0 0 0 0 0 2 0 0 0 0 0 0 0 0 0 0 0 0 0 0 0 0
6 102 10 5 12 34 4196 10 1 87 456 0 9 10 0 27 44 27 6 14 17 48 122020 5 0 0 0 0 0 0 0 7579 20144 0 0 1 2 3 3 166 806 895 0 423 0 0 0 0 0 0 0 0 0 0 5 10 2 0 0 12 34 0 0 0 0 0 0 0 1 0 0 0 0
3 99 1 2 4 3 4465 0 0 96 189 0 3 1 0 12 4 2 3 1 1 0 134054 0 0 0 0 0 0 0 0 8630 8648 0 0 0 0 0 0 194 279 93 0 188 0 0 0 0 0 0 0 0 0 0 1 0 2 0 0 4 3 0 0 0 0 0 0 0 0 0 0 0 0
1 98 0 0 0 0 4652 0 0 101 0 0 0 0 0 0 0 0 0 0 0 0 142607 0 0 0 0 0 0 0 0 9284 0 0 0 0 0 0 0 203 0 0 0 0 0 0 0 0 0 0 0 0 0 0 0 0 2 0 0 0 0 0 0 0 0 0 0 0 0 0 0 0 0
4 99 3 3 6 6 4374 1 1 94 281 0 4 3 0 18 10 0 2 10 4 2 129864 0 0 0 0 0 0 0 0 8364 12746 0 0 0 1 2 1 186 364 278 0 276 0 0 0 0 0 0 0 0 0 0 3 1 2 0 0 6 6 0 0 0 0 0 0 0 1 0 0 0 0
1 98 0 0 0 0 4652 0 0 101 0 0 0 0 0 0 0 0 0 0 0 0 142607 0 0 0 0 0 0 0 0 9284 0 0 0 0 0 0 0 203 0 0 0 0 0 0 0 0 0 0 0 0 0 0 0 0 2 0 0 0 0 0 0 0 0 0 0 0 0 0 0 0 0
4 104 3 3 13 18 4393 1 0 90 276 0 9 3 0 23 26 18 6 41 34 9 130318 0 2 0 0 0 2 0 0 7956 12314 0 0 2 0 0 0 161 797 267 0 253 0 0 0 0 0 0 0 0 0 0 17 1 1 0 0 13 18 0 0 0 0 1 0 0 0 0 0 0 0
3 100 1 2 8 2 4467 0 1 95 188 0 4 1 0 15 4 1 8 8 0 0 134141 0 0 0 0 0 0 0 0 8550 8560 0 0 0 2 2 0 187 368 93 0 182 0 0 0 0 0 0 0 0 0 0 2 0 2 0 0 8 2 0 0 0 0 0 0 0 1 0 0 0 0
3 101 1 2 12 5 4470 0 0 94 187 0 5 1 0 22 12 6 10 19 4 0 134230 0 0 0 0 1 0 0 0 8468 8473 0 0 0 0 0 0 181 455 91 0 176 0 0 0 0 0 0 0 0 0 0 4 0 2 0 0 12 5 0 0 0 0 0 0 0 0 0 0 0 0
3 99 1 2 7 3 4465 0 0 96 189 0 3 1 0 19 7 2 6 3 1 0 134051 0 0 0 0 1 0 0 0 8636 8651 0 0 0 0 0 0 191 276 93 0 185 0 0 0 0 0 0 0 0 0 0 1 0 2 0 0 7 3 0 0 0 0 0 0 0 0 0 0 0 0
4 101 3 3 13 12 4375 1 0 93 279 0 6 3 0 23 26 12 14 7 4 6 130040 0 6 0 0 0 2 0 0 8195 12572 0 0 0 0 0 0 179 545 273 0 262 0 0 0 0 0 0 0 0 0 0 2 1 1 0 0 13 12 0 0 0 0 1 0 0 0 0 0 0 0
4 102 3 3 11 14 4379 1 0 91 278 0 7 3 0 24 22 16 4 17 10 7 130134 0 0 0 0 1 0 0 0 8103 12480 0 0 0 0 0 0 177 637 271 0 262 0 0 0 0 0 0 0 0 0 0 5 1 2 0 0 11 14 0 0 0 0 0 0 0 0 0 0 0 0
5 107 6 4 24 37 4303 4 1 85 363 0 13 6 0 36 64 56 18 62 45 35 126472 1 3 0 0 0 3 0 0 7440 15981 0 1 0 3 3 2 143 1151 526 0 311 0 0 0 0 0 0 0 0 0 0 16 4 1 0 0 24 37 0 0 0 0 1 0 0 1 0 0 0 0
3 103 1 2 11 7 4482 0 0 93 185 0 7 1 0 25 11 6 7 36 14 0 134420 0 2 0 0 0 1 0 0 8309 8298 0 0 1 0 0 0 170 624 89 0 172 0 0 0 0 0 0 0 0 0 0 14 0 1 0 0 11 7 0 0 0 0 1 0 0 0 0 0 0 0
4 99 3 3 12 8 4371 1 0 95 281 0 4 3 0 26 24 5 20 0 0 4 129859 0 6 0 0 0 2 0 0 8371 12751 0 0 0 0 0 0 184 362 277 0 269 0 0 0 0 0 0 0 0 0 0 0 1 1 0 0 12 8 0 0 0 0 1 0 0 0 0 0 0 0
4 99 3 3 11 8 4372 1 0 94 281 0 4 3 0 25 22 5 12 4 2 4 129861 0 0 0 0 1 0 0 0 8368 12749 0 0 0 0 0 0 184 363 277 0 271 0 0 0 0 0 0 0 0 0 0 1 1 2 0 0 11 8 0 0 0 0 0 0 0 0 0 0 0 0
2 97 0 1 0 0 4556 0 0 100 97 0 0 0 0 0 0 0 0 0 0 0 138147 0 0 0 0 0 0 0 0 9088 4556 0 0 0 0 0 0 203 0 0 0 100 0 0 0 0 0 0 0 0 0 0 0 0 2 0 0 0 0 0 0 0 0 0 0 0 0 0 0 0 0
1 98 0 0 0 0 4652 0 0 101 0 0 0 0 0 0 0 0 0 0 0 0 142607 0 0 0 0 0 0 0 0 9284 0 0 0 0 0 0 0 203 0 0 0 0 0 0 0 0 0 0 0 0 0 0 0 0 2 0 0 0 0 0 0 0 0 0 0 0 0 0 0 0 0
2 98 0 1 4 0 4557 0 0 99 96 0 1 0 0 8 0 0 6 0 0 0 138237 0 0 0 0 0 0 0 0 9003 4465 0 0 0 0 0 0 198 92 0 0 95 0 0 0 0 0 0 0 0 0 0 0 0 2 0 0 4 0 0 0 0 0 0 0 0 0 0 0 0 0
1 98 0 0 0 0 4652 0 0 101 0 0 0 0 0 0 0 0 0 0 0 0 142607 0 0 0 0 0 0 0 0 9284 0 0 0 0 0 0 0 203 0 0 0 0 0 0 0 0 0 0 0 0 0 0 0 0 2 0 0 0 0 0 0 0 0 0 0 0 0 0 0 0 0
2 101 0 1 4 0 4566 0 0 96 93 0 4 0 0 14 0 0 3 10 0 0 138517 0 0 0 0 0 0 0 0 8736 4186 0 0 1 0 0 0 189 368 0 0 92 0 0 0 0 0 0 0 0 0 0 6 0 2 0 0 4 0 0 0 0 0 0 0 0 0 0 0 0 0
2 103 0 1 9 0 4576 0 0 95 91 0 6 0 0 18 0 0 4 41 0 0 138702 0 2 0 0 0 0 0 0 8583 4011 0 0 1 0 0 0 174 537 0 0 84 0 0 0 0 0 0 0 0 0 0 14 0 1 0 0 9 0 0 0 0 0 1 0 0 0 0 0 0 0
3 101 1 2 12 5 4470 0 0 94 187 0 5 1 0 24 12 6 16 21 4 0 134230 0 0 0 0 0 0 0 0 8468 8473 0 0 0 0 0 0 181 455 91 0 176 0 0 0 0 0 0 0 0 0 0 4 0 2 0 0 12 5 0 0 0 0 0 0 0 0 0 0 0 0
1 98 0 0 0 0 4652 0 0 101 0 0 0 0 0 0 0 0 0 0 0 0 142607 0 0 0 0 0 0 0 0 9284 0 0 0 0 0 0 0 203 0 0 0 0 0 0 0 0 0 0 0 0 0 0 0 0 2 0 0 0 0 0 0 0 0 0 0 0 0 0 0 0 0
2 97 0 1 0 0 4556 0 0 100 97 0 0 0 0 0 0 0 0 0 0 0 138147 0 0 0 0 0 0 0 0 9088 4556 0 0 0 0 0 0 203 0 0 0 100 0 0 0 0 0 0 0 0 0 0 0 0 2 0 0 0 0 0 0 0 0 0 0 0 0 0 0 0 0
2 101 0 1 4 0 4566 0 0 96 93 0 4 0 0 14 0 0 3 10 0 0 138517 0 0 0 0 0 0 0 0 8736 4186 0 0 1 0 0 0 189 368 0 0 92 0 0 0 0 0 0 0 0 0 0 6 0 2 0 0 4 0 0 0 0 0 0 0 0 0 0 0 0 0
5 108 6 4 13 40 4311 4 1 84 362 0 14 6 0 17 39 58 5 35 61 38 126577 1 2 0 0 1 3 0 0 7345 15888 0 0 0 0 8 2 146 1241 523 0 318 0 0 0 0 0 0 0 0 0 0 23 4 1 0 0 13 40 0 0 0 0 1 0 0 1 0 0 0 0
3 100 1 2 9 4 4467 0 0 95 188 0 4 1 0 22 9 4 12 9 2 0 134141 0 0 0 0 1 0 0 0 8550 8561 0 0 0 0 0 0 187 367 92 0 181 0 0 0 0 0 0 0 0 0 0 2 0 2 0 0 9 4 0 0 0 0 0 0 0 0 0 0 0 0
3 100 1 2 8 4 4471 0 0 95 188 0 4 1 0 12 8 0 5 22 6 0 134142 0 0 0 0 0 0 0 0 8556 8564 0 0 1 0 0 0 184 360 92 0 182 0 0 0 0 0 0 0 0 0 0 6 0 2 0 0 8 4 0 0 0 0 0 0 0 0 0 0 0 0
2 97 0 1 0 0 4556 0 0 100 97 0 0 0 0 0 0 0 0 0 0 0 138147 0 0 0 0 0 0 0 0 9088 4556 0 0 0 0 0 0 203 0 0 0 100 0 0 0 0 0 0 0 0 0 0 0 0 2 0 0 0 0 0 0 0 0 0 0 0 0 0 0 0 0
3 100 1 2 8 4 4471 0 0 95 188 0 4 1 0 12 8 0 5 22 6 0 134142 0 0 0 0 0 0 0 0 8556 8564 0 0 1 0 0 0 184 360 92 0 182 0 0 0 0 0 0 0 0 0 0 6 0 2 0 0 8 4 0 0 0 0 0 0 0 0 0 0 0 0
2 100 0 1 6 0 4561 0 0 98 94 0 3 0 0 18 0 0 4 9 0 0 138419 0 3 0 0 0 0 0 0 8829 4281 0 0 0 0 0 0 192 276 0 0 90 0 0 0 0 0 0 0 0 0 0 2 0 1 0 0 6 0 0 0 0 0 1 0 0 0 0 0 0 0
4 102 2 4 14 10 4380 0 0 90 282 1 7 2 1 35 20 12 11 20 8 0 130219 0 0 4 4 0 0 8 3 8025 12488 0 0 0 0 0 0 171 634 180 0 256 0 0 0 0 0 0 0 0 0 0 5 0 1 91 0 14 10 0 0 0 0 0 4 1 0 0 0 0 0
7 106 15 6 25 70 4118 20 0 81 538 0 14 15 0 38 123 77 14 40 65 140 118436 15 0 0 0 2 0 0 0 7012 23394 0 1 1 0 0 0 136 1223 1310 0 461 0 0 0 0 0 0 0 0 0 0 13 20 2 0 0 25 70 0 0 0 0 0 0 0 0 0 0 0 0
3 106 1 2 9 8 4491 0 1 90 182 0 10 1 0 16 5 15 3 39 12 0 134698 0 2 0 0 0 1 0 0 8043 8023 0 0 0 2 8 0 162 899 87 0 168 0 0 0 0 0 0 0 0 0 0 20 0 1 0 0 9 8 0 0 0 0 1 0 0 1 0 0 0 0
3 103 1 2 16 7 4479 0 0 92 185 0 7 1 0 30 16 10 13 55 11 0 134414 0 0 0 0 1 0 0 0 8306 8298 0 0 0 0 0 0 168 627 89 0 168 0 0 0 0 0 0 0 0 0 0 11 0 2 0 0 16 7 0 0 0 0 0 0 0 0 0 0 0 0
2 101 0 1 4 0 4566 0 0 96 93 0 4 0 0 14 0 0 3 10 0 0 138517 0 0 0 0 0 0 0 0 8736 4186 0 0 1 0 0 0 189 368 0 0 92 0 0 0 0 0 0 0 0 0 0 6 0 2 0 0 4 0 0 0 0 0 0 0 0 0 0 0 0 0
2 98 0 1 2 0 4557 0 0 99 96 0 1 0 0 5 0 0 1 0 0 0 138239 0 0 0 0 0 0 0 0 8999 4463 0 0 0 0 0 0 200 94 0 0 97 0 0 0 0 0 0 0 0 0 0 0 0 2 0 0 2 0 0 0 0 0 0 0 0 0 0 0 0 0
3 101 1 2 14 5 4470 0 0 94 187 0 5 1 0 12 14 6 23 25 4 0 134228 0 0 0 0 1 0 0 0 8472 8475 0 0 1 0 0 0 179 453 91 0 174 0 0 0 0 0 0 0 0 0 0 4 0 2 0 0 14 5 0 0 0 0 0 0 0 0 0 0 0 0
4 97 3 3 6 4 4369 1 0 96 283 0 2 3 0 16 12 1 7 0 0 2 129683 0 0 0 0 0 0 0 0 8538 12925 0 0 0 0 0 0 192 182 281 0 282 0 0 0 0 0 0 0 0 0 0 0 1 2 0 0 6 4 0 0 0 0 0 0 0 0 0 0 0 0
5 103 6 4 19 27 4289 4 0 89 367 0 9 6 0 24 57 29 23 28 18 27 126114 1 3 0 0 1 3 0 0 7768 16322 0 0 1 0 0 0 163 804 537 0 332 0 0 0 0 0 0 0 0 0 0 6 4 1 0 0 19 27 0 0 0 0 1 0 0 0 0 0 0 0
4 97 3 3 4 4 4369 1 0 96 283 0 2 3 0 16 8 1 3 0 0 2 129685 0 0 0 0 0 0 0 0 8534 12923 0 0 0 0 0 0 194 184 281 0 284 0 0 0 0 0 0 0 0 0 0 0 1 2 0 0 4 4 0 0 0 0 0 0 0 0 0 0 0 0
5 100 5 5 18 15 4285 2 0 90 373 2 6 5 1 37 44 8 21 23 11 9 125934 0 0 2 6 0 0 8 3 7943 16589 1 1 1 0 0 0 167 532 455 0 342 0 0 0 0 0 0 0 0 0 0 4 2 1 91 0 18 15 0 0 0 0 0 3 2 0 0 0 0 0
6 97 10 5 14 14 4189 10 1 92 461 0 4 10 0 18 46 0 21 18 10 18 121570 5 0 0 0 2 0 0 0 8024 20579 0 0 0 5 2 3 171 348 915 0 446 0 0 0 0 0 0 0 0 0 0 3 10 2 0 0 14 14 0 0 0 0 0 0 0 1 0 0 0 0
3 100 1 2 10 4 4468 0 0 95 188 0 4 1 0 18 10 3 10 14 3 0 134140 0 0 0 0 0 0 0 0 8554 8563 0 0 1 0 0 0 185 364 92 0 180 0 0 0 0 0 0 0 0 0 0 3 0 2 0 0 10 4 0 0 0 0 0 0 0 0 0 0 0 0
3 99 1 2 5 3 4465 0 0 96 189 0 3 1 0 12 5 2 2 4 1 0 134053 0 0 0 0 0 0 0 0 8632 8649 0 0 0 0 0 0 193 278 93 0 187 0 0 0 0 0 0 0 0 0 0 1 0 2 0 0 5 3 0 0 0 0 0 0 0 0 0 0 0 0
4 100 3 3 13 10 4374 1 0 93 280 0 5 3 0 25 26 8 13 10 4 5 129950 0 0 0 0 0 0 0 0 8283 12661 0 0 1 0 0 0 180 453 275 0 266 0 0 0 0 0 0 0 0 0 0 2 1 2 0 0 13 10 0 0 0 0 0 0 0 0 0 0 0 0
3 98 1 2 2 2 4463 0 0 97 190 0 2 1 0 4 2 1 1 0 0 0 133964 0 0 0 0 0 0 0 0 8716 8738 0 0 0 0 0 0 198 188 94 0 192 0 0 0 0 0 0 0 0 0 0 0 0 2 0 0 2 2 0 0 0 0 0 0 0 0 0 0 0 0
1 98 0 0 0 0 4652 0 0 101 0 0 0 0 0 0 0 0 0 0 0 0 142607 0 0 0 0 0 0 0 0 9284 0 0 0 0 0 0 0 203 0 0 0 0 0 0 0 0 0 0 0 0 0 0 0 0 2 0 0 0 0 0 0 0 0 0 0 0 0 0 0 0 0
3 100 1 2 4 4 4467 0 0 95 188 0 4 1 0 8 4 4 1 4 2 0 134146 0 0 0 0 0 0 0 0 8540 8556 0 0 0 0 0 0 192 372 92 0 186 0 0 0 0 0 0 0 0 0 0 2 0 2 0 0 4 4 0 0 0 0 0 0 0 0 0 0 0 0
4 97 3 3 4 4 4369 1 0 96 283 0 2 3 0 6 8 1 2 0 0 2 129685 0 0 0 0 0 0 0 0 8534 12923 0 0 0 0 0 0 194 184 281 0 284 0 0 0 0 0 0 0 0 0 0 0 1 2 0 0 4 4 0 0 0 0 0 0 0 0 0 0 0 0
2 98 0 1 4 0 4557 0 0 99 96 0 1 0 0 8 0 0 6 0 0 0 138237 0 0 0 0 0 0 0 0 9003 4465 0 0 0 0 0 0 198 92 0 0 95 0 0 0 0 0 0 0 0 0 0 0 0 2 0 0 4 0 0 0 0 0 0 0 0 0 0 0 0 0
2 101 0 1 9 0 4566 0 0 96 93 0 4 0 0 15 0 0 11 27 0 0 138512 0 0 0 0 0 0 0 0 8746 4191 0 0 0 0 0 0 184 363 0 0 87 0 0 0 0 0 0 0 0 0 0 6 0 2 0 0 9 0 0 0 0 0 0 0 0 0 0 0 0 0
2 99 0 1 2 0 4559 0 0 98 95 0 2 0 0 4 0 0 0 2 0 0 138332 0 0 0 0 0 0 0 0 8908 4369 0 0 0 0 0 0 198 188 0 0 96 0 0 0 0 0 0 0 0 0 0 1 0 2 0 0 2 0 0 0 0 0 0 0 0 0 0 0 0 0
2 99 0 1 9 0 4559 0 0 98 95 0 2 0 0 13 0 0 17 9 0 0 138325 0 0 0 0 1 0 0 0 8922 4376 0 0 0 0 0 0 191 181 0 0 89 0 0 0 0 0 0 0 0 0 0 1 0 2 0 0 9 0 0 0 0 0 0 0 0 0 0 0 0 0
2 98 0 1 1 0 4557 0 0 99 96 0 1 0 0 1 0 0 0 0 0 0 138240 0 0 0 0 0 0 0 0 8997 4462 0 0 0 0 0 0 201 95 0 0 98 0 0 0 0 0 0 0 0 0 0 0 0 2 0 0 1 0 0 0 0 0 0 0 0 0 0 0 0 0
2 99 0 1 2 0 4559 0 0 98 95 0 2 0 0 4 0 0 0 2 0 0 138332 0 0 0 0 0 0 0 0 8908 4369 0 0 0 0 0 0 198 188 0 0 96 0 0 0 0 0 0 0 0 0 0 1 0 2 0 0 2 0 0 0 0 0 0 0 0 0 0 0 0 0
3 101 1 2 10 5 4470 0 0 94 187 0 5 1 0 22 10 6 7 18 4 0 134232 0 0 0 0 1 0 0 0 8464 8471 0 0 0 0 0 0 183 457 91 0 178 0 0 0 0 0 0 0 0 0 0 4 0 2 0 0 10 5 0 0 0 0 0 0 0 0 0 0 0 0
2 97 0 1 0 0 4556 0 0 100 97 0 0 0 0 0 0 0 0 0 0 0 138147 0 0 0 0 0 0 0 0 9088 4556 0 0 0 0 0 0 203 0 0 0 100 0 0 0 0 0 0 0 0 0 0 0 0 2 0 0 0 0 0 0 0 0 0 0 0 0 0 0 0 0
3 98 1 2 5 2 4464 0 0 97 190 0 2 1 0 10 5 0 6 5 1 0 133960 0 0 0 0 0 0 0 0 8724 8742 0 0 0 0 0 0 194 183 94 0 189 0 0 0 0 0 0 0 0 0 0 1 0 2 0 0 5 2 0 0 0 0 0 0 0 0 0 0 0 0
5 103 6 4 16 25 4292 4 1 88 367 0 9 6 0 30 46 21 13 33 22 23 126119 1 0 0 0 1 0 0 0 7766 16320 0 0 0 1 5 2 162 803 538 0 336 0 0 0 0 0 0 0 0 0 0 9 4 2 0 0 16 25 0 0 0 0 0 0 0 1 0 0 0 0
1 98 0 0 0 0 4652 0 0 101 0 0 0 0 0 0 0 0 0 0 0 0 142607 0 0 0 0 0 0 0 0 9284 0 0 0 0 0 0 0 203 0 0 0 0 0 0 0 0 0 0 0 0 0 0 0 0 2 0 0 0 0 0 0 0 0 0 0 0 0 0 0 0 0
6 102 10 5 15 36 4202 10 0 87 456 0 9 10 0 27 60 25 8 42 44 54 122021 5 0 0 0 0 0 0 0 7595 20153 0 0 0 0 0 0 158 791 894 0 420 0 0 0 0 0 0 0 0 0 0 11 10 2 0 0 15 36 0 0 0 0 0 0 0 0 0 0 0 0
5 104 6 4 19 30 4297 4 0 87 366 0 10 6 0 35 57 32 12 54 39 30 126210 1 0 0 0 1 0 0 0 7688 16238 0 0 0 0 0 0 155 885 534 0 329 0 0 0 0 0 0 0 0 0 0 13 4 2 0 0 19 30 0 0 0 0 0 0 0 0 0 0 0 0
4 98 3 3 8 6 4371 1 0 95 282 0 3 3 0 18 16 2 7 5 2 3 129772 0 0 0 0 0 0 0 0 8453 12837 0 0 0 0 0 0 188 272 279 0 277 0 0 0 0 0 0 0 0 0 0 1 1 2 0 0 8 6 0 0 0 0 0 0 0 0 0 0 0 0
3 100 1 2 14 4 4468 0 0 95 188 0 4 1 0 23 14 3 23 14 3 0 134136 0 0 0 0 1 0 0 0 8562 8567 0 0 1 0 0 0 181 360 92 0 176 0 0 0 0 0 0 0 0 0 0 3 0 2 0 0 14 4 0 0 0 0 0 0 0 0 0 0 0 0
2 99 0 1 4 0 4559 0 0 98 95 0 2 0 0 6 0 0 3 2 0 0 138330 0 0 0 0 0 0 0 0 8912 4371 0 0 1 0 0 0 196 186 0 0 94 0 0 0 0 0 0 0 0 0 0 1 0 2 0 0 4 0 0 0 0 0 0 0 0 0 0 0 0 0
1 98 0 0 0 0 4652 0 0 101 0 0 0 0 0 0 0 0 0 0 0 0 142607 0 0 0 0 0 0 0 0 9284 0 0 0 0 0 0 0 203 0 0 0 0 0 0 0 0 0 0 0 0 0 0 0 0 2 0 0 0 0 0 0 0 0 0 0 0 0 0 0 0 0
1 98 0 0 0 0 4652 0 0 101 0 0 0 0 0 0 0 0 0 0 0 0 142607 0 0 0 0 0 0 0 0 9284 0 0 0 0 0 0 0 203 0 0 0 0 0 0 0 0 0 0 0 0 0 0 0 0 2 0 0 0 0 0 0 0 0 0 0 0 0 0 0 0 0
3 101 1 2 10 5 4472 0 0 94 187 0 5 1 0 17 10 4 12 24 6 0 134233 0 0 0 0 0 0 0 0 8468 8473 0 0 0 0 0 0 181 453 91 0 178 0 0 0 0 0 0 0 0 0 0 6 0 2 0 0 10 5 0 0 0 0 0 0 0 0 0 0 0 0
3 102 1 2 9 6 4474 0 0 93 186 0 6 1 0 15 9 8 11 25 7 0 134326 0 0 0 0 0 0 0 0 8376 8380 0 0 0 0 0 0 180 547 90 0 177 0 0 0 0 0 0 0 0 0 0 7 0 2 0 0 9 6 0 0 0 0 0 0 0 0 0 0 0 0
2 99 0 1 4 0 4559 0 0 98 95 0 2 0 0 10 0 0 3 4 0 0 138330 0 0 0 0 0 0 0 0 8912 4371 0 0 0 0 0 0 196 186 0 0 94 0 0 0 0 0 0 0 0 0 0 1 0 2 0 0 4 0 0 0 0 0 0 0 0 0 0 0 0 0
2 99 0 1 3 0 4559 0 0 98 95 0 2 0 0 8 0 0 1 3 0 0 138331 0 0 0 0 0 0 0 0 8910 4370 0 0 0 0 0 0 197 187 0 0 95 0 0 0 0 0 0 0 0 0 0 1 0 2 0 0 3 0 0 0 0 0 0 0 0 0 0 0 0 0
1 98 0 0 0 0 4652 0 0 101 0 0 0 0 0 0 0 0 0 0 0 0 142607 0 0 0 0 0 0 0 0 9284 0 0 0 0 0 0 0 203 0 0 0 0 0 0 0 0 0 0 0 0 0 0 0 0 2 0 0 0 0 0 0 0 0 0 0 0 0 0 0 0 0
2 99 0 1 2 0 4559 0 0 98 95 0 2 0 0 6 0 0 0 2 0 0 138332 0 0 0 0 0 0 0 0 8908 4369 0 0 0 0 0 0 198 188 0 0 96 0 0 0 0 0 0 0 0 0 0 1 0 2 0 0 2 0 0 0 0 0 0 0 0 0 0 0 0 0
4 99 3 3 10 8 4374 1 0 94 281 0 4 3 0 27 20 3 8 14 6 4 129861 0 0 0 0 1 0 0 0 8370 12750 0 0 0 0 0 0 183 360 277 0 272 0 0 0 0 0 0 0 0 0 0 3 1 2 0 0 10 8 0 0 0 0 0 0 0 0 0 0 0 0
2 97 0 1 0 0 4556 0 0 100 97 0 0 0 0 0 0 0 0 0 0 0 138147 0 0 0 0 0 0 0 0 9088 4556 0 0 0 0 0 0 203 0 0 0 100 0 0 0 0 0 0 0 0 0 0 0 0 2 0 0 0 0 0 0 0 0 0 0 0 0 0 0 0 0
1 98 0 0 0 0 4652 0 0 101 0 0 0 0 0 0 0 0 0 0 0 0 142607 0 0 0 0 0 0 0 0 9284 0 0 0 0 0 0 0 203 0 0 0 0 0 0 0 0 0 0 0 0 0 0 0 0 2 0 0 0 0 0 0 0 0 0 0 0 0 0 0 0 0
5 102 5 5 18 21 4288 2 0 88 371 2 8 5 1 42 46 20 20 21 14 13 126115 0 0 2 6 0 0 6 5 7765 16412 1 1 0 0 0 0 164 716 449 0 334 0 0 0 0 0 0 0 0 0 0 5 2 1 91 0 18 21 0 0 0 0 0 3 2 0 0 0 0 0
4 99 3 3 8 8 4372 1 0 94 281 0 4 3 0 13 16 5 5 5 2 4 129864 0 0 0 0 0 0 0 0 8362 12746 0 0 0 0 0 0 187 366 277 0 274 0 0 0 0 0 0 0 0 0 0 1 1 2 0 0 8 8 0 0 0 0 0 0 0 0 0 0 0 0
3 97 1 2 1 1 4462 0 0 98 191 0 1 1 0 2 1 0 0 0 0 0 133872 0 0 0 0 0 0 0 0 8806 8830 0 0 0 0 0 0 200 94 95 0 195 0 0 0 0 0 0 0 0 0 0 0 0 2 0 0 1 1 0 0 0 0 0 0 0 0 0 0 0 0
3 100 1 2 11 4 4468 0 0 95 188 0 4 1 0 19 11 3 14 18 3 0 134139 0 0 0 0 0 0 0 0 8556 8564 0 0 0 0 0 0 184 363 92 0 179 0 0 0 0 0 0 0 0 0 0 3 0 2 0 0 11 4 0 0 0 0 0 0 0 0 0 0 0 0
5 102 6 4 14 22 4286 4 1 89 368 0 8 6 0 19 42 21 22 14 10 20 126030 1 0 0 0 1 0 0 0 7842 16402 0 0 0 0 2 2 170 722 541 0 342 0 0 0 0 0 0 0 0 0 0 4 4 2 0 0 14 22 0 0 0 0 0 0 0 1 0 0 0 0
1 98 0 0 0 0 4652 0 0 101 0 0 0 0 0 0 0 0 0 0 0 0 142607 0 0 0 0 0 0 0 0 9284 0 0 0 0 0 0 0 203 0 0 0 0 0 0 0 0 0 0 0 0 0 0 0 0 2 0 0 0 0 0 0 0 0 0 0 0 0 0 0 0 0
4 101 3 3 10 12 4379 1 0 92 279 0 6 3 0 20 20 9 13 21 12 6 130045 0 0 0 0 0 0 0 0 8194 12571 0 0 0 0 0 0 178 542 273 0 266 0 0 0 0 0 0 0 0 0 0 6 1 2 0 0 10 12 0 0 0 0 0 0 0 0 0 0 0 0
1 98 0 0 0 0 4652 0 0 101 0 0 0 0 0 0 0 0 0 0 0 0 142607 0 0 0 0 0 0 0 0 9284 0 0 0 0 0 0 0 203 0 0 0 0 0 0 0 0 0 0 0 0 0 0 0 0 2 0 0 0 0 0 0 0 0 0 0 0 0 0 0 0 0
4 102 3 3 11 14 4379 1 0 91 278 0 7 3 0 21 22 16 4 15 10 7 130134 0 0 0 0 1 0 0 0 8103 12480 0 0 1 0 0 0 177 637 271 0 262 0 0 0 0 0 0 0 0 0 0 5 1 2 0 0 11 14 0 0 0 0 0 0 0 0 0 0 0 0
5 102 6 4 17 24 4286 4 0 90 368 0 8 6 0 32 51 23 15 18 12 24 126027 1 4 0 0 0 3 0 0 7849 16407 0 0 0 0 0 0 168 717 540 0 338 0 0 0 0 0 0 0 0 0 0 4 4 1 0 0 17 24 0 0 0 0 1 0 0 0 0 0 0 0
4 104 3 3 20 18 4388 1 0 90 276 0 9 3 0 32 38 22 17 57 24 9 130309 0 3 0 0 0 2 0 0 7957 12316 0 1 0 0 0 0 159 800 267 0 246 0 0 0 0 0 0 0 0 0 0 12 1 1 0 0 20 18 0 0 0 0 1 0 0 0 0 0 0 0
2 97 0 1 0 0 4556 0 0 100 97 0 0 0 0 0 0 0 0 0 0 0 138147 0 0 0 0 0 0 0 0 9088 4556 0 0 0 0 0 0 203 0 0 0 100 0 0 0 0 0 0 0 0 0 0 0 0 2 0 0 0 0 0 0 0 0 0 0 0 0 0 0 0 0
1 98 0 0 0 0 4652 0 0 101 0 0 0 0 0 0 0 0 0 0 0 0 142607 0 0 0 0 0 0 0 0 9284 0 0 0 0 0 0 0 203 0 0 0 0 0 0 0 0 0 0 0 0 0 0 0 0 2 0 0 0 0 0 0 0 0 0 0 0 0 0 0 0 0
4 104 3 3 19 16 4386 1 1 89 276 0 9 3 0 28 34 20 16 41 15 7 130308 0 0 0 0 1 0 0 0 7949 12311 0 0 0 2 5 1 161 807 268 0 248 0 0 0 0 0 0 0 0 0 0 10 1 2 0 0 19 16 0 0 0 0 0 0 0 1 0 0 0 0
4 103 3 3 13 14 4384 1 1 90 277 0 8 3 0 18 24 16 6 29 16 6 130223 0 0 0 0 0 0 0 0 8026 12395 0 0 1 1 2 1 169 721 270 0 257 0 0 0 0 0 0 0 0 0 0 9 1 2 0 0 13 14 0 0 0 0 0 0 0 1 0 0 0 0
3 103 1 2 16 7 4479 0 0 92 185 0 7 1 0 29 16 10 14 55 11 0 134414 0 0 0 0 0 0 0 0 8306 8298 0 0 0 0 0 0 168 627 89 0 168 0 0 0 0 0 0 0 0 0 0 11 0 2 0 0 16 7 0 0 0 0 0 0 0 0 0 0 0 0
4 103 2 4 11 10 4387 0 0 89 283 1 8 2 1 24 13 12 5 28 12 0 130315 0 0 5 6 0 0 9 2 7944 12408 0 0 1 0 0 0 165 719 180 0 256 0 0 0 0 0 0 0 0 0 0 11 0 1 89 0 11 10 0 0 0 0 0 6 1 0 0 0 0 0
4 103 2 4 13 10 4387 0 0 89 283 1 8 2 1 23 17 12 7 30 12 0 130313 0 0 5 6 0 0 9 2 7948 12410 0 0 1 0 0 0 163 717 180 0 254 0 0 0 0 0 0 0 0 0 0 11 0 1 89 0 13 10 0 0 0 0 0 6 1 0 0 0 0 0
3 100 1 2 4 4 4467 0 0 95 188 0 4 1 0 11 4 4 1 4 2 0 134146 0 0 0 0 0 0 0 0 8540 8556 0 0 0 0 0 0 192 372 92 0 186 0 0 0 0 0 0 0 0 0 0 2 0 2 0 0 4 4 0 0 0 0 0 0 0 0 0 0 0 0
3 99 1 2 6 3 4465 0 0 96 189 0 3 1 0 15 6 2 4 3 1 0 134052 0 0 0 0 0 0 0 0 8634 8650 0 0 0 0 0 0 192 277 93 0 186 0 0 0 0 0 0 0 0 0 0 1 0 2 0 0 6 3 0 0 0 0 0 0 0 0 0 0 0 0
8 100 20 8 18 50 4015 30 1 84 630 5 9 20 1 23 98 28 14 17 22 108 114161 25 0 1 10 0 0 4 7 7175 27289 10 0 0 3 2 5 149 784 1769 0 570 0 0 0 0 0 0 0 0 0 0 4 30 1 89 0 18 50 0 0 0 0 0 2 5 1 0 0 0 0
