99 0 4750 101 0 0 0 147263 0 0 0 9376 0 209 1 0 0 0 0 0 0 0 0 3318646 0 0 0 0 0 0 0 0 0 421861 0 0 0 0 0 0 0 0 18796 0 4423 0 0 0 0 0 0 0 0 0 0 146 0 0 92 0 0 405 0 0 0 0 0 4 0 3 0 0 0
3 99 1 2 5 3 4465 0 0 96 189 0 3 1 0 5 5 2 4 3 1 0 134057 0 0 0 0 0 0 0 0 8623 8649 0 0 0 0 0 0 199 278 93 0 187 0 0 0 0 0 0 0 0 0 0 1 0 1 0 0 5 3 0 0 0 0 0 0 0 0 0 0 0 0
3 100 0 3 16 0 4469 0 0 94 192 0 4 0 1 29 0 0 26 26 0 0 134227 0 0 2 0 0 0 14 0 8472 8574 0 0 0 0 0 0 182 358 0 0 172 0 0 0 0 0 0 0 0 1 0 3 0 0 92 0 16 0 0 0 0 0 0 4 0 0 0 0 0 0
6 107 9 6 23 53 4220 7 1 81 452 3 14 9 1 35 82 63 19 72 90 64 122554 2 0 0 2 0 0 2 12 7095 19743 3 2 0 2 2 2 138 1219 783 0 382 0 0 0 0 0 0 0 0 0 1 23 7 0 92 0 23 53 0 0 0 0 0 1 3 1 0 0 0 0
3 101 1 2 13 5 4470 0 0 94 187 0 5 1 0 28 13 6 13 21 4 0 134233 0 0 0 0 0 0 0 0 8461 8474 0 0 0 0 0 0 186 454 91 0 175 0 0 0 0 0 0 0 0 0 0 4 0 1 0 0 13 5 0 0 0 0 0 0 0 0 0 0 0 0
2 99 0 1 8 0 4559 0 0 98 95 0 2 0 0 18 0 0 13 8 0 0 138330 0 0 0 0 0 0 0 0 8911 4375 0 0 0 0 0 0 198 182 0 0 90 0 0 0 0 0 0 0 0 0 0 1 0 1 0 0 8 0 0 0 0 0 0 0 0 0 0 0 0 0
1 98 0 0 0 0 4652 0 0 101 0 0 0 0 0 0 0 0 0 0 0 0 142611 0 0 0 0 0 0 0 0 9275 0 0 0 0 0 0 0 209 0 0 0 0 0 0 0 0 0 0 0 0 0 0 0 0 1 0 0 0 0 0 0 0 0 0 0 0 0 0 0 0 0
3 102 1 2 14 6 4477 0 0 93 186 0 6 1 0 29 14 5 18 40 10 0 134328 0 0 0 0 1 0 0 0 8383 8388 0 0 0 0 0 0 178 536 90 0 172 0 0 0 0 0 0 0 0 0 0 10 0 1 0 0 14 6 0 0 0 0 0 0 0 0 0 0 0 0
4 103 3 3 18 16 4388 1 0 90 277 0 8 3 0 26 32 13 20 52 26 8 130225 0 0 0 0 2 0 0 0 8033 12404 0 2 1 0 0 0 167 708 269 0 252 0 0 0 0 0 0 0 0 0 0 13 1 1 0 0 18 16 0 0 0 0 0 0 0 0 0 0 0 0
1 98 0 0 0 0 4652 0 0 101 0 0 0 0 0 0 0 0 0 0 0 0 142611 0 0 0 0 0 0 0 0 9275 0 0 0 0 0 0 0 209 0 0 0 0 0 0 0 0 0 0 0 0 0 0 0 0 1 0 0 0 0 0 0 0 0 0 0 0 0 0 0 0 0
4 99 3 3 13 8 4374 1 0 94 281 0 4 3 0 21 26 3 16 16 6 4 129862 0 0 0 0 0 0 0 0 8367 12753 0 0 1 0 0 0 186 357 277 0 269 0 0 0 0 0 0 0 0 0 0 3 1 1 0 0 13 8 0 0 0 0 0 0 0 0 0 0 0 0
1 98 0 0 0 0 4652 0 0 101 0 0 0 0 0 0 0 0 0 0 0 0 142611 0 0 0 0 0 0 0 0 9275 0 0 0 0 0 0 0 209 0 0 0 0 0 0 0 0 0 0 0 0 0 0 0 0 1 0 0 0 0 0 0 0 0 0 0 0 0 0 0 0 0
3 100 1 2 6 4 4471 0 0 95 188 0 4 1 0 9 6 0 10 18 6 0 134148 0 0 0 0 0 0 0 0 8543 8562 0 0 0 0 0 0 192 362 92 0 184 0 0 0 0 0 0 0 0 0 0 6 0 1 0 0 6 4 0 0 0 0 0 0 0 0 0 0 0 0
3 101 1 2 15 5 4472 0 0 94 187 0 5 1 0 26 15 4 18 26 6 0 134232 0 0 0 0 0 0 0 0 8469 8478 0 0 2 0 0 0 182 448 91 0 173 0 0 0 0 0 0 0 0 0 0 6 0 1 0 0 15 5 0 0 0 0 0 0 0 0 0 0 0 0
4 99 3 3 5 8 4374 1 0 94 281 0 4 3 0 8 10 3 1 8 6 4 129870 0 0 0 0 0 0 0 0 8351 12745 0 0 0 0 0 0 194 365 277 0 277 0 0 0 0 0 0 0 0 0 0 3 1 1 0 0 5 8 0 0 0 0 0 0 0 0 0 0 0 0
3 99 1 2 8 3 4467 0 0 96 189 0 3 1 0 14 8 0 9 14 3 0 134053 0 0 0 0 0 0 0 0 8633 8654 0 0 1 0 0 0 194 271 93 0 184 0 0 0 0 0 0 0 0 0 0 3 0 1 0 0 8 3 0 0 0 0 0 0 0 0 0 0 0 0
4 102 3 3 13 12 4383 1 1 91 278 0 7 3 0 21 22 6 9 32 13 5 130135 0 0 0 0 0 0 0 0 8108 12486 0 0 1 2 5 1 176 627 272 0 260 0 0 0 0 0 0 0 0 0 0 9 1 1 0 0 13 12 0 0 0 0 0 0 0 1 0 0 0 0
4 107 3 3 16 24 4397 1 0 86 273 0 12 3 0 24 30 47 16 48 36 12 130591 0 0 0 0 0 0 0 0 7675 12043 0 1 0 0 0 0 160 1076 261 0 242 0 0 0 0 0 0 0 0 0 0 18 1 1 0 0 16 24 0 0 0 0 0 0 0 0 0 0 0 0
5 100 6 4 7 18 4282 4 0 91 370 0 6 6 0 19 21 13 4 4 6 18 125862 1 0 0 0 0 0 0 0 7993 16571 0 0 1 0 0 0 188 547 546 0 357 0 0 0 0 0 0 0 0 0 0 2 4 1 0 0 7 18 0 0 0 0 0 0 0 0 0 0 0 0
3 100 1 2 2 4 4471 0 0 95 188 0 4 1 0 8 2 0 1 6 6 0 134152 0 0 0 0 0 0 0 0 8535 8558 0 0 0 0 0 0 196 366 92 0 188 0 0 0 0 0 0 0 0 0 0 6 0 1 0 0 2 4 0 0 0 0 0 0 0 0 0 0 0 0
2 98 0 1 4 0 4557 0 0 99 96 0 1 0 0 6 0 0 6 0 0 0 138241 0 0 0 0 0 0 0 0 8994 4465 0 0 0 0 0 0 204 92 0 0 95 0 0 0 0 0 0 0 0 0 0 0 0 1 0 0 4 0 0 0 0 0 0 0 0 0 0 0 0 0
4 98 3 3 5 6 4371 1 0 95 282 0 3 3 0 10 10 2 3 4 2 3 129779 0 0 0 0 0 0 0 0 8438 12834 0 0 0 0 0 0 197 275 279 0 280 0 0 0 0 0 0 0 0 0 0 1 1 1 0 0 5 6 0 0 0 0 0 0 0 0 0 0 0 0
3 100 1 2 10 4 4468 0 0 95 188 0 4 1 0 27 10 3 12 12 3 0 134144 0 0 0 0 0 0 0 0 8545 8563 0 0 0 0 0 0 191 364 92 0 180 0 0 0 0 0 0 0 0 0 0 3 0 1 0 0 10 4 0 0 0 0 0 0 0 0 0 0 0 0
2 97 0 1 0 0 4556 0 0 100 97 0 0 0 0 0 0 0 0 0 0 0 138151 0 0 0 0 0 0 0 0 9079 4556 0 0 0 0 0 0 209 0 0 0 100 0 0 0 0 0 0 0 0 0 0 0 0 1 0 0 0 0 0 0 0 0 0 0 0 0 0 0 0 0
5 101 6 4 17 21 4284 4 0 90 369 0 7 6 0 34 47 16 19 10 9 21 125942 1 0 0 0 0 0 0 0 7925 16493 0 2 1 0 0 0 176 628 543 0 343 0 0 0 0 0 0 0 0 0 0 3 4 1 0 0 17 21 0 0 0 0 0 0 0 0 0 0 0 0
4 96 3 3 1 2 4368 1 0 97 284 0 1 3 0 0 2 0 0 0 0 1 129600 0 0 0 0 0 0 0 0 8610 13011 0 0 0 0 0 0 204 93 283 0 290 0 0 0 0 0 0 0 0 0 0 0 1 1 0 0 1 2 0 0 0 0 0 0 0 0 0 0 0 0
2 101 0 1 3 0 4566 0 0 96 93 0 4 0 0 8 0 0 1 9 0 0 138522 0 0 0 0 0 0 0 0 8725 4185 0 0 0 0 0 0 196 369 0 0 93 0 0 0 0 0 0 0 0 0 0 6 0 1 0 0 3 0 0 0 0 0 0 0 0 0 0 0 0 0
2 102 0 1 11 0 4571 0 0 95 92 0 5 0 0 20 0 0 12 44 0 0 138610 0 0 0 0 1 0 0 0 8656 4102 0 0 0 0 0 0 183 449 0 0 84 0 0 0 0 0 0 0 0 0 0 10 0 1 0 0 11 0 0 0 0 0 0 0 0 0 0 0 0 0
1 98 0 0 0 0 4652 0 0 101 0 0 0 0 0 0 0 0 0 0 0 0 142611 0 0 0 0 0 0 0 0 9275 0 0 0 0 0 0 0 209 0 0 0 0 0 0 0 0 0 0 0 0 0 0 0 0 1 0 0 0 0 0 0 0 0 0 0 0 0 0 0 0 0
2 101 0 1 7 0 4566 0 0 96 93 0 4 0 0 9 0 0 10 21 0 0 138518 0 0 0 0 0 0 0 0 8733 4189 0 0 0 0 0 0 192 365 0 0 89 0 0 0 0 0 0 0 0 0 0 6 0 1 0 0 7 0 0 0 0 0 0 0 0 0 0 0 0 0
1 98 0 0 0 0 4652 0 0 101 0 0 0 0 0 0 0 0 0 0 0 0 142611 0 0 0 0 0 0 0 0 9275 0 0 0 0 0 0 0 209 0 0 0 0 0 0 0 0 0 0 0 0 0 0 0 0 1 0 0 0 0 0 0 0 0 0 0 0 0 0 0 0 0
5 103 6 4 20 27 4292 4 0 88 367 0 9 6 0 34 58 26 22 35 27 27 126120 1 0 0 0 0 0 0 0 7763 16324 0 1 1 0 0 0 165 799 537 0 332 0 0 0 0 0 0 0 0 0 0 9 4 1 0 0 20 27 0 0 0 0 0 0 0 0 0 0 0 0
2 99 0 1 4 0 4559 0 0 98 95 0 2 0 0 13 0 0 3 4 0 0 138334 0 0 0 0 0 0 0 0 8903 4371 0 0 0 0 0 0 202 186 0 0 94 0 0 0 0 0 0 0 0 0 0 1 0 1 0 0 4 0 0 0 0 0 0 0 0 0 0 0 0 0
7 104 15 6 18 60 4115 20 0 84 540 0 12 15 0 27 86 51 18 32 60 120 118268 15 1 0 0 0 5 0 0 7168 23558 0 2 1 0 0 0 152 1048 1320 0 479 0 0 0 0 0 0 0 0 0 0 12 20 0 0 0 18 60 0 0 0 0 1 0 0 0 0 0 0 0
3 99 1 2 2 3 4465 0 0 96 189 0 3 1 0 4 2 2 1 2 1 0 134060 0 0 0 0 0 0 0 0 8617 8646 0 0 0 0 0 0 202 281 93 0 190 0 0 0 0 0 0 0 0 0 0 1 0 1 0 0 2 3 0 0 0 0 0 0 0 0 0 0 0 0
4 101 2 4 20 7 4380 0 1 91 282 1 6 2 1 30 22 3 29 40 5 0 130125 0 0 0 2 0 0 12 2 8121 12587 0 1 0 2 4 0 171 532 182 0 253 0 0 0 0 0 0 0 0 0 1 6 0 0 92 0 20 7 0 0 0 0 0 3 1 1 0 0 0 0
2 98 0 1 4 0 4557 0 0 99 96 0 1 0 0 2 0 0 6 0 0 0 138241 0 0 0 0 0 0 0 0 8994 4465 0 0 0 0 0 0 204 92 0 0 95 0 0 0 0 0 0 0 0 0 0 0 0 1 0 0 4 0 0 0 0 0 0 0 0 0 0 0 0 0
2 99 0 1 7 0 4559 0 0 98 95 0 2 0 0 14 0 0 11 7 0 0 138331 0 0 0 0 0 0 0 0 8909 4374 0 0 0 0 0 0 199 183 0 0 91 0 0 0 0 0 0 0 0 0 0 1 0 1 0 0 7 0 0 0 0 0 0 0 0 0 0 0 0 0
3 102 1 2 9 6 4474 0 0 93 186 0 6 1 0 27 9 8 7 21 7 0 134330 0 0 0 0 0 0 0 0 8367 8380 0 0 0 0 0 0 186 547 90 0 177 0 0 0 0 0 0 0 0 0 0 7 0 1 0 0 9 6 0 0 0 0 0 0 0 0 0 0 0 0
1 98 0 0 0 0 4652 0 0 101 0 0 0 0 0 0 0 0 0 0 0 0 142611 0 0 0 0 0 0 0 0 9275 0 0 0 0 0 0 0 209 0 0 0 0 0 0 0 0 0 0 0 0 0 0 0 0 1 0 0 0 0 0 0 0 0 0 0 0 0 0 0 0 0
5 105 6 4 18 31 4295 4 1 87 365 0 11 6 0 45 45 38 18 31 28 29 126300 1 2 0 0 0 2 0 0 7586 16147 0 2 0 2 2 2 163 983 532 0 325 0 0 0 0 0 0 0 1 0 0 10 4 0 0 0 18 31 0 0 0 0 1 0 0 1 0 0 0 0
3 103 1 2 16 7 4479 0 0 92 185 0 7 1 0 20 14 9 16 49 11 0 134418 0 0 0 0 1 0 0 0 8297 8298 0 1 0 0 0 0 174 627 89 0 168 0 0 0 0 0 0 0 0 0 0 11 0 1 0 0 16 7 0 0 0 0 0 0 0 0 0 0 0 0
3 99 1 2 5 3 4467 0 0 96 189 0 3 1 0 7 5 0 2 10 3 0 134056 0 0 0 0 0 0 0 0 8627 8651 0 0 0 0 0 0 197 274 93 0 187 0 0 0 0 0 0 0 0 0 0 3 0 1 0 0 5 3 0 0 0 0 0 0 0 0 0 0 0 0
1 98 0 0 0 0 4652 0 0 101 0 0 0 0 0 0 0 0 0 0 0 0 142611 0 0 0 0 0 0 0 0 9275 0 0 0 0 0 0 0 209 0 0 0 0 0 0 0 0 0 0 0 0 0 0 0 0 1 0 0 0 0 0 0 0 0 0 0 0 0 0 0 0 0
2 98 0 1 1 0 4557 0 0 99 96 0 1 0 0 2 0 0 0 0 0 0 138244 0 0 0 0 0 0 0 0 8988 4462 0 0 0 0 0 0 207 95 0 0 98 0 0 0 0 0 0 0 0 0 0 0 0 1 0 0 1 0 0 0 0 0 0 0 0 0 0 0 0 0
1 98 0 0 0 0 4652 0 0 101 0 0 0 0 0 0 0 0 0 0 0 0 142611 0 0 0 0 0 0 0 0 9275 0 0 0 0 0 0 0 209 0 0 0 0 0 0 0 0 0 0 0 0 0 0 0 0 1 0 0 0 0 0 0 0 0 0 0 0 0 0 0 0 0
3 101 1 2 9 5 4472 0 0 94 187 0 5 1 0 13 9 4 13 18 6 0 134238 0 0 0 0 0 0 0 0 8457 8472 0 0 0 0 0 0 188 454 91 0 179 0 0 0 0 0 0 0 0 0 0 6 0 1 0 0 9 5 0 0 0 0 0 0 0 0 0 0 0 0
2 100 0 1 8 0 4562 0 0 97 94 0 3 0 0 14 0 0 7 14 0 0 138423 0 0 0 0 0 0 0 0 8822 4282 0 0 1 0 0 0 195 274 0 0 89 0 0 0 0 0 0 0 0 0 0 3 0 1 0 0 8 0 0 0 0 0 0 0 0 0 0 0 0 0
2 99 0 1 3 0 4559 0 0 98 95 0 2 0 0 5 0 0 1 3 0 0 138335 0 0 0 0 0 0 0 0 8901 4370 0 0 0 0 0 0 203 187 0 0 95 0 0 0 0 0 0 0 0 0 0 1 0 1 0 0 3 0 0 0 0 0 0 0 0 0 0 0 0 0
4 101 3 3 11 12 4377 1 0 92 279 0 6 3 0 24 20 10 12 11 8 6 130047 0 0 0 0 0 0 0 0 8183 12570 0 1 0 0 0 0 185 545 273 0 265 0 0 0 0 0 0 0 0 0 0 4 1 1 0 0 11 12 0 0 0 0 0 0 0 0 0 0 0 0
2 98 0 1 1 0 4557 0 0 99 96 0 1 0 0 2 0 0 0 0 0 0 138244 0 0 0 0 0 0 0 0 8988 4462 0 0 0 0 0 0 207 95 0 0 98 0 0 0 0 0 0 0 0 0 0 0 0 1 0 0 1 0 0 0 0 0 0 0 0 0 0 0 0 0
2 99 0 1 4 0 4559 0 0 98 95 0 2 0 0 5 0 0 3 4 0 0 138334 0 0 0 0 0 0 0 0 8903 4371 0 0 0 0 0 0 202 186 0 0 94 0 0 0 0 0 0 0 0 0 0 1 0 1 0 0 4 0 0 0 0 0 0 0 0 0 0 0 0 0
1 98 0 0 0 0 4652 0 0 101 0 0 0 0 0 0 0 0 0 0 0 0 142611 0 0 0 0 0 0 0 0 9275 0 0 0 0 0 0 0 209 0 0 0 0 0 0 0 0 0 0 0 0 0 0 0 0 1 0 0 0 0 0 0 0 0 0 0 0 0 0 0 0 0
2 101 0 1 7 0 4566 0 0 96 93 0 4 0 0 20 0 0 4 21 0 0 138518 0 0 0 0 0 0 0 0 8733 4189 0 0 0 0 0 0 192 365 0 0 89 0 0 0 0 0 0 0 0 0 0 6 0 1 0 0 7 0 0 0 0 0 0 0 0 0 0 0 0 0
5 105 6 4 24 31 4296 4 1 87 365 0 11 6 0 39 69 36 33 52 29 29 126292 1 0 0 0 0 2 0 0 7602 16154 0 1 0 0 4 2 156 975 532 0 319 0 0 0 0 0 0 0 1 0 0 11 4 0 0 0 24 31 0 0 0 0 1 0 0 1 0 0 0 0
3 102 1 2 18 6 4473 0 0 93 186 0 6 1 0 32 18 9 20 32 6 0 134320 0 0 0 0 1 0 0 0 8383 8388 0 0 2 0 0 0 178 540 90 0 168 0 0 0 0 0 0 0 0 0 0 6 0 1 0 0 18 6 0 0 0 0 0 0 0 0 0 0 0 0
3 101 1 2 11 5 4472 0 0 94 187 0 5 1 0 21 11 4 14 33 6 0 134236 0 0 0 0 0 0 0 0 8461 8474 0 0 0 0 0 0 186 452 91 0 177 0 0 0 0 0 0 0 0 0 0 6 0 1 0 0 11 5 0 0 0 0 0 0 0 0 0 0 0 0
2 102 0 1 12 0 4571 0 0 95 92 0 5 0 0 18 0 0 12 48 0 0 138609 0 0 0 0 1 0 0 0 8658 4103 0 0 0 0 0 0 182 448 0 0 83 0 0 0 0 0 0 0 0 0 0 10 0 1 0 0 12 0 0 0 0 0 0 0 0 0 0 0 0 0
2 98 0 1 2 0 4557 0 0 99 96 0 1 0 0 1 0 0 1 0 0 0 138243 0 0 0 0 0 0 0 0 8990 4463 0 0 0 0 0 0 206 94 0 0 97 0 0 0 0 0 0 0 0 0 0 0 0 1 0 0 2 0 0 0 0 0 0 0 0 0 0 0 0 0
6 100 10 5 9 28 4199 10 0 89 458 0 7 10 0 19 36 11 6 32 40 42 121852 5 0 0 0 1 0 0 0 7750 20320 0 0 0 0 0 0 173 615 902 0 436 0 0 0 0 0 0 0 0 0 0 10 10 1 0 0 9 28 0 0 0 0 0 0 0 0 0 0 0 0
2 98 0 1 3 0 4557 0 0 99 96 0 1 0 0 8 0 0 3 0 0 0 138242 0 0 0 0 0 0 0 0 8992 4464 0 0 0 0 0 0 205 93 0 0 96 0 0 0 0 0 0 0 0 0 0 0 0 1 0 0 3 0 0 0 0 0 0 0 0 0 0 0 0 0
4 101 3 3 13 12 4377 1 0 92 279 0 6 3 0 30 24 10 15 15 8 6 130045 0 0 0 0 0 0 0 0 8187 12572 0 1 0 0 0 0 183 543 273 0 263 0 0 0 0 0 0 0 0 0 0 4 1 1 0 0 13 12 0 0 0 0 0 0 0 0 0 0 0 0
3 101 1 2 14 5 4472 0 0 94 187 0 5 1 0 27 14 4 17 33 6 0 134233 0 0 0 0 0 0 0 0 8467 8477 0 0 0 0 0 0 183 449 91 0 174 0 0 0 0 0 0 0 0 0 0 6 0 1 0 0 14 5 0 0 0 0 0 0 0 0 0 0 0 0
2 102 0 1 11 0 4571 0 0 95 92 0 5 0 0 20 0 0 12 44 0 0 138610 0 0 0 0 1 0 0 0 8656 4102 0 0 0 0 0 0 183 449 0 0 84 0 0 0 0 0 0 0 0 0 0 10 0 1 0 0 11 0 0 0 0 0 0 0 0 0 0 0 0 0
2 98 0 1 3 0 4557 0 0 99 96 0 1 0 0 5 0 0 3 0 0 0 138242 0 0 0 0 0 0 0 0 8992 4464 0 0 0 0 0 0 205 93 0 0 96 0 0 0 0 0 0 0 0 0 0 0 0 1 0 0 3 0 0 0 0 0 0 0 0 0 0 0 0 0
6 105 10 5 22 48 4208 10 0 84 453 0 12 10 0 31 86 51 21 46 56 72 122286 5 0 0 0 1 0 0 0 7339 19902 0 1 0 0 0 0 151 1054 882 0 398 0 0 0 0 0 0 0 0 0 0 14 10 1 0 0 22 48 0 0 0 0 0 0 0 0 0 0 0 0
3 100 1 2 9 4 4468 0 0 95 188 0 4 1 0 12 9 3 8 10 3 0 134145 0 0 0 0 0 0 0 0 8543 8562 0 0 0 0 0 0 192 365 92 0 181 0 0 0 0 0 0 0 0 0 0 3 0 1 0 0 9 4 0 0 0 0 0 0 0 0 0 0 0 0
3 97 1 2 4 1 4462 0 0 98 191 0 1 1 0 11 4 0 6 0 0 0 133873 0 0 0 0 0 0 0 0 8803 8833 0 0 0 0 0 0 203 91 95 0 192 0 0 0 0 0 0 0 0 0 0 0 0 1 0 0 4 1 0 0 0 0 0 0 0 0 0 0 0 0
2 98 0 1 1 0 4557 0 0 99 96 0 1 0 0 4 0 0 0 0 0 0 138244 0 0 0 0 0 0 0 0 8988 4462 0 0 0 0 0 0 207 95 0 0 98 0 0 0 0 0 0 0 0 0 0 0 0 1 0 0 1 0 0 0 0 0 0 0 0 0 0 0 0 0
2 101 0 1 3 0 4566 0 0 96 93 0 4 0 0 8 0 0 1 9 0 0 138522 0 0 0 0 0 0 0 0 8725 4185 0 0 0 0 0 0 196 369 0 0 93 0 0 0 0 0 0 0 0 0 0 6 0 1 0 0 3 0 0 0 0 0 0 0 0 0 0 0 0 0
2 101 0 1 7 0 4566 0 0 96 93 0 4 0 0 9 0 0 10 21 0 0 138518 0 0 0 0 0 0 0 0 8733 4189 0 0 0 0 0 0 192 365 0 0 89 0 0 0 0 0 0 0 0 0 0 6 0 1 0 0 7 0 0 0 0 0 0 0 0 0 0 0 0 0
2 99 0 1 2 0 4559 0 0 98 95 0 2 0 0 1 0 0 0 2 0 0 138336 0 0 0 0 0 0 0 0 8899 4369 0 0 0 0 0 0 204 188 0 0 96 0 0 0 0 0 0 0 0 0 0 1 0 1 0 0 2 0 0 0 0 0 0 0 0 0 0 0 0 0
4 97 3 3 1 4 4369 1 0 96 283 0 2 3 0 2 2 1 0 0 0 2 129692 0 0 0 0 0 0 0 0 8519 12920 0 0 0 0 0 0 203 187 281 0 287 0 0 0 0 0 0 0 0 0 0 0 1 1 0 0 1 4 0 0 0 0 0 0 0 0 0 0 0 0
4 103 3 3 18 14 4382 1 1 90 277 0 8 3 0 24 30 17 14 30 11 6 130221 0 0 0 0 0 0 0 0 8023 12398 0 0 0 3 3 1 172 720 270 0 252 0 0 0 0 0 0 0 0 0 0 7 1 1 0 0 18 14 0 0 0 0 0 0 0 1 0 0 0 0
3 103 1 2 14 7 4477 0 0 92 185 0 7 1 0 31 12 11 13 34 9 0 134417 0 0 0 0 0 0 0 0 8289 8294 0 1 0 0 0 0 178 633 89 0 170 0 0 0 0 0 0 0 0 0 0 9 0 1 0 0 14 7 0 0 0 0 0 0 0 0 0 0 0 0
3 104 1 2 17 8 4482 0 0 91 184 0 8 1 0 23 13 13 15 56 13 0 134509 0 0 0 0 1 0 0 0 8211 8208 0 2 0 0 0 0 170 717 88 0 165 0 0 0 0 0 0 0 0 0 0 13 0 1 0 0 17 8 0 0 0 0 0 0 0 0 0 0 0 0
5 103 6 4 14 25 4292 4 1 88 367 0 9 6 0 27 40 21 10 27 22 23 126125 1 0 0 0 0 0 0 0 7753 16318 0 0 1 1 5 2 170 805 538 0 338 0 0 0 0 0 0 0 0 0 0 9 4 1 0 0 14 25 0 0 0 0 0 0 0 1 0 0 0 0
7 103 15 6 20 55 4114 20 0 85 541 0 11 15 0 40 96 40 20 48 60 110 118177 15 1 0 0 0 5 0 0 7260 23645 0 2 1 0 0 0 151 955 1325 0 483 0 0 0 0 0 0 0 0 0 0 12 20 0 0 0 20 55 0 0 0 0 1 0 0 0 0 0 0 0
1 98 0 0 0 0 4652 0 0 101 0 0 0 0 0 0 0 0 0 0 0 0 142611 0 0 0 0 0 0 0 0 9275 0 0 0 0 0 0 0 209 0 0 0 0 0 0 0 0 0 0 0 0 0 0 0 0 1 0 0 0 0 0 0 0 0 0 0 0 0 0 0 0 0
1 98 0 0 0 0 4652 0 0 101 0 0 0 0 0 0 0 0 0 0 0 0 142611 0 0 0 0 0 0 0 0 9275 0 0 0 0 0 0 0 209 0 0 0 0 0 0 0 0 0 0 0 0 0 0 0 0 1 0 0 0 0 0 0 0 0 0 0 0 0 0 0 0 0
2 99 0 1 7 0 4559 0 0 98 95 0 2 0 0 13 0 0 9 5 0 0 138331 0 0 0 0 0 0 0 0 8909 4374 0 0 1 0 0 0 199 183 0 0 91 0 0 0 0 0 0 0 0 0 0 1 0 1 0 0 7 0 0 0 0 0 0 0 0 0 0 0 0 0
3 99 1 2 0 3 4465 0 0 96 189 0 3 1 0 0 0 2 0 0 1 0 134062 0 0 0 0 0 0 0 0 8613 8644 0 0 0 0 0 0 204 283 93 0 192 0 0 0 0 0 0 0 0 0 0 1 0 1 0 0 0 3 0 0 0 0 0 0 0 0 0 0 0 0
5 105 6 4 16 31 4296 4 1 86 365 0 11 6 0 30 46 39 10 32 29 29 126303 1 0 0 0 0 0 0 0 7581 16144 0 0 1 1 4 2 164 985 532 0 328 0 0 0 0 0 0 0 0 0 0 11 4 1 0 0 16 31 0 0 0 0 0 0 0 1 0 0 0 0
2 99 0 1 1 0 4559 0 0 98 95 0 2 0 0 1 0 0 0 1 0 0 138337 0 0 0 0 0 0 0 0 8897 4368 0 0 0 0 0 0 205 189 0 0 97 0 0 0 0 0 0 0 0 0 0 1 0 1 0 0 1 0 0 0 0 0 0 0 0 0 0 0 0 0
5 102 6 4 14 22 4289 4 1 89 368 0 8 6 0 30 36 17 12 25 18 20 126033 1 0 0 0 0 0 0 0 7839 16405 0 0 0 3 3 2 173 716 541 0 342 0 0 0 0 0 0 0 0 0 0 7 4 1 0 0 14 22 0 0 0 0 0 0 0 1 0 0 0 0
3 98 1 2 1 2 4464 0 0 97 190 0 2 1 0 1 1 0 0 1 1 0 133968 0 0 0 0 0 0 0 0 8707 8738 0 0 0 0 0 0 204 187 94 0 193 0 0 0 0 0 0 0 0 0 0 1 0 1 0 0 1 2 0 0 0 0 0 0 0 0 0 0 0 0
1 98 0 0 0 0 4652 0 0 101 0 0 0 0 0 0 0 0 0 0 0 0 142611 0 0 0 0 0 0 0 0 9275 0 0 0 0 0 0 0 209 0 0 0 0 0 0 0 0 0 0 0 0 0 0 0 0 1 0 0 0 0 0 0 0 0 0 0 0 0 0 0 0 0
4 102 3 3 14 14 4385 1 0 91 278 0 7 3 0 22 26 9 14 44 22 7 130138 0 0 0 0 1 0 0 0 8112 12489 0 1 0 0 0 0 174 622 271 0 259 0 0 0 0 0 0 0 0 0 0 11 1 1 0 0 14 14 0 0 0 0 0 0 0 0 0 0 0 0
6 100 10 5 20 28 4193 10 0 89 458 0 7 10 0 34 78 16 20 20 16 42 121838 5 0 0 0 1 0 0 0 7760 20325 0 1 1 0 0 0 168 616 902 0 425 0 0 0 0 0 0 0 0 0 0 4 10 1 0 0 20 28 0 0 0 0 0 0 0 0 0 0 0 0
2 100 0 1 7 0 4562 0 0 97 94 0 3 0 0 17 0 0 6 14 0 0 138424 0 0 0 0 0 0 0 0 8820 4281 0 0 0 0 0 0 196 275 0 0 90 0 0 0 0 0 0 0 0 0 0 3 0 1 0 0 7 0 0 0 0 0 0 0 0 0 0 0 0 0
2 97 0 1 0 0 4556 0 0 100 97 0 0 0 0 0 0 0 0 0 0 0 138151 0 0 0 0 0 0 0 0 9079 4556 0 0 0 0 0 0 209 0 0 0 100 0 0 0 0 0 0 0 0 0 0 0 0 1 0 0 0 0 0 0 0 0 0 0 0 0 0 0 0 0
3 99 1 2 3 3 4465 0 0 96 189 0 3 1 0 3 3 2 1 1 1 0 134059 0 0 0 0 0 0 0 0 8619 8647 0 0 0 0 0 0 201 280 93 0 189 0 0 0 0 0 0 0 0 0 0 1 0 1 0 0 3 3 0 0 0 0 0 0 0 0 0 0 0 0
5 101 6 4 17 21 4287 4 0 90 369 0 7 6 0 36 51 15 16 28 18 21 125941 1 0 0 0 1 0 0 0 7931 16496 0 0 2 0 0 0 173 622 543 0 343 0 0 0 0 0 0 0 0 0 0 6 4 1 0 0 17 21 0 0 0 0 0 0 0 0 0 0 0 0
6 96 10 5 8 12 4186 10 0 93 462 0 3 10 0 15 32 2 12 8 4 18 121492 5 0 0 0 0 0 0 0 8086 20658 0 0 0 0 0 0 187 266 918 0 457 0 0 0 0 0 0 0 0 0 0 1 10 1 0 0 8 12 0 0 0 0 0 0 0 0 0 0 0 0
4 104 3 3 18 16 4386 1 1 89 276 0 9 3 0 32 32 21 11 37 16 7 130313 0 0 0 0 0 0 0 0 7938 12310 0 0 1 2 4 1 168 808 268 0 249 0 0 0 0 0 0 0 0 0 0 10 1 1 0 0 18 16 0 0 0 0 0 0 0 1 0 0 0 0
3 97 1 2 2 1 4462 0 0 98 191 0 1 1 0 0 2 0 1 0 0 0 133875 0 0 0 0 0 0 0 0 8799 8831 0 0 0 0 0 0 205 93 95 0 194 0 0 0 0 0 0 0 0 0 0 0 0 1 0 0 2 1 0 0 0 0 0 0 0 0 0 0 0 0
2 101 0 1 3 0 4566 0 0 96 93 0 4 0 0 8 0 0 1 9 0 0 138522 0 0 0 0 0 0 0 0 8725 4185 0 0 0 0 0 0 196 369 0 0 93 0 0 0 0 0 0 0 0 0 0 6 0 1 0 0 3 0 0 0 0 0 0 0 0 0 0 0 0 0
2 99 0 1 1 0 4559 0 0 98 95 0 2 0 0 1 0 0 0 1 0 0 138337 0 0 0 0 0 0 0 0 8897 4368 0 0 0 0 0 0 205 189 0 0 97 0 0 0 0 0 0 0 0 0 0 1 0 1 0 0 1 0 0 0 0 0 0 0 0 0 0 0 0 0
6 104 10 5 17 40 4201 10 2 85 454 0 11 10 0 30 62 39 9 26 26 54 122196 5 0 0 0 0 0 0 0 7410 19978 0 0 0 3 6 6 161 979 888 0 408 0 0 0 0 0 0 0 0 0 0 8 10 1 0 0 17 40 0 0 0 0 0 0 0 2 0 0 0 0
3 97 1 2 2 1 4462 0 0 98 191 0 1 1 0 2 2 0 1 0 0 0 133875 0 0 0 0 0 0 0 0 8799 8831 0 0 0 0 0 0 205 93 95 0 194 0 0 0 0 0 0 0 0 0 0 0 0 1 0 0 2 1 0 0 0 0 0 0 0 0 0 0 0 0
