99 0 4750 101 0 0 0 147236 0 0 0 9432 0 178 3 0 0 0 0 0 0 0 0 3316232 0 0 0 0 0 0 0 0 0 426724 0 0 0 0 0 0 0 0 16194 0 4545 0 0 0 0 0 0 0 0 0 0 86 0 0 277 0 0 307 0 0 0 0 0 11 0 0 0 0 0
3 99 1 2 6 3 4465 0 0 96 189 0 3 1 0 9 6 2 7 4 1 0 134029 0 0 0 0 0 0 0 0 8681 8650 0 0 0 0 0 0 167 277 93 0 186 0 0 0 0 0 0 0 0 0 0 1 0 3 0 0 6 3 0 0 0 0 0 0 0 0 0 0 0 0
2 98 0 1 4 0 4557 0 0 99 96 0 1 0 0 9 0 0 6 0 0 0 138214 0 0 0 0 0 0 0 0 9050 4465 0 0 0 0 0 0 173 92 0 0 95 0 0 0 0 0 0 0 0 0 0 0 0 3 0 0 4 0 0 0 0 0 0 0 0 0 0 0 0 0
4 101 3 3 8 12 4379 1 0 92 279 0 6 3 0 16 16 9 4 16 12 6 130022 0 0 0 0 0 0 0 0 8237 12569 0 0 0 0 0 0 155 544 273 0 268 0 0 0 0 0 0 0 0 0 0 6 1 3 0 0 8 12 0 0 0 0 0 0 0 0 0 0 0 0
3 98 0 3 4 0 4464 0 0 96 192 0 2 0 1 5 0 0 3 0 0 0 134030 0 0 1 0 0 0 4 0 8678 8742 0 0 0 0 0 0 170 186 0 0 188 0 0 0 0 0 0 0 0 0 0 0 0 2 94 0 4 0 0 0 0 0 0 2 0 0 0 0 0 0
4 102 2 4 10 11 4382 0 0 90 281 1 7 2 1 15 18 12 5 26 13 0 130202 0 0 2 3 0 0 2 4 8066 12485 0 0 0 0 0 0 149 634 179 0 260 0 0 0 0 0 0 0 0 0 0 7 0 2 92 0 10 11 0 0 0 0 0 3 1 0 0 0 0 0
1 98 0 0 0 0 4652 0 0 101 0 0 0 0 0 0 0 0 0 0 0 0 142584 0 0 0 0 0 0 0 0 9331 0 0 0 0 0 0 0 178 0 0 0 0 0 0 0 0 0 0 0 0 0 0 0 0 3 0 0 0 0 0 0 0 0 0 0 0 0 0 0 0 0
2 98 0 1 1 0 4557 0 0 99 96 0 1 0 0 3 0 0 0 0 0 0 138217 0 0 0 0 0 0 0 0 9044 4462 0 0 0 0 0 0 176 95 0 0 98 0 0 0 0 0 0 0 0 0 0 0 0 3 0 0 1 0 0 0 0 0 0 0 0 0 0 0 0 0
3 99 1 2 3 3 4466 0 0 97 189 0 3 1 0 7 3 0 0 4 2 0 134029 0 2 0 0 0 1 0 0 8681 8650 0 0 0 0 0 0 169 276 93 0 188 0 0 0 0 0 0 0 0 0 0 2 0 2 0 0 3 3 0 0 0 0 1 0 0 0 0 0 0 0
2 99 0 1 6 0 4559 0 0 98 95 0 2 0 0 8 0 0 6 6 0 0 138305 0 0 0 0 0 0 0 0 8963 4373 0 0 0 0 0 0 169 184 0 0 92 0 0 0 0 0 0 0 0 0 0 1 0 3 0 0 6 0 0 0 0 0 0 0 0 0 0 0 0 0
3 100 1 2 6 4 4467 0 0 95 188 0 4 1 0 10 6 4 4 6 2 0 134121 0 0 0 0 0 0 0 0 8591 8558 0 0 0 0 0 0 165 370 92 0 184 0 0 0 0 0 0 0 0 0 0 2 0 3 0 0 6 4 0 0 0 0 0 0 0 0 0 0 0 0
2 98 0 1 3 0 4557 0 0 99 96 0 1 0 0 9 0 0 3 0 0 0 138215 0 0 0 0 0 0 0 0 9048 4464 0 0 0 0 0 0 174 93 0 0 96 0 0 0 0 0 0 0 0 0 0 0 0 3 0 0 3 0 0 0 0 0 0 0 0 0 0 0 0 0
4 99 3 3 9 8 4372 1 0 94 281 0 4 3 0 14 18 5 10 6 2 4 129840 0 0 0 0 0 0 0 0 8411 12747 0 0 0 0 0 0 161 365 277 0 273 0 0 0 0 0 0 0 0 0 0 1 1 3 0 0 9 8 0 0 0 0 0 0 0 0 0 0 0 0
4 101 3 3 12 12 4376 1 0 92 279 0 6 3 0 18 24 12 14 12 6 6 130019 0 0 0 0 0 0 0 0 8239 12570 0 0 0 0 0 0 154 546 273 0 264 0 0 0 0 0 0 0 0 0 0 3 1 3 0 0 12 12 0 0 0 0 0 0 0 0 0 0 0 0
3 102 1 2 7 6 4473 0 0 93 186 0 6 1 0 9 7 9 1 14 6 0 134304 0 0 0 0 1 0 0 0 8417 8377 0 0 0 0 0 0 158 551 90 0 179 0 0 0 0 0 0 0 0 0 0 6 0 3 0 0 7 6 0 0 0 0 0 0 0 0 0 0 0 0
2 99 0 1 4 0 4559 0 0 98 95 0 2 0 0 6 0 0 2 4 0 0 138307 0 0 0 0 0 0 0 0 8959 4371 0 0 0 0 0 0 171 186 0 0 94 0 0 0 0 0 0 0 0 0 0 1 0 3 0 0 4 0 0 0 0 0 0 0 0 0 0 0 0 0
6 100 10 5 9 28 4195 10 0 90 458 0 7 10 0 18 36 14 8 14 24 42 121819 5 2 0 0 0 4 0 0 7803 20318 0 0 0 0 0 0 146 621 902 0 435 0 0 0 0 0 0 0 0 0 0 6 10 2 0 0 9 28 0 0 0 0 1 0 0 0 0 0 0 0
4 103 3 3 13 16 4384 1 0 90 277 0 8 3 0 15 26 19 6 26 18 8 130201 0 0 0 0 0 0 0 0 8071 12395 0 0 0 0 0 0 145 721 269 0 257 0 0 0 0 0 0 0 0 0 0 9 1 3 0 0 13 16 0 0 0 0 0 0 0 0 0 0 0 0
1 98 0 0 0 0 4652 0 0 101 0 0 0 0 0 0 0 0 0 0 0 0 142584 0 0 0 0 0 0 0 0 9331 0 0 0 0 0 0 0 178 0 0 0 0 0 0 0 0 0 0 0 0 0 0 0 0 3 0 0 0 0 0 0 0 0 0 0 0 0 0 0 0 0
3 102 1 2 9 6 4473 0 0 93 186 0 6 1 0 14 9 9 3 18 6 0 134302 0 0 0 0 0 0 0 0 8421 8379 0 0 0 0 0 0 156 549 90 0 177 0 0 0 0 0 0 0 0 0 0 6 0 3 0 0 9 6 0 0 0 0 0 0 0 0 0 0 0 0
5 98 5 5 7 10 4279 2 0 92 374 2 4 5 1 12 17 5 9 0 0 6 125744 0 0 1 4 0 0 4 2 8138 16751 1 0 0 0 0 0 160 365 460 0 361 0 0 0 0 0 0 0 0 0 0 0 2 2 92 0 7 10 0 0 0 0 0 2 2 0 0 0 0 0
4 97 2 4 5 3 4370 0 0 95 284 1 2 2 1 8 7 1 4 0 0 0 129752 0 0 0 1 0 0 3 1 8493 12927 0 0 0 0 0 0 168 183 187 0 280 0 0 0 0 0 0 0 0 0 0 0 0 2 94 0 5 3 0 0 0 0 0 1 1 0 0 0 0 0
3 97 1 2 2 1 4462 0 0 98 191 0 1 1 0 5 2 0 1 0 0 0 133848 0 0 0 0 0 0 0 0 8855 8831 0 0 0 0 0 0 174 93 95 0 194 0 0 0 0 0 0 0 0 0 0 0 0 3 0 0 2 1 0 0 0 0 0 0 0 0 0 0 0 0
3 100 1 2 6 4 4466 0 0 96 188 0 4 1 0 9 6 4 4 5 1 0 134120 0 1 0 0 0 1 0 0 8592 8559 0 0 0 0 0 0 166 370 92 0 183 0 0 0 0 0 0 0 0 0 0 1 0 2 0 0 6 4 0 0 0 0 1 0 0 0 0 0 0 0
4 101 3 3 12 12 4380 1 0 92 279 0 6 3 0 21 24 8 6 28 14 6 130019 0 0 0 0 1 0 0 0 8247 12574 0 0 0 0 0 0 150 538 273 0 264 0 0 0 0 0 0 0 0 0 0 7 1 3 0 0 12 12 0 0 0 0 0 0 0 0 0 0 0 0
2 101 0 1 7 0 4566 0 0 96 93 0 4 0 0 9 0 0 6 21 0 0 138491 0 0 0 0 1 0 0 0 8789 4189 0 0 0 0 0 0 161 365 0 0 89 0 0 0 0 0 0 0 0 0 0 6 0 3 0 0 7 0 0 0 0 0 0 0 0 0 0 0 0 0
2 99 0 1 8 0 4559 0 0 98 95 0 2 0 0 13 0 0 12 8 0 0 138303 0 0 0 0 0 0 0 0 8967 4375 0 0 0 0 0 0 167 182 0 0 90 0 0 0 0 0 0 0 0 0 0 1 0 3 0 0 8 0 0 0 0 0 0 0 0 0 0 0 0 0
2 98 0 1 2 0 4557 0 0 99 96 0 1 0 0 3 0 0 1 0 0 0 138216 0 0 0 0 0 0 0 0 9046 4463 0 0 0 0 0 0 175 94 0 0 97 0 0 0 0 0 0 0 0 0 0 0 0 3 0 0 2 0 0 0 0 0 0 0 0 0 0 0 0 0
2 98 0 1 1 0 4557 0 0 99 96 0 1 0 0 2 0 0 0 0 0 0 138217 0 0 0 0 0 0 0 0 9044 4462 0 0 0 0 0 0 176 95 0 0 98 0 0 0 0 0 0 0 0 0 0 0 0 3 0 0 1 0 0 0 0 0 0 0 0 0 0 0 0 0
4 99 2 4 4 7 4375 0 0 93 282 1 4 2 1 8 7 3 0 6 6 0 129935 0 0 0 1 0 0 1 3 8315 12747 0 0 0 0 0 0 164 366 183 0 275 0 0 0 0 0 0 0 0 0 0 3 0 2 94 0 4 7 0 0 0 0 0 1 1 0 0 0 0 0
3 101 1 2 7 5 4470 0 0 94 187 0 5 1 0 13 7 6 2 11 4 0 134212 0 0 0 0 0 0 0 0 8505 8468 0 0 0 0 0 0 161 460 91 0 181 0 0 0 0 0 0 0 0 0 0 4 0 3 0 0 7 5 0 0 0 0 0 0 0 0 0 0 0 0
2 101 0 1 7 0 4566 0 0 96 93 0 4 0 0 9 0 0 6 21 0 0 138491 0 0 0 0 1 0 0 0 8789 4189 0 0 0 0 0 0 161 365 0 0 89 0 0 0 0 0 0 0 0 0 0 6 0 3 0 0 7 0 0 0 0 0 0 0 0 0 0 0 0 0
3 101 0 3 9 0 4471 0 0 93 192 0 5 0 1 12 0 0 8 15 0 0 134298 0 0 6 0 0 0 9 0 8426 8476 0 0 0 0 0 0 155 458 0 0 177 0 0 0 0 0 0 0 0 0 0 4 0 2 91 0 9 0 0 0 0 0 0 5 0 0 0 0 0 0
4 100 3 3 7 10 4378 1 0 93 280 0 5 3 0 11 14 4 2 18 12 5 129933 0 0 0 0 0 0 0 0 8326 12659 0 0 0 0 0 0 157 451 275 0 272 0 0 0 0 0 0 0 0 0 0 6 1 3 0 0 7 10 0 0 0 0 0 0 0 0 0 0 0 0
4 103 3 3 12 16 4383 1 0 90 277 0 8 3 0 15 24 20 4 24 16 8 130202 0 0 0 0 0 0 0 0 8067 12393 0 0 0 0 0 0 147 724 269 0 258 0 0 0 0 0 0 0 0 0 0 8 1 3 0 0 12 16 0 0 0 0 0 0 0 0 0 0 0 0
5 100 6 4 11 18 4282 4 0 91 370 0 6 6 0 17 33 13 10 8 6 18 125831 1 0 0 0 0 0 0 0 8057 16575 0 0 0 0 0 0 153 543 546 0 353 0 0 0 0 0 0 0 0 0 0 2 4 3 0 0 11 18 0 0 0 0 0 0 0 0 0 0 0 0
4 101 3 3 8 12 4377 1 0 92 279 0 6 3 0 12 16 11 1 10 8 6 130023 0 0 0 0 1 0 0 0 8233 12567 0 0 0 0 0 0 157 548 273 0 268 0 0 0 0 0 0 0 0 0 0 4 1 3 0 0 8 12 0 0 0 0 0 0 0 0 0 0 0 0
6 103 10 5 15 40 4197 10 0 87 455 0 10 10 0 22 60 39 12 18 20 60 122083 5 3 0 0 0 4 0 0 7544 20062 0 0 0 0 0 0 138 893 890 0 414 0 0 0 0 0 0 0 0 0 0 5 10 2 0 0 15 40 0 0 0 0 1 0 0 0 0 0 0 0
3 99 1 2 5 3 4466 0 0 97 189 0 3 1 0 9 5 0 4 7 2 0 134027 0 3 0 0 0 1 0 0 8685 8652 0 0 0 0 0 0 167 274 93 0 186 0 0 0 0 0 0 0 0 0 0 2 0 2 0 0 5 3 0 0 0 0 1 0 0 0 0 0 0 0
3 102 1 2 7 6 4472 0 0 94 186 0 6 1 0 8 7 9 0 12 5 0 134302 0 2 0 0 1 1 0 0 8419 8378 0 0 0 0 0 0 159 551 90 0 178 0 0 0 0 0 0 0 0 0 0 5 0 2 0 0 7 6 0 0 0 0 1 0 0 0 0 0 0 0
2 98 0 1 3 0 4557 0 0 99 96 0 1 0 0 5 0 0 2 0 0 0 138215 0 0 0 0 1 0 0 0 9048 4464 0 0 0 0 0 0 174 93 0 0 96 0 0 0 0 0 0 0 0 0 0 0 0 3 0 0 3 0 0 0 0 0 0 0 0 0 0 0 0 0
2 101 0 1 8 0 4565 0 0 97 93 0 4 0 0 12 0 0 8 22 0 0 138487 0 2 0 0 0 0 0 0 8794 4191 0 0 0 0 0 0 161 364 0 0 87 0 0 0 0 0 0 0 0 0 0 5 0 2 0 0 8 0 0 0 0 0 1 0 0 0 0 0 0 0
3 99 1 2 5 3 4465 0 0 96 189 0 3 1 0 8 5 2 3 5 1 0 134030 0 0 0 0 1 0 0 0 8679 8649 0 0 0 0 0 0 168 278 93 0 187 0 0 0 0 0 0 0 0 0 0 1 0 3 0 0 5 3 0 0 0 0 0 0 0 0 0 0 0 0
4 99 3 3 6 8 4373 1 0 94 281 0 4 3 0 14 12 4 2 6 4 4 129842 0 0 0 0 0 0 0 0 8407 12745 0 0 0 0 0 0 163 366 277 0 276 0 0 0 0 0 0 0 0 0 0 2 1 3 0 0 6 8 0 0 0 0 0 0 0 0 0 0 0 0
3 99 1 2 5 3 4467 0 0 96 189 0 3 1 0 11 5 0 2 10 3 0 134029 0 0 0 0 0 0 0 0 8683 8651 0 0 0 0 0 0 166 274 93 0 187 0 0 0 0 0 0 0 0 0 0 3 0 3 0 0 5 3 0 0 0 0 0 0 0 0 0 0 0 0
5 101 6 4 13 21 4286 4 0 90 369 0 7 6 0 19 39 16 13 20 15 21 125918 1 0 0 0 0 0 0 0 7977 16491 0 0 0 0 0 0 147 628 543 0 347 0 0 0 0 0 0 0 0 0 0 5 4 3 0 0 13 21 0 0 0 0 0 0 0 0 0 0 0 0
3 99 1 2 5 3 4465 0 0 96 189 0 3 1 0 10 5 2 2 3 1 0 134030 0 0 0 0 0 0 0 0 8679 8649 0 0 0 0 0 0 168 278 93 0 187 0 0 0 0 0 0 0 0 0 0 1 0 3 0 0 5 3 0 0 0 0 0 0 0 0 0 0 0 0
3 101 1 2 9 5 4470 0 0 94 187 0 5 1 0 14 9 6 4 15 4 0 134210 0 0 0 0 0 0 0 0 8509 8470 0 0 0 0 0 0 159 458 91 0 179 0 0 0 0 0 0 0 0 0 0 4 0 3 0 0 9 5 0 0 0 0 0 0 0 0 0 0 0 0
1 98 0 0 0 0 4652 0 0 101 0 0 0 0 0 0 0 0 0 0 0 0 142584 0 0 0 0 0 0 0 0 9331 0 0 0 0 0 0 0 178 0 0 0 0 0 0 0 0 0 0 0 0 0 0 0 0 3 0 0 0 0 0 0 0 0 0 0 0 0 0 0 0 0
1 98 0 0 0 0 4652 0 0 101 0 0 0 0 0 0 0 0 0 0 0 0 142584 0 0 0 0 0 0 0 0 9331 0 0 0 0 0 0 0 178 0 0 0 0 0 0 0 0 0 0 0 0 0 0 0 0 3 0 0 0 0 0 0 0 0 0 0 0 0 0 0 0 0
2 99 0 1 6 0 4559 0 0 98 95 0 2 0 0 12 0 0 7 6 0 0 138305 0 0 0 0 0 0 0 0 8963 4373 0 0 0 0 0 0 169 184 0 0 92 0 0 0 0 0 0 0 0 0 0 1 0 3 0 0 6 0 0 0 0 0 0 0 0 0 0 0 0 0
4 105 3 3 19 20 4388 1 0 89 275 0 10 3 0 23 38 33 18 42 22 10 130374 0 2 0 0 0 2 0 0 7910 12223 0 0 0 0 0 0 135 897 265 0 244 0 0 0 0 0 0 0 0 0 0 11 1 2 0 0 19 20 0 0 0 0 1 0 0 0 0 0 0 0
2 100 0 1 7 0 4562 0 0 97 94 0 3 0 0 13 0 0 5 14 0 0 138397 0 0 0 0 0 0 0 0 8876 4281 0 0 0 0 0 0 165 275 0 0 90 0 0 0 0 0 0 0 0 0 0 3 0 3 0 0 7 0 0 0 0 0 0 0 0 0 0 0 0 0
2 99 0 1 6 0 4559 0 0 98 95 0 2 0 0 7 0 0 6 6 0 0 138305 0 0 0 0 0 0 0 0 8963 4373 0 0 0 0 0 0 169 184 0 0 92 0 0 0 0 0 0 0 0 0 0 1 0 3 0 0 6 0 0 0 0 0 0 0 0 0 0 0 0 0
3 100 1 2 7 4 4471 0 0 95 188 0 4 1 0 10 7 0 3 21 6 0 134120 0 0 0 0 0 0 0 0 8601 8563 0 0 0 0 0 0 160 361 92 0 183 0 0 0 0 0 0 0 0 0 0 6 0 3 0 0 7 4 0 0 0 0 0 0 0 0 0 0 0 0
3 98 1 2 3 2 4464 0 0 97 190 0 2 1 0 9 3 0 1 3 1 0 133939 0 0 0 0 0 0 0 0 8767 8740 0 0 0 0 0 0 171 185 94 0 191 0 0 0 0 0 0 0 0 0 0 1 0 3 0 0 3 2 0 0 0 0 0 0 0 0 0 0 0 0
3 100 1 2 9 4 4471 0 0 95 188 0 4 1 0 15 9 0 5 27 6 0 134118 0 0 0 0 1 0 0 0 8605 8565 0 0 0 0 0 0 158 359 92 0 181 0 0 0 0 0 0 0 0 0 0 6 0 3 0 0 9 4 0 0 0 0 0 0 0 0 0 0 0 0
4 99 3 3 6 8 4372 1 0 94 281 0 4 3 0 12 12 5 4 2 2 4 129843 0 0 0 0 0 0 0 0 8405 12744 0 0 0 0 0 0 164 368 277 0 276 0 0 0 0 0 0 0 0 0 0 1 1 3 0 0 6 8 0 0 0 0 0 0 0 0 0 0 0 0
3 99 1 2 4 3 4467 0 0 96 189 0 3 1 0 7 4 0 0 8 3 0 134030 0 0 0 0 1 0 0 0 8681 8650 0 0 0 0 0 0 167 275 93 0 188 0 0 0 0 0 0 0 0 0 0 3 0 3 0 0 4 3 0 0 0 0 0 0 0 0 0 0 0 0
1 98 0 0 0 0 4652 0 0 101 0 0 0 0 0 0 0 0 0 0 0 0 142584 0 0 0 0 0 0 0 0 9331 0 0 0 0 0 0 0 178 0 0 0 0 0 0 0 0 0 0 0 0 0 0 0 0 3 0 0 0 0 0 0 0 0 0 0 0 0 0 0 0 0
5 101 6 4 13 21 4284 4 0 90 369 0 7 6 0 24 39 18 10 11 9 21 125919 1 0 0 0 1 0 0 0 7973 16489 0 0 0 0 0 0 149 632 543 0 347 0 0 0 0 0 0 0 0 0 0 3 4 3 0 0 13 21 0 0 0 0 0 0 0 0 0 0 0 0
2 98 0 1 4 0 4557 0 0 99 96 0 1 0 0 7 0 0 6 0 0 0 138214 0 0 0 0 0 0 0 0 9050 4465 0 0 0 0 0 0 173 92 0 0 95 0 0 0 0 0 0 0 0 0 0 0 0 3 0 0 4 0 0 0 0 0 0 0 0 0 0 0 0 0
1 98 0 0 0 0 4652 0 0 101 0 0 0 0 0 0 0 0 0 0 0 0 142584 0 0 0 0 0 0 0 0 9331 0 0 0 0 0 0 0 178 0 0 0 0 0 0 0 0 0 0 0 0 0 0 0 0 3 0 0 0 0 0 0 0 0 0 0 0 0 0 0 0 0
5 100 5 5 9 15 4285 2 0 90 373 2 6 5 1 14 21 11 8 15 9 9 125920 0 0 0 6 0 0 6 3 7972 16582 1 0 0 0 0 0 151 541 455 0 351 0 0 0 0 0 0 0 0 0 0 4 2 2 91 0 9 15 0 0 0 0 0 3 2 0 0 0 0 0
4 101 3 3 9 12 4376 1 0 93 279 0 6 3 0 12 18 11 6 9 6 6 130020 0 3 0 0 0 2 0 0 8237 12569 0 0 0 0 0 0 157 547 273 0 266 0 0 0 0 0 0 0 0 0 0 3 1 2 0 0 9 12 0 0 0 0 1 0 0 0 0 0 0 0
5 99 6 4 7 15 4279 4 0 93 371 0 5 6 0 7 21 9 5 0 0 15 125744 1 1 0 0 1 3 0 0 8138 16660 0 0 0 0 0 0 160 456 549 0 360 0 0 0 0 0 0 0 0 0 0 0 4 2 0 0 7 15 0 0 0 0 1 0 0 0 0 0 0 0
1 98 0 0 0 0 4652 0 0 101 0 0 0 0 0 0 0 0 0 0 0 0 142584 0 0 0 0 0 0 0 0 9331 0 0 0 0 0 0 0 178 0 0 0 0 0 0 0 0 0 0 0 0 0 0 0 0 3 0 0 0 0 0 0 0 0 0 0 0 0 0 0 0 0
1 98 0 0 0 0 4652 0 0 101 0 0 0 0 0 0 0 0 0 0 0 0 142584 0 0 0 0 0 0 0 0 9331 0 0 0 0 0 0 0 178 0 0 0 0 0 0 0 0 0 0 0 0 0 0 0 0 3 0 0 0 0 0 0 0 0 0 0 0 0 0 0 0 0
1 98 0 0 0 0 4652 0 0 101 0 0 0 0 0 0 0 0 0 0 0 0 142584 0 0 0 0 0 0 0 0 9331 0 0 0 0 0 0 0 178 0 0 0 0 0 0 0 0 0 0 0 0 0 0 0 0 3 0 0 0 0 0 0 0 0 0 0 0 0 0 0 0 0
3 98 1 2 5 2 4463 0 0 97 190 0 2 1 0 10 5 1 6 0 0 0 133938 0 0 0 0 0 0 0 0 8769 8741 0 0 0 0 0 0 170 185 94 0 189 0 0 0 0 0 0 0 0 0 0 0 0 3 0 0 5 2 0 0 0 0 0 0 0 0 0 0 0 0
4 101 3 3 7 12 4379 1 0 92 279 0 6 3 0 15 14 9 4 14 12 6 130023 0 0 0 0 0 0 0 0 8235 12568 0 0 0 0 0 0 156 545 273 0 269 0 0 0 0 0 0 0 0 0 0 6 1 3 0 0 7 12 0 0 0 0 0 0 0 0 0 0 0 0
3 101 1 2 8 5 4472 0 0 94 187 0 5 1 0 10 8 4 3 21 6 0 134212 0 0 0 0 0 0 0 0 8511 8471 0 0 0 0 0 0 158 455 91 0 180 0 0 0 0 0 0 0 0 0 0 6 0 3 0 0 8 5 0 0 0 0 0 0 0 0 0 0 0 0
2 98 0 1 3 0 4557 0 0 99 96 0 1 0 0 4 0 0 3 0 0 0 138215 0 0 0 0 0 0 0 0 9048 4464 0 0 0 0 0 0 174 93 0 0 96 0 0 0 0 0 0 0 0 0 0 0 0 3 0 0 3 0 0 0 0 0 0 0 0 0 0 0 0 0
4 99 3 3 7 8 4374 1 0 94 281 0 4 3 0 15 14 3 3 10 6 4 129841 0 0 0 0 0 0 0 0 8411 12747 0 0 0 0 0 0 161 363 277 0 275 0 0 0 0 0 0 0 0 0 0 3 1 3 0 0 7 8 0 0 0 0 0 0 0 0 0 0 0 0
3 99 1 2 7 3 4465 0 0 96 189 0 3 1 0 12 7 2 5 5 1 0 134028 0 0 0 0 0 0 0 0 8683 8651 0 0 0 0 0 0 166 276 93 0 185 0 0 0 0 0 0 0 0 0 0 1 0 3 0 0 7 3 0 0 0 0 0 0 0 0 0 0 0 0
5 104 6 4 18 30 4294 4 0 87 366 0 10 6 0 26 54 35 12 36 30 30 126185 1 0 0 0 2 0 0 0 7727 16234 0 0 0 0 0 0 134 892 534 0 330 0 0 0 0 0 0 0 0 0 0 10 4 3 0 0 18 30 0 0 0 0 0 0 0 0 0 0 0 0
2 98 0 1 3 0 4557 0 0 99 96 0 1 0 0 5 0 0 3 0 0 0 138215 0 0 0 0 0 0 0 0 9048 4464 0 0 0 0 0 0 174 93 0 0 96 0 0 0 0 0 0 0 0 0 0 0 0 3 0 0 3 0 0 0 0 0 0 0 0 0 0 0 0 0
5 99 6 4 9 15 4280 4 0 92 371 0 5 6 0 13 27 9 7 3 3 15 125743 1 0 0 0 0 0 0 0 8141 16661 0 0 0 0 0 0 157 454 549 0 359 0 0 0 0 0 0 0 0 0 0 1 4 3 0 0 9 15 0 0 0 0 0 0 0 0 0 0 0 0
2 100 0 1 4 0 4562 0 0 97 94 0 3 0 0 8 0 0 1 8 0 0 138400 0 0 0 0 0 0 0 0 8870 4278 0 0 0 0 0 0 168 278 0 0 93 0 0 0 0 0 0 0 0 0 0 3 0 3 0 0 4 0 0 0 0 0 0 0 0 0 0 0 0 0
3 99 1 2 5 3 4465 0 0 96 189 0 3 1 0 10 5 2 2 3 1 0 134030 0 0 0 0 0 0 0 0 8679 8649 0 0 0 0 0 0 168 278 93 0 187 0 0 0 0 0 0 0 0 0 0 1 0 3 0 0 5 3 0 0 0 0 0 0 0 0 0 0 0 0
2 99 0 1 4 0 4559 0 0 98 95 0 2 0 0 7 0 0 3 4 0 0 138307 0 0 0 0 0 0 0 0 8959 4371 0 0 0 0 0 0 171 186 0 0 94 0 0 0 0 0 0 0 0 0 0 1 0 3 0 0 4 0 0 0 0 0 0 0 0 0 0 0 0 0
3 100 1 2 4 4 4468 0 0 95 188 0 4 1 0 8 4 3 1 8 3 0 134123 0 0 0 0 0 0 0 0 8589 8557 0 0 0 0 0 0 166 370 92 0 186 0 0 0 0 0 0 0 0 0 0 3 0 3 0 0 4 4 0 0 0 0 0 0 0 0 0 0 0 0
2 98 0 1 3 0 4557 0 0 99 96 0 1 0 0 3 0 0 2 0 0 0 138215 0 0 0 0 1 0 0 0 9048 4464 0 0 0 0 0 0 174 93 0 0 96 0 0 0 0 0 0 0 0 0 0 0 0 3 0 0 3 0 0 0 0 0 0 0 0 0 0 0 0 0
6 101 9 6 12 30 4199 7 0 87 459 3 8 9 1 21 45 20 8 18 31 36 121996 2 0 0 6 0 0 3 6 7633 20240 3 0 0 0 0 0 139 708 807 0 423 0 0 0 0 0 0 0 0 0 0 8 7 2 91 0 12 30 0 0 0 0 0 2 3 0 0 0 0 0
3 98 1 2 5 2 4463 0 0 97 190 0 2 1 0 11 5 1 6 0 0 0 133938 0 0 0 0 0 0 0 0 8769 8741 0 0 0 0 0 0 170 185 94 0 189 0 0 0 0 0 0 0 0 0 0 0 0 3 0 0 5 2 0 0 0 0 0 0 0 0 0 0 0 0
6 101 10 5 10 32 4193 10 0 88 457 0 8 10 0 15 40 25 5 9 12 48 121911 5 0 0 0 0 0 0 0 7705 20227 0 0 0 0 0 0 147 720 898 0 430 0 0 0 0 0 0 0 0 0 0 3 10 3 0 0 10 32 0 0 0 0 0 0 0 0 0 0 0 0
2 99 0 1 3 0 4558 0 0 99 95 0 2 0 0 6 0 0 1 0 0 0 138307 0 3 0 0 0 0 0 0 8958 4371 0 0 0 0 0 0 173 187 0 0 94 0 0 0 0 0 0 0 0 0 0 0 0 2 0 0 3 0 0 0 0 0 1 0 0 0 0 0 0 0
3 101 1 2 10 5 4470 0 0 94 187 0 5 1 0 16 10 6 10 13 4 0 134209 0 0 0 0 0 0 0 0 8511 8471 0 0 0 0 0 0 158 457 91 0 178 0 0 0 0 0 0 0 0 0 0 4 0 3 0 0 10 5 0 0 0 0 0 0 0 0 0 0 0 0
3 101 1 2 7 5 4472 0 0 94 187 0 5 1 0 9 7 4 6 18 6 0 134213 0 0 0 0 1 0 0 0 8509 8470 0 0 0 0 0 0 159 456 91 0 181 0 0 0 0 0 0 0 0 0 0 6 0 3 0 0 7 5 0 0 0 0 0 0 0 0 0 0 0 0
1 98 0 0 0 0 4652 0 0 101 0 0 0 0 0 0 0 0 0 0 0 0 142584 0 0 0 0 0 0 0 0 9331 0 0 0 0 0 0 0 178 0 0 0 0 0 0 0 0 0 0 0 0 0 0 0 0 3 0 0 0 0 0 0 0 0 0 0 0 0 0 0 0 0
1 98 0 0 0 0 4652 0 0 101 0 0 0 0 0 0 0 0 0 0 0 0 142584 0 0 0 0 0 0 0 0 9331 0 0 0 0 0 0 0 178 0 0 0 0 0 0 0 0 0 0 0 0 0 0 0 0 3 0 0 0 0 0 0 0 0 0 0 0 0 0 0 0 0
5 98 6 4 8 12 4279 4 0 93 372 0 4 6 0 16 24 5 7 3 3 12 125653 1 0 0 0 0 0 0 0 8229 16749 0 0 0 0 0 0 159 362 552 0 364 0 0 0 0 0 0 0 0 0 0 1 4 3 0 0 8 12 0 0 0 0 0 0 0 0 0 0 0 0
1 98 0 0 0 0 4652 0 0 101 0 0 0 0 0 0 0 0 0 0 0 0 142584 0 0 0 0 0 0 0 0 9331 0 0 0 0 0 0 0 178 0 0 0 0 0 0 0 0 0 0 0 0 0 0 0 0 3 0 0 0 0 0 0 0 0 0 0 0 0 0 0 0 0
4 103 3 3 13 16 4387 1 0 90 277 0 8 3 0 16 26 16 9 39 24 8 130201 0 0 0 0 2 0 0 0 8077 12398 0 0 0 0 0 0 142 715 269 0 257 0 0 0 0 0 0 0 0 0 0 12 1 3 0 0 13 16 0 0 0 0 0 0 0 0 0 0 0 0
4 98 2 4 6 3 4372 0 0 94 285 1 3 2 1 11 6 0 6 2 1 0 129840 0 0 2 3 0 0 6 0 8410 12839 0 0 0 0 0 0 163 274 187 0 276 0 0 0 0 0 0 0 0 0 0 1 0 2 92 0 6 3 0 0 0 0 0 3 1 0 0 0 0 0
2 99 0 1 5 0 4559 0 0 98 95 0 2 0 0 7 0 0 6 5 0 0 138306 0 0 0 0 0 0 0 0 8961 4372 0 0 0 0 0 0 170 185 0 0 93 0 0 0 0 0 0 0 0 0 0 1 0 3 0 0 5 0 0 0 0 0 0 0 0 0 0 0 0 0
4 99 3 3 7 8 4372 1 0 94 281 0 4 3 0 11 14 5 4 4 2 4 129842 0 0 0 0 0 0 0 0 8407 12745 0 0 0 0 0 0 163 367 277 0 275 0 0 0 0 0 0 0 0 0 0 1 1 3 0 0 7 8 0 0 0 0 0 0 0 0 0 0 0 0
4 101 3 3 10 12 4377 1 0 92 279 0 6 3 0 17 20 11 4 14 8 6 130021 0 0 0 0 1 0 0 0 8237 12569 0 0 0 0 0 0 155 546 273 0 266 0 0 0 0 0 0 0 0 0 0 4 1 3 0 0 10 12 0 0 0 0 0 0 0 0 0 0 0 0
3 97 1 2 3 1 4462 0 0 98 191 0 1 1 0 4 3 0 3 0 0 0 133847 0 0 0 0 0 0 0 0 8857 8832 0 0 0 0 0 0 173 92 95 0 193 0 0 0 0 0 0 0 0 0 0 0 0 3 0 0 3 1 0 0 0 0 0 0 0 0 0 0 0 0
3 99 1 2 9 3 4467 0 0 96 189 0 3 1 0 18 9 0 10 18 3 0 134025 0 0 0 0 0 0 0 0 8691 8655 0 0 0 0 0 0 162 270 93 0 183 0 0 0 0 0 0 0 0 0 0 3 0 3 0 0 9 3 0 0 0 0 0 0 0 0 0 0 0 0
