99 0 4750 101 0 0 0 147260 0 0 0 9383 0 204 2 0 0 0 0 0 0 0 0 3318377 0 0 0 0 0 0 0 0 0 422471 0 0 0 0 0 0 0 0 18367 0 4446 0 0 0 0 0 0 0 0 0 0 143 0 0 178 0 0 380 0 0 0 0 0 14 0 0 0 0 0
1 98 0 0 0 0 4652 0 0 101 0 0 0 0 0 0 0 0 0 0 0 0 142608 0 0 0 0 0 0 0 0 9282 0 0 0 0 0 0 0 204 0 0 0 0 0 0 0 0 0 0 0 0 0 0 0 0 2 0 0 0 0 0 0 0 0 0 0 0 0 0 0 0 0
4 97 3 3 11 4 4370 1 0 96 283 0 2 3 0 16 22 0 26 11 2 2 129678 0 0 0 0 1 0 0 0 8548 12931 0 0 0 0 0 0 187 175 281 0 277 0 0 0 0 0 0 0 0 0 0 1 1 2 0 0 11 4 0 0 0 0 0 0 0 0 0 0 0 0
3 100 1 2 10 4 4471 0 0 95 188 0 4 1 0 18 10 0 9 30 6 0 134141 0 0 0 0 0 0 0 0 8558 8566 0 0 0 0 0 0 183 358 92 0 180 0 0 0 0 0 0 0 0 0 0 6 0 2 0 0 10 4 0 0 0 0 0 0 0 0 0 0 0 0
3 100 1 2 3 4 4471 0 0 95 188 0 4 1 0 5 3 0 1 9 6 0 134148 0 0 0 0 0 0 0 0 8544 8559 0 0 0 0 0 0 190 365 92 0 187 0 0 0 0 0 0 0 0 0 0 6 0 2 0 0 3 4 0 0 0 0 0 0 0 0 0 0 0 0
2 100 0 1 4 0 4562 0 0 97 94 0 3 0 0 8 0 0 5 8 0 0 138424 0 0 0 0 1 0 0 0 8821 4278 0 0 0 0 0 0 194 278 0 0 93 0 0 0 0 0 0 0 0 0 0 3 0 2 0 0 4 0 0 0 0 0 0 0 0 0 0 0 0 0
3 104 1 2 8 8 4489 0 0 92 184 0 8 1 0 17 8 7 5 40 20 0 134525 0 2 0 0 0 1 0 0 8222 8208 0 0 0 0 0 0 167 710 88 0 173 0 0 0 0 0 0 0 0 0 0 20 0 1 0 0 8 8 0 0 0 0 1 0 0 0 0 0 0 0
2 100 0 1 9 0 4562 0 0 97 94 0 3 0 0 18 0 0 12 18 0 0 138419 0 0 0 0 0 0 0 0 8831 4283 0 0 0 0 0 0 189 273 0 0 88 0 0 0 0 0 0 0 0 0 0 3 0 2 0 0 9 0 0 0 0 0 0 0 0 0 0 0 0 0
1 98 0 0 0 0 4652 0 0 101 0 0 0 0 0 0 0 0 0 0 0 0 142608 0 0 0 0 0 0 0 0 9282 0 0 0 0 0 0 0 204 0 0 0 0 0 0 0 0 0 0 0 0 0 0 0 0 2 0 0 0 0 0 0 0 0 0 0 0 0 0 0 0 0
4 99 3 3 5 8 4374 1 0 94 281 0 4 3 0 10 10 3 1 8 6 4 129867 0 0 0 0 0 0 0 0 8358 12745 0 0 0 0 0 0 189 365 277 0 277 0 0 0 0 0 0 0 0 0 0 3 1 2 0 0 5 8 0 0 0 0 0 0 0 0 0 0 0 0
5 100 6 4 10 18 4282 4 0 91 370 0 6 6 0 23 30 13 7 7 6 18 125856 1 0 0 0 1 0 0 0 8006 16574 0 0 0 0 0 0 180 544 546 0 354 0 0 0 0 0 0 0 0 0 0 2 4 2 0 0 10 18 0 0 0 0 0 0 0 0 0 0 0 0
3 99 1 2 6 3 4465 0 0 96 189 0 3 1 0 9 6 2 6 3 1 0 134053 0 0 0 0 0 0 0 0 8632 8650 0 0 0 0 0 0 193 277 93 0 186 0 0 0 0 0 0 0 0 0 0 1 0 2 0 0 6 3 0 0 0 0 0 0 0 0 0 0 0 0
1 98 0 0 0 0 4652 0 0 101 0 0 0 0 0 0 0 0 0 0 0 0 142608 0 0 0 0 0 0 0 0 9282 0 0 0 0 0 0 0 204 0 0 0 0 0 0 0 0 0 0 0 0 0 0 0 0 2 0 0 0 0 0 0 0 0 0 0 0 0 0 0 0 0
3 100 1 2 10 4 4471 0 0 95 188 0 4 1 0 18 10 0 9 30 6 0 134141 0 0 0 0 0 0 0 0 8558 8566 0 0 0 0 0 0 183 358 92 0 180 0 0 0 0 0 0 0 0 0 0 6 0 2 0 0 10 4 0 0 0 0 0 0 0 0 0 0 0 0
6 97 10 5 5 16 4187 10 0 92 461 0 4 10 0 12 20 5 2 3 4 24 121582 5 0 0 0 0 0 0 0 7998 20568 0 0 0 0 0 0 184 361 914 0 455 0 0 0 0 0 0 0 0 0 0 1 10 2 0 0 5 16 0 0 0 0 0 0 0 0 0 0 0 0
4 100 3 3 9 10 4374 1 0 93 280 0 5 3 0 21 18 8 4 6 4 5 129955 0 0 0 0 1 0 0 0 8273 12657 0 0 0 0 0 0 185 457 275 0 270 0 0 0 0 0 0 0 0 0 0 2 1 2 0 0 9 10 0 0 0 0 0 0 0 0 0 0 0 0
3 97 1 2 2 1 4462 0 0 98 191 0 1 1 0 4 2 0 1 0 0 0 133872 0 0 0 0 0 0 0 0 8806 8831 0 0 0 0 0 0 200 93 95 0 194 0 0 0 0 0 0 0 0 0 0 0 0 2 0 0 2 1 0 0 0 0 0 0 0 0 0 0 0 0
9 98 27 9 15 54 3926 50 0 84 714 6 8 27 1 22 101 22 12 20 34 150 110238 55 0 0 12 0 0 2 6 7095 30677 15 1 0 0 0 0 147 687 2376 0 657 0 0 0 0 0 0 0 0 0 0 5 50 1 88 0 15 54 0 0 0 0 0 2 6 0 0 0 0 0
3 102 1 2 8 6 4474 0 0 93 186 0 6 1 0 12 8 8 5 14 7 0 134328 0 0 0 0 0 0 0 0 8372 8379 0 0 0 0 0 0 182 548 90 0 178 0 0 0 0 0 0 0 0 0 0 7 0 2 0 0 8 6 0 0 0 0 0 0 0 0 0 0 0 0
1 98 0 0 0 0 4652 0 0 101 0 0 0 0 0 0 0 0 0 0 0 0 142608 0 0 0 0 0 0 0 0 9282 0 0 0 0 0 0 0 204 0 0 0 0 0 0 0 0 0 0 0 0 0 0 0 0 2 0 0 0 0 0 0 0 0 0 0 0 0 0 0 0 0
2 99 0 1 2 0 4559 0 0 98 95 0 2 0 0 11 0 0 1 2 0 0 138333 0 0 0 0 0 0 0 0 8906 4369 0 0 0 0 0 0 199 188 0 0 96 0 0 0 0 0 0 0 0 0 0 1 0 2 0 0 2 0 0 0 0 0 0 0 0 0 0 0 0 0
2 99 0 1 7 0 4559 0 0 98 95 0 2 0 0 18 0 0 9 7 0 0 138328 0 0 0 0 0 0 0 0 8916 4374 0 0 0 0 0 0 194 183 0 0 91 0 0 0 0 0 0 0 0 0 0 1 0 2 0 0 7 0 0 0 0 0 0 0 0 0 0 0 0 0
1 98 0 0 0 0 4652 0 0 101 0 0 0 0 0 0 0 0 0 0 0 0 142608 0 0 0 0 0 0 0 0 9282 0 0 0 0 0 0 0 204 0 0 0 0 0 0 0 0 0 0 0 0 0 0 0 0 2 0 0 0 0 0 0 0 0 0 0 0 0 0 0 0 0
2 98 0 1 4 0 4557 0 0 99 96 0 1 0 0 3 0 0 6 0 0 0 138238 0 0 0 0 0 0 0 0 9001 4465 0 0 0 0 0 0 199 92 0 0 95 0 0 0 0 0 0 0 0 0 0 0 0 2 0 0 4 0 0 0 0 0 0 0 0 0 0 0 0 0
3 100 1 2 8 4 4467 0 0 96 188 0 4 1 0 15 8 3 6 10 2 0 134141 0 4 0 0 0 1 0 0 8550 8562 0 0 0 0 0 0 189 366 92 0 181 0 0 0 0 0 0 0 0 0 0 2 0 1 0 0 8 4 0 0 0 0 1 0 0 0 0 0 0 0
5 104 6 4 20 30 4294 4 0 87 366 0 10 6 0 34 58 34 19 40 30 30 126207 1 0 0 0 1 0 0 0 7682 16236 0 1 0 0 0 0 158 890 534 0 328 0 0 0 0 0 0 0 0 0 0 10 4 2 0 0 20 30 0 0 0 0 0 0 0 0 0 0 0 0
6 105 10 5 26 48 4203 10 0 84 453 0 12 10 0 41 100 55 35 35 36 72 122275 5 0 0 0 1 0 0 0 7344 19901 0 2 0 0 0 0 147 1060 882 0 394 0 0 0 0 0 0 0 0 0 0 9 10 2 0 0 26 48 0 0 0 0 0 0 0 0 0 0 0 0
4 100 3 3 9 10 4374 1 0 93 280 0 5 3 0 18 18 8 5 6 4 5 129955 0 0 0 0 0 0 0 0 8273 12657 0 0 0 0 0 0 185 457 275 0 270 0 0 0 0 0 0 0 0 0 0 2 1 2 0 0 9 10 0 0 0 0 0 0 0 0 0 0 0 0
3 100 1 2 10 4 4468 0 0 95 188 0 4 1 0 21 10 3 13 16 3 0 134141 0 0 0 0 0 0 0 0 8552 8563 0 0 0 0 0 0 186 364 92 0 180 0 0 0 0 0 0 0 0 0 0 3 0 2 0 0 10 4 0 0 0 0 0 0 0 0 0 0 0 0
2 100 0 1 9 0 4562 0 0 97 94 0 3 0 0 17 0 0 9 18 0 0 138419 0 0 0 0 1 0 0 0 8831 4283 0 0 0 0 0 0 189 273 0 0 88 0 0 0 0 0 0 0 0 0 0 3 0 2 0 0 9 0 0 0 0 0 0 0 0 0 0 0 0 0
2 98 0 1 3 0 4557 0 0 99 96 0 1 0 0 12 0 0 3 0 0 0 138239 0 0 0 0 0 0 0 0 8999 4464 0 0 0 0 0 0 200 93 0 0 96 0 0 0 0 0 0 0 0 0 0 0 0 2 0 0 3 0 0 0 0 0 0 0 0 0 0 0 0 0
5 102 5 5 14 20 4289 2 0 88 372 2 8 5 1 17 32 19 9 22 15 12 126119 0 0 3 8 0 0 10 4 7759 16411 1 0 0 0 0 0 167 718 450 0 338 0 0 0 0 0 0 0 0 0 0 6 2 1 90 0 14 20 0 0 0 0 0 4 2 0 0 0 0 0
2 100 0 1 8 0 4561 0 0 98 94 0 3 0 0 11 0 0 16 10 0 0 138418 0 6 0 0 0 0 0 0 8831 4283 0 0 0 0 0 0 191 274 0 0 88 0 0 0 0 0 0 0 0 0 0 2 0 1 0 0 8 0 0 0 0 0 1 0 0 0 0 0 0 0
2 100 0 1 6 0 4562 0 0 97 94 0 3 0 0 8 0 0 3 12 0 0 138422 0 0 0 0 1 0 0 0 8825 4280 0 0 0 0 0 0 192 276 0 0 91 0 0 0 0 0 0 0 0 0 0 3 0 2 0 0 6 0 0 0 0 0 0 0 0 0 0 0 0 0
2 99 0 1 3 0 4559 0 0 98 95 0 2 0 0 11 0 0 3 3 0 0 138332 0 0 0 0 0 0 0 0 8908 4370 0 0 0 0 0 0 198 187 0 0 95 0 0 0 0 0 0 0 0 0 0 1 0 2 0 0 3 0 0 0 0 0 0 0 0 0 0 0 0 0
4 100 3 3 10 10 4374 1 0 93 280 0 5 3 0 21 20 8 7 7 4 5 129954 0 0 0 0 0 0 0 0 8275 12658 0 0 0 0 0 0 184 456 275 0 269 0 0 0 0 0 0 0 0 0 0 2 1 2 0 0 10 10 0 0 0 0 0 0 0 0 0 0 0 0
3 99 1 2 7 3 4465 0 0 96 189 0 3 1 0 18 7 2 6 4 1 0 134052 0 0 0 0 0 0 0 0 8634 8651 0 0 0 0 0 0 192 276 93 0 185 0 0 0 0 0 0 0 0 0 0 1 0 2 0 0 7 3 0 0 0 0 0 0 0 0 0 0 0 0
4 104 3 3 26 18 4386 1 0 89 276 0 9 3 0 55 50 25 26 55 20 9 130303 0 0 0 0 1 0 0 0 7959 12318 0 1 0 0 0 0 156 800 267 0 241 0 0 0 0 0 0 0 0 0 0 10 1 2 0 0 26 18 0 0 0 0 0 0 0 0 0 0 0 0
4 102 2 4 15 9 4380 0 0 90 283 1 7 2 1 18 18 10 11 23 6 0 130218 0 0 6 5 0 0 12 2 8027 12491 0 0 0 0 0 0 170 633 181 0 255 0 0 0 0 0 0 0 0 0 0 5 0 1 90 0 15 9 0 0 0 0 0 5 1 0 0 0 0 0
3 104 0 3 8 0 4486 0 0 90 192 0 8 0 1 18 0 0 5 32 0 0 134606 0 0 12 0 0 0 8 0 8129 8220 0 0 0 0 0 0 164 720 0 0 172 0 0 0 0 0 0 0 0 0 0 16 0 1 88 0 8 0 0 0 0 0 0 8 0 0 0 0 0 0
1 98 0 0 0 0 4652 0 0 101 0 0 0 0 0 0 0 0 0 0 0 0 142608 0 0 0 0 0 0 0 0 9282 0 0 0 0 0 0 0 204 0 0 0 0 0 0 0 0 0 0 0 0 0 0 0 0 2 0 0 0 0 0 0 0 0 0 0 0 0 0 0 0 0
3 99 1 2 4 3 4465 0 0 96 189 0 3 1 0 4 4 2 3 3 1 0 134055 0 0 0 0 0 0 0 0 8628 8648 0 0 0 0 0 0 195 279 93 0 188 0 0 0 0 0 0 0 0 0 0 1 0 2 0 0 4 3 0 0 0 0 0 0 0 0 0 0 0 0
1 98 0 0 0 0 4652 0 0 101 0 0 0 0 0 0 0 0 0 0 0 0 142608 0 0 0 0 0 0 0 0 9282 0 0 0 0 0 0 0 204 0 0 0 0 0 0 0 0 0 0 0 0 0 0 0 0 2 0 0 0 0 0 0 0 0 0 0 0 0 0 0 0 0
2 98 0 1 4 0 4557 0 0 99 96 0 1 0 0 10 0 0 6 0 0 0 138238 0 0 0 0 0 0 0 0 9001 4465 0 0 0 0 0 0 199 92 0 0 95 0 0 0 0 0 0 0 0 0 0 0 0 2 0 0 4 0 0 0 0 0 0 0 0 0 0 0 0 0
3 98 1 2 2 2 4463 0 0 97 190 0 2 1 0 3 2 1 1 0 0 0 133965 0 0 0 0 0 0 0 0 8714 8738 0 0 0 0 0 0 199 188 94 0 192 0 0 0 0 0 0 0 0 0 0 0 0 2 0 0 2 2 0 0 0 0 0 0 0 0 0 0 0 0
4 99 3 3 5 8 4374 1 0 94 281 0 4 3 0 10 10 3 2 8 6 4 129867 0 0 0 0 1 0 0 0 8358 12745 0 0 0 0 0 0 189 365 277 0 277 0 0 0 0 0 0 0 0 0 0 3 1 2 0 0 5 8 0 0 0 0 0 0 0 0 0 0 0 0
2 98 0 1 4 0 4557 0 0 99 96 0 1 0 0 10 0 0 6 0 0 0 138238 0 0 0 0 0 0 0 0 9001 4465 0 0 0 0 0 0 199 92 0 0 95 0 0 0 0 0 0 0 0 0 0 0 0 2 0 0 4 0 0 0 0 0 0 0 0 0 0 0 0 0
5 107 6 4 13 39 4311 4 0 85 363 0 13 6 0 26 37 52 10 44 72 39 126497 1 2 0 0 0 3 0 0 7434 15978 0 1 0 0 0 0 148 1146 525 0 322 0 0 0 0 0 0 0 0 0 0 24 4 1 0 0 13 39 0 0 0 0 1 0 0 0 0 0 0 0
3 101 1 2 13 5 4470 0 0 94 187 0 5 1 0 24 13 6 12 22 4 0 134230 0 0 0 0 0 0 0 0 8468 8474 0 0 0 0 0 0 181 454 91 0 175 0 0 0 0 0 0 0 0 0 0 4 0 2 0 0 13 5 0 0 0 0 0 0 0 0 0 0 0 0
2 104 0 1 8 0 4583 0 0 94 90 0 7 0 0 15 0 0 5 46 0 0 138806 0 2 0 0 0 0 0 0 8499 3921 0 0 0 0 0 0 169 622 0 0 84 0 0 0 0 0 0 0 0 0 0 20 0 1 0 0 8 0 0 0 0 0 1 0 0 0 0 0 0 0
4 103 3 3 20 16 4381 1 0 91 277 0 8 3 0 31 38 20 31 29 12 8 130215 0 6 0 0 0 2 0 0 8034 12401 0 1 0 0 0 0 167 718 269 0 249 0 0 0 0 0 0 0 0 0 0 6 1 1 0 0 20 16 0 0 0 0 1 0 0 0 0 0 0 0
3 98 1 2 10 2 4463 0 0 97 190 0 2 1 0 14 10 1 23 0 0 0 133957 0 0 0 0 1 0 0 0 8730 8746 0 0 0 0 0 0 191 180 94 0 184 0 0 0 0 0 0 0 0 0 0 0 0 2 0 0 10 2 0 0 0 0 0 0 0 0 0 0 0 0
4 101 3 3 13 12 4377 1 0 92 279 0 6 3 0 21 26 11 13 15 8 6 130042 0 0 0 0 0 0 0 0 8194 12572 0 0 0 0 0 0 178 543 273 0 263 0 0 0 0 0 0 0 0 0 0 4 1 2 0 0 13 12 0 0 0 0 0 0 0 0 0 0 0 0
6 104 10 5 18 44 4202 10 0 85 454 0 11 10 0 39 68 44 15 36 36 66 122194 5 0 0 0 0 0 0 0 7417 19980 0 2 0 0 0 0 156 976 886 0 407 0 0 0 0 0 0 0 0 0 0 9 10 2 0 0 18 44 0 0 0 0 0 0 0 0 0 0 0 0
3 98 1 2 5 2 4463 0 0 97 190 0 2 1 0 13 5 1 3 0 0 0 133962 0 0 0 0 1 0 0 0 8720 8741 0 0 0 0 0 0 196 185 94 0 189 0 0 0 0 0 0 0 0 0 0 0 0 2 0 0 5 2 0 0 0 0 0 0 0 0 0 0 0 0
2 99 0 1 4 0 4559 0 0 98 95 0 2 0 0 5 0 0 3 4 0 0 138331 0 0 0 0 0 0 0 0 8910 4371 0 0 0 0 0 0 197 186 0 0 94 0 0 0 0 0 0 0 0 0 0 1 0 2 0 0 4 0 0 0 0 0 0 0 0 0 0 0 0 0
2 98 0 1 1 0 4557 0 0 99 96 0 1 0 0 2 0 0 0 0 0 0 138241 0 0 0 0 0 0 0 0 8995 4462 0 0 0 0 0 0 202 95 0 0 98 0 0 0 0 0 0 0 0 0 0 0 0 2 0 0 1 0 0 0 0 0 0 0 0 0 0 0 0 0
3 99 1 2 7 3 4465 0 0 96 189 0 3 1 0 11 7 2 7 6 1 0 134052 0 0 0 0 0 0 0 0 8634 8651 0 0 0 0 0 0 192 276 93 0 185 0 0 0 0 0 0 0 0 0 0 1 0 2 0 0 7 3 0 0 0 0 0 0 0 0 0 0 0 0
3 100 1 2 7 4 4468 0 0 95 188 0 4 1 0 12 7 3 3 10 3 0 134144 0 0 0 0 0 0 0 0 8546 8560 0 0 0 0 0 0 189 367 92 0 183 0 0 0 0 0 0 0 0 0 0 3 0 2 0 0 7 4 0 0 0 0 0 0 0 0 0 0 0 0
3 101 1 2 11 5 4470 0 0 94 187 0 5 1 0 21 11 6 10 18 4 0 134232 0 0 0 0 0 0 0 0 8464 8472 0 0 0 0 0 0 183 456 91 0 177 0 0 0 0 0 0 0 0 0 0 4 0 2 0 0 11 5 0 0 0 0 0 0 0 0 0 0 0 0
2 100 0 1 4 0 4562 0 0 97 94 0 3 0 0 8 0 0 5 8 0 0 138424 0 0 0 0 1 0 0 0 8821 4278 0 0 0 0 0 0 194 278 0 0 93 0 0 0 0 0 0 0 0 0 0 3 0 2 0 0 4 0 0 0 0 0 0 0 0 0 0 0 0 0
3 101 1 2 9 5 4470 0 0 94 187 0 5 1 0 14 9 6 4 14 4 0 134234 0 0 0 0 0 0 0 0 8460 8470 0 0 0 0 0 0 185 458 91 0 179 0 0 0 0 0 0 0 0 0 0 4 0 2 0 0 9 5 0 0 0 0 0 0 0 0 0 0 0 0
2 97 0 1 0 0 4556 0 0 100 97 0 0 0 0 0 0 0 0 0 0 0 138148 0 0 0 0 0 0 0 0 9086 4556 0 0 0 0 0 0 204 0 0 0 100 0 0 0 0 0 0 0 0 0 0 0 0 2 0 0 0 0 0 0 0 0 0 0 0 0 0 0 0 0
2 97 0 1 0 0 4556 0 0 100 97 0 0 0 0 0 0 0 0 0 0 0 138148 0 0 0 0 0 0 0 0 9086 4556 0 0 0 0 0 0 204 0 0 0 100 0 0 0 0 0 0 0 0 0 0 0 0 2 0 0 0 0 0 0 0 0 0 0 0 0 0 0 0 0
4 108 3 3 16 26 4407 1 0 86 272 0 13 3 0 26 32 50 12 64 54 13 130691 0 2 0 0 0 2 0 0 7617 11963 0 0 0 0 0 0 145 1150 259 0 238 0 0 0 0 0 0 0 0 0 0 27 1 1 0 0 16 26 0 0 0 0 1 0 0 0 0 0 0 0
3 97 1 2 1 1 4462 0 0 98 191 0 1 1 0 2 1 0 0 0 0 0 133873 0 0 0 0 0 0 0 0 8804 8830 0 0 0 0 0 0 201 94 95 0 195 0 0 0 0 0 0 0 0 0 0 0 0 2 0 0 1 1 0 0 0 0 0 0 0 0 0 0 0 0
5 102 5 5 11 18 4299 2 0 88 374 2 8 5 1 25 25 11 8 35 33 10 126128 0 0 0 12 0 0 6 2 7777 16430 1 1 0 0 0 0 158 701 452 0 341 0 0 0 0 0 0 0 0 0 0 16 2 1 88 0 11 18 0 0 0 0 0 6 2 0 0 0 0 0
2 99 0 1 4 0 4559 0 0 98 95 0 2 0 0 5 0 0 3 4 0 0 138331 0 0 0 0 0 0 0 0 8910 4371 0 0 0 0 0 0 197 186 0 0 94 0 0 0 0 0 0 0 0 0 0 1 0 2 0 0 4 0 0 0 0 0 0 0 0 0 0 0 0 0
4 102 3 3 18 14 4383 1 0 91 278 0 7 3 0 37 34 11 17 46 18 7 130128 0 0 0 0 0 0 0 0 8123 12491 0 1 0 0 0 0 167 622 271 0 255 0 0 0 0 0 0 0 0 0 0 9 1 2 0 0 18 14 0 0 0 0 0 0 0 0 0 0 0 0
4 100 3 3 9 10 4373 1 0 94 280 0 5 3 0 18 18 8 5 3 2 5 129954 0 5 0 0 0 2 0 0 8274 12658 0 0 0 0 0 0 186 457 275 0 269 0 0 0 0 0 0 0 0 0 0 1 1 1 0 0 9 10 0 0 0 0 1 0 0 0 0 0 0 0
1 98 0 0 0 0 4652 0 0 101 0 0 0 0 0 0 0 0 0 0 0 0 142608 0 0 0 0 0 0 0 0 9282 0 0 0 0 0 0 0 204 0 0 0 0 0 0 0 0 0 0 0 0 0 0 0 0 2 0 0 0 0 0 0 0 0 0 0 0 0 0 0 0 0
2 104 0 1 8 0 4583 0 0 94 90 0 7 0 0 15 0 0 5 46 0 0 138806 0 2 0 0 0 0 0 0 8499 3921 0 0 0 0 0 0 169 622 0 0 84 0 0 0 0 0 0 0 0 0 0 20 0 1 0 0 8 0 0 0 0 0 1 0 0 0 0 0 0 0
2 101 0 1 4 0 4566 0 0 96 93 0 4 0 0 5 0 0 1 12 0 0 138518 0 0 0 0 0 0 0 0 8734 4186 0 0 0 0 0 0 190 368 0 0 92 0 0 0 0 0 0 0 0 0 0 6 0 2 0 0 4 0 0 0 0 0 0 0 0 0 0 0 0 0
4 104 3 3 20 18 4385 1 0 90 276 0 9 3 0 34 40 26 17 39 18 9 130306 0 3 0 0 0 2 0 0 7950 12313 0 0 0 0 0 0 163 806 267 0 246 0 0 0 0 0 0 0 0 0 0 9 1 1 0 0 20 18 0 0 0 0 1 0 0 0 0 0 0 0
3 99 1 2 4 3 4465 0 0 96 189 0 3 1 0 8 4 2 1 4 1 0 134055 0 0 0 0 1 0 0 0 8628 8648 0 0 0 0 0 0 195 279 93 0 188 0 0 0 0 0 0 0 0 0 0 1 0 2 0 0 4 3 0 0 0 0 0 0 0 0 0 0 0 0
5 103 6 4 18 27 4295 4 0 88 367 0 9 6 0 32 50 22 12 51 36 27 126119 1 0 0 0 0 0 0 0 7772 16325 0 2 0 0 0 0 159 795 537 0 334 0 0 0 0 0 0 0 0 0 0 12 4 2 0 0 18 27 0 0 0 0 0 0 0 0 0 0 0 0
2 98 0 1 1 0 4557 0 0 99 96 0 1 0 0 1 0 0 0 0 0 0 138241 0 0 0 0 0 0 0 0 8995 4462 0 0 0 0 0 0 202 95 0 0 98 0 0 0 0 0 0 0 0 0 0 0 0 2 0 0 1 0 0 0 0 0 0 0 0 0 0 0 0 0
1 98 0 0 0 0 4652 0 0 101 0 0 0 0 0 0 0 0 0 0 0 0 142608 0 0 0 0 0 0 0 0 9282 0 0 0 0 0 0 0 204 0 0 0 0 0 0 0 0 0 0 0 0 0 0 0 0 2 0 0 0 0 0 0 0 0 0 0 0 0 0 0 0 0
3 101 1 2 9 5 4470 0 0 94 187 0 5 1 0 13 9 6 5 14 4 0 134234 0 0 0 0 1 0 0 0 8460 8470 0 0 0 0 0 0 185 458 91 0 179 0 0 0 0 0 0 0 0 0 0 4 0 2 0 0 9 5 0 0 0 0 0 0 0 0 0 0 0 0
3 99 1 2 12 3 4467 0 0 96 189 0 3 1 0 13 12 0 24 24 3 0 134046 0 0 0 0 1 0 0 0 8648 8658 0 0 0 0 0 0 185 267 93 0 180 0 0 0 0 0 0 0 0 0 0 3 0 2 0 0 12 3 0 0 0 0 0 0 0 0 0 0 0 0
2 99 0 1 3 0 4559 0 0 98 95 0 2 0 0 11 0 0 3 3 0 0 138332 0 0 0 0 0 0 0 0 8908 4370 0 0 0 0 0 0 198 187 0 0 95 0 0 0 0 0 0 0 0 0 0 1 0 2 0 0 3 0 0 0 0 0 0 0 0 0 0 0 0 0
5 98 6 4 8 12 4283 4 0 94 372 0 4 6 0 16 24 0 5 21 15 12 125673 1 3 0 0 0 3 0 0 8193 16755 0 0 0 0 0 0 181 352 552 0 363 0 0 0 0 0 0 0 0 0 0 5 4 1 0 0 8 12 0 0 0 0 1 0 0 0 0 0 0 0
1 98 0 0 0 0 4652 0 0 101 0 0 0 0 0 0 0 0 0 0 0 0 142608 0 0 0 0 0 0 0 0 9282 0 0 0 0 0 0 0 204 0 0 0 0 0 0 0 0 0 0 0 0 0 0 0 0 2 0 0 0 0 0 0 0 0 0 0 0 0 0 0 0 0
4 98 3 3 11 6 4373 1 0 95 282 0 3 3 0 13 22 0 23 22 6 3 129769 0 0 0 0 1 0 0 0 8461 12842 0 0 0 0 0 0 184 265 279 0 274 0 0 0 0 0 0 0 0 0 0 3 1 2 0 0 11 6 0 0 0 0 0 0 0 0 0 0 0 0
3 100 1 2 8 4 4468 0 0 95 188 0 4 1 0 21 8 3 7 14 3 0 134143 0 0 0 0 0 0 0 0 8548 8561 0 0 0 0 0 0 188 366 92 0 182 0 0 0 0 0 0 0 0 0 0 3 0 2 0 0 8 4 0 0 0 0 0 0 0 0 0 0 0 0
1 98 0 0 0 0 4652 0 0 101 0 0 0 0 0 0 0 0 0 0 0 0 142608 0 0 0 0 0 0 0 0 9282 0 0 0 0 0 0 0 204 0 0 0 0 0 0 0 0 0 0 0 0 0 0 0 0 2 0 0 0 0 0 0 0 0 0 0 0 0 0 0 0 0
5 103 6 4 17 27 4292 4 0 89 367 0 9 6 0 29 51 26 12 37 27 27 126116 1 3 0 0 0 3 0 0 7769 16323 0 0 0 0 0 0 163 800 537 0 334 0 0 0 0 0 0 0 0 0 0 9 4 1 0 0 17 27 0 0 0 0 1 0 0 0 0 0 0 0
6 104 9 6 16 41 4202 7 0 84 457 3 11 9 1 27 58 45 12 19 31 49 122283 2 0 2 9 0 0 6 8 7327 19983 3 0 0 0 0 0 157 980 796 0 404 0 0 0 0 0 0 0 0 0 0 8 7 1 90 0 16 41 0 0 0 0 0 3 3 0 0 0 0 0
1 98 0 0 0 0 4652 0 0 101 0 0 0 0 0 0 0 0 0 0 0 0 142608 0 0 0 0 0 0 0 0 9282 0 0 0 0 0 0 0 204 0 0 0 0 0 0 0 0 0 0 0 0 0 0 0 0 2 0 0 0 0 0 0 0 0 0 0 0 0 0 0 0 0
5 100 6 4 8 18 4283 4 0 92 370 0 6 6 0 16 24 11 4 7 9 18 125855 1 4 0 0 0 3 0 0 8008 16575 0 0 0 0 0 0 181 542 546 0 355 0 0 0 0 0 0 0 0 0 0 3 4 1 0 0 8 18 0 0 0 0 1 0 0 0 0 0 0 0
2 101 0 1 4 0 4566 0 0 96 93 0 4 0 0 5 0 0 1 12 0 0 138518 0 0 0 0 0 0 0 0 8734 4186 0 0 0 0 0 0 190 368 0 0 92 0 0 0 0 0 0 0 0 0 0 6 0 2 0 0 4 0 0 0 0 0 0 0 0 0 0 0 0 0
2 100 0 1 4 0 4562 0 0 97 94 0 3 0 0 8 0 0 5 8 0 0 138424 0 0 0 0 1 0 0 0 8821 4278 0 0 0 0 0 0 194 278 0 0 93 0 0 0 0 0 0 0 0 0 0 3 0 2 0 0 4 0 0 0 0 0 0 0 0 0 0 0 0 0
5 102 6 4 15 24 4289 4 0 89 368 0 8 6 0 34 45 21 8 30 21 24 126032 1 0 0 0 0 0 0 0 7846 16406 0 0 0 0 0 0 168 715 540 0 341 0 0 0 0 0 0 0 0 0 0 7 4 2 0 0 15 24 0 0 0 0 0 0 0 0 0 0 0 0
4 100 3 3 11 10 4375 1 0 93 280 0 5 3 0 25 22 7 11 14 6 5 129953 0 0 0 0 1 0 0 0 8279 12660 0 0 0 0 0 0 182 453 275 0 268 0 0 0 0 0 0 0 0 0 0 3 1 2 0 0 11 10 0 0 0 0 0 0 0 0 0 0 0 0
2 97 0 1 0 0 4556 0 0 100 97 0 0 0 0 0 0 0 0 0 0 0 138148 0 0 0 0 0 0 0 0 9086 4556 0 0 0 0 0 0 204 0 0 0 100 0 0 0 0 0 0 0 0 0 0 0 0 2 0 0 0 0 0 0 0 0 0 0 0 0 0 0 0 0
2 99 0 1 2 0 4559 0 0 98 95 0 2 0 0 11 0 0 1 2 0 0 138333 0 0 0 0 0 0 0 0 8906 4369 0 0 0 0 0 0 199 188 0 0 96 0 0 0 0 0 0 0 0 0 0 1 0 2 0 0 2 0 0 0 0 0 0 0 0 0 0 0 0 0
4 102 3 3 9 14 4381 1 0 91 278 0 7 3 0 18 18 14 5 12 14 7 130138 0 0 0 0 1 0 0 0 8101 12480 0 0 0 0 0 0 178 635 271 0 264 0 0 0 0 0 0 0 0 0 0 7 1 2 0 0 9 14 0 0 0 0 0 0 0 0 0 0 0 0
2 97 0 1 0 0 4556 0 0 100 97 0 0 0 0 0 0 0 0 0 0 0 138148 0 0 0 0 0 0 0 0 9086 4556 0 0 0 0 0 0 204 0 0 0 100 0 0 0 0 0 0 0 0 0 0 0 0 2 0 0 0 0 0 0 0 0 0 0 0 0 0 0 0 0
5 105 6 4 29 33 4296 4 0 86 365 0 11 6 0 40 83 42 37 55 33 33 126288 1 0 0 0 2 0 0 0 7612 16157 0 2 0 0 0 0 147 972 531 0 315 0 0 0 0 0 0 0 0 0 0 11 4 2 0 0 29 33 0 0 0 0 0 0 0 0 0 0 0 0
2 104 0 1 8 0 4583 0 0 94 90 0 7 0 0 15 0 0 5 46 0 0 138806 0 2 0 0 0 0 0 0 8499 3921 0 0 0 0 0 0 169 622 0 0 84 0 0 0 0 0 0 0 0 0 0 20 0 1 0 0 8 0 0 0 0 0 1 0 0 0 0 0 0 0
