99 0 4750 101 0 0 0 147246 0 0 0 9409 0 194 0 0 0 0 0 0 0 0 0 3317128 0 0 0 0 0 0 0 0 0 424710 0 0 0 0 0 0 0 0 17580 0 4490 0 0 0 0 0 0 0 0 0 0 104 0 0 0 0 0 362 0 0 0 0 0 0 0 2 0 0 0
2 99 0 1 3 0 4559 0 0 98 95 0 2 0 0 2 0 0 1 3 0 0 138318 0 0 0 0 0 0 0 0 8934 4370 0 0 0 0 0 0 188 187 0 0 95 0 0 0 0 0 0 0 0 0 0 1 0 0 0 0 3 0 0 0 0 0 0 0 0 0 0 0 0 0
4 102 3 3 14 14 4379 1 0 91 278 0 7 3 0 21 28 16 10 21 10 7 130118 0 0 0 0 0 0 0 0 8133 12483 0 0 0 0 0 0 165 634 271 0 259 0 0 0 0 0 0 0 0 0 0 5 1 0 0 0 14 14 0 0 0 0 0 0 0 0 0 0 0 0
4 98 3 3 4 6 4371 1 0 95 282 0 3 3 0 9 8 2 2 4 2 3 129763 0 0 0 0 0 0 0 0 8469 12833 0 0 0 0 0 0 183 276 279 0 281 0 0 0 0 0 0 0 0 0 0 1 1 0 0 0 4 6 0 0 0 0 0 0 0 0 0 0 0 0
1 98 0 0 0 0 4652 0 0 101 0 0 0 0 0 0 0 0 0 0 0 0 142594 0 0 0 0 0 0 0 0 9308 0 0 0 0 0 0 0 194 0 0 0 0 0 0 0 0 0 0 0 0 0 0 0 0 0 0 0 0 0 0 0 0 0 0 0 0 0 0 0 0 0
4 100 3 3 10 10 4376 1 0 93 280 0 5 3 0 20 20 6 6 15 8 5 129939 0 0 0 0 0 0 0 0 8305 12660 0 0 0 0 0 0 172 452 275 0 269 0 0 0 0 0 0 0 0 0 0 4 1 0 0 0 10 10 0 0 0 0 0 0 0 0 0 0 0 0
3 101 1 2 10 5 4472 0 0 94 187 0 5 1 0 17 10 4 10 18 6 0 134220 0 0 0 0 0 0 0 0 8492 8473 0 0 0 0 0 0 172 453 91 0 178 0 0 0 0 0 0 0 0 0 0 6 0 0 0 0 10 5 0 0 0 0 0 0 0 0 0 0 0 0
5 100 6 4 13 18 4284 4 0 91 370 0 6 6 0 19 39 11 13 21 12 18 125838 1 0 0 0 0 0 0 0 8042 16579 0 0 0 0 0 0 165 537 546 0 351 0 0 0 0 0 0 0 0 0 0 4 4 0 0 0 13 18 0 0 0 0 0 0 0 0 0 0 0 0
3 101 1 2 10 3 4470 0 1 94 187 0 5 1 0 21 6 2 8 16 1 0 134218 0 0 0 0 0 0 0 0 8490 8471 0 0 1 2 3 0 173 457 92 0 178 0 0 0 0 0 0 0 0 0 0 4 0 0 0 0 10 3 0 0 0 0 0 0 0 1 0 0 0 0
2 98 0 1 2 0 4557 0 0 99 96 0 1 0 0 7 0 0 1 0 0 0 138226 0 0 0 0 0 0 0 0 9023 4463 0 0 0 0 0 0 191 94 0 0 97 0 0 0 0 0 0 0 0 0 0 0 0 0 0 0 2 0 0 0 0 0 0 0 0 0 0 0 0 0
4 98 3 3 2 6 4371 1 0 95 282 0 3 3 0 5 4 2 1 2 2 3 129765 0 0 0 0 0 0 0 0 8465 12831 0 0 0 0 0 0 185 278 279 0 283 0 0 0 0 0 0 0 0 0 0 1 1 0 0 0 2 6 0 0 0 0 0 0 0 0 0 0 0 0
5 99 6 4 9 15 4281 4 0 92 371 0 5 6 0 14 27 8 5 8 6 15 125752 1 0 0 0 0 0 0 0 8120 16662 0 0 0 0 0 0 172 452 549 0 359 0 0 0 0 0 0 0 0 0 0 2 4 0 0 0 9 15 0 0 0 0 0 0 0 0 0 0 0 0
2 100 0 1 8 0 4562 0 0 97 94 0 3 0 0 16 0 0 7 14 0 0 138406 0 0 0 0 0 0 0 0 8855 4282 0 0 1 0 0 0 180 274 0 0 89 0 0 0 0 0 0 0 0 0 0 3 0 0 0 0 8 0 0 0 0 0 0 0 0 0 0 0 0 0
4 99 3 3 6 8 4373 1 0 94 281 0 4 3 0 12 12 4 4 6 4 4 129852 0 0 0 0 0 0 0 0 8384 12745 0 0 0 0 0 0 179 366 277 0 276 0 0 0 0 0 0 0 0 0 0 2 1 0 0 0 6 8 0 0 0 0 0 0 0 0 0 0 0 0
1 98 0 0 0 0 4652 0 0 101 0 0 0 0 0 0 0 0 0 0 0 0 142594 0 0 0 0 0 0 0 0 9308 0 0 0 0 0 0 0 194 0 0 0 0 0 0 0 0 0 0 0 0 0 0 0 0 0 0 0 0 0 0 0 0 0 0 0 0 0 0 0 0 0
2 100 0 1 10 0 4562 0 0 97 94 0 3 0 0 15 0 0 12 18 0 0 138404 0 0 0 0 0 0 0 0 8859 4284 0 0 1 0 0 0 178 272 0 0 87 0 0 0 0 0 0 0 0 0 0 3 0 0 0 0 10 0 0 0 0 0 0 0 0 0 0 0 0 0
2 97 0 1 0 0 4556 0 0 100 97 0 0 0 0 0 0 0 0 0 0 0 138134 0 0 0 0 0 0 0 0 9112 4556 0 0 0 0 0 0 194 0 0 0 100 0 0 0 0 0 0 0 0 0 0 0 0 0 0 0 0 0 0 0 0 0 0 0 0 0 0 0 0 0
1 98 0 0 0 0 4652 0 0 101 0 0 0 0 0 0 0 0 0 0 0 0 142594 0 0 0 0 0 0 0 0 9308 0 0 0 0 0 0 0 194 0 0 0 0 0 0 0 0 0 0 0 0 0 0 0 0 0 0 0 0 0 0 0 0 0 0 0 0 0 0 0 0 0
2 98 0 1 2 0 4557 0 0 99 96 0 1 0 0 2 0 0 1 0 0 0 138226 0 0 0 0 0 0 0 0 9023 4463 0 0 0 0 0 0 191 94 0 0 97 0 0 0 0 0 0 0 0 0 0 0 0 0 0 0 2 0 0 0 0 0 0 0 0 0 0 0 0 0
4 99 3 3 11 8 4372 1 0 94 281 0 4 3 0 18 22 5 11 5 2 4 129848 0 0 0 0 0 0 0 0 8392 12749 0 0 0 0 0 0 175 363 277 0 271 0 0 0 0 0 0 0 0 0 0 1 1 0 0 0 11 8 0 0 0 0 0 0 0 0 0 0 0 0
3 101 1 2 10 5 4472 0 0 94 187 0 5 1 0 21 10 4 10 18 6 0 134220 0 0 0 0 0 0 0 0 8492 8473 0 0 0 0 0 0 172 453 91 0 178 0 0 0 0 0 0 0 0 0 0 6 0 0 0 0 10 5 0 0 0 0 0 0 0 0 0 0 0 0
4 102 3 3 11 14 4381 1 0 91 278 0 7 3 0 23 22 14 7 20 14 7 130122 0 0 0 0 0 0 0 0 8131 12482 0 0 0 0 0 0 166 633 271 0 262 0 0 0 0 0 0 0 0 0 0 7 1 0 0 0 11 14 0 0 0 0 0 0 0 0 0 0 0 0
3 100 1 2 6 4 4468 0 0 95 188 0 4 1 0 14 6 3 4 10 3 0 134131 0 0 0 0 0 0 0 0 8570 8559 0 0 0 0 0 0 180 368 92 0 184 0 0 0 0 0 0 0 0 0 0 3 0 0 0 0 6 4 0 0 0 0 0 0 0 0 0 0 0 0
4 102 3 3 15 14 4379 1 0 91 278 0 7 3 0 19 30 16 17 23 10 7 130117 0 0 0 0 0 0 0 0 8135 12484 0 0 0 0 0 0 164 633 271 0 258 0 0 0 0 0 0 0 0 0 0 5 1 0 0 0 15 14 0 0 0 0 0 0 0 0 0 0 0 0
1 98 0 0 0 0 4652 0 0 101 0 0 0 0 0 0 0 0 0 0 0 0 142594 0 0 0 0 0 0 0 0 9308 0 0 0 0 0 0 0 194 0 0 0 0 0 0 0 0 0 0 0 0 0 0 0 0 0 0 0 0 0 0 0 0 0 0 0 0 0 0 0 0 0
3 99 1 2 6 3 4465 0 0 96 189 0 3 1 0 10 6 2 7 6 1 0 134039 0 0 0 0 0 0 0 0 8658 8650 0 0 0 0 0 0 183 277 93 0 186 0 0 0 0 0 0 0 0 0 0 1 0 0 0 0 6 3 0 0 0 0 0 0 0 0 0 0 0 0
2 101 0 1 8 0 4566 0 0 96 93 0 4 0 0 17 0 0 6 24 0 0 138500 0 0 0 0 0 0 0 0 8768 4190 0 0 0 0 0 0 176 364 0 0 88 0 0 0 0 0 0 0 0 0 0 6 0 0 0 0 8 0 0 0 0 0 0 0 0 0 0 0 0 0
2 99 0 1 5 0 4559 0 0 98 95 0 2 0 0 10 0 0 4 5 0 0 138316 0 0 0 0 0 0 0 0 8938 4372 0 0 0 0 0 0 186 185 0 0 93 0 0 0 0 0 0 0 0 0 0 1 0 0 0 0 5 0 0 0 0 0 0 0 0 0 0 0 0 0
2 100 0 1 5 0 4562 0 0 97 94 0 3 0 0 9 0 0 2 10 0 0 138409 0 0 0 0 0 0 0 0 8849 4279 0 0 0 0 0 0 183 277 0 0 92 0 0 0 0 0 0 0 0 0 0 3 0 0 0 0 5 0 0 0 0 0 0 0 0 0 0 0 0 0
3 100 1 2 7 4 4468 0 0 95 188 0 4 1 0 14 7 3 5 8 3 0 134130 0 0 0 0 0 0 0 0 8572 8560 0 0 0 0 0 0 179 367 92 0 183 0 0 0 0 0 0 0 0 0 0 3 0 0 0 0 7 4 0 0 0 0 0 0 0 0 0 0 0 0
2 97 0 1 0 0 4556 0 0 100 97 0 0 0 0 0 0 0 0 0 0 0 138134 0 0 0 0 0 0 0 0 9112 4556 0 0 0 0 0 0 194 0 0 0 100 0 0 0 0 0 0 0 0 0 0 0 0 0 0 0 0 0 0 0 0 0 0 0 0 0 0 0 0 0
4 102 3 3 19 14 4379 1 0 91 278 0 7 3 0 22 38 16 21 29 10 7 130113 0 0 0 0 0 0 0 0 8143 12488 0 0 0 0 0 0 160 629 271 0 254 0 0 0 0 0 0 0 0 0 0 5 1 0 0 0 19 14 0 0 0 0 0 0 0 0 0 0 0 0
4 99 3 3 9 6 4374 1 1 94 281 0 4 3 0 19 14 0 6 12 4 2 129848 0 0 0 0 0 0 0 0 8394 12749 0 0 1 2 2 1 174 361 278 0 273 0 0 0 0 0 0 0 0 0 0 3 1 0 0 0 9 6 0 0 0 0 0 0 0 1 0 0 0 0
4 103 3 3 8 16 4382 1 0 90 277 0 8 3 0 18 16 21 2 15 14 8 130215 0 0 0 0 0 0 0 0 8034 12388 0 0 0 0 0 0 168 730 269 0 262 0 0 0 0 0 0 0 0 0 0 7 1 0 0 0 8 16 0 0 0 0 0 0 0 0 0 0 0 0
2 99 0 1 4 0 4559 0 0 98 95 0 2 0 0 6 0 0 2 4 0 0 138317 0 0 0 0 0 0 0 0 8936 4371 0 0 0 0 0 0 187 186 0 0 94 0 0 0 0 0 0 0 0 0 0 1 0 0 0 0 4 0 0 0 0 0 0 0 0 0 0 0 0 0
5 104 6 4 13 30 4297 4 0 87 366 0 10 6 0 24 39 32 6 31 39 30 126200 1 0 0 0 0 0 0 0 7700 16232 0 0 0 0 0 0 152 891 534 0 335 0 0 0 0 0 0 0 0 0 0 13 4 0 0 0 13 30 0 0 0 0 0 0 0 0 0 0 0 0
2 100 0 1 10 0 4562 0 0 97 94 0 3 0 0 13 0 0 13 20 0 0 138404 0 0 0 0 0 0 0 0 8859 4284 0 0 0 0 0 0 178 272 0 0 87 0 0 0 0 0 0 0 0 0 0 3 0 0 0 0 10 0 0 0 0 0 0 0 0 0 0 0 0 0
4 101 3 3 9 12 4377 1 0 92 279 0 6 3 0 22 18 11 5 11 8 6 130032 0 0 0 0 0 0 0 0 8212 12568 0 0 0 0 0 0 172 547 273 0 267 0 0 0 0 0 0 0 0 0 0 4 1 0 0 0 9 12 0 0 0 0 0 0 0 0 0 0 0 0
3 100 1 2 9 4 4468 0 0 95 188 0 4 1 0 13 9 3 6 12 3 0 134128 0 0 0 0 0 0 0 0 8576 8562 0 0 0 0 0 0 177 365 92 0 181 0 0 0 0 0 0 0 0 0 0 3 0 0 0 0 9 4 0 0 0 0 0 0 0 0 0 0 0 0
1 98 0 0 0 0 4652 0 0 101 0 0 0 0 0 0 0 0 0 0 0 0 142594 0 0 0 0 0 0 0 0 9308 0 0 0 0 0 0 0 194 0 0 0 0 0 0 0 0 0 0 0 0 0 0 0 0 0 0 0 0 0 0 0 0 0 0 0 0 0 0 0 0 0
4 102 3 3 13 14 4380 1 0 91 278 0 7 3 0 21 22 13 11 24 12 7 130119 0 0 0 0 0 0 0 0 8133 12483 0 2 1 0 0 0 165 633 271 0 260 0 0 0 0 0 0 0 0 0 0 6 1 0 0 0 13 14 0 0 0 0 0 0 0 0 0 0 0 0
3 100 1 2 5 4 4467 0 0 95 188 0 4 1 0 15 5 4 2 5 2 0 134132 0 0 0 0 0 0 0 0 8566 8557 0 0 0 0 0 0 182 371 92 0 185 0 0 0 0 0 0 0 0 0 0 2 0 0 0 0 5 4 0 0 0 0 0 0 0 0 0 0 0 0
1 98 0 0 0 0 4652 0 0 101 0 0 0 0 0 0 0 0 0 0 0 0 142594 0 0 0 0 0 0 0 0 9308 0 0 0 0 0 0 0 194 0 0 0 0 0 0 0 0 0 0 0 0 0 0 0 0 0 0 0 0 0 0 0 0 0 0 0 0 0 0 0 0 0
2 99 0 1 3 0 4559 0 0 98 95 0 2 0 0 8 0 0 1 3 0 0 138318 0 0 0 0 0 0 0 0 8934 4370 0 0 0 0 0 0 188 187 0 0 95 0 0 0 0 0 0 0 0 0 0 1 0 0 0 0 3 0 0 0 0 0 0 0 0 0 0 0 0 0
5 100 6 4 17 18 4282 4 0 91 370 0 6 6 0 28 51 13 19 9 6 18 125835 1 0 0 0 0 0 0 0 8046 16581 0 0 0 0 0 0 163 537 546 0 347 0 0 0 0 0 0 0 0 0 0 2 4 0 0 0 17 18 0 0 0 0 0 0 0 0 0 0 0 0
1 98 0 0 0 0 4652 0 0 101 0 0 0 0 0 0 0 0 0 0 0 0 142594 0 0 0 0 0 0 0 0 9308 0 0 0 0 0 0 0 194 0 0 0 0 0 0 0 0 0 0 0 0 0 0 0 0 0 0 0 0 0 0 0 0 0 0 0 0 0 0 0 0 0
3 103 1 2 12 7 4477 0 0 92 185 0 7 1 0 27 12 12 8 31 9 0 134402 0 0 0 0 0 0 0 0 8318 8292 0 0 0 0 0 0 165 635 89 0 172 0 0 0 0 0 0 0 0 0 0 9 0 0 0 0 12 7 0 0 0 0 0 0 0 0 0 0 0 0
4 101 3 3 9 12 4379 1 0 92 279 0 6 3 0 17 18 9 5 18 12 6 130031 0 0 0 0 0 0 0 0 8216 12570 0 0 0 0 0 0 170 543 273 0 267 0 0 0 0 0 0 0 0 0 0 6 1 0 0 0 9 12 0 0 0 0 0 0 0 0 0 0 0 0
4 102 3 3 12 14 4379 1 0 91 278 0 7 3 0 21 24 16 6 17 10 7 130120 0 0 0 0 0 0 0 0 8129 12481 0 0 0 0 0 0 167 636 271 0 261 0 0 0 0 0 0 0 0 0 0 5 1 0 0 0 12 14 0 0 0 0 0 0 0 0 0 0 0 0
4 101 3 3 11 12 4376 1 0 92 279 0 6 3 0 23 22 12 8 11 6 6 130030 0 0 0 0 0 0 0 0 8214 12569 0 0 0 0 0 0 171 547 273 0 265 0 0 0 0 0 0 0 0 0 0 3 1 0 0 0 11 12 0 0 0 0 0 0 0 0 0 0 0 0
2 101 0 1 7 0 4566 0 0 96 93 0 4 0 0 12 0 0 4 21 0 0 138501 0 0 0 0 0 0 0 0 8766 4189 0 0 0 0 0 0 177 365 0 0 89 0 0 0 0 0 0 0 0 0 0 6 0 0 0 0 7 0 0 0 0 0 0 0 0 0 0 0 0 0
5 101 6 4 10 21 4284 4 0 90 369 0 7 6 0 19 30 18 6 9 9 21 125932 1 0 0 0 0 0 0 0 7944 16486 0 0 0 0 0 0 168 635 543 0 350 0 0 0 0 0 0 0 0 0 0 3 4 0 0 0 10 21 0 0 0 0 0 0 0 0 0 0 0 0
3 103 1 2 11 7 4477 0 0 92 185 0 7 1 0 26 11 12 6 28 9 0 134403 0 0 0 0 0 0 0 0 8316 8291 0 0 0 0 0 0 166 636 89 0 173 0 0 0 0 0 0 0 0 0 0 9 0 0 0 0 11 7 0 0 0 0 0 0 0 0 0 0 0 0
5 103 6 4 17 27 4289 4 0 88 367 0 9 6 0 25 47 28 12 20 18 27 126105 1 0 0 0 0 0 0 0 7784 16318 0 2 2 0 0 0 156 808 537 0 335 0 0 0 0 0 0 0 0 0 0 6 4 0 0 0 17 27 0 0 0 0 0 0 0 0 0 0 0 0
2 97 0 1 0 0 4556 0 0 100 97 0 0 0 0 0 0 0 0 0 0 0 138134 0 0 0 0 0 0 0 0 9112 4556 0 0 0 0 0 0 194 0 0 0 100 0 0 0 0 0 0 0 0 0 0 0 0 0 0 0 0 0 0 0 0 0 0 0 0 0 0 0 0 0
2 99 0 1 3 0 4559 0 0 98 95 0 2 0 0 4 0 0 1 3 0 0 138318 0 0 0 0 0 0 0 0 8934 4370 0 0 0 0 0 0 188 187 0 0 95 0 0 0 0 0 0 0 0 0 0 1 0 0 0 0 3 0 0 0 0 0 0 0 0 0 0 0 0 0
3 98 1 2 5 2 4463 0 0 97 190 0 2 1 0 10 5 1 4 0 0 0 133948 0 0 0 0 0 0 0 0 8746 8741 0 0 0 0 0 0 186 185 94 0 189 0 0 0 0 0 0 0 0 0 0 0 0 0 0 0 5 2 0 0 0 0 0 0 0 0 0 0 0 0
1 98 0 0 0 0 4652 0 0 101 0 0 0 0 0 0 0 0 0 0 0 0 142594 0 0 0 0 0 0 0 0 9308 0 0 0 0 0 0 0 194 0 0 0 0 0 0 0 0 0 0 0 0 0 0 0 0 0 0 0 0 0 0 0 0 0 0 0 0 0 0 0 0 0
2 98 0 1 1 0 4557 0 0 99 96 0 1 0 0 2 0 0 0 0 0 0 138227 0 0 0 0 0 0 0 0 9021 4462 0 0 0 0 0 0 192 95 0 0 98 0 0 0 0 0 0 0 0 0 0 0 0 0 0 0 1 0 0 0 0 0 0 0 0 0 0 0 0 0
2 98 0 1 2 0 4557 0 0 99 96 0 1 0 0 2 0 0 1 0 0 0 138226 0 0 0 0 0 0 0 0 9023 4463 0 0 0 0 0 0 191 94 0 0 97 0 0 0 0 0 0 0 0 0 0 0 0 0 0 0 2 0 0 0 0 0 0 0 0 0 0 0 0 0
2 99 0 1 6 0 4559 0 0 98 95 0 2 0 0 9 0 0 6 6 0 0 138315 0 0 0 0 0 0 0 0 8940 4373 0 0 0 0 0 0 185 184 0 0 92 0 0 0 0 0 0 0 0 0 0 1 0 0 0 0 6 0 0 0 0 0 0 0 0 0 0 0 0 0
3 97 1 2 2 1 4462 0 0 98 191 0 1 1 0 6 2 0 1 0 0 0 133858 0 0 0 0 0 0 0 0 8832 8831 0 0 0 0 0 0 190 93 95 0 194 0 0 0 0 0 0 0 0 0 0 0 0 0 0 0 2 1 0 0 0 0 0 0 0 0 0 0 0 0
1 98 0 0 0 0 4652 0 0 101 0 0 0 0 0 0 0 0 0 0 0 0 142594 0 0 0 0 0 0 0 0 9308 0 0 0 0 0 0 0 194 0 0 0 0 0 0 0 0 0 0 0 0 0 0 0 0 0 0 0 0 0 0 0 0 0 0 0 0 0 0 0 0 0
3 101 1 2 11 5 4470 0 0 94 187 0 5 1 0 22 11 6 10 16 4 0 134218 0 0 0 0 0 0 0 0 8490 8472 0 0 0 0 0 0 173 456 91 0 177 0 0 0 0 0 0 0 0 0 0 4 0 0 0 0 11 5 0 0 0 0 0 0 0 0 0 0 0 0
3 102 1 2 12 6 4474 0 0 93 186 0 6 1 0 25 12 8 10 26 7 0 134310 0 0 0 0 0 0 0 0 8406 8383 0 0 0 0 0 0 168 544 90 0 174 0 0 0 0 0 0 0 0 0 0 7 0 0 0 0 12 6 0 0 0 0 0 0 0 0 0 0 0 0
2 100 0 1 6 0 4562 0 0 97 94 0 3 0 0 13 0 0 4 12 0 0 138408 0 0 0 0 0 0 0 0 8851 4280 0 0 0 0 0 0 182 276 0 0 91 0 0 0 0 0 0 0 0 0 0 3 0 0 0 0 6 0 0 0 0 0 0 0 0 0 0 0 0 0
5 100 6 4 12 18 4284 4 0 91 370 0 6 6 0 21 34 10 11 15 12 18 125839 1 0 0 0 0 0 0 0 8040 16578 0 1 0 0 0 0 166 538 546 0 352 0 0 0 0 0 0 0 0 0 0 4 4 0 0 0 12 18 0 0 0 0 0 0 0 0 0 0 0 0
3 98 1 2 6 2 4464 0 0 97 190 0 2 1 0 13 6 0 6 6 1 0 133946 0 0 0 0 0 0 0 0 8750 8743 0 0 0 0 0 0 184 182 94 0 188 0 0 0 0 0 0 0 0 0 0 1 0 0 0 0 6 2 0 0 0 0 0 0 0 0 0 0 0 0
6 100 10 5 12 28 4193 10 0 89 458 0 7 10 0 22 48 17 9 15 16 42 121829 5 0 0 0 0 0 0 0 7777 20317 0 0 0 0 0 0 161 624 902 0 433 0 0 0 0 0 0 0 0 0 0 4 10 0 0 0 12 28 0 0 0 0 0 0 0 0 0 0 0 0
1 98 0 0 0 0 4652 0 0 101 0 0 0 0 0 0 0 0 0 0 0 0 142594 0 0 0 0 0 0 0 0 9308 0 0 0 0 0 0 0 194 0 0 0 0 0 0 0 0 0 0 0 0 0 0 0 0 0 0 0 0 0 0 0 0 0 0 0 0 0 0 0 0 0
5 106 6 4 16 36 4299 4 0 85 364 0 12 6 0 25 46 52 8 32 39 36 126377 1 0 0 0 0 0 0 0 7526 16057 0 1 0 0 0 0 147 1074 528 0 324 0 0 0 0 0 0 0 0 0 0 13 4 0 0 0 16 36 0 0 0 0 0 0 0 0 0 0 0 0
4 102 3 3 15 14 4380 1 0 91 278 0 7 3 0 27 30 15 11 20 12 7 130117 0 0 0 0 0 0 0 0 8137 12485 0 0 2 0 0 0 163 631 271 0 258 0 0 0 0 0 0 0 0 0 0 6 1 0 0 0 15 14 0 0 0 0 0 0 0 0 0 0 0 0
2 98 0 1 2 0 4557 0 0 99 96 0 1 0 0 6 0 0 1 0 0 0 138226 0 0 0 0 0 0 0 0 9023 4463 0 0 0 0 0 0 191 94 0 0 97 0 0 0 0 0 0 0 0 0 0 0 0 0 0 0 2 0 0 0 0 0 0 0 0 0 0 0 0 0
3 99 1 2 6 3 4465 0 0 96 189 0 3 1 0 11 6 2 4 5 1 0 134039 0 0 0 0 0 0 0 0 8658 8650 0 0 0 0 0 0 183 277 93 0 186 0 0 0 0 0 0 0 0 0 0 1 0 0 0 0 6 3 0 0 0 0 0 0 0 0 0 0 0 0
4 98 3 3 8 6 4371 1 0 95 282 0 3 3 0 10 16 2 7 6 2 3 129759 0 0 0 0 0 0 0 0 8477 12837 0 0 0 0 0 0 179 272 279 0 277 0 0 0 0 0 0 0 0 0 0 1 1 0 0 0 8 6 0 0 0 0 0 0 0 0 0 0 0 0
6 101 10 5 17 32 4196 10 0 88 457 0 8 10 0 28 68 22 17 22 24 48 121913 5 0 0 0 0 0 0 0 7702 20237 0 0 1 0 0 0 153 707 898 0 423 0 0 0 0 0 0 0 0 0 0 6 10 0 0 0 17 32 0 0 0 0 0 0 0 0 0 0 0 0
3 102 1 2 9 6 4474 0 0 93 186 0 6 1 0 17 9 8 5 21 7 0 134313 0 0 0 0 0 0 0 0 8400 8380 0 0 0 0 0 0 171 547 90 0 177 0 0 0 0 0 0 0 0 0 0 7 0 0 0 0 9 6 0 0 0 0 0 0 0 0 0 0 0 0
1 98 0 0 0 0 4652 0 0 101 0 0 0 0 0 0 0 0 0 0 0 0 142594 0 0 0 0 0 0 0 0 9308 0 0 0 0 0 0 0 194 0 0 0 0 0 0 0 0 0 0 0 0 0 0 0 0 0 0 0 0 0 0 0 0 0 0 0 0 0 0 0 0 0
2 99 0 1 5 0 4559 0 0 98 95 0 2 0 0 11 0 0 4 5 0 0 138316 0 0 0 0 0 0 0 0 8938 4372 0 0 0 0 0 0 186 185 0 0 93 0 0 0 0 0 0 0 0 0 0 1 0 0 0 0 5 0 0 0 0 0 0 0 0 0 0 0 0 0
3 98 1 2 7 2 4464 0 0 97 190 0 2 1 0 9 7 0 9 7 1 0 133945 0 0 0 0 0 0 0 0 8752 8744 0 0 0 0 0 0 183 181 94 0 187 0 0 0 0 0 0 0 0 0 0 1 0 0 0 0 7 2 0 0 0 0 0 0 0 0 0 0 0 0
2 97 0 1 0 0 4556 0 0 100 97 0 0 0 0 0 0 0 0 0 0 0 138134 0 0 0 0 0 0 0 0 9112 4556 0 0 0 0 0 0 194 0 0 0 100 0 0 0 0 0 0 0 0 0 0 0 0 0 0 0 0 0 0 0 0 0 0 0 0 0 0 0 0 0
5 104 6 4 18 26 4293 4 2 87 366 0 10 6 0 19 44 26 12 34 21 22 126192 1 0 0 0 0 0 0 0 7706 16233 0 2 0 3 6 4 149 894 536 0 330 0 0 0 0 0 0 0 0 0 0 9 4 0 0 0 18 26 0 0 0 0 0 0 0 2 0 0 0 0
6 100 10 5 16 28 4193 10 0 89 458 0 7 10 0 23 62 16 13 20 16 42 121825 5 0 0 0 0 0 0 0 7785 20321 0 1 0 0 0 0 157 620 902 0 429 0 0 0 0 0 0 0 0 0 0 4 10 0 0 0 16 28 0 0 0 0 0 0 0 0 0 0 0 0
2 100 0 1 8 0 4562 0 0 97 94 0 3 0 0 15 0 0 7 16 0 0 138406 0 0 0 0 0 0 0 0 8855 4282 0 0 0 0 0 0 180 274 0 0 89 0 0 0 0 0 0 0 0 0 0 3 0 0 0 0 8 0 0 0 0 0 0 0 0 0 0 0 0 0
5 104 6 4 15 28 4296 4 1 87 366 0 10 6 0 27 39 27 9 33 32 26 126196 1 0 0 0 0 0 0 0 7704 16233 0 1 1 2 4 2 150 891 535 0 333 0 0 0 0 0 0 0 0 0 0 12 4 0 0 0 15 28 0 0 0 0 0 0 0 1 0 0 0 0
2 99 0 1 4 0 4559 0 0 98 95 0 2 0 0 9 0 0 3 2 0 0 138317 0 0 0 0 0 0 0 0 8936 4371 0 0 1 0 0 0 187 186 0 0 94 0 0 0 0 0 0 0 0 0 0 1 0 0 0 0 4 0 0 0 0 0 0 0 0 0 0 0 0 0
5 104 6 4 13 26 4292 4 2 87 366 0 10 6 0 23 33 27 9 22 17 22 126197 1 0 0 0 0 0 0 0 7694 16227 0 1 0 2 7 4 155 901 536 0 335 0 0 0 0 0 0 0 0 0 0 8 4 0 0 0 13 26 0 0 0 0 0 0 0 2 0 0 0 0
2 101 0 1 7 0 4566 0 0 96 93 0 4 0 0 16 0 0 4 21 0 0 138501 0 0 0 0 0 0 0 0 8766 4189 0 0 0 0 0 0 177 365 0 0 89 0 0 0 0 0 0 0 0 0 0 6 0 0 0 0 7 0 0 0 0 0 0 0 0 0 0 0 0 0
2 97 0 1 0 0 4556 0 0 100 97 0 0 0 0 0 0 0 0 0 0 0 138134 0 0 0 0 0 0 0 0 9112 4556 0 0 0 0 0 0 194 0 0 0 100 0 0 0 0 0 0 0 0 0 0 0 0 0 0 0 0 0 0 0 0 0 0 0 0 0 0 0 0 0
1 98 0 0 0 0 4652 0 0 101 0 0 0 0 0 0 0 0 0 0 0 0 142594 0 0 0 0 0 0 0 0 9308 0 0 0 0 0 0 0 194 0 0 0 0 0 0 0 0 0 0 0 0 0 0 0 0 0 0 0 0 0 0 0 0 0 0 0 0 0 0 0 0 0
4 101 3 3 14 12 4377 1 0 92 279 0 6 3 0 26 28 11 14 16 8 6 130027 0 0 0 0 0 0 0 0 8222 12573 0 0 0 0 0 0 167 542 273 0 262 0 0 0 0 0 0 0 0 0 0 4 1 0 0 0 14 12 0 0 0 0 0 0 0 0 0 0 0 0
5 102 6 4 16 22 4289 4 1 89 368 0 8 6 0 19 40 14 13 26 17 20 126014 1 0 0 0 0 0 0 0 7876 16407 0 2 1 2 4 2 156 714 541 0 340 0 0 0 0 0 0 0 0 0 0 7 4 0 0 0 16 22 0 0 0 0 0 0 0 1 0 0 0 0
3 98 1 2 2 2 4464 0 0 97 190 0 2 1 0 4 2 0 1 2 1 0 133950 0 0 0 0 0 0 0 0 8742 8739 0 0 0 0 0 0 188 186 94 0 192 0 0 0 0 0 0 0 0 0 0 1 0 0 0 0 2 2 0 0 0 0 0 0 0 0 0 0 0 0
3 98 1 2 2 2 4464 0 0 97 190 0 2 1 0 2 2 0 1 2 1 0 133950 0 0 0 0 0 0 0 0 8742 8739 0 0 0 0 0 0 188 186 94 0 192 0 0 0 0 0 0 0 0 0 0 1 0 0 0 0 2 2 0 0 0 0 0 0 0 0 0 0 0 0
2 97 0 1 0 0 4556 0 0 100 97 0 0 0 0 0 0 0 0 0 0 0 138134 0 0 0 0 0 0 0 0 9112 4556 0 0 0 0 0 0 194 0 0 0 100 0 0 0 0 0 0 0 0 0 0 0 0 0 0 0 0 0 0 0 0 0 0 0 0 0 0 0 0 0
4 103 3 3 9 16 4384 1 0 90 277 0 8 3 0 17 16 18 6 23 18 8 130215 0 0 0 0 0 0 0 0 8040 12391 0 1 0 0 0 0 165 725 269 0 261 0 0 0 0 0 0 0 0 0 0 9 1 0 0 0 9 16 0 0 0 0 0 0 0 0 0 0 0 0
5 102 6 4 15 24 4289 4 0 89 368 0 8 6 0 24 43 20 12 27 21 24 126016 1 0 0 0 0 0 0 0 7872 16406 0 1 0 0 0 0 158 715 540 0 341 0 0 0 0 0 0 0 0 0 0 7 4 0 0 0 15 24 0 0 0 0 0 0 0 0 0 0 0 0
4 100 3 3 11 10 4376 1 0 93 280 0 5 3 0 23 22 6 7 18 8 5 129938 0 0 0 0 0 0 0 0 8307 12661 0 0 0 0 0 0 171 451 275 0 268 0 0 0 0 0 0 0 0 0 0 4 1 0 0 0 11 10 0 0 0 0 0 0 0 0 0 0 0 0
2 100 0 1 6 0 4562 0 0 97 94 0 3 0 0 12 0 0 4 12 0 0 138408 0 0 0 0 0 0 0 0 8851 4280 0 0 0 0 0 0 182 276 0 0 91 0 0 0 0 0 0 0 0 0 0 3 0 0 0 0 6 0 0 0 0 0 0 0 0 0 0 0 0 0
4 101 3 3 10 12 4376 1 0 92 279 0 6 3 0 18 20 12 6 10 6 6 130031 0 0 0 0 0 0 0 0 8212 12568 0 0 0 0 0 0 172 548 273 0 266 0 0 0 0 0 0 0 0 0 0 3 1 0 0 0 10 12 0 0 0 0 0 0 0 0 0 0 0 0
