99 0 4750 101 0 0 0 147255 0 0 0 9395 0 195 4 0 0 0 0 0 0 0 0 3317941 0 0 0 0 0 0 0 0 0 423485 0 0 0 0 0 0 0 0 17650 0 4452 0 0 0 0 0 0 0 0 0 0 96 0 0 361 0 0 368 0 0 0 0 0 23 0 0 0 0 0
1 98 0 0 0 0 4652 0 0 101 0 0 0 0 0 0 0 0 0 0 0 0 142603 0 0 0 0 0 0 0 0 9294 0 0 0 0 0 0 0 195 0 0 0 0 0 0 0 0 0 0 0 0 0 0 0 0 4 0 0 0 0 0 0 0 0 0 0 0 0 0 0 0 0
4 101 3 3 10 12 4377 1 0 92 279 0 6 3 0 21 18 10 8 12 8 6 130040 0 0 0 0 0 0 0 0 8200 12569 0 1 0 0 0 0 172 546 273 0 266 0 0 0 0 0 0 0 0 0 0 4 1 4 0 0 10 12 0 0 0 0 0 0 0 0 0 0 0 0
4 101 3 3 7 12 4376 1 0 92 279 0 6 3 0 17 14 12 1 7 6 6 130043 0 0 0 0 0 0 0 0 8192 12565 0 0 0 0 0 0 176 551 273 0 269 0 0 0 0 0 0 0 0 0 0 3 1 4 0 0 7 12 0 0 0 0 0 0 0 0 0 0 0 0
5 105 5 5 18 27 4297 2 0 85 371 2 11 5 1 28 41 35 13 31 26 16 126379 0 0 8 12 0 0 11 5 7523 16157 1 1 0 0 0 0 144 983 443 0 322 0 0 0 0 0 0 0 0 0 0 11 2 3 88 0 18 27 0 0 0 0 0 6 2 0 0 0 0 0
3 101 1 2 9 5 4470 0 0 94 187 0 5 1 0 14 9 6 3 15 4 0 134229 0 0 0 0 1 0 0 0 8472 8470 0 0 0 0 0 0 176 458 91 0 179 0 0 0 0 0 0 0 0 0 0 4 0 4 0 0 9 5 0 0 0 0 0 0 0 0 0 0 0 0
2 100 0 1 4 0 4562 0 0 97 94 0 3 0 0 10 0 0 2 8 0 0 138419 0 0 0 0 1 0 0 0 8833 4278 0 0 0 0 0 0 185 278 0 0 93 0 0 0 0 0 0 0 0 0 0 3 0 4 0 0 4 0 0 0 0 0 0 0 0 0 0 0 0 0
3 100 1 2 7 4 4468 0 0 95 188 0 4 1 0 15 7 3 5 10 3 0 134139 0 0 0 0 0 0 0 0 8558 8560 0 0 0 0 0 0 180 367 92 0 183 0 0 0 0 0 0 0 0 0 0 3 0 4 0 0 7 4 0 0 0 0 0 0 0 0 0 0 0 0
2 100 0 1 9 0 4561 0 0 98 94 0 3 0 0 15 0 0 8 12 0 0 138412 0 6 0 0 1 0 0 0 8845 4284 0 0 0 0 0 0 181 273 0 0 87 0 0 0 0 0 0 0 0 0 0 2 0 3 0 0 9 0 0 0 0 0 1 0 0 0 0 0 0 0
6 101 8 7 13 25 4196 4 0 86 464 6 8 8 2 29 40 17 7 13 12 18 122100 0 0 7 21 0 0 12 9 7510 20245 4 0 0 0 0 0 155 715 719 0 417 1 0 0 0 0 0 0 0 0 0 4 4 2 179 0 13 25 0 0 0 0 0 7 6 0 0 0 0 0
5 99 6 4 8 15 4281 4 0 92 371 0 5 6 0 15 22 7 7 8 6 15 125762 1 0 0 0 0 0 0 0 8104 16661 0 1 0 0 0 0 174 453 549 0 360 0 0 0 0 0 0 0 0 0 0 2 4 4 0 0 8 15 0 0 0 0 0 0 0 0 0 0 0 0
2 98 0 1 0 0 4557 0 0 99 96 0 1 0 0 0 0 0 0 0 0 0 138237 0 0 0 0 0 0 0 0 9005 4461 0 0 0 0 0 0 194 96 0 0 99 0 0 0 0 0 0 0 0 0 0 0 0 4 0 0 0 0 0 0 0 0 0 0 0 0 0 0 0 0
1 98 0 0 0 0 4652 0 0 101 0 0 0 0 0 0 0 0 0 0 0 0 142603 0 0 0 0 0 0 0 0 9294 0 0 0 0 0 0 0 195 0 0 0 0 0 0 0 0 0 0 0 0 0 0 0 0 4 0 0 0 0 0 0 0 0 0 0 0 0 0 0 0 0
4 102 3 3 12 14 4379 1 0 91 278 0 7 3 0 20 24 16 7 16 10 7 130129 0 0 0 0 1 0 0 0 8115 12481 0 0 0 0 0 0 168 636 271 0 261 0 0 0 0 0 0 0 0 0 0 5 1 4 0 0 12 14 0 0 0 0 0 0 0 0 0 0 0 0
2 100 0 1 7 0 4562 0 0 97 94 0 3 0 0 17 0 0 5 14 0 0 138416 0 0 0 0 1 0 0 0 8839 4281 0 0 0 0 0 0 182 275 0 0 90 0 0 0 0 0 0 0 0 0 0 3 0 4 0 0 7 0 0 0 0 0 0 0 0 0 0 0 0 0
3 101 1 2 6 5 4470 0 0 94 187 0 5 1 0 12 6 6 2 9 4 0 134232 0 0 0 0 2 0 0 0 8466 8467 0 0 0 0 0 0 179 461 91 0 182 0 0 0 0 0 0 0 0 0 0 4 0 4 0 0 6 5 0 0 0 0 0 0 0 0 0 0 0 0
4 99 3 3 9 8 4373 1 0 95 281 0 4 3 0 15 18 3 10 12 4 4 129856 0 6 0 0 0 2 0 0 8380 12750 0 0 0 0 0 0 177 361 277 0 272 0 0 0 0 0 0 0 0 0 0 2 1 3 0 0 9 8 0 0 0 0 1 0 0 0 0 0 0 0
3 101 1 2 9 5 4470 0 0 94 187 0 5 1 0 21 9 6 6 15 4 0 134229 0 0 0 0 1 0 0 0 8472 8470 0 0 0 0 0 0 176 458 91 0 179 0 0 0 0 0 0 0 0 0 0 4 0 4 0 0 9 5 0 0 0 0 0 0 0 0 0 0 0 0
3 99 1 2 10 3 4465 0 0 96 189 0 3 1 0 17 10 2 12 7 1 0 134044 0 0 0 0 0 0 0 0 8652 8654 0 0 0 0 0 0 180 273 93 0 182 0 0 0 0 0 0 0 0 0 0 1 0 4 0 0 10 3 0 0 0 0 0 0 0 0 0 0 0 0
4 100 3 3 12 10 4376 1 0 93 280 0 5 3 0 27 24 6 12 17 8 5 129946 0 0 0 0 1 0 0 0 8295 12662 0 0 0 0 0 0 171 450 275 0 267 0 0 0 0 0 0 0 0 0 0 4 1 4 0 0 12 10 0 0 0 0 0 0 0 0 0 0 0 0
5 101 6 4 17 21 4286 4 0 91 369 0 7 6 0 29 51 15 17 24 15 21 125931 1 6 0 0 1 3 0 0 7952 16497 0 0 0 0 0 0 160 622 543 0 342 0 0 0 0 0 0 0 0 0 0 5 4 3 0 0 17 21 0 0 0 0 1 0 0 0 0 0 0 0
4 101 2 4 13 8 4377 0 0 92 283 1 6 2 1 21 18 8 9 12 4 0 130123 0 5 3 4 0 1 8 2 8124 12578 0 0 0 0 0 0 167 543 182 0 260 0 0 0 0 0 0 0 0 0 0 3 0 2 91 0 13 8 0 0 0 0 1 4 1 0 0 0 0 0
1 98 0 0 0 0 4652 0 0 101 0 0 0 0 0 0 0 0 0 0 0 0 142603 0 0 0 0 0 0 0 0 9294 0 0 0 0 0 0 0 195 0 0 0 0 0 0 0 0 0 0 0 0 0 0 0 0 4 0 0 0 0 0 0 0 0 0 0 0 0 0 0 0 0
3 98 0 3 3 0 4464 0 0 96 192 0 2 0 1 5 0 0 3 0 0 0 134050 0 0 1 0 0 0 3 0 8639 8741 0 0 0 0 0 0 188 187 0 0 189 0 0 0 0 0 0 0 0 0 0 0 0 3 94 0 3 0 0 0 0 0 0 2 0 0 0 0 0 0
4 102 3 3 14 14 4378 1 0 92 278 0 7 3 0 21 28 16 7 15 8 7 130126 0 4 0 0 2 2 0 0 8120 12484 0 0 0 0 0 0 167 634 271 0 258 0 0 0 0 0 0 0 0 0 0 4 1 3 0 0 14 14 0 0 0 0 1 0 0 0 0 0 0 0
3 100 1 2 5 4 4468 0 0 95 188 0 4 1 0 9 5 3 2 6 3 0 134141 0 0 0 0 0 0 0 0 8554 8558 0 0 0 0 0 0 182 369 92 0 185 0 0 0 0 0 0 0 0 0 0 3 0 4 0 0 5 4 0 0 0 0 0 0 0 0 0 0 0 0
2 99 0 1 5 0 4559 0 0 98 95 0 2 0 0 12 0 0 4 5 0 0 138325 0 0 0 0 0 0 0 0 8924 4372 0 0 0 0 0 0 187 185 0 0 93 0 0 0 0 0 0 0 0 0 0 1 0 4 0 0 5 0 0 0 0 0 0 0 0 0 0 0 0 0
1 98 0 0 0 0 4652 0 0 101 0 0 0 0 0 0 0 0 0 0 0 0 142603 0 0 0 0 0 0 0 0 9294 0 0 0 0 0 0 0 195 0 0 0 0 0 0 0 0 0 0 0 0 0 0 0 0 4 0 0 0 0 0 0 0 0 0 0 0 0 0 0 0 0
3 99 1 2 9 3 4465 0 0 96 189 0 3 1 0 16 9 2 8 5 1 0 134045 0 0 0 0 2 0 0 0 8650 8653 0 0 0 0 0 0 181 274 93 0 183 0 0 0 0 0 0 0 0 0 0 1 0 4 0 0 9 3 0 0 0 0 0 0 0 0 0 0 0 0
6 104 10 5 24 44 4200 10 0 85 454 0 11 10 0 39 92 46 22 30 28 66 122183 5 0 0 0 3 0 0 0 7437 19984 0 2 0 0 0 0 143 974 886 0 401 0 0 0 0 0 0 0 0 0 0 7 10 4 0 0 24 44 0 0 0 0 0 0 0 0 0 0 0 0
2 98 0 1 2 0 4557 0 0 99 96 0 1 0 0 3 0 0 1 0 0 0 138235 0 0 0 0 0 0 0 0 9009 4463 0 0 0 0 0 0 192 94 0 0 97 0 0 0 0 0 0 0 0 0 0 0 0 4 0 0 2 0 0 0 0 0 0 0 0 0 0 0 0 0
1 98 0 0 0 0 4652 0 0 101 0 0 0 0 0 0 0 0 0 0 0 0 142603 0 0 0 0 0 0 0 0 9294 0 0 0 0 0 0 0 195 0 0 0 0 0 0 0 0 0 0 0 0 0 0 0 0 4 0 0 0 0 0 0 0 0 0 0 0 0 0 0 0 0
1 98 0 0 0 0 4652 0 0 101 0 0 0 0 0 0 0 0 0 0 0 0 142603 0 0 0 0 0 0 0 0 9294 0 0 0 0 0 0 0 195 0 0 0 0 0 0 0 0 0 0 0 0 0 0 0 0 4 0 0 0 0 0 0 0 0 0 0 0 0 0 0 0 0
4 104 3 3 17 18 4391 1 0 90 276 0 9 3 0 34 32 19 9 55 30 9 130306 0 4 0 0 0 2 0 0 7969 12316 0 1 0 0 0 0 151 797 267 0 249 0 0 0 0 0 0 0 0 0 0 15 1 3 0 0 17 18 0 0 0 0 1 0 0 0 0 0 0 0
4 101 2 4 10 8 4377 0 0 92 283 1 6 2 1 17 12 8 5 9 4 0 130126 0 5 3 4 0 1 8 2 8118 12575 0 0 0 0 0 0 170 546 182 0 263 0 0 0 0 0 0 0 0 0 0 3 0 2 91 0 10 8 0 0 0 0 1 4 1 0 0 0 0 0
4 96 2 4 3 1 4369 0 0 96 285 1 1 2 1 5 3 0 3 0 0 0 129681 0 0 0 1 0 0 3 0 8543 13016 0 0 0 0 0 0 188 91 189 0 285 0 0 0 0 0 0 0 0 0 0 0 0 3 94 0 3 1 0 0 0 0 0 1 1 0 0 0 0 0
3 99 1 2 7 3 4465 0 0 96 189 0 3 1 0 12 7 2 5 4 1 0 134047 0 0 0 0 0 0 0 0 8646 8651 0 0 0 0 0 0 183 276 93 0 185 0 0 0 0 0 0 0 0 0 0 1 0 4 0 0 7 3 0 0 0 0 0 0 0 0 0 0 0 0
4 99 3 3 8 8 4372 1 0 94 281 0 4 3 0 15 16 5 5 3 2 4 129860 0 0 0 0 0 0 0 0 8372 12746 0 0 0 0 0 0 179 366 277 0 274 0 0 0 0 0 0 0 0 0 0 1 1 4 0 0 8 8 0 0 0 0 0 0 0 0 0 0 0 0
5 101 6 4 11 21 4286 4 0 90 369 0 7 6 0 23 33 16 8 14 15 21 125939 1 0 0 0 1 0 0 0 7936 16489 0 0 0 0 0 0 166 630 543 0 349 0 0 0 0 0 0 0 0 0 0 5 4 4 0 0 11 21 0 0 0 0 0 0 0 0 0 0 0 0
4 102 3 3 19 14 4380 1 0 92 278 0 7 3 0 36 36 13 20 25 12 7 130120 0 5 0 0 2 2 0 0 8136 12491 0 1 0 0 0 0 160 625 271 0 253 0 0 0 0 0 0 0 0 0 0 6 1 3 0 0 19 14 0 0 0 0 1 0 0 0 0 0 0 0
2 100 0 1 7 0 4562 0 0 97 94 0 3 0 0 11 0 0 5 14 0 0 138416 0 0 0 0 0 0 0 0 8839 4281 0 0 0 0 0 0 182 275 0 0 90 0 0 0 0 0 0 0 0 0 0 3 0 4 0 0 7 0 0 0 0 0 0 0 0 0 0 0 0 0
3 98 1 2 5 2 4464 0 0 97 190 0 2 1 0 8 5 0 9 5 1 0 133956 0 0 0 0 1 0 0 0 8734 8742 0 0 0 0 0 0 186 183 94 0 189 0 0 0 0 0 0 0 0 0 0 1 0 4 0 0 5 2 0 0 0 0 0 0 0 0 0 0 0 0
2 100 0 1 10 0 4562 0 0 97 94 0 3 0 0 18 0 0 11 20 0 0 138413 0 0 0 0 1 0 0 0 8845 4284 0 0 0 0 0 0 179 272 0 0 87 0 0 0 0 0 0 0 0 0 0 3 0 4 0 0 10 0 0 0 0 0 0 0 0 0 0 0 0 0
2 100 0 1 5 0 4562 0 0 97 94 0 3 0 0 8 0 0 2 10 0 0 138418 0 0 0 0 0 0 0 0 8835 4279 0 0 0 0 0 0 184 277 0 0 92 0 0 0 0 0 0 0 0 0 0 3 0 4 0 0 5 0 0 0 0 0 0 0 0 0 0 0 0 0
1 98 0 0 0 0 4652 0 0 101 0 0 0 0 0 0 0 0 0 0 0 0 142603 0 0 0 0 0 0 0 0 9294 0 0 0 0 0 0 0 195 0 0 0 0 0 0 0 0 0 0 0 0 0 0 0 0 4 0 0 0 0 0 0 0 0 0 0 0 0 0 0 0 0
5 98 6 4 6 12 4279 4 0 93 372 0 4 6 0 11 18 5 2 3 3 12 125674 1 0 0 0 0 0 0 0 8188 16747 0 0 0 0 0 0 178 364 552 0 366 0 0 0 0 0 0 0 0 0 0 1 4 4 0 0 6 12 0 0 0 0 0 0 0 0 0 0 0 0
3 96 1 2 0 0 4461 0 0 99 192 0 0 1 0 0 0 0 0 0 0 0 133776 0 0 0 0 0 0 0 0 8906 8922 0 0 0 0 0 0 194 0 96 0 198 0 0 0 0 0 0 0 0 0 0 0 0 4 0 0 0 0 0 0 0 0 0 0 0 0 0 0 0 0
1 98 0 0 0 0 4652 0 0 101 0 0 0 0 0 0 0 0 0 0 0 0 142603 0 0 0 0 0 0 0 0 9294 0 0 0 0 0 0 0 195 0 0 0 0 0 0 0 0 0 0 0 0 0 0 0 0 4 0 0 0 0 0 0 0 0 0 0 0 0 0 0 0 0
4 100 3 3 11 10 4374 1 0 93 280 0 5 3 0 16 22 8 7 9 4 5 129948 0 0 0 0 0 0 0 0 8289 12659 0 0 0 0 0 0 174 455 275 0 268 0 0 0 0 0 0 0 0 0 0 2 1 4 0 0 11 10 0 0 0 0 0 0 0 0 0 0 0 0
4 99 3 3 9 8 4372 1 0 94 281 0 4 3 0 16 18 5 6 4 2 4 129859 0 0 0 0 0 0 0 0 8374 12747 0 0 0 0 0 0 178 365 277 0 273 0 0 0 0 0 0 0 0 0 0 1 1 4 0 0 9 8 0 0 0 0 0 0 0 0 0 0 0 0
6 103 9 6 19 35 4198 7 0 86 460 3 10 9 1 38 68 32 17 15 17 40 122182 2 2 6 15 1 3 6 5 7436 20074 3 1 0 0 0 0 147 889 802 0 406 0 0 0 0 0 0 0 0 0 0 5 7 2 88 0 19 35 0 0 0 0 1 5 3 0 0 0 0 0
3 98 1 2 3 2 4464 0 0 97 190 0 2 1 0 9 3 0 2 3 1 0 133958 0 0 0 0 1 0 0 0 8730 8740 0 0 0 0 0 0 188 185 94 0 191 0 0 0 0 0 0 0 0 0 0 1 0 4 0 0 3 2 0 0 0 0 0 0 0 0 0 0 0 0
4 101 3 3 8 12 4382 1 0 93 279 0 6 3 0 20 16 5 3 28 18 6 130041 0 4 0 0 0 2 0 0 8212 12574 0 0 0 0 0 0 169 536 273 0 267 0 0 0 0 0 0 0 0 0 0 9 1 3 0 0 8 12 0 0 0 0 1 0 0 0 0 0 0 0
4 103 3 3 13 16 4384 1 0 90 277 0 8 3 0 24 24 18 7 33 18 8 130220 0 0 0 0 0 0 0 0 8034 12395 0 1 0 0 0 0 162 721 269 0 257 0 0 0 0 0 0 0 0 0 0 9 1 4 0 0 13 16 0 0 0 0 0 0 0 0 0 0 0 0
4 101 3 3 8 12 4377 1 0 92 279 0 6 3 0 13 16 11 4 8 8 6 130042 0 0 0 0 0 0 0 0 8196 12567 0 0 0 0 0 0 174 548 273 0 268 0 0 0 0 0 0 0 0 0 0 4 1 4 0 0 8 12 0 0 0 0 0 0 0 0 0 0 0 0
2 98 0 1 3 0 4557 0 0 99 96 0 1 0 0 4 0 0 3 0 0 0 138234 0 0 0 0 0 0 0 0 9011 4464 0 0 0 0 0 0 191 93 0 0 96 0 0 0 0 0 0 0 0 0 0 0 0 4 0 0 3 0 0 0 0 0 0 0 0 0 0 0 0 0
2 98 0 1 2 0 4557 0 0 99 96 0 1 0 0 5 0 0 1 0 0 0 138235 0 0 0 0 0 0 0 0 9009 4463 0 0 0 0 0 0 192 94 0 0 97 0 0 0 0 0 0 0 0 0 0 0 0 4 0 0 2 0 0 0 0 0 0 0 0 0 0 0 0 0
2 99 0 1 1 0 4558 0 0 99 95 0 2 0 0 3 0 0 0 0 0 0 138328 0 1 0 0 0 0 0 0 8917 4369 0 0 0 0 0 0 192 189 0 0 96 0 0 0 0 0 0 0 0 0 0 0 0 3 0 0 1 0 0 0 0 0 1 0 0 0 0 0 0 0
1 98 0 0 0 0 4652 0 0 101 0 0 0 0 0 0 0 0 0 0 0 0 142603 0 0 0 0 0 0 0 0 9294 0 0 0 0 0 0 0 195 0 0 0 0 0 0 0 0 0 0 0 0 0 0 0 0 4 0 0 0 0 0 0 0 0 0 0 0 0 0 0 0 0
4 103 3 3 18 16 4383 1 0 90 277 0 8 3 0 35 34 19 14 36 16 8 130215 0 0 0 0 1 0 0 0 8042 12399 0 1 0 0 0 0 158 718 269 0 252 0 0 0 0 0 0 0 0 0 0 8 1 4 0 0 18 16 0 0 0 0 0 0 0 0 0 0 0 0
5 100 6 4 9 18 4284 4 0 91 370 0 6 6 0 18 27 11 4 12 12 18 125851 1 0 0 0 0 0 0 0 8020 16575 0 0 0 0 0 0 170 541 546 0 355 0 0 0 0 0 0 0 0 0 0 4 4 4 0 0 9 18 0 0 0 0 0 0 0 0 0 0 0 0
4 100 3 3 10 10 4374 1 0 93 280 0 5 3 0 21 20 8 8 9 4 5 129949 0 0 0 0 1 0 0 0 8287 12658 0 0 0 0 0 0 175 456 275 0 269 0 0 0 0 0 0 0 0 0 0 2 1 4 0 0 10 10 0 0 0 0 0 0 0 0 0 0 0 0
1 98 0 0 0 0 4652 0 0 101 0 0 0 0 0 0 0 0 0 0 0 0 142603 0 0 0 0 0 0 0 0 9294 0 0 0 0 0 0 0 195 0 0 0 0 0 0 0 0 0 0 0 0 0 0 0 0 4 0 0 0 0 0 0 0 0 0 0 0 0 0 0 0 0
1 98 0 0 0 0 4652 0 0 101 0 0 0 0 0 0 0 0 0 0 0 0 142603 0 0 0 0 0 0 0 0 9294 0 0 0 0 0 0 0 195 0 0 0 0 0 0 0 0 0 0 0 0 0 0 0 0 4 0 0 0 0 0 0 0 0 0 0 0 0 0 0 0 0
3 98 1 2 3 2 4464 0 0 97 190 0 2 1 0 7 3 0 0 3 1 0 133958 0 0 0 0 1 0 0 0 8730 8740 0 0 0 0 0 0 188 185 94 0 191 0 0 0 0 0 0 0 0 0 0 1 0 4 0 0 3 2 0 0 0 0 0 0 0 0 0 0 0 0
4 99 3 3 7 8 4371 1 0 95 281 0 4 3 0 11 14 5 5 0 0 4 129860 0 4 0 0 1 2 0 0 8371 12746 0 0 0 0 0 0 181 367 277 0 274 0 0 0 0 0 0 0 0 0 0 0 1 3 0 0 7 8 0 0 0 0 1 0 0 0 0 0 0 0
4 104 3 3 16 18 4385 1 0 90 276 0 9 3 0 22 32 26 9 32 18 9 130305 0 5 0 0 1 2 0 0 7954 12309 0 0 0 0 0 0 158 810 267 0 250 0 0 0 0 0 0 0 0 0 0 9 1 3 0 0 16 18 0 0 0 0 1 0 0 0 0 0 0 0
1 98 0 0 0 0 4652 0 0 101 0 0 0 0 0 0 0 0 0 0 0 0 142603 0 0 0 0 0 0 0 0 9294 0 0 0 0 0 0 0 195 0 0 0 0 0 0 0 0 0 0 0 0 0 0 0 0 4 0 0 0 0 0 0 0 0 0 0 0 0 0 0 0 0
4 99 2 4 5 7 4375 0 0 93 282 1 4 2 1 9 10 3 2 10 6 0 129953 0 0 0 1 0 0 0 3 8280 12748 0 0 0 0 0 0 180 365 183 0 274 0 0 0 0 0 0 0 0 0 0 3 0 3 94 0 5 7 0 0 0 0 0 1 1 0 0 0 0 0
2 99 0 1 6 0 4559 0 0 98 95 0 2 0 0 8 0 0 9 6 0 0 138324 0 0 0 0 1 0 0 0 8926 4373 0 0 0 0 0 0 186 184 0 0 92 0 0 0 0 0 0 0 0 0 0 1 0 4 0 0 6 0 0 0 0 0 0 0 0 0 0 0 0 0
3 99 1 2 4 3 4467 0 0 96 189 0 3 1 0 8 4 0 2 8 3 0 134049 0 0 0 0 0 0 0 0 8644 8650 0 0 0 0 0 0 184 275 93 0 188 0 0 0 0 0 0 0 0 0 0 3 0 4 0 0 4 3 0 0 0 0 0 0 0 0 0 0 0 0
3 101 1 2 6 5 4470 0 0 94 187 0 5 1 0 9 6 6 2 9 4 0 134232 0 0 0 0 0 0 0 0 8466 8467 0 0 0 0 0 0 179 461 91 0 182 0 0 0 0 0 0 0 0 0 0 4 0 4 0 0 6 5 0 0 0 0 0 0 0 0 0 0 0 0
2 99 0 1 4 0 4559 0 0 98 95 0 2 0 0 9 0 0 2 4 0 0 138326 0 0 0 0 1 0 0 0 8922 4371 0 0 0 0 0 0 188 186 0 0 94 0 0 0 0 0 0 0 0 0 0 1 0 4 0 0 4 0 0 0 0 0 0 0 0 0 0 0 0 0
2 98 0 1 0 0 4557 0 0 99 96 0 1 0 0 0 0 0 0 0 0 0 138237 0 0 0 0 0 0 0 0 9005 4461 0 0 0 0 0 0 194 96 0 0 99 0 0 0 0 0 0 0 0 0 0 0 0 4 0 0 0 0 0 0 0 0 0 0 0 0 0 0 0 0
2 100 0 1 6 0 4562 0 0 97 94 0 3 0 0 9 0 0 4 12 0 0 138417 0 0 0 0 0 0 0 0 8837 4280 0 0 0 0 0 0 183 276 0 0 91 0 0 0 0 0 0 0 0 0 0 3 0 4 0 0 6 0 0 0 0 0 0 0 0 0 0 0 0 0
7 102 14 7 21 46 4106 16 0 84 546 4 10 14 1 32 91 35 20 15 18 78 118168 9 0 4 16 1 0 10 6 7267 23729 6 2 0 0 0 0 142 881 1242 0 483 0 0 0 0 0 0 0 0 0 0 4 16 3 88 0 21 46 0 0 0 0 0 4 4 0 0 0 0 0
5 101 6 4 10 21 4283 4 0 91 369 0 7 6 0 18 30 18 3 7 6 21 125940 1 1 0 0 1 3 0 0 7931 16487 0 0 0 0 0 0 170 635 543 0 349 0 0 0 0 0 0 0 0 0 0 2 4 3 0 0 10 21 0 0 0 0 1 0 0 0 0 0 0 0
1 98 0 0 0 0 4652 0 0 101 0 0 0 0 0 0 0 0 0 0 0 0 142603 0 0 0 0 0 0 0 0 9294 0 0 0 0 0 0 0 195 0 0 0 0 0 0 0 0 0 0 0 0 0 0 0 0 4 0 0 0 0 0 0 0 0 0 0 0 0 0 0 0 0
4 101 3 3 11 12 4377 1 0 92 279 0 6 3 0 14 22 11 5 14 8 6 130039 0 0 0 0 1 0 0 0 8202 12570 0 0 0 0 0 0 171 545 273 0 265 0 0 0 0 0 0 0 0 0 0 4 1 4 0 0 11 12 0 0 0 0 0 0 0 0 0 0 0 0
3 100 1 2 8 4 4467 0 0 95 188 0 4 1 0 13 8 4 5 8 2 0 134138 0 0 0 0 0 0 0 0 8558 8560 0 0 0 0 0 0 180 368 92 0 182 0 0 0 0 0 0 0 0 0 0 2 0 4 0 0 8 4 0 0 0 0 0 0 0 0 0 0 0 0
3 105 1 2 18 9 4484 0 0 92 183 0 9 1 0 29 16 19 9 54 14 0 134586 0 9 0 0 1 2 0 0 8153 8121 0 1 0 0 0 0 153 805 87 0 160 0 0 0 0 0 0 0 0 0 0 14 0 2 0 0 18 9 0 0 0 0 2 0 0 0 0 0 0 0
2 98 0 1 2 0 4557 0 0 99 96 0 1 0 0 3 0 0 1 0 0 0 138235 0 0 0 0 0 0 0 0 9009 4463 0 0 0 0 0 0 192 94 0 0 97 0 0 0 0 0 0 0 0 0 0 0 0 4 0 0 2 0 0 0 0 0 0 0 0 0 0 0 0 0
1 98 0 0 0 0 4652 0 0 101 0 0 0 0 0 0 0 0 0 0 0 0 142603 0 0 0 0 0 0 0 0 9294 0 0 0 0 0 0 0 195 0 0 0 0 0 0 0 0 0 0 0 0 0 0 0 0 4 0 0 0 0 0 0 0 0 0 0 0 0 0 0 0 0
3 100 1 2 8 4 4467 0 0 95 188 0 4 1 0 16 8 4 5 8 2 0 134138 0 0 0 0 0 0 0 0 8558 8560 0 0 0 0 0 0 180 368 92 0 182 0 0 0 0 0 0 0 0 0 0 2 0 4 0 0 8 4 0 0 0 0 0 0 0 0 0 0 0 0
5 104 6 4 18 30 4295 4 0 88 366 0 10 6 0 36 54 33 11 38 33 30 126201 1 6 0 0 2 3 0 0 7696 16237 0 0 0 0 0 0 150 888 534 0 329 0 0 0 0 0 0 0 0 0 0 11 4 3 0 0 18 30 0 0 0 0 1 0 0 0 0 0 0 0
5 103 5 5 15 21 4292 2 0 88 373 2 9 5 1 30 37 18 11 28 19 12 126198 0 2 9 12 0 2 8 3 7695 16329 1 0 0 0 0 0 152 804 449 0 333 0 0 0 0 0 0 0 0 0 0 8 2 2 88 0 15 21 0 0 0 0 1 6 2 0 0 0 0 0
4 99 3 3 9 8 4372 1 0 94 281 0 4 3 0 16 18 5 6 4 2 4 129859 0 0 0 0 0 0 0 0 8374 12747 0 0 0 0 0 0 178 365 277 0 273 0 0 0 0 0 0 0 0 0 0 1 1 4 0 0 9 8 0 0 0 0 0 0 0 0 0 0 0 0
1 98 0 0 0 0 4652 0 0 101 0 0 0 0 0 0 0 0 0 0 0 0 142603 0 0 0 0 0 0 0 0 9294 0 0 0 0 0 0 0 195 0 0 0 0 0 0 0 0 0 0 0 0 0 0 0 0 4 0 0 0 0 0 0 0 0 0 0 0 0 0 0 0 0
1 98 0 0 0 0 4652 0 0 101 0 0 0 0 0 0 0 0 0 0 0 0 142603 0 0 0 0 0 0 0 0 9294 0 0 0 0 0 0 0 195 0 0 0 0 0 0 0 0 0 0 0 0 0 0 0 0 4 0 0 0 0 0 0 0 0 0 0 0 0 0 0 0 0
3 103 1 2 15 7 4478 0 0 93 185 0 7 1 0 31 13 9 10 38 10 0 134407 0 4 0 0 1 1 0 0 8318 8298 0 1 0 0 0 0 162 628 89 0 168 0 0 0 0 0 0 0 0 0 0 10 0 3 0 0 15 7 0 0 0 0 1 0 0 0 0 0 0 0
1 98 0 0 0 0 4652 0 0 101 0 0 0 0 0 0 0 0 0 0 0 0 142603 0 0 0 0 0 0 0 0 9294 0 0 0 0 0 0 0 195 0 0 0 0 0 0 0 0 0 0 0 0 0 0 0 0 4 0 0 0 0 0 0 0 0 0 0 0 0 0 0 0 0
2 100 0 1 4 0 4562 0 0 97 94 0 3 0 0 10 0 0 2 8 0 0 138419 0 0 0 0 1 0 0 0 8833 4278 0 0 0 0 0 0 185 278 0 0 93 0 0 0 0 0 0 0 0 0 0 3 0 4 0 0 4 0 0 0 0 0 0 0 0 0 0 0 0 0
3 100 1 2 7 4 4467 0 0 95 188 0 4 1 0 15 7 4 3 7 2 0 134139 0 0 0 0 0 0 0 0 8556 8559 0 0 0 0 0 0 181 369 92 0 183 0 0 0 0 0 0 0 0 0 0 2 0 4 0 0 7 4 0 0 0 0 0 0 0 0 0 0 0 0
3 101 1 2 9 5 4470 0 0 96 187 0 5 1 0 17 9 4 5 14 4 0 134224 0 7 0 0 0 2 0 0 8482 8474 0 0 0 0 0 0 176 454 91 0 177 0 0 0 0 0 0 0 0 0 0 4 0 2 0 0 9 5 0 0 0 0 2 0 0 0 0 0 0 0
5 105 5 5 16 27 4297 2 0 85 371 2 11 5 1 27 37 36 9 32 26 16 126381 0 0 8 12 0 0 11 5 7519 16155 1 0 0 0 0 0 146 985 443 0 324 0 0 0 0 0 0 0 0 0 0 11 2 3 88 0 16 27 0 0 0 0 0 6 2 0 0 0 0 0
5 98 6 4 10 12 4280 4 0 94 372 0 4 6 0 20 30 3 9 10 6 12 125667 1 6 0 0 0 3 0 0 8202 16754 0 0 0 0 0 0 173 356 552 0 361 0 0 0 0 0 0 0 0 0 0 2 4 3 0 0 10 12 0 0 0 0 1 0 0 0 0 0 0 0
2 99 0 1 9 0 4559 0 0 98 95 0 2 0 0 17 0 0 15 9 0 0 138321 0 0 0 0 1 0 0 0 8932 4376 0 0 0 0 0 0 183 181 0 0 89 0 0 0 0 0 0 0 0 0 0 1 0 4 0 0 9 0 0 0 0 0 0 0 0 0 0 0 0 0
1 98 0 0 0 0 4652 0 0 101 0 0 0 0 0 0 0 0 0 0 0 0 142603 0 0 0 0 0 0 0 0 9294 0 0 0 0 0 0 0 195 0 0 0 0 0 0 0 0 0 0 0 0 0 0 0 0 4 0 0 0 0 0 0 0 0 0 0 0 0 0 0 0 0
4 104 3 3 21 18 4385 1 0 90 276 0 9 3 0 34 40 25 19 42 18 9 130301 0 6 0 0 0 2 0 0 7963 12314 0 1 0 0 0 0 153 805 267 0 245 0 0 0 0 0 0 0 0 0 0 9 1 3 0 0 21 18 0 0 0 0 1 0 0 0 0 0 0 0
2 100 0 1 4 0 4562 0 0 97 94 0 3 0 0 6 0 0 1 8 0 0 138419 0 0 0 0 0 0 0 0 8833 4278 0 0 0 0 0 0 185 278 0 0 93 0 0 0 0 0 0 0 0 0 0 3 0 4 0 0 4 0 0 0 0 0 0 0 0 0 0 0 0 0
