99 0 4750 101 0 0 0 147261 0 0 0 9379 0 209 0 0 0 0 0 0 0 0 0 3318473 0 0 0 0 0 0 0 0 0 422100 0 0 0 0 0 0 0 0 18812 0 4443 0 0 0 0 0 0 0 0 0 0 152 0 0 0 0 0 394 0 0 0 0 0 0 0 2 0 0 0
5 103 6 4 20 25 4290 4 1 88 367 0 9 6 0 39 54 26 15 30 19 23 126116 1 0 0 0 0 0 0 0 7764 16322 0 0 0 3 2 2 166 803 538 0 332 0 0 0 0 0 0 0 0 0 0 7 4 0 0 0 20 25 0 0 0 0 0 0 0 1 0 0 0 0
3 99 1 2 11 3 4465 0 0 96 189 0 3 1 0 20 11 2 19 8 1 0 134049 0 0 0 0 0 0 0 0 8638 8655 0 0 0 0 0 0 193 272 93 0 181 0 0 0 0 0 0 0 0 0 0 1 0 0 0 0 11 3 0 0 0 0 0 0 0 0 0 0 0 0
2 100 0 1 6 0 4562 0 0 97 94 0 3 0 0 9 0 0 4 12 0 0 138423 0 0 0 0 0 0 0 0 8821 4280 0 0 0 0 0 0 197 276 0 0 91 0 0 0 0 0 0 0 0 0 0 3 0 0 0 0 6 0 0 0 0 0 0 0 0 0 0 0 0 0
2 99 0 1 2 0 4559 0 0 98 95 0 2 0 0 4 0 0 0 2 0 0 138334 0 0 0 0 0 0 0 0 8902 4369 0 0 0 0 0 0 204 188 0 0 96 0 0 0 0 0 0 0 0 0 0 1 0 0 0 0 2 0 0 0 0 0 0 0 0 0 0 0 0 0
5 103 6 4 19 27 4290 4 0 88 367 0 9 6 0 40 57 29 18 30 21 27 126118 1 0 0 0 0 0 0 0 7760 16321 0 0 1 0 0 0 168 804 537 0 333 0 0 0 0 0 0 0 0 0 0 7 4 0 0 0 19 27 0 0 0 0 0 0 0 0 0 0 0 0
6 101 10 5 23 30 4196 10 1 88 457 0 8 10 0 39 88 19 28 36 22 42 121921 5 0 0 0 0 0 0 0 7686 20243 0 0 0 2 2 3 161 701 899 0 417 0 0 0 0 0 0 0 0 0 0 6 10 0 0 0 23 30 0 0 0 0 0 0 0 1 0 0 0 0
2 101 0 1 8 0 4566 0 0 96 93 0 4 0 0 23 0 0 6 22 0 0 138515 0 0 0 0 0 0 0 0 8738 4190 0 0 1 0 0 0 191 364 0 0 88 0 0 0 0 0 0 0 0 0 0 6 0 0 0 0 8 0 0 0 0 0 0 0 0 0 0 0 0 0
2 103 0 1 7 0 4577 0 0 94 91 0 6 0 0 15 0 0 5 35 0 0 138711 0 0 0 0 0 0 0 0 8568 4008 0 0 0 0 0 0 181 539 0 0 87 0 0 0 0 0 0 0 0 0 0 15 0 0 0 0 7 0 0 0 0 0 0 0 0 0 0 0 0 0
1 98 0 0 0 0 4652 0 0 101 0 0 0 0 0 0 0 0 0 0 0 0 142609 0 0 0 0 0 0 0 0 9278 0 0 0 0 0 0 0 209 0 0 0 0 0 0 0 0 0 0 0 0 0 0 0 0 0 0 0 0 0 0 0 0 0 0 0 0 0 0 0 0 0
3 101 1 2 11 5 4470 0 0 94 187 0 5 1 0 18 11 6 9 16 4 0 134233 0 0 0 0 0 0 0 0 8460 8472 0 0 0 0 0 0 188 456 91 0 177 0 0 0 0 0 0 0 0 0 0 4 0 0 0 0 11 5 0 0 0 0 0 0 0 0 0 0 0 0
2 98 0 1 3 0 4557 0 0 99 96 0 1 0 0 7 0 0 3 0 0 0 138240 0 0 0 0 0 0 0 0 8995 4464 0 0 0 0 0 0 205 93 0 0 96 0 0 0 0 0 0 0 0 0 0 0 0 0 0 0 3 0 0 0 0 0 0 0 0 0 0 0 0 0
2 103 0 1 7 0 4577 0 0 94 91 0 6 0 0 15 0 0 5 35 0 0 138711 0 0 0 0 0 0 0 0 8568 4008 0 0 0 0 0 0 181 539 0 0 87 0 0 0 0 0 0 0 0 0 0 15 0 0 0 0 7 0 0 0 0 0 0 0 0 0 0 0 0 0
3 103 1 2 13 5 4477 0 1 92 185 0 7 1 0 33 9 6 9 32 4 0 134415 0 0 0 0 0 0 0 0 8292 8293 0 0 0 2 5 0 178 634 90 0 171 0 0 0 0 0 0 0 0 0 0 9 0 0 0 0 13 5 0 0 0 0 0 0 0 1 0 0 0 0
2 97 0 1 0 0 4556 0 0 100 97 0 0 0 0 0 0 0 0 0 0 0 138149 0 0 0 0 0 0 0 0 9082 4556 0 0 0 0 0 0 209 0 0 0 100 0 0 0 0 0 0 0 0 0 0 0 0 0 0 0 0 0 0 0 0 0 0 0 0 0 0 0 0 0
3 101 1 2 9 5 4476 0 0 94 187 0 5 1 0 12 9 0 7 36 10 0 134238 0 0 0 0 0 0 0 0 8468 8476 0 0 0 0 0 0 184 446 91 0 179 0 0 0 0 0 0 0 0 0 0 10 0 0 0 0 9 5 0 0 0 0 0 0 0 0 0 0 0 0
2 99 0 1 4 0 4559 0 0 98 95 0 2 0 0 13 0 0 2 4 0 0 138332 0 0 0 0 0 0 0 0 8906 4371 0 0 0 0 0 0 202 186 0 0 94 0 0 0 0 0 0 0 0 0 0 1 0 0 0 0 4 0 0 0 0 0 0 0 0 0 0 0 0 0
4 102 3 3 14 14 4380 1 0 91 278 0 7 3 0 26 28 15 12 20 12 7 130133 0 0 0 0 0 0 0 0 8105 12484 0 0 1 0 0 0 179 632 271 0 259 0 0 0 0 0 0 0 0 0 0 6 1 0 0 0 14 14 0 0 0 0 0 0 0 0 0 0 0 0
3 99 1 2 2 3 4465 0 0 96 189 0 3 1 0 6 2 2 0 1 1 0 134058 0 0 0 0 0 0 0 0 8620 8646 0 0 0 0 0 0 202 281 93 0 190 0 0 0 0 0 0 0 0 0 0 1 0 0 0 0 2 3 0 0 0 0 0 0 0 0 0 0 0 0
3 98 1 2 5 2 4464 0 0 97 190 0 2 1 0 10 5 0 4 3 1 0 133962 0 0 0 0 0 0 0 0 8718 8742 0 0 1 0 0 0 200 183 94 0 189 0 0 0 0 0 0 0 0 0 0 1 0 0 0 0 5 2 0 0 0 0 0 0 0 0 0 0 0 0
1 98 0 0 0 0 4652 0 0 101 0 0 0 0 0 0 0 0 0 0 0 0 142609 0 0 0 0 0 0 0 0 9278 0 0 0 0 0 0 0 209 0 0 0 0 0 0 0 0 0 0 0 0 0 0 0 0 0 0 0 0 0 0 0 0 0 0 0 0 0 0 0 0 0
2 98 0 1 2 0 4557 0 0 99 96 0 1 0 0 5 0 0 1 0 0 0 138241 0 0 0 0 0 0 0 0 8993 4463 0 0 0 0 0 0 206 94 0 0 97 0 0 0 0 0 0 0 0 0 0 0 0 0 0 0 2 0 0 0 0 0 0 0 0 0 0 0 0 0
3 96 1 2 0 0 4461 0 0 99 192 0 0 1 0 0 0 0 0 0 0 0 133782 0 0 0 0 0 0 0 0 8890 8922 0 0 0 0 0 0 208 0 96 0 198 0 0 0 0 0 0 0 0 0 0 0 0 0 0 0 0 0 0 0 0 0 0 0 0 0 0 0 0 0
2 97 0 1 0 0 4556 0 0 100 97 0 0 0 0 0 0 0 0 0 0 0 138149 0 0 0 0 0 0 0 0 9082 4556 0 0 0 0 0 0 209 0 0 0 100 0 0 0 0 0 0 0 0 0 0 0 0 0 0 0 0 0 0 0 0 0 0 0 0 0 0 0 0 0
1 98 0 0 0 0 4652 0 0 101 0 0 0 0 0 0 0 0 0 0 0 0 142609 0 0 0 0 0 0 0 0 9278 0 0 0 0 0 0 0 209 0 0 0 0 0 0 0 0 0 0 0 0 0 0 0 0 0 0 0 0 0 0 0 0 0 0 0 0 0 0 0 0 0
4 103 3 3 12 16 4382 1 0 90 277 0 8 3 0 35 24 21 7 22 14 8 130226 0 0 0 0 0 0 0 0 8012 12392 0 0 0 0 0 0 179 726 269 0 258 0 0 0 0 0 0 0 0 0 0 7 1 0 0 0 12 16 0 0 0 0 0 0 0 0 0 0 0 0
2 100 0 1 6 0 4562 0 0 97 94 0 3 0 0 8 0 0 4 12 0 0 138423 0 0 0 0 0 0 0 0 8821 4280 0 0 0 0 0 0 197 276 0 0 91 0 0 0 0 0 0 0 0 0 0 3 0 0 0 0 6 0 0 0 0 0 0 0 0 0 0 0 0 0
2 99 0 1 8 0 4559 0 0 98 95 0 2 0 0 8 0 0 16 8 0 0 138328 0 0 0 0 0 0 0 0 8914 4375 0 0 0 0 0 0 198 182 0 0 90 0 0 0 0 0 0 0 0 0 0 1 0 0 0 0 8 0 0 0 0 0 0 0 0 0 0 0 0 0
3 102 1 2 14 6 4477 0 0 93 186 0 6 1 0 24 14 5 16 34 10 0 134326 0 0 0 0 0 0 0 0 8386 8388 0 0 1 0 0 0 178 536 90 0 172 0 0 0 0 0 0 0 0 0 0 10 0 0 0 0 14 6 0 0 0 0 0 0 0 0 0 0 0 0
5 110 6 4 18 48 4317 4 0 81 360 0 16 6 0 30 54 93 10 51 81 48 126760 1 0 0 0 0 0 0 0 7168 15717 0 0 1 0 0 0 142 1416 516 0 306 0 0 0 0 0 0 0 0 0 0 27 4 0 0 0 18 48 0 0 0 0 0 0 0 0 0 0 0 0
2 98 0 1 3 0 4557 0 0 99 96 0 1 0 0 5 0 0 3 0 0 0 138240 0 0 0 0 0 0 0 0 8995 4464 0 0 0 0 0 0 205 93 0 0 96 0 0 0 0 0 0 0 0 0 0 0 0 0 0 0 3 0 0 0 0 0 0 0 0 0 0 0 0 0
3 101 1 2 16 5 4470 0 0 94 187 0 5 1 0 34 16 6 20 26 4 0 134228 0 0 0 0 0 0 0 0 8470 8477 0 0 0 0 0 0 183 451 91 0 172 0 0 0 0 0 0 0 0 0 0 4 0 0 0 0 16 5 0 0 0 0 0 0 0 0 0 0 0 0
3 99 1 2 5 3 4467 0 0 96 189 0 3 1 0 9 5 0 3 10 3 0 134054 0 0 0 0 0 0 0 0 8630 8651 0 0 0 0 0 0 197 274 93 0 187 0 0 0 0 0 0 0 0 0 0 3 0 0 0 0 5 3 0 0 0 0 0 0 0 0 0 0 0 0
4 104 3 3 14 16 4388 1 1 89 276 0 9 3 0 15 22 17 7 35 19 7 130318 0 0 0 0 0 0 0 0 7937 12308 0 1 0 2 5 1 170 808 268 0 253 0 0 0 0 0 0 0 0 0 0 12 1 0 0 0 14 16 0 0 0 0 0 0 0 1 0 0 0 0
3 103 1 2 12 7 4477 0 0 92 185 0 7 1 0 25 12 12 9 29 9 0 134417 0 0 0 0 0 0 0 0 8288 8292 0 0 1 0 0 0 180 635 89 0 172 0 0 0 0 0 0 0 0 0 0 9 0 0 0 0 12 7 0 0 0 0 0 0 0 0 0 0 0 0
1 98 0 0 0 0 4652 0 0 101 0 0 0 0 0 0 0 0 0 0 0 0 142609 0 0 0 0 0 0 0 0 9278 0 0 0 0 0 0 0 209 0 0 0 0 0 0 0 0 0 0 0 0 0 0 0 0 0 0 0 0 0 0 0 0 0 0 0 0 0 0 0 0 0
5 101 6 4 18 21 4287 4 0 90 369 0 7 6 0 20 54 15 26 32 18 21 125938 1 0 0 0 0 0 0 0 7936 16497 0 0 0 0 0 0 172 621 543 0 342 0 0 0 0 0 0 0 0 0 0 6 4 0 0 0 18 21 0 0 0 0 0 0 0 0 0 0 0 0
2 97 0 1 0 0 4556 0 0 100 97 0 0 0 0 0 0 0 0 0 0 0 138149 0 0 0 0 0 0 0 0 9082 4556 0 0 0 0 0 0 209 0 0 0 100 0 0 0 0 0 0 0 0 0 0 0 0 0 0 0 0 0 0 0 0 0 0 0 0 0 0 0 0 0
1 98 0 0 0 0 4652 0 0 101 0 0 0 0 0 0 0 0 0 0 0 0 142609 0 0 0 0 0 0 0 0 9278 0 0 0 0 0 0 0 209 0 0 0 0 0 0 0 0 0 0 0 0 0 0 0 0 0 0 0 0 0 0 0 0 0 0 0 0 0 0 0 0 0
2 102 0 1 10 0 4571 0 0 95 92 0 5 0 0 16 0 0 6 38 0 0 138609 0 0 0 0 0 0 0 0 8657 4101 0 0 1 0 0 0 184 450 0 0 85 0 0 0 0 0 0 0 0 0 0 10 0 0 0 0 10 0 0 0 0 0 0 0 0 0 0 0 0 0
5 102 6 4 22 24 4287 4 0 89 368 0 8 6 0 27 66 23 31 35 15 24 126025 1 0 0 0 0 0 0 0 7852 16411 0 0 0 0 0 0 168 712 540 0 334 0 0 0 0 0 0 0 0 0 0 5 4 0 0 0 22 24 0 0 0 0 0 0 0 0 0 0 0 0
5 100 6 4 16 18 4283 4 0 91 370 0 6 6 0 31 46 11 18 16 9 18 125850 1 0 0 0 0 0 0 0 8016 16581 0 1 0 0 0 0 178 536 546 0 348 0 0 0 0 0 0 0 0 0 0 3 4 0 0 0 16 18 0 0 0 0 0 0 0 0 0 0 0 0
2 103 0 1 7 0 4577 0 0 94 91 0 6 0 0 15 0 0 5 35 0 0 138711 0 0 0 0 0 0 0 0 8568 4008 0 0 0 0 0 0 181 539 0 0 87 0 0 0 0 0 0 0 0 0 0 15 0 0 0 0 7 0 0 0 0 0 0 0 0 0 0 0 0 0
3 99 1 2 7 3 4467 0 0 96 189 0 3 1 0 22 7 0 5 14 3 0 134052 0 0 0 0 0 0 0 0 8634 8653 0 0 0 0 0 0 195 272 93 0 185 0 0 0 0 0 0 0 0 0 0 3 0 0 0 0 7 3 0 0 0 0 0 0 0 0 0 0 0 0
5 101 6 4 8 19 4292 4 1 90 369 0 7 6 0 16 22 4 2 26 28 17 125950 1 0 0 0 0 0 0 0 7928 16492 0 0 0 1 5 2 176 621 544 0 352 0 0 0 0 0 0 0 0 0 0 11 4 0 0 0 8 19 0 0 0 0 0 0 0 1 0 0 0 0
5 105 6 4 20 31 4296 4 1 86 365 0 11 6 0 43 60 38 21 33 28 29 126297 1 0 0 0 0 0 0 0 7592 16148 0 0 0 0 5 2 160 981 532 0 324 0 0 0 0 0 0 0 0 0 0 11 4 0 0 0 20 31 0 0 0 0 0 0 0 1 0 0 0 0
4 100 3 3 15 10 4374 1 0 93 280 0 5 3 0 23 30 8 28 14 4 5 129950 0 0 0 0 0 0 0 0 8281 12663 0 0 0 0 0 0 184 451 275 0 264 0 0 0 0 0 0 0 0 0 0 2 1 0 0 0 15 10 0 0 0 0 0 0 0 0 0 0 0 0
3 96 1 2 0 0 4461 0 0 99 192 0 0 1 0 0 0 0 0 0 0 0 133782 0 0 0 0 0 0 0 0 8890 8922 0 0 0 0 0 0 208 0 96 0 198 0 0 0 0 0 0 0 0 0 0 0 0 0 0 0 0 0 0 0 0 0 0 0 0 0 0 0 0 0
3 98 1 2 5 2 4463 0 0 97 190 0 2 1 0 6 5 1 4 0 0 0 133963 0 0 0 0 0 0 0 0 8716 8741 0 0 0 0 0 0 201 185 94 0 189 0 0 0 0 0 0 0 0 0 0 0 0 0 0 0 5 2 0 0 0 0 0 0 0 0 0 0 0 0
1 98 0 0 0 0 4652 0 0 101 0 0 0 0 0 0 0 0 0 0 0 0 142609 0 0 0 0 0 0 0 0 9278 0 0 0 0 0 0 0 209 0 0 0 0 0 0 0 0 0 0 0 0 0 0 0 0 0 0 0 0 0 0 0 0 0 0 0 0 0 0 0 0 0
2 100 0 1 6 0 4562 0 0 97 94 0 3 0 0 16 0 0 3 12 0 0 138423 0 0 0 0 0 0 0 0 8821 4280 0 0 0 0 0 0 197 276 0 0 91 0 0 0 0 0 0 0 0 0 0 3 0 0 0 0 6 0 0 0 0 0 0 0 0 0 0 0 0 0
7 102 15 6 12 50 4108 20 0 85 542 0 10 15 0 31 60 38 6 18 35 100 118097 15 0 0 0 0 0 0 0 7320 23715 0 0 0 0 0 0 165 884 1330 0 498 0 0 0 0 0 0 0 0 0 0 7 20 0 0 0 12 50 0 0 0 0 0 0 0 0 0 0 0 0
2 100 0 1 7 0 4562 0 0 97 94 0 3 0 0 18 0 0 6 14 0 0 138422 0 0 0 0 0 0 0 0 8823 4281 0 0 0 0 0 0 196 275 0 0 90 0 0 0 0 0 0 0 0 0 0 3 0 0 0 0 7 0 0 0 0 0 0 0 0 0 0 0 0 0
5 100 6 4 8 18 4284 4 0 91 370 0 6 6 0 21 24 11 3 10 12 18 125858 1 0 0 0 0 0 0 0 8002 16574 0 0 0 0 0 0 185 542 546 0 356 0 0 0 0 0 0 0 0 0 0 4 4 0 0 0 8 18 0 0 0 0 0 0 0 0 0 0 0 0
3 97 1 2 2 1 4462 0 0 98 191 0 1 1 0 5 2 0 1 0 0 0 133873 0 0 0 0 0 0 0 0 8802 8831 0 0 0 0 0 0 205 93 95 0 194 0 0 0 0 0 0 0 0 0 0 0 0 0 0 0 2 1 0 0 0 0 0 0 0 0 0 0 0 0
3 102 1 2 14 6 4477 0 0 93 186 0 6 1 0 20 14 5 17 36 10 0 134326 0 0 0 0 0 0 0 0 8386 8388 0 0 0 0 0 0 178 536 90 0 172 0 0 0 0 0 0 0 0 0 0 10 0 0 0 0 14 6 0 0 0 0 0 0 0 0 0 0 0 0
5 100 6 4 9 18 4283 4 0 91 370 0 6 6 0 18 27 12 8 6 9 18 125858 1 0 0 0 0 0 0 0 8002 16574 0 0 0 0 0 0 185 543 546 0 355 0 0 0 0 0 0 0 0 0 0 3 4 0 0 0 9 18 0 0 0 0 0 0 0 0 0 0 0 0
2 98 0 1 5 0 4557 0 0 99 96 0 1 0 0 9 0 0 10 0 0 0 138238 0 0 0 0 0 0 0 0 8999 4466 0 0 0 0 0 0 203 91 0 0 94 0 0 0 0 0 0 0 0 0 0 0 0 0 0 0 5 0 0 0 0 0 0 0 0 0 0 0 0 0
2 98 0 1 0 0 4557 0 0 99 96 0 1 0 0 0 0 0 0 0 0 0 138243 0 0 0 0 0 0 0 0 8989 4461 0 0 0 0 0 0 208 96 0 0 99 0 0 0 0 0 0 0 0 0 0 0 0 0 0 0 0 0 0 0 0 0 0 0 0 0 0 0 0 0
3 99 1 2 7 3 4465 0 0 96 189 0 3 1 0 15 7 2 6 6 1 0 134053 0 0 0 0 0 0 0 0 8630 8651 0 0 0 0 0 0 197 276 93 0 185 0 0 0 0 0 0 0 0 0 0 1 0 0 0 0 7 3 0 0 0 0 0 0 0 0 0 0 0 0
1 98 0 0 0 0 4652 0 0 101 0 0 0 0 0 0 0 0 0 0 0 0 142609 0 0 0 0 0 0 0 0 9278 0 0 0 0 0 0 0 209 0 0 0 0 0 0 0 0 0 0 0 0 0 0 0 0 0 0 0 0 0 0 0 0 0 0 0 0 0 0 0 0 0
1 98 0 0 0 0 4652 0 0 101 0 0 0 0 0 0 0 0 0 0 0 0 142609 0 0 0 0 0 0 0 0 9278 0 0 0 0 0 0 0 209 0 0 0 0 0 0 0 0 0 0 0 0 0 0 0 0 0 0 0 0 0 0 0 0 0 0 0 0 0 0 0 0 0
4 101 3 3 10 10 4377 1 1 92 279 0 6 3 0 14 12 7 13 14 5 4 130045 0 0 0 0 0 0 0 0 8186 12569 0 0 0 4 3 1 185 546 274 0 266 0 0 0 0 0 0 0 0 0 0 4 1 0 0 0 10 10 0 0 0 0 0 0 0 1 0 0 0 0
8 98 21 7 15 42 4013 35 0 87 630 0 7 21 0 25 90 16 14 25 30 105 113904 35 0 0 0 0 0 0 0 7421 27446 0 0 0 0 0 0 161 605 1869 0 594 0 0 0 0 0 0 0 0 0 0 5 35 0 0 0 15 42 0 0 0 0 0 0 0 0 0 0 0 0
4 101 3 3 12 12 4377 1 0 92 279 0 6 3 0 21 22 10 13 13 8 6 130044 0 0 0 0 0 0 0 0 8188 12571 0 1 1 0 0 0 184 544 273 0 264 0 0 0 0 0 0 0 0 0 0 4 1 0 0 0 12 12 0 0 0 0 0 0 0 0 0 0 0 0
5 100 6 4 8 18 4290 4 0 91 370 0 6 6 0 14 24 5 4 28 30 18 125861 1 0 0 0 0 0 0 0 8014 16580 0 0 0 0 0 0 179 530 546 0 356 0 0 0 0 0 0 0 0 0 0 10 4 0 0 0 8 18 0 0 0 0 0 0 0 0 0 0 0 0
2 102 0 1 10 0 4571 0 0 95 92 0 5 0 0 12 0 0 7 40 0 0 138609 0 0 0 0 0 0 0 0 8657 4101 0 0 0 0 0 0 184 450 0 0 85 0 0 0 0 0 0 0 0 0 0 10 0 0 0 0 10 0 0 0 0 0 0 0 0 0 0 0 0 0
3 101 1 2 7 5 4470 0 0 94 187 0 5 1 0 17 7 6 6 13 4 0 134237 0 0 0 0 0 0 0 0 8452 8468 0 0 0 0 0 0 192 460 91 0 181 0 0 0 0 0 0 0 0 0 0 4 0 0 0 0 7 5 0 0 0 0 0 0 0 0 0 0 0 0
2 100 0 1 7 0 4562 0 0 97 94 0 3 0 0 8 0 0 11 12 0 0 138422 0 0 0 0 0 0 0 0 8823 4281 0 0 1 0 0 0 196 275 0 0 90 0 0 0 0 0 0 0 0 0 0 3 0 0 0 0 7 0 0 0 0 0 0 0 0 0 0 0 0 0
4 105 3 3 20 20 4391 1 0 88 275 0 10 3 0 31 40 31 16 49 28 10 130404 0 0 0 0 0 0 0 0 7860 12225 0 0 2 0 0 0 162 892 265 0 244 0 0 0 0 0 0 0 0 0 0 14 1 0 0 0 20 20 0 0 0 0 0 0 0 0 0 0 0 0
7 102 15 6 16 48 4107 20 1 85 542 0 10 15 0 34 76 34 11 16 27 92 118092 15 0 0 0 0 0 0 0 7328 23718 0 1 0 1 3 4 161 882 1331 0 494 0 0 0 0 0 0 0 0 0 0 6 20 0 0 0 16 48 0 0 0 0 0 0 0 1 0 0 0 0
3 100 1 2 8 4 4468 0 0 95 188 0 4 1 0 12 8 3 13 10 3 0 134144 0 0 0 0 0 0 0 0 8544 8561 0 0 0 0 0 0 193 366 92 0 182 0 0 0 0 0 0 0 0 0 0 3 0 0 0 0 8 4 0 0 0 0 0 0 0 0 0 0 0 0
2 100 0 1 6 0 4562 0 0 97 94 0 3 0 0 8 0 0 10 12 0 0 138423 0 0 0 0 0 0 0 0 8821 4280 0 0 0 0 0 0 197 276 0 0 91 0 0 0 0 0 0 0 0 0 0 3 0 0 0 0 6 0 0 0 0 0 0 0 0 0 0 0 0 0
1 98 0 0 0 0 4652 0 0 101 0 0 0 0 0 0 0 0 0 0 0 0 142609 0 0 0 0 0 0 0 0 9278 0 0 0 0 0 0 0 209 0 0 0 0 0 0 0 0 0 0 0 0 0 0 0 0 0 0 0 0 0 0 0 0 0 0 0 0 0 0 0 0 0
4 103 3 3 8 16 4391 1 0 90 277 0 8 3 0 22 16 12 5 28 32 8 130239 0 0 0 0 0 0 0 0 8022 12397 0 0 0 0 0 0 174 712 269 0 262 0 0 0 0 0 0 0 0 0 0 16 1 0 0 0 8 16 0 0 0 0 0 0 0 0 0 0 0 0
1 98 0 0 0 0 4652 0 0 101 0 0 0 0 0 0 0 0 0 0 0 0 142609 0 0 0 0 0 0 0 0 9278 0 0 0 0 0 0 0 209 0 0 0 0 0 0 0 0 0 0 0 0 0 0 0 0 0 0 0 0 0 0 0 0 0 0 0 0 0 0 0 0 0
3 99 1 2 5 3 4465 0 0 96 189 0 3 1 0 16 5 2 2 4 1 0 134055 0 0 0 0 0 0 0 0 8626 8649 0 0 0 0 0 0 199 278 93 0 187 0 0 0 0 0 0 0 0 0 0 1 0 0 0 0 5 3 0 0 0 0 0 0 0 0 0 0 0 0
2 98 0 1 0 0 4557 0 0 99 96 0 1 0 0 0 0 0 0 0 0 0 138243 0 0 0 0 0 0 0 0 8989 4461 0 0 0 0 0 0 208 96 0 0 99 0 0 0 0 0 0 0 0 0 0 0 0 0 0 0 0 0 0 0 0 0 0 0 0 0 0 0 0 0
3 99 1 2 5 3 4465 0 0 96 189 0 3 1 0 11 5 2 4 5 1 0 134055 0 0 0 0 0 0 0 0 8626 8649 0 0 0 0 0 0 199 278 93 0 187 0 0 0 0 0 0 0 0 0 0 1 0 0 0 0 5 3 0 0 0 0 0 0 0 0 0 0 0 0
4 97 3 3 4 4 4369 1 0 96 283 0 2 3 0 7 8 1 3 0 0 2 129687 0 0 0 0 0 0 0 0 8528 12923 0 0 0 0 0 0 200 184 281 0 284 0 0 0 0 0 0 0 0 0 0 0 1 0 0 0 4 4 0 0 0 0 0 0 0 0 0 0 0 0
2 98 0 1 0 0 4557 0 0 99 96 0 1 0 0 0 0 0 0 0 0 0 138243 0 0 0 0 0 0 0 0 8989 4461 0 0 0 0 0 0 208 96 0 0 99 0 0 0 0 0 0 0 0 0 0 0 0 0 0 0 0 0 0 0 0 0 0 0 0 0 0 0 0 0
2 98 0 1 1 0 4557 0 0 99 96 0 1 0 0 2 0 0 0 0 0 0 138242 0 0 0 0 0 0 0 0 8991 4462 0 0 0 0 0 0 207 95 0 0 98 0 0 0 0 0 0 0 0 0 0 0 0 0 0 0 1 0 0 0 0 0 0 0 0 0 0 0 0 0
3 100 1 2 10 4 4468 0 0 95 188 0 4 1 0 26 10 3 8 16 3 0 134142 0 0 0 0 0 0 0 0 8548 8563 0 0 0 0 0 0 191 364 92 0 180 0 0 0 0 0 0 0 0 0 0 3 0 0 0 0 10 4 0 0 0 0 0 0 0 0 0 0 0 0
1 98 0 0 0 0 4652 0 0 101 0 0 0 0 0 0 0 0 0 0 0 0 142609 0 0 0 0 0 0 0 0 9278 0 0 0 0 0 0 0 209 0 0 0 0 0 0 0 0 0 0 0 0 0 0 0 0 0 0 0 0 0 0 0 0 0 0 0 0 0 0 0 0 0
5 100 6 4 9 18 4284 4 0 91 370 0 6 6 0 26 27 11 6 12 12 18 125857 1 0 0 0 0 0 0 0 8004 16575 0 0 0 0 0 0 184 541 546 0 355 0 0 0 0 0 0 0 0 0 0 4 4 0 0 0 9 18 0 0 0 0 0 0 0 0 0 0 0 0
3 98 1 2 4 2 4463 0 0 97 190 0 2 1 0 10 4 1 2 0 0 0 133964 0 0 0 0 0 0 0 0 8714 8740 0 0 0 0 0 0 202 186 94 0 190 0 0 0 0 0 0 0 0 0 0 0 0 0 0 0 4 2 0 0 0 0 0 0 0 0 0 0 0 0
4 102 3 3 14 14 4380 1 0 91 278 0 7 3 0 34 28 15 10 26 12 7 130133 0 0 0 0 0 0 0 0 8105 12484 0 0 0 0 0 0 179 632 271 0 259 0 0 0 0 0 0 0 0 0 0 6 1 0 0 0 14 14 0 0 0 0 0 0 0 0 0 0 0 0
3 100 1 2 8 4 4468 0 0 95 188 0 4 1 0 12 8 3 7 10 3 0 134144 0 0 0 0 0 0 0 0 8544 8561 0 0 0 0 0 0 193 366 92 0 182 0 0 0 0 0 0 0 0 0 0 3 0 0 0 0 8 4 0 0 0 0 0 0 0 0 0 0 0 0
4 106 3 3 21 22 4394 1 0 87 274 0 11 3 0 31 40 38 20 56 32 11 130494 0 0 0 0 0 0 0 0 7775 12137 0 1 1 0 0 0 158 981 263 0 240 0 0 0 0 0 0 0 0 0 0 16 1 0 0 0 21 22 0 0 0 0 0 0 0 0 0 0 0 0
4 104 3 3 13 18 4392 1 0 89 276 0 9 3 0 25 26 20 15 32 32 9 130326 0 0 0 0 0 0 0 0 7941 12311 0 0 0 0 0 0 168 801 267 0 254 0 0 0 0 0 0 0 0 0 0 16 1 0 0 0 13 18 0 0 0 0 0 0 0 0 0 0 0 0
4 102 3 3 16 14 4380 1 0 91 278 0 7 3 0 30 32 15 16 24 12 7 130131 0 0 0 0 0 0 0 0 8109 12486 0 0 1 0 0 0 177 630 271 0 257 0 0 0 0 0 0 0 0 0 0 6 1 0 0 0 16 14 0 0 0 0 0 0 0 0 0 0 0 0
4 104 3 3 17 18 4388 1 0 89 276 0 9 3 0 20 34 24 22 41 24 9 130316 0 0 0 0 0 0 0 0 7941 12311 0 0 0 0 0 0 168 805 267 0 250 0 0 0 0 0 0 0 0 0 0 12 1 0 0 0 17 18 0 0 0 0 0 0 0 0 0 0 0 0
5 105 6 4 23 33 4299 4 0 86 365 0 11 6 0 35 69 41 22 48 42 33 126298 1 0 0 0 0 0 0 0 7602 16154 0 0 0 0 0 0 155 972 531 0 321 0 0 0 0 0 0 0 0 0 0 14 4 0 0 0 23 33 0 0 0 0 0 0 0 0 0 0 0 0
2 100 0 1 7 0 4562 0 0 97 94 0 3 0 0 8 0 0 11 12 0 0 138422 0 0 0 0 0 0 0 0 8823 4281 0 0 1 0 0 0 196 275 0 0 90 0 0 0 0 0 0 0 0 0 0 3 0 0 0 0 7 0 0 0 0 0 0 0 0 0 0 0 0 0
2 98 0 1 0 0 4557 0 0 99 96 0 1 0 0 0 0 0 0 0 0 0 138243 0 0 0 0 0 0 0 0 8989 4461 0 0 0 0 0 0 208 96 0 0 99 0 0 0 0 0 0 0 0 0 0 0 0 0 0 0 0 0 0 0 0 0 0 0 0 0 0 0 0 0
3 100 1 2 6 4 4468 0 0 95 188 0 4 1 0 10 6 3 4 10 3 0 134146 0 0 0 0 0 0 0 0 8540 8559 0 0 0 0 0 0 195 368 92 0 184 0 0 0 0 0 0 0 0 0 0 3 0 0 0 0 6 4 0 0 0 0 0 0 0 0 0 0 0 0
2 100 0 1 6 0 4562 0 0 97 94 0 3 0 0 8 0 0 10 12 0 0 138423 0 0 0 0 0 0 0 0 8821 4280 0 0 0 0 0 0 197 276 0 0 91 0 0 0 0 0 0 0 0 0 0 3 0 0 0 0 6 0 0 0 0 0 0 0 0 0 0 0 0 0
4 99 3 3 13 8 4373 1 0 94 281 0 4 3 0 25 26 4 17 13 4 4 129860 0 0 0 0 0 0 0 0 8368 12752 0 0 0 0 0 0 187 359 277 0 269 0 0 0 0 0 0 0 0 0 0 2 1 0 0 0 13 8 0 0 0 0 0 0 0 0 0 0 0 0
2 97 0 1 0 0 4556 0 0 100 97 0 0 0 0 0 0 0 0 0 0 0 138149 0 0 0 0 0 0 0 0 9082 4556 0 0 0 0 0 0 209 0 0 0 100 0 0 0 0 0 0 0 0 0 0 0 0 0 0 0 0 0 0 0 0 0 0 0 0 0 0 0 0 0
2 103 0 1 7 0 4577 0 0 94 91 0 6 0 0 15 0 0 5 35 0 0 138711 0 0 0 0 0 0 0 0 8568 4008 0 0 0 0 0 0 181 539 0 0 87 0 0 0 0 0 0 0 0 0 0 15 0 0 0 0 7 0 0 0 0 0 0 0 0 0 0 0 0 0
