99 0 4750 101 0 0 0 147259 0 0 0 9385 0 203 2 0 0 0 0 0 0 0 0 3318268 0 0 0 0 0 0 0 0 0 422696 0 0 0 0 0 0 0 0 18263 0 4434 0 0 0 0 0 0 0 0 0 0 137 0 0 174 0 0 383 0 0 0 0 0 18 0 3 0 0 0
2 98 0 1 3 0 4557 0 0 99 96 0 1 0 0 6 0 0 3 0 0 0 138238 0 0 0 0 0 0 0 0 9001 4464 0 0 0 0 0 0 199 93 0 0 96 0 0 0 0 0 0 0 0 0 0 0 0 2 0 0 3 0 0 0 0 0 0 0 0 0 0 0 0 0
1 98 0 0 0 0 4652 0 0 101 0 0 0 0 0 0 0 0 0 0 0 0 142607 0 0 0 0 0 0 0 0 9284 0 0 0 0 0 0 0 203 0 0 0 0 0 0 0 0 0 0 0 0 0 0 0 0 2 0 0 0 0 0 0 0 0 0 0 0 0 0 0 0 0
1 98 0 0 0 0 4652 0 0 101 0 0 0 0 0 0 0 0 0 0 0 0 142607 0 0 0 0 0 0 0 0 9284 0 0 0 0 0 0 0 203 0 0 0 0 0 0 0 0 0 0 0 0 0 0 0 0 2 0 0 0 0 0 0 0 0 0 0 0 0 0 0 0 0
4 103 3 3 17 16 4382 1 0 90 277 0 8 3 0 33 30 19 14 26 14 8 130219 0 0 0 0 0 0 0 0 8028 12397 0 2 1 0 0 0 168 721 269 0 253 0 0 0 0 0 0 0 0 0 0 7 1 2 0 0 17 16 0 0 0 0 0 0 0 0 0 0 0 0
3 99 1 2 5 3 4467 0 0 96 189 0 3 1 0 14 5 0 2 10 3 0 134052 0 0 0 0 0 0 0 0 8636 8651 0 0 0 0 0 0 191 274 93 0 187 0 0 0 0 0 0 0 0 0 0 3 0 2 0 0 5 3 0 0 0 0 0 0 0 0 0 0 0 0
5 101 6 4 18 21 4284 4 0 90 369 0 7 6 0 30 54 18 27 16 9 21 125937 1 0 0 0 2 0 0 0 7936 16494 0 0 1 0 0 0 169 627 543 0 342 0 0 0 0 0 0 0 0 0 0 3 4 2 0 0 18 21 0 0 0 0 0 0 0 0 0 0 0 0
5 101 6 4 19 19 4283 4 1 91 369 0 7 6 0 30 46 15 30 12 5 17 125934 1 7 0 0 2 2 0 0 7941 16496 0 0 0 5 1 2 168 626 544 0 340 0 0 0 0 0 0 0 1 0 0 2 4 1 0 0 19 19 0 0 0 0 1 0 0 1 0 0 0 0
2 101 0 1 3 0 4566 0 0 96 93 0 4 0 0 11 0 0 1 9 0 0 138518 0 0 0 0 0 0 0 0 8734 4185 0 0 0 0 0 0 190 369 0 0 93 0 0 0 0 0 0 0 0 0 0 6 0 2 0 0 3 0 0 0 0 0 0 0 0 0 0 0 0 0
1 98 0 0 0 0 4652 0 0 101 0 0 0 0 0 0 0 0 0 0 0 0 142607 0 0 0 0 0 0 0 0 9284 0 0 0 0 0 0 0 203 0 0 0 0 0 0 0 0 0 0 0 0 0 0 0 0 2 0 0 0 0 0 0 0 0 0 0 0 0 0 0 0 0
1 98 0 0 0 0 4652 0 0 101 0 0 0 0 0 0 0 0 0 0 0 0 142607 0 0 0 0 0 0 0 0 9284 0 0 0 0 0 0 0 203 0 0 0 0 0 0 0 0 0 0 0 0 0 0 0 0 2 0 0 0 0 0 0 0 0 0 0 0 0 0 0 0 0
4 97 3 3 11 4 4370 1 0 96 283 0 2 3 0 11 22 0 25 11 2 2 129677 0 0 0 0 2 0 0 0 8550 12931 0 0 0 0 0 0 186 175 281 0 277 0 0 0 0 0 0 0 0 0 0 1 1 2 0 0 11 4 0 0 0 0 0 0 0 0 0 0 0 0
3 98 1 2 1 2 4463 0 0 97 190 0 2 1 0 1 1 1 0 0 0 0 133965 0 0 0 0 0 0 0 0 8714 8737 0 0 0 0 0 0 199 189 94 0 193 0 0 0 0 0 0 0 0 0 0 0 0 2 0 0 1 2 0 0 0 0 0 0 0 0 0 0 0 0
6 100 10 5 6 28 4194 10 0 89 458 0 7 10 0 13 24 16 6 11 20 42 121847 5 0 0 0 0 0 0 0 7743 20312 0 0 0 0 0 0 175 628 902 0 439 0 0 0 0 0 0 0 0 0 0 5 10 2 0 0 6 28 0 0 0 0 0 0 0 0 0 0 0 0
3 101 1 2 11 5 4470 0 0 94 187 0 5 1 0 25 11 6 6 18 4 0 134231 0 0 0 0 1 0 0 0 8466 8472 0 0 0 0 0 0 182 456 91 0 177 0 0 0 0 0 0 0 0 0 0 4 0 2 0 0 11 5 0 0 0 0 0 0 0 0 0 0 0 0
5 104 5 5 14 21 4300 2 1 87 373 2 10 5 1 31 31 16 7 38 25 11 126299 0 3 5 13 0 2 9 2 7614 16255 1 0 0 0 6 1 151 884 448 0 330 0 0 0 0 0 0 0 0 1 1 15 2 0 87 0 14 21 0 0 0 0 1 7 2 1 0 0 0 0
2 99 0 1 7 0 4559 0 0 98 95 0 2 0 0 16 0 0 9 7 0 0 138327 0 0 0 0 0 0 0 0 8918 4374 0 0 0 0 0 0 193 183 0 0 91 0 0 0 0 0 0 0 0 0 0 1 0 2 0 0 7 0 0 0 0 0 0 0 0 0 0 0 0 0
3 100 1 2 10 4 4468 0 0 95 188 0 4 1 0 22 8 2 10 14 3 0 134140 0 0 0 0 0 0 0 0 8554 8563 0 1 0 0 0 0 185 364 92 0 180 0 0 0 0 0 0 0 0 0 0 3 0 2 0 0 10 4 0 0 0 0 0 0 0 0 0 0 0 0
4 103 3 3 18 14 4382 1 1 90 277 0 8 3 0 31 26 14 16 30 10 6 130217 0 0 0 0 0 0 0 0 8032 12398 0 2 0 3 4 1 166 720 270 0 252 0 0 0 0 0 0 0 0 0 0 7 1 2 0 0 18 14 0 0 0 0 0 0 0 1 0 0 0 0
3 96 1 2 0 0 4461 0 0 99 192 0 0 1 0 0 0 0 0 0 0 0 133780 0 0 0 0 0 0 0 0 8896 8922 0 0 0 0 0 0 202 0 96 0 198 0 0 0 0 0 0 0 0 0 0 0 0 2 0 0 0 0 0 0 0 0 0 0 0 0 0 0 0 0
2 98 0 1 2 0 4557 0 0 99 96 0 1 0 0 4 0 0 1 0 0 0 138239 0 0 0 0 0 0 0 0 8999 4463 0 0 0 0 0 0 200 94 0 0 97 0 0 0 0 0 0 0 0 0 0 0 0 2 0 0 2 0 0 0 0 0 0 0 0 0 0 0 0 0
3 97 1 2 1 1 4462 0 0 98 191 0 1 1 0 1 1 0 0 0 0 0 133872 0 0 0 0 0 0 0 0 8806 8830 0 0 0 0 0 0 200 94 95 0 195 0 0 0 0 0 0 0 0 0 0 0 0 2 0 0 1 1 0 0 0 0 0 0 0 0 0 0 0 0
2 101 0 1 7 0 4566 0 0 96 93 0 4 0 0 6 0 0 5 21 0 0 138514 0 0 0 0 0 0 0 0 8742 4189 0 0 0 0 0 0 186 365 0 0 89 0 0 0 0 0 0 0 0 0 0 6 0 2 0 0 7 0 0 0 0 0 0 0 0 0 0 0 0 0
3 100 1 2 5 4 4467 0 0 95 188 0 4 1 0 9 5 4 6 5 2 0 134145 0 0 0 0 0 0 0 0 8542 8557 0 0 0 0 0 0 191 371 92 0 185 0 0 0 0 0 0 0 0 0 0 2 0 2 0 0 5 4 0 0 0 0 0 0 0 0 0 0 0 0
4 100 3 3 9 10 4378 1 0 93 280 0 5 3 0 7 18 4 10 15 12 5 129954 0 0 0 0 0 0 0 0 8283 12661 0 0 0 0 0 0 180 449 275 0 270 0 0 0 0 0 0 0 0 0 0 6 1 2 0 0 9 10 0 0 0 0 0 0 0 0 0 0 0 0
2 101 0 1 7 0 4566 0 0 96 93 0 4 0 0 6 0 0 5 21 0 0 138514 0 0 0 0 0 0 0 0 8742 4189 0 0 0 0 0 0 186 365 0 0 89 0 0 0 0 0 0 0 0 0 0 6 0 2 0 0 7 0 0 0 0 0 0 0 0 0 0 0 0 0
5 106 5 5 21 29 4307 2 0 85 371 2 12 5 1 39 51 39 11 62 46 17 126474 0 3 6 14 0 2 12 5 7456 16089 1 0 2 0 0 0 138 1053 441 0 315 0 0 0 0 0 0 0 0 0 0 20 2 0 87 0 21 29 0 0 0 0 1 7 2 0 0 0 0 0
4 101 3 3 14 12 4379 1 0 92 279 0 6 3 0 23 28 9 11 31 12 6 130041 0 0 0 0 0 0 0 0 8202 12575 0 0 1 0 0 0 174 538 273 0 262 0 0 0 0 0 0 0 0 0 0 6 1 2 0 0 14 12 0 0 0 0 0 0 0 0 0 0 0 0
2 99 0 1 2 0 4559 0 0 98 95 0 2 0 0 11 0 0 1 2 0 0 138332 0 0 0 0 0 0 0 0 8908 4369 0 0 0 0 0 0 198 188 0 0 96 0 0 0 0 0 0 0 0 0 0 1 0 2 0 0 2 0 0 0 0 0 0 0 0 0 0 0 0 0
3 102 1 2 6 6 4474 0 0 93 186 0 6 1 0 14 6 8 7 10 7 0 134329 0 0 0 0 0 0 0 0 8370 8377 0 0 0 0 0 0 183 550 90 0 180 0 0 0 0 0 0 0 0 0 0 7 0 2 0 0 6 6 0 0 0 0 0 0 0 0 0 0 0 0
3 101 1 2 11 5 4472 0 0 94 187 0 5 1 0 19 11 4 7 30 6 0 134232 0 0 0 0 1 0 0 0 8470 8474 0 0 0 0 0 0 180 452 91 0 177 0 0 0 0 0 0 0 0 0 0 6 0 2 0 0 11 5 0 0 0 0 0 0 0 0 0 0 0 0
3 99 1 2 8 3 4465 0 0 96 189 0 3 1 0 21 8 2 9 5 1 0 134050 0 0 0 0 0 0 0 0 8638 8652 0 0 0 0 0 0 190 275 93 0 184 0 0 0 0 0 0 0 0 0 0 1 0 2 0 0 8 3 0 0 0 0 0 0 0 0 0 0 0 0
2 99 0 1 7 0 4559 0 0 98 95 0 2 0 0 15 0 0 9 7 0 0 138327 0 0 0 0 0 0 0 0 8918 4374 0 0 0 0 0 0 193 183 0 0 91 0 0 0 0 0 0 0 0 0 0 1 0 2 0 0 7 0 0 0 0 0 0 0 0 0 0 0 0 0
4 101 3 3 11 12 4379 1 0 92 279 0 6 3 0 32 22 9 4 20 12 6 130042 0 0 0 0 2 0 0 0 8196 12572 0 0 1 0 0 0 177 541 273 0 265 0 0 0 0 0 0 0 0 0 0 6 1 2 0 0 11 12 0 0 0 0 0 0 0 0 0 0 0 0
2 100 0 1 9 0 4562 0 0 97 94 0 3 0 0 13 0 0 12 18 0 0 138418 0 0 0 0 0 0 0 0 8833 4283 0 0 0 0 0 0 188 273 0 0 88 0 0 0 0 0 0 0 0 0 0 3 0 2 0 0 9 0 0 0 0 0 0 0 0 0 0 0 0 0
2 98 0 1 2 0 4557 0 0 99 96 0 1 0 0 5 0 0 1 0 0 0 138239 0 0 0 0 0 0 0 0 8999 4463 0 0 0 0 0 0 200 94 0 0 97 0 0 0 0 0 0 0 0 0 0 0 0 2 0 0 2 0 0 0 0 0 0 0 0 0 0 0 0 0
6 104 10 5 19 44 4200 10 0 86 454 0 11 10 0 28 76 47 23 24 28 66 122190 5 7 0 0 1 4 0 0 7421 19981 0 0 0 0 0 0 156 977 886 0 405 0 0 0 0 0 0 0 0 0 0 7 10 1 0 0 19 44 0 0 0 0 1 0 0 0 0 0 0 0
2 98 0 1 0 0 4557 0 0 99 96 0 1 0 0 0 0 0 0 0 0 0 138241 0 0 0 0 0 0 0 0 8995 4461 0 0 0 0 0 0 202 96 0 0 99 0 0 0 0 0 0 0 0 0 0 0 0 2 0 0 0 0 0 0 0 0 0 0 0 0 0 0 0 0
3 105 1 2 13 7 4490 0 1 92 183 0 9 1 0 27 10 6 4 56 14 0 134604 0 5 0 0 0 1 0 0 8152 8122 0 0 1 1 6 0 159 798 88 0 165 0 0 0 0 0 0 0 1 0 0 20 0 0 0 0 13 7 0 0 0 0 2 0 0 1 0 0 0 0
5 103 6 4 18 25 4291 4 1 88 367 0 9 6 0 29 46 21 14 35 20 23 126117 1 0 0 0 0 0 0 0 7768 16321 0 2 0 2 4 2 161 803 538 0 334 0 0 0 0 0 0 0 0 0 0 8 4 2 0 0 18 25 0 0 0 0 0 0 0 1 0 0 0 0
2 99 0 1 5 0 4559 0 0 98 95 0 2 0 0 9 0 0 6 5 0 0 138329 0 0 0 0 0 0 0 0 8914 4372 0 0 0 0 0 0 195 185 0 0 93 0 0 0 0 0 0 0 0 0 0 1 0 2 0 0 5 0 0 0 0 0 0 0 0 0 0 0 0 0
3 100 1 2 11 4 4468 0 0 95 188 0 4 1 0 22 9 2 11 14 3 0 134139 0 0 0 0 0 0 0 0 8556 8564 0 1 1 0 0 0 184 363 92 0 179 0 0 0 0 0 0 0 0 0 0 3 0 2 0 0 11 4 0 0 0 0 0 0 0 0 0 0 0 0
4 100 3 3 11 10 4374 1 0 93 280 0 5 3 0 21 22 8 9 8 4 5 129952 0 0 0 0 0 0 0 0 8279 12659 0 0 0 0 0 0 182 455 275 0 268 0 0 0 0 0 0 0 0 0 0 2 1 2 0 0 11 10 0 0 0 0 0 0 0 0 0 0 0 0
2 99 0 1 1 0 4559 0 0 98 95 0 2 0 0 2 0 0 0 1 0 0 138333 0 0 0 0 0 0 0 0 8906 4368 0 0 0 0 0 0 199 189 0 0 97 0 0 0 0 0 0 0 0 0 0 1 0 2 0 0 1 0 0 0 0 0 0 0 0 0 0 0 0 0
4 108 3 3 18 24 4405 1 1 87 272 0 13 3 0 33 35 42 6 65 43 11 130680 0 5 0 0 0 3 0 0 7629 11965 0 0 1 0 7 1 143 1150 260 0 235 0 0 0 0 0 0 0 1 0 0 25 1 0 0 0 18 24 0 0 0 0 2 0 0 1 0 0 0 0
2 101 0 1 3 0 4566 0 0 96 93 0 4 0 0 11 0 0 1 9 0 0 138518 0 0 0 0 0 0 0 0 8734 4185 0 0 0 0 0 0 190 369 0 0 93 0 0 0 0 0 0 0 0 0 0 6 0 2 0 0 3 0 0 0 0 0 0 0 0 0 0 0 0 0
4 96 3 3 2 2 4368 1 0 97 284 0 1 3 0 5 4 0 1 0 0 1 129595 0 0 0 0 0 0 0 0 8621 13012 0 0 0 0 0 0 197 92 283 0 289 0 0 0 0 0 0 0 0 0 0 0 1 2 0 0 2 2 0 0 0 0 0 0 0 0 0 0 0 0
4 101 3 3 11 12 4379 1 0 92 279 0 6 3 0 17 22 9 7 27 12 6 130044 0 0 0 0 1 0 0 0 8196 12572 0 0 0 0 0 0 177 541 273 0 265 0 0 0 0 0 0 0 0 0 0 6 1 2 0 0 11 12 0 0 0 0 0 0 0 0 0 0 0 0
5 100 6 4 14 18 4282 4 0 91 370 0 6 6 0 28 42 13 26 7 6 18 125851 1 0 0 0 2 0 0 0 8016 16578 0 0 0 0 0 0 175 540 546 0 350 0 0 0 0 0 0 0 0 0 0 2 4 2 0 0 14 18 0 0 0 0 0 0 0 0 0 0 0 0
2 98 0 1 0 0 4557 0 0 99 96 0 1 0 0 0 0 0 0 0 0 0 138241 0 0 0 0 0 0 0 0 8995 4461 0 0 0 0 0 0 202 96 0 0 99 0 0 0 0 0 0 0 0 0 0 0 0 2 0 0 0 0 0 0 0 0 0 0 0 0 0 0 0 0
4 102 3 3 16 14 4383 1 0 91 278 0 7 3 0 30 32 12 13 39 18 7 130129 0 0 0 0 1 0 0 0 8121 12489 0 0 1 0 0 0 168 624 271 0 257 0 0 0 0 0 0 0 0 0 0 9 1 2 0 0 16 14 0 0 0 0 0 0 0 0 0 0 0 0
3 99 1 2 6 3 4467 0 0 96 189 0 3 1 0 19 6 0 2 10 3 0 134051 0 0 0 0 1 0 0 0 8638 8652 0 0 1 0 0 0 190 273 93 0 186 0 0 0 0 0 0 0 0 0 0 3 0 2 0 0 6 3 0 0 0 0 0 0 0 0 0 0 0 0
3 98 1 2 5 2 4463 0 0 97 190 0 2 1 0 11 5 1 6 0 0 0 133961 0 0 0 0 0 0 0 0 8722 8741 0 0 0 0 0 0 195 185 94 0 189 0 0 0 0 0 0 0 0 0 0 0 0 2 0 0 5 2 0 0 0 0 0 0 0 0 0 0 0 0
4 101 3 3 10 12 4377 1 0 92 279 0 6 3 0 27 20 11 4 11 8 6 130044 0 0 0 0 1 0 0 0 8190 12569 0 0 0 0 0 0 180 546 273 0 266 0 0 0 0 0 0 0 0 0 0 4 1 2 0 0 10 12 0 0 0 0 0 0 0 0 0 0 0 0
5 103 6 4 18 25 4293 4 1 88 367 0 9 6 0 32 48 20 9 41 26 23 126116 1 0 0 0 1 0 0 0 7772 16323 0 1 0 2 4 2 159 799 538 0 334 0 0 0 0 0 0 0 0 0 0 10 4 2 0 0 18 25 0 0 0 0 0 0 0 1 0 0 0 0
1 98 0 0 0 0 4652 0 0 101 0 0 0 0 0 0 0 0 0 0 0 0 142607 0 0 0 0 0 0 0 0 9284 0 0 0 0 0 0 0 203 0 0 0 0 0 0 0 0 0 0 0 0 0 0 0 0 2 0 0 0 0 0 0 0 0 0 0 0 0 0 0 0 0
3 98 1 2 4 2 4464 0 0 97 190 0 2 1 0 13 4 0 2 2 1 0 133961 0 0 0 0 1 0 0 0 8722 8741 0 0 1 0 0 0 195 184 94 0 190 0 0 0 0 0 0 0 0 0 0 1 0 2 0 0 4 2 0 0 0 0 0 0 0 0 0 0 0 0
6 96 10 5 11 12 4186 10 0 93 462 0 3 10 0 14 44 2 21 9 4 18 121485 5 0 0 0 2 0 0 0 8101 20661 0 0 0 0 0 0 178 263 918 0 454 0 0 0 0 0 0 0 0 0 0 1 10 2 0 0 11 12 0 0 0 0 0 0 0 0 0 0 0 0
3 101 1 2 14 5 4469 0 0 95 187 0 5 1 0 19 14 6 19 14 3 0 134226 0 7 0 0 1 1 0 0 8474 8476 0 0 1 0 0 0 180 453 91 0 173 0 0 0 0 0 0 0 0 0 0 3 0 1 0 0 14 5 0 0 0 0 1 0 0 0 0 0 0 0
1 98 0 0 0 0 4652 0 0 101 0 0 0 0 0 0 0 0 0 0 0 0 142607 0 0 0 0 0 0 0 0 9284 0 0 0 0 0 0 0 203 0 0 0 0 0 0 0 0 0 0 0 0 0 0 0 0 2 0 0 0 0 0 0 0 0 0 0 0 0 0 0 0 0
2 101 0 1 3 0 4566 0 0 96 93 0 4 0 0 11 0 0 1 9 0 0 138518 0 0 0 0 0 0 0 0 8734 4185 0 0 0 0 0 0 190 369 0 0 93 0 0 0 0 0 0 0 0 0 0 6 0 2 0 0 3 0 0 0 0 0 0 0 0 0 0 0 0 0
3 100 1 2 10 4 4468 0 0 95 188 0 4 1 0 17 10 3 13 16 3 0 134140 0 0 0 0 0 0 0 0 8554 8563 0 0 0 0 0 0 185 364 92 0 180 0 0 0 0 0 0 0 0 0 0 3 0 2 0 0 10 4 0 0 0 0 0 0 0 0 0 0 0 0
1 98 0 0 0 0 4652 0 0 101 0 0 0 0 0 0 0 0 0 0 0 0 142607 0 0 0 0 0 0 0 0 9284 0 0 0 0 0 0 0 203 0 0 0 0 0 0 0 0 0 0 0 0 0 0 0 0 2 0 0 0 0 0 0 0 0 0 0 0 0 0 0 0 0
1 98 0 0 0 0 4652 0 0 101 0 0 0 0 0 0 0 0 0 0 0 0 142607 0 0 0 0 0 0 0 0 9284 0 0 0 0 0 0 0 203 0 0 0 0 0 0 0 0 0 0 0 0 0 0 0 0 2 0 0 0 0 0 0 0 0 0 0 0 0 0 0 0 0
1 98 0 0 0 0 4652 0 0 101 0 0 0 0 0 0 0 0 0 0 0 0 142607 0 0 0 0 0 0 0 0 9284 0 0 0 0 0 0 0 203 0 0 0 0 0 0 0 0 0 0 0 0 0 0 0 0 2 0 0 0 0 0 0 0 0 0 0 0 0 0 0 0 0
3 100 1 2 14 4 4467 0 0 96 188 0 4 1 0 27 14 3 23 15 2 0 134134 0 7 0 0 1 1 0 0 8564 8568 0 0 0 0 0 0 182 360 92 0 175 0 0 0 0 0 0 0 0 0 0 2 0 1 0 0 14 4 0 0 0 0 1 0 0 0 0 0 0 0
4 106 2 4 20 14 4397 0 0 87 282 1 11 2 1 39 26 24 13 55 21 0 130578 0 3 12 8 0 1 14 3 7714 12158 0 0 2 0 0 0 144 976 176 0 238 0 0 0 0 0 0 0 0 0 0 18 0 0 87 0 20 14 0 0 0 0 1 8 1 0 0 0 0 0
1 98 0 0 0 0 4652 0 0 101 0 0 0 0 0 0 0 0 0 0 0 0 142607 0 0 0 0 0 0 0 0 9284 0 0 0 0 0 0 0 203 0 0 0 0 0 0 0 0 0 0 0 0 0 0 0 0 2 0 0 0 0 0 0 0 0 0 0 0 0 0 0 0 0
3 100 1 2 10 4 4467 0 0 95 188 0 4 1 0 20 10 4 10 10 2 0 134140 0 0 0 0 0 0 0 0 8552 8562 0 0 0 0 0 0 186 366 92 0 180 0 0 0 0 0 0 0 0 0 0 2 0 2 0 0 10 4 0 0 0 0 0 0 0 0 0 0 0 0
2 98 0 1 1 0 4557 0 0 99 96 0 1 0 0 1 0 0 0 0 0 0 138240 0 0 0 0 0 0 0 0 8997 4462 0 0 0 0 0 0 201 95 0 0 98 0 0 0 0 0 0 0 0 0 0 0 0 2 0 0 1 0 0 0 0 0 0 0 0 0 0 0 0 0
2 99 0 1 2 0 4559 0 0 98 95 0 2 0 0 11 0 0 1 2 0 0 138332 0 0 0 0 0 0 0 0 8908 4369 0 0 0 0 0 0 198 188 0 0 96 0 0 0 0 0 0 0 0 0 0 1 0 2 0 0 2 0 0 0 0 0 0 0 0 0 0 0 0 0
2 97 0 1 0 0 4556 0 0 100 97 0 0 0 0 0 0 0 0 0 0 0 138147 0 0 0 0 0 0 0 0 9088 4556 0 0 0 0 0 0 203 0 0 0 100 0 0 0 0 0 0 0 0 0 0 0 0 2 0 0 0 0 0 0 0 0 0 0 0 0 0 0 0 0
5 102 6 4 17 24 4289 4 0 89 368 0 8 6 0 24 45 18 12 33 21 24 126029 1 0 0 0 0 0 0 0 7852 16408 0 3 1 0 0 0 165 713 540 0 339 0 0 0 0 0 0 0 0 0 0 7 4 2 0 0 17 24 0 0 0 0 0 0 0 0 0 0 0 0
5 103 6 4 13 27 4295 4 0 88 367 0 9 6 0 17 39 24 6 36 36 27 126123 1 0 0 0 1 0 0 0 7764 16320 0 0 0 0 0 0 163 800 537 0 339 0 0 0 0 0 0 0 0 0 0 12 4 2 0 0 13 27 0 0 0 0 0 0 0 0 0 0 0 0
4 101 3 3 10 12 4377 1 0 92 279 0 6 3 0 27 20 11 4 13 8 6 130044 0 0 0 0 0 0 0 0 8190 12569 0 0 0 0 0 0 180 546 273 0 266 0 0 0 0 0 0 0 0 0 0 4 1 2 0 0 10 12 0 0 0 0 0 0 0 0 0 0 0 0
4 99 3 3 5 8 4377 1 0 94 281 0 4 3 0 6 10 0 4 15 12 4 129866 0 0 0 0 0 0 0 0 8366 12748 0 0 0 0 0 0 185 359 277 0 277 0 0 0 0 0 0 0 0 0 0 6 1 2 0 0 5 8 0 0 0 0 0 0 0 0 0 0 0 0
2 99 0 1 1 0 4559 0 0 98 95 0 2 0 0 2 0 0 0 1 0 0 138333 0 0 0 0 0 0 0 0 8906 4368 0 0 0 0 0 0 199 189 0 0 97 0 0 0 0 0 0 0 0 0 0 1 0 2 0 0 1 0 0 0 0 0 0 0 0 0 0 0 0 0
2 97 0 1 0 0 4556 0 0 100 97 0 0 0 0 0 0 0 0 0 0 0 138147 0 0 0 0 0 0 0 0 9088 4556 0 0 0 0 0 0 203 0 0 0 100 0 0 0 0 0 0 0 0 0 0 0 0 2 0 0 0 0 0 0 0 0 0 0 0 0 0 0 0 0
2 98 0 1 3 0 4557 0 0 99 96 0 1 0 0 6 0 0 3 0 0 0 138238 0 0 0 0 0 0 0 0 9001 4464 0 0 0 0 0 0 199 93 0 0 96 0 0 0 0 0 0 0 0 0 0 0 0 2 0 0 3 0 0 0 0 0 0 0 0 0 0 0 0 0
4 106 2 4 15 12 4397 0 1 87 282 1 11 2 1 30 17 16 4 48 14 0 130582 0 3 11 7 0 1 9 2 7706 12153 0 0 0 1 7 0 148 981 177 0 243 0 0 0 0 0 0 0 0 1 1 18 0 0 87 0 15 12 0 0 0 0 1 8 1 1 0 0 0 0
2 97 0 1 0 0 4556 0 0 100 97 0 0 0 0 0 0 0 0 0 0 0 138147 0 0 0 0 0 0 0 0 9088 4556 0 0 0 0 0 0 203 0 0 0 100 0 0 0 0 0 0 0 0 0 0 0 0 2 0 0 0 0 0 0 0 0 0 0 0 0 0 0 0 0
1 98 0 0 0 0 4652 0 0 101 0 0 0 0 0 0 0 0 0 0 0 0 142607 0 0 0 0 0 0 0 0 9284 0 0 0 0 0 0 0 203 0 0 0 0 0 0 0 0 0 0 0 0 0 0 0 0 2 0 0 0 0 0 0 0 0 0 0 0 0 0 0 0 0
2 99 0 1 4 0 4559 0 0 98 95 0 2 0 0 5 0 0 6 4 0 0 138330 0 0 0 0 0 0 0 0 8912 4371 0 0 0 0 0 0 196 186 0 0 94 0 0 0 0 0 0 0 0 0 0 1 0 2 0 0 4 0 0 0 0 0 0 0 0 0 0 0 0 0
3 100 1 2 10 4 4468 0 0 95 188 0 4 1 0 27 10 3 9 14 3 0 134140 0 0 0 0 1 0 0 0 8554 8563 0 0 0 0 0 0 185 364 92 0 180 0 0 0 0 0 0 0 0 0 0 3 0 2 0 0 10 4 0 0 0 0 0 0 0 0 0 0 0 0
2 98 0 1 3 0 4557 0 0 99 96 0 1 0 0 5 0 0 3 0 0 0 138238 0 0 0 0 0 0 0 0 9001 4464 0 0 0 0 0 0 199 93 0 0 96 0 0 0 0 0 0 0 0 0 0 0 0 2 0 0 3 0 0 0 0 0 0 0 0 0 0 0 0 0
2 99 0 1 4 0 4559 0 0 98 95 0 2 0 0 5 0 0 6 4 0 0 138330 0 0 0 0 0 0 0 0 8912 4371 0 0 0 0 0 0 196 186 0 0 94 0 0 0 0 0 0 0 0 0 0 1 0 2 0 0 4 0 0 0 0 0 0 0 0 0 0 0 0 0
6 106 10 5 17 50 4206 10 1 83 452 0 13 10 0 22 60 59 8 29 40 72 122371 5 0 0 0 0 0 0 0 7245 19807 0 3 0 1 4 3 151 1157 879 0 398 0 0 0 0 0 0 0 0 0 0 11 10 2 0 0 17 50 0 0 0 0 0 0 0 1 0 0 0 0
3 106 1 2 16 10 4493 0 0 91 182 0 10 1 0 31 16 21 6 66 22 0 134694 0 6 0 0 0 2 0 0 8068 8034 0 0 2 0 0 0 154 886 86 0 160 0 0 0 0 0 0 0 0 0 0 22 0 0 0 0 16 10 0 0 0 0 2 0 0 0 0 0 0 0
2 100 0 1 9 0 4562 0 0 97 94 0 3 0 0 18 0 0 10 16 0 0 138418 0 0 0 0 0 0 0 0 8833 4283 0 0 1 0 0 0 188 273 0 0 88 0 0 0 0 0 0 0 0 0 0 3 0 2 0 0 9 0 0 0 0 0 0 0 0 0 0 0 0 0
9 102 26 10 27 74 3930 44 2 79 714 12 12 26 2 36 171 54 24 18 24 178 110654 41 0 4 34 0 0 12 16 6700 30373 28 0 0 3 2 10 126 1033 2264 0 605 1 0 0 0 0 0 0 0 0 2 4 44 0 174 0 27 74 0 0 0 0 0 6 12 2 0 0 0 0
3 98 1 2 5 2 4464 0 0 97 190 0 2 1 0 11 5 0 6 5 1 0 133960 0 0 0 0 0 0 0 0 8724 8742 0 0 0 0 0 0 194 183 94 0 189 0 0 0 0 0 0 0 0 0 0 1 0 2 0 0 5 2 0 0 0 0 0 0 0 0 0 0 0 0
2 99 0 1 6 0 4559 0 0 98 95 0 2 0 0 11 0 0 6 6 0 0 138328 0 0 0 0 0 0 0 0 8916 4373 0 0 0 0 0 0 194 184 0 0 92 0 0 0 0 0 0 0 0 0 0 1 0 2 0 0 6 0 0 0 0 0 0 0 0 0 0 0 0 0
3 99 1 2 6 3 4467 0 0 96 189 0 3 1 0 18 6 0 3 12 3 0 134051 0 0 0 0 0 0 0 0 8638 8652 0 0 0 0 0 0 190 273 93 0 186 0 0 0 0 0 0 0 0 0 0 3 0 2 0 0 6 3 0 0 0 0 0 0 0 0 0 0 0 0
4 100 3 3 13 8 4374 1 1 94 280 0 5 3 0 22 15 4 23 8 3 3 129947 0 6 0 0 2 1 0 0 8289 12663 0 0 0 5 1 1 179 451 276 0 265 0 0 0 0 0 0 0 1 0 0 2 1 1 0 0 13 8 0 0 0 0 1 0 0 1 0 0 0 0
5 102 6 4 19 24 4286 4 0 90 368 0 8 6 0 36 57 23 26 13 12 24 126025 1 8 0 0 1 3 0 0 7853 16409 0 0 1 0 0 0 166 715 540 0 336 0 0 0 0 0 0 0 0 0 0 4 4 1 0 0 19 24 0 0 0 0 1 0 0 0 0 0 0 0
1 98 0 0 0 0 4652 0 0 101 0 0 0 0 0 0 0 0 0 0 0 0 142607 0 0 0 0 0 0 0 0 9284 0 0 0 0 0 0 0 203 0 0 0 0 0 0 0 0 0 0 0 0 0 0 0 0 2 0 0 0 0 0 0 0 0 0 0 0 0 0 0 0 0
4 102 3 3 15 14 4383 1 0 91 278 0 7 3 0 24 30 12 11 39 18 7 130130 0 0 0 0 0 0 0 0 8119 12488 0 0 1 0 0 0 169 625 271 0 258 0 0 0 0 0 0 0 0 0 0 9 1 2 0 0 15 14 0 0 0 0 0 0 0 0 0 0 0 0
4 108 3 3 11 26 4406 1 0 87 272 0 13 3 0 23 22 50 3 53 52 13 130689 0 6 0 0 0 4 0 0 7615 11959 0 0 2 0 0 0 150 1155 259 0 242 0 0 0 0 0 0 0 0 0 0 26 1 0 0 0 11 26 0 0 0 0 2 0 0 0 0 0 0 0
3 98 1 2 2 2 4463 0 0 97 190 0 2 1 0 4 2 1 0 0 0 0 133964 0 0 0 0 0 0 0 0 8716 8738 0 0 0 0 0 0 198 188 94 0 192 0 0 0 0 0 0 0 0 0 0 0 0 2 0 0 2 2 0 0 0 0 0 0 0 0 0 0 0 0
2 97 0 1 0 0 4556 0 0 100 97 0 0 0 0 0 0 0 0 0 0 0 138147 0 0 0 0 0 0 0 0 9088 4556 0 0 0 0 0 0 203 0 0 0 100 0 0 0 0 0 0 0 0 0 0 0 0 2 0 0 0 0 0 0 0 0 0 0 0 0 0 0 0 0
