7 22 13 8 47 80 15 7 4 12 26 18 9 8 2 122 166 120 13 62 49 56 3 1 25 16 50 21 43 55 58 8 4 6 0 4 8 19 11 5 18 5 12 12 4 10 16 24 38 0 0 5 1 6 0 0 0 2 2 6 8 4 0 0 0 3 7 6 3 0 0 0 0
6 19 11 4 50 66 12 6 3 14 13 12 5 2 0 112 170 91 26 58 34 50 1 1 37 7 35 24 49 36 34 7 3 4 0 4 6 13 7 9 10 0 6 5 4 14 10 15 10 0 0 5 0 4 0 0 2 0 0 7 3 0 0 0 0 2 0 0 1 0 0 0 0
7 19 11 10 48 60 7 3 1 10 34 17 9 12 3 119 151 82 23 36 21 23 0 0 29 30 46 24 33 85 47 1 6 2 0 2 1 3 2 4 12 15 8 13 4 8 18 22 52 0 0 1 3 2 0 0 0 5 2 7 12 8 0 0 0 3 9 10 1 1 0 0 0
6 16 7 8 45 39 6 1 0 9 31 8 5 9 2 105 106 52 24 32 15 9 0 0 26 29 27 25 24 85 23 1 7 0 0 3 0 0 0 4 8 14 3 13 1 10 11 8 42 0 0 0 3 0 0 0 1 5 0 6 7 4 0 0 0 1 5 6 0 1 0 0 0
7 23 13 8 52 87 13 7 3 18 27 18 9 8 2 119 186 139 22 51 45 62 1 1 40 16 54 24 70 66 67 7 5 6 0 4 4 13 9 11 15 4 12 12 4 15 16 26 39 0 0 6 1 4 0 0 2 5 2 12 10 4 0 0 0 4 5 6 2 0 0 0 0
6 15 7 8 42 35 6 1 1 8 28 8 5 9 2 111 96 40 21 30 14 7 0 0 21 22 24 23 19 75 20 2 5 0 0 2 2 3 1 4 8 12 3 12 1 12 12 7 38 0 0 1 3 2 0 0 0 4 0 4 6 4 0 0 0 2 5 6 1 1 0 0 0
6 16 9 6 45 46 9 3 2 12 20 11 5 5 1 115 129 44 18 47 22 21 1 0 36 13 32 31 36 60 27 5 5 2 0 3 4 8 4 7 10 4 5 8 2 12 7 10 20 0 0 4 1 3 0 0 2 3 1 8 5 3 0 0 0 2 3 2 1 0 0 0 0
6 16 9 6 43 48 11 3 2 6 18 11 5 5 1 106 127 60 20 51 30 21 2 0 17 9 30 27 18 49 31 5 5 2 0 5 4 9 4 2 11 3 5 5 2 8 13 11 21 0 0 2 0 3 0 0 0 1 1 3 4 3 0 0 0 1 3 2 1 0 0 0 0
6 20 8 7 47 53 11 2 2 14 25 10 9 6 2 100 119 87 21 53 25 17 1 0 32 20 29 26 39 64 34 5 4 1 0 3 3 9 3 7 17 4 4 11 2 12 16 17 30 0 0 3 1 3 0 0 1 4 1 9 8 2 0 0 0 4 7 5 2 0 0 0 0
7 16 11 10 49 51 9 3 2 6 27 17 7 12 3 115 157 52 22 50 27 19 2 0 15 14 40 33 20 81 41 4 5 2 0 5 6 9 4 2 13 8 8 8 4 11 20 16 43 0 0 1 0 4 0 0 0 5 2 3 8 8 0 0 0 2 7 10 2 1 0 0 0
7 17 11 10 44 52 7 3 2 6 30 17 8 12 3 105 133 61 13 36 21 17 0 0 9 23 42 31 17 77 41 3 3 2 0 1 5 6 4 0 12 12 8 9 4 10 18 18 44 0 0 2 1 4 0 0 0 5 2 4 10 8 0 0 0 2 8 10 2 1 0 0 0
4 12 5 1 38 26 8 2 2 6 4 2 1 0 0 83 80 32 20 45 13 12 1 0 19 3 7 27 12 16 5 4 1 1 0 3 4 7 3 3 3 0 0 2 0 8 3 2 0 0 0 3 0 1 0 0 0 0 0 1 0 0 0 0 0 0 0 0 0 0 0 0 0
6 19 11 4 49 63 12 6 4 12 10 12 7 2 0 113 161 87 19 58 32 41 1 1 30 5 26 26 40 27 34 7 1 4 0 3 8 15 10 7 12 0 6 3 4 15 15 21 7 0 0 5 0 4 0 0 1 0 0 6 3 0 0 0 0 3 0 0 2 0 0 0 0
6 17 10 5 44 53 8 6 2 11 16 9 6 4 1 128 130 64 15 42 20 42 0 1 30 12 25 27 34 45 23 3 3 4 0 2 4 7 5 6 10 2 6 6 0 11 12 12 14 0 0 4 1 2 0 0 1 3 1 7 7 1 0 0 0 2 3 2 1 0 0 0 0
5 14 7 3 29 37 8 3 2 6 11 5 2 2 0 81 77 48 12 28 17 19 0 0 16 8 16 10 17 22 14 3 4 2 0 2 3 7 4 2 4 2 2 2 0 6 2 4 9 0 0 2 1 2 0 0 1 0 0 3 2 1 0 0 0 0 0 0 0 0 0 0 0
6 16 9 6 38 48 11 3 2 7 18 11 5 5 1 74 122 63 14 45 31 22 2 0 13 7 28 21 21 41 31 5 4 2 0 5 4 9 4 3 11 4 5 9 2 13 8 11 21 0 0 2 0 3 0 0 0 1 1 1 4 3 0 0 0 1 3 2 1 0 0 0 0
6 17 8 7 39 47 7 2 1 11 22 10 7 6 2 94 103 68 17 29 18 19 0 0 26 15 26 21 34 56 30 3 3 1 0 3 2 4 1 4 10 4 4 9 2 11 11 13 27 0 0 1 1 2 0 0 2 3 1 7 7 2 0 0 0 2 6 5 1 0 0 0 0
5 9 4 6 27 16 3 0 0 6 14 4 3 4 2 74 46 7 12 18 6 0 0 0 19 5 8 19 12 43 8 1 2 0 0 1 0 0 0 3 4 2 0 5 1 7 6 4 14 0 0 0 1 0 0 0 1 4 0 5 2 0 0 0 0 1 3 4 0 0 0 0 0
4 12 4 2 35 25 8 1 1 9 7 2 1 1 0 82 70 31 15 42 15 8 1 0 28 4 6 24 21 21 9 5 2 0 0 1 2 5 1 6 2 1 1 2 0 10 2 1 4 0 0 2 1 1 0 0 2 0 0 2 1 0 0 0 0 0 0 0 0 0 0 0 0
5 13 6 4 41 27 5 2 1 8 13 5 5 2 1 120 84 26 21 30 8 13 0 0 29 10 15 26 16 42 7 1 2 1 0 2 2 3 1 4 7 1 2 4 0 9 12 6 7 0 0 2 1 1 0 0 1 2 1 6 4 0 0 0 0 2 3 1 1 0 0 0 0
5 12 4 6 31 20 5 0 0 6 22 3 3 6 1 58 52 24 15 18 10 0 1 0 11 16 10 17 10 56 8 2 4 0 0 2 0 0 0 2 6 9 0 10 0 10 5 3 25 0 0 0 2 0 0 0 0 2 0 2 3 2 0 0 0 1 3 2 0 1 0 0 0
6 18 9 6 47 54 7 3 1 12 20 11 7 5 1 74 142 81 22 34 21 24 0 0 29 17 32 25 37 48 36 2 2 2 0 3 2 2 2 5 10 5 5 8 2 16 15 16 20 0 0 2 1 1 0 0 1 2 1 7 7 3 0 0 0 3 3 2 1 0 0 0 0
4 7 3 3 19 11 1 0 0 4 6 3 2 0 1 53 23 10 7 5 1 0 0 0 8 0 6 14 6 21 6 0 1 0 0 1 0 0 0 1 1 0 0 3 0 7 6 2 0 0 0 0 0 0 0 0 0 1 1 1 0 0 0 0 0 1 2 0 0 0 0 0 0
5 12 7 3 31 33 4 3 1 8 9 5 2 2 0 68 76 35 17 19 11 19 0 0 21 5 13 20 23 30 13 1 1 2 0 1 2 1 2 4 3 2 2 3 0 7 4 4 7 0 0 1 1 1 0 0 1 0 0 3 2 1 0 0 0 1 0 0 0 0 0 0 0
4 13 4 2 40 24 8 0 1 11 7 4 3 0 0 112 72 32 23 47 11 0 1 0 36 3 12 24 20 25 11 5 2 0 0 3 3 5 0 7 6 0 0 4 1 13 5 6 0 0 0 2 0 2 0 0 2 0 0 5 0 0 0 0 0 1 0 0 0 0 0 0 0
5 13 5 5 40 26 5 1 0 6 18 4 4 4 1 107 72 34 25 24 10 8 0 0 22 15 13 25 12 58 10 1 4 0 0 3 0 0 0 2 6 5 2 6 0 8 11 4 16 0 0 0 2 0 0 0 0 2 0 4 5 1 0 0 0 1 3 2 0 0 0 0 0
5 12 7 3 30 30 5 3 1 5 10 5 3 2 0 78 73 32 15 21 11 16 0 0 15 8 14 13 13 26 8 1 3 2 0 2 1 2 2 2 4 2 2 2 0 6 7 6 8 0 0 0 1 1 0 0 0 0 0 3 3 1 0 0 0 1 0 0 0 0 0 0 0
6 16 9 6 41 48 7 3 1 9 20 11 5 5 1 78 121 63 17 29 20 24 0 0 24 14 32 27 29 55 28 2 4 2 0 3 3 3 2 4 8 4 5 7 2 11 7 11 22 0 0 1 1 2 0 0 2 2 1 6 6 3 0 0 0 1 3 2 0 0 0 0 0
7 12 13 8 20 43 1 7 1 4 15 18 6 8 2 62 73 37 12 6 3 30 0 1 9 7 28 8 15 26 30 0 1 6 0 1 0 0 3 0 2 4 12 2 4 0 7 17 19 0 0 1 1 1 0 0 0 2 2 4 7 4 0 0 0 1 4 6 1 0 0 0 0
6 11 8 7 32 32 4 2 1 8 13 10 4 6 2 89 93 16 14 23 10 11 0 0 25 3 16 20 24 40 23 1 2 1 0 2 2 3 2 4 5 1 4 5 2 10 8 8 19 0 0 2 0 1 0 0 1 3 1 5 4 2 0 0 0 2 2 5 1 0 0 0 0
6 19 8 7 53 51 9 2 1 13 26 10 8 6 2 115 135 82 28 44 23 17 0 0 36 21 31 31 36 79 32 3 6 1 0 4 1 3 2 6 13 5 4 10 2 15 16 16 30 0 0 2 2 1 0 0 2 6 1 11 8 2 0 0 0 3 6 5 1 0 0 0 0
3 10 1 2 12 5 6 0 1 8 5 0 4 1 0 28 7 4 2 19 2 0 1 0 14 3 0 4 4 9 0 4 1 0 0 0 0 3 0 5 6 0 0 2 0 3 1 0 3 0 0 2 0 0 0 0 1 0 0 4 2 0 0 0 0 2 0 0 1 0 0 0 0
5 15 5 5 23 27 8 1 1 10 19 4 6 4 1 52 46 32 7 30 13 7 0 0 20 16 12 9 17 24 9 4 3 0 0 0 1 4 1 6 12 5 2 9 0 4 4 6 16 0 0 2 2 1 0 0 0 2 0 6 6 1 0 0 0 3 4 2 1 0 0 0 0
3 5 2 1 7 8 0 0 0 3 0 1 1 0 0 17 12 6 1 0 0 0 0 0 6 0 0 3 6 0 3 0 0 0 0 0 0 0 0 0 0 0 0 0 0 2 1 1 0 0 0 0 0 0 0 0 1 0 0 0 0 0 0 0 0 0 0 0 0 0 0 0 0
5 11 7 3 23 29 5 3 1 2 9 5 2 2 0 56 57 30 10 14 11 16 0 0 5 6 13 13 6 21 10 1 3 2 0 2 0 3 2 0 3 2 2 0 0 3 5 4 7 0 0 0 1 1 0 0 0 0 0 2 2 1 0 0 0 0 0 0 0 0 0 0 0
2 7 1 0 17 7 2 0 0 7 0 0 0 0 0 41 17 12 6 11 2 0 0 0 19 0 0 9 7 0 0 1 0 0 0 1 0 0 0 2 0 0 0 0 0 7 0 0 0 0 0 0 0 0 0 0 2 0 0 0 0 0 0 0 0 0 0 0 0 0 0 0 0
7 19 13 8 51 71 12 7 3 11 23 18 7 8 2 113 186 85 19 60 39 52 2 1 28 11 47 29 44 66 52 7 5 6 0 5 7 13 8 6 15 3 12 8 4 13 15 19 34 0 0 4 0 5 0 0 1 3 2 6 7 4 0 0 0 2 5 6 2 0 0 0 0
7 11 13 8 14 38 3 7 2 5 16 18 4 8 2 39 45 24 6 5 10 28 0 1 12 2 31 7 17 25 23 1 2 6 0 0 0 3 5 2 3 4 12 5 4 2 3 9 20 0 0 1 1 4 0 0 1 2 2 5 5 4 0 0 0 1 4 6 1 0 0 0 0
6 20 9 6 48 59 12 3 2 13 21 11 8 5 1 101 139 95 15 52 33 25 1 0 25 17 32 24 38 49 38 6 3 2 0 2 3 9 4 7 15 4 5 9 2 18 17 18 23 0 0 3 1 3 0 0 0 1 1 7 8 3 0 0 0 4 4 2 1 0 0 0 0
3 5 3 0 11 8 3 1 1 3 0 0 0 0 0 31 17 0 3 12 4 3 0 0 8 0 0 4 5 0 0 2 0 0 0 0 2 2 1 2 0 0 0 0 0 2 0 0 0 0 0 1 0 0 0 0 0 0 0 0 0 0 0 0 0 0 0 0 0 0 0 0 0
6 6 7 8 12 15 2 1 0 4 11 8 2 9 2 34 30 0 4 7 5 3 0 0 7 1 10 3 10 22 9 0 3 0 0 1 0 0 0 2 2 4 3 6 1 4 3 4 16 0 0 0 0 0 0 0 0 2 0 2 2 4 0 0 0 1 2 6 0 1 0 0 0
4 8 4 2 13 17 6 1 1 3 3 2 1 1 0 30 32 10 4 18 11 5 1 0 8 0 2 6 8 4 7 2 1 0 0 1 0 4 1 2 2 0 1 0 0 2 1 1 2 0 0 1 0 1 0 0 0 0 0 0 1 0 0 0 0 0 0 0 0 0 0 0 0
4 10 3 3 22 16 4 0 0 4 10 2 2 2 0 31 32 21 12 15 6 0 0 0 7 7 6 7 8 21 6 1 3 0 0 3 0 0 0 0 3 2 0 1 0 2 4 2 8 0 0 0 1 0 0 0 1 0 0 3 2 1 0 0 0 0 0 0 0 0 0 0 0
3 9 1 2 34 6 5 0 0 5 8 0 2 1 0 89 22 8 21 31 4 0 1 0 17 7 0 29 3 30 0 2 2 0 0 3 0 0 0 2 4 1 0 3 0 10 6 0 4 0 0 0 1 0 0 0 0 0 0 2 2 0 0 0 0 1 0 0 0 0 0 0 0
1 2 0 0 5 0 1 0 0 0 0 0 0 0 0 11 0 0 3 3 0 0 0 0 0 0 0 3 0 0 0 0 0 0 0 1 0 0 0 0 0 0 0 0 0 0 0 0 0 0 0 0 0 0 0 0 0 0 0 0 0 0 0 0 0 0 0 0 0 0 0 0 0
4 13 4 2 35 23 8 1 2 8 6 2 3 1 0 69 61 33 13 41 9 7 1 0 21 3 5 23 14 19 5 4 1 0 0 2 4 9 2 3 5 0 1 3 0 10 6 3 5 0 0 2 0 1 0 0 1 0 0 3 1 0 0 0 0 1 0 0 1 0 0 0 0
5 8 8 2 9 23 2 5 2 1 3 4 1 1 0 25 28 17 3 5 5 18 0 1 2 1 4 3 3 3 6 0 0 2 0 0 2 2 4 0 1 0 2 0 0 1 0 2 2 0 0 1 0 2 0 0 0 0 0 0 1 0 0 0 0 0 0 0 0 0 0 0 0
6 15 8 7 31 40 7 2 1 7 21 10 6 6 2 68 79 49 12 24 18 15 0 0 13 11 27 16 19 48 25 3 4 1 0 2 1 4 1 2 9 4 4 6 2 5 8 10 22 0 0 1 1 2 0 0 1 4 1 7 7 2 0 0 0 1 5 5 1 0 0 0 0
3 6 2 1 7 5 3 0 1 1 3 1 1 0 0 15 6 2 1 8 1 0 1 0 1 2 2 1 1 3 0 0 1 0 0 1 1 2 0 0 2 0 0 0 0 0 1 1 0 0 0 0 0 1 0 0 0 0 0 1 0 0 0 0 0 0 0 0 0 0 0 0 0
3 7 3 0 7 12 5 1 1 2 0 0 0 0 0 10 13 10 1 10 8 5 1 0 2 0 0 1 3 0 0 2 0 0 0 1 0 2 1 1 0 0 0 0 0 1 0 0 0 0 0 1 0 0 0 0 0 0 0 0 0 0 0 0 0 0 0 0 0 0 0 0 0
5 13 7 3 13 35 7 3 2 6 7 5 3 2 0 27 33 41 5 10 16 18 0 0 6 2 9 2 16 9 14 4 1 2 0 1 1 7 4 2 4 0 2 2 0 1 2 6 7 0 0 2 0 2 0 0 0 0 0 2 3 1 0 0 0 1 0 0 0 0 0 0 0
7 16 11 10 38 52 5 3 1 8 26 17 8 12 3 101 121 58 19 26 16 21 0 0 20 15 35 20 27 64 42 3 1 2 0 1 2 4 2 2 9 9 8 10 4 8 16 20 43 0 0 1 1 2 0 0 0 3 2 4 10 8 0 0 0 3 8 10 1 1 0 0 0
7 18 11 10 47 59 7 3 1 10 33 17 7 12 3 100 151 79 19 32 23 25 1 0 24 21 50 32 34 88 47 1 6 2 0 3 2 4 2 4 9 12 8 13 4 12 13 17 52 0 0 1 2 2 0 0 1 7 2 8 9 8 0 0 0 2 7 10 1 1 0 0 0
4 8 5 1 14 15 5 2 1 6 3 2 2 0 0 26 28 2 4 12 7 7 1 0 13 0 5 9 11 5 0 4 1 1 0 1 0 3 1 4 4 0 0 2 0 5 3 4 0 0 0 1 0 1 0 0 1 0 0 2 0 0 0 0 0 1 0 0 0 0 0 0 0
2 4 0 1 10 0 1 0 0 1 2 0 1 0 0 17 0 0 7 5 0 0 0 0 3 1 0 3 0 5 0 0 0 0 0 1 0 0 0 0 1 0 0 0 0 0 2 0 0 0 0 0 0 0 0 0 0 0 0 1 0 0 0 0 0 0 0 0 0 0 0 0 0
5 15 6 4 40 34 9 2 2 8 14 5 4 2 1 113 86 47 16 43 17 14 1 0 19 9 16 27 17 37 14 4 3 1 0 3 4 9 3 3 7 1 2 6 0 11 10 5 10 0 0 2 1 2 0 0 1 2 1 5 2 0 0 0 0 1 3 1 1 0 0 0 0
4 5 2 4 16 2 0 0 1 2 5 1 3 2 1 31 7 0 6 0 0 0 0 0 4 0 1 12 0 15 0 0 0 0 0 0 3 0 0 0 0 1 0 2 0 4 9 0 0 0 0 1 0 1 0 0 0 0 0 1 2 0 0 0 0 1 2 1 1 0 0 0 0
3 3 3 0 6 6 1 1 0 0 0 0 0 0 0 6 12 2 4 3 2 3 0 0 0 0 0 2 0 0 0 0 0 0 0 1 0 0 0 0 0 0 0 0 0 0 0 0 0 0 0 0 0 0 0 0 0 0 0 0 0 0 0 0 0 0 0 0 0 0 0 0 0
1 3 0 0 8 0 2 0 0 1 0 0 0 0 0 14 0 0 5 7 0 0 0 0 3 0 0 6 0 0 0 1 0 0 0 1 0 0 0 0 0 0 0 0 0 2 0 0 0 0 0 0 0 0 0 0 0 0 0 0 0 0 0 0 0 0 0 0 0 0 0 0 0
4 4 3 3 9 5 1 0 0 0 7 2 0 2 0 15 10 1 4 4 1 0 0 0 0 2 4 4 0 13 1 0 2 0 0 0 0 0 0 0 0 3 0 0 0 0 0 0 4 0 0 0 2 0 0 0 0 0 0 0 0 1 0 0 0 0 0 0 0 0 0 0 0
7 10 11 10 21 30 3 3 1 3 18 17 5 12 3 44 63 15 8 10 8 10 0 0 8 6 26 6 9 38 24 0 3 2 0 1 2 2 2 1 5 7 8 4 4 3 9 10 22 0 0 1 0 2 0 0 0 4 2 2 8 8 0 0 0 1 5 10 1 1 0 0 0
3 6 0 3 19 0 1 0 0 3 8 0 2 0 1 53 0 0 7 5 0 0 0 0 8 5 0 15 0 25 0 0 1 0 0 1 0 0 0 1 1 0 0 3 0 6 6 0 0 0 0 0 0 0 0 0 0 2 0 1 0 0 0 0 0 1 2 0 0 0 0 0 0
7 14 11 10 24 45 6 3 1 5 25 17 6 12 3 52 79 44 10 15 22 16 1 0 8 11 39 11 16 48 38 3 3 2 0 2 0 2 2 1 9 9 8 7 4 3 6 14 36 0 0 1 0 2 0 0 0 5 2 4 8 8 0 0 0 1 6 10 1 1 0 0 0
5 7 5 5 14 14 1 0 0 2 10 6 2 3 1 23 31 8 7 4 2 0 0 0 5 4 9 4 4 17 9 0 1 0 0 1 0 0 0 0 1 4 0 2 1 1 2 3 7 0 0 0 1 0 0 0 0 1 1 2 2 2 0 0 0 0 1 1 0 0 0 0 0
5 11 7 3 28 28 6 3 2 2 8 5 2 2 0 39 72 28 9 23 12 13 0 0 6 4 11 16 6 22 10 2 3 2 0 3 4 6 4 0 3 1 2 0 0 3 4 4 7 0 0 0 0 2 0 0 0 0 0 2 2 1 0 0 0 0 0 0 0 0 0 0 0
4 10 2 4 22 7 5 0 1 5 11 1 5 2 1 41 15 5 6 16 2 0 1 0 9 5 2 10 2 22 1 2 3 0 0 2 2 2 0 2 8 1 0 4 0 6 10 1 3 0 0 2 0 1 0 0 0 2 0 3 4 0 0 0 0 2 3 1 1 0 0 0 0
5 9 4 6 12 14 5 0 1 4 12 4 4 4 2 34 24 3 4 13 7 0 1 0 7 5 6 3 8 16 6 2 3 0 0 1 0 3 0 2 7 1 0 4 1 4 3 4 12 0 0 0 0 2 0 0 0 2 0 2 2 0 0 0 0 1 4 4 1 0 0 0 0
6 13 8 7 21 34 5 2 1 4 17 10 6 6 2 59 54 36 9 16 11 11 0 0 4 9 18 10 12 26 21 1 3 1 0 2 3 3 2 1 8 4 4 3 2 1 7 12 20 0 0 0 1 1 0 0 0 3 1 3 5 2 0 0 0 1 5 5 1 0 0 0 0
3 9 2 1 21 8 6 0 1 7 4 1 2 0 0 31 20 3 10 23 3 0 1 0 13 3 3 13 6 6 0 4 1 0 0 2 1 3 0 5 5 0 0 2 0 7 5 2 0 0 0 1 0 1 0 0 1 0 0 3 0 0 0 0 0 1 0 0 0 0 0 0 0
4 5 2 4 11 4 1 0 0 1 7 1 2 2 1 20 8 2 3 3 0 0 0 0 2 1 2 4 1 16 1 0 1 0 0 1 0 0 0 0 2 1 0 1 0 1 4 0 1 0 0 0 0 0 0 0 0 2 0 1 3 0 0 0 0 0 1 1 0 0 0 0 0
2 5 1 0 13 3 2 0 1 2 0 0 0 0 0 31 5 2 5 6 1 0 0 0 5 0 0 11 0 0 0 1 0 0 0 0 3 1 0 0 0 0 0 0 0 4 0 0 0 0 0 2 0 0 0 0 0 0 0 0 0 0 0 0 0 0 0 0 0 0 0 0 0
4 12 2 4 26 9 5 0 1 8 13 1 6 2 1 54 19 9 13 24 2 0 0 0 19 12 2 6 5 26 1 2 2 0 0 0 2 2 0 4 9 1 0 6 0 7 10 2 5 0 0 2 1 1 0 0 0 2 0 5 4 0 0 0 0 3 4 1 1 0 0 0 0
3 2 1 2 3 2 0 0 0 0 2 0 0 1 0 5 3 1 0 0 0 0 0 0 0 0 0 3 0 3 0 0 0 0 0 0 0 0 0 0 0 0 0 0 0 0 0 0 2 0 0 0 0 0 0 0 0 0 0 0 0 0 0 0 0 0 0 0 0 0 0 0 0
2 3 1 0 2 3 1 0 0 0 0 0 0 0 0 5 2 2 1 2 1 0 0 0 0 0 0 0 0 0 0 0 0 0 0 0 0 0 0 0 0 0 0 0 0 0 0 0 0 0 0 0 0 0 0 0 0 0 0 0 0 0 0 0 0 0 0 0 0 0 0 0 0
4 11 5 1 26 27 3 2 1 9 2 2 1 0 0 61 66 34 10 15 6 14 0 0 22 0 4 14 22 2 7 1 0 1 0 2 2 3 2 3 0 0 0 1 0 8 1 2 0 0 0 2 0 0 0 0 2 0 0 2 0 0 0 0 0 0 0 0 0 0 0 0 0
6 6 9 6 9 20 2 3 1 2 6 11 1 5 1 17 29 4 3 6 6 9 0 0 3 0 11 2 7 10 16 1 1 2 0 1 1 2 2 0 1 0 5 1 2 1 1 2 7 0 0 1 0 2 0 0 0 1 1 1 2 3 0 0 0 0 0 2 0 0 0 0 0
2 6 1 0 13 4 4 0 1 3 0 0 0 0 0 34 8 3 4 18 1 0 0 0 9 0 0 7 2 0 0 2 0 0 0 0 2 3 0 2 0 0 0 0 0 3 0 0 0 0 0 1 0 0 0 0 0 0 0 0 0 0 0 0 0 0 0 0 0 0 0 0 0
2 4 1 0 9 2 1 0 1 1 0 0 0 0 0 11 4 1 4 5 0 0 0 0 2 0 0 2 0 0 0 0 0 0 0 0 2 1 0 0 0 0 0 0 0 1 0 0 0 0 0 1 0 0 0 0 0 0 0 0 0 0 0 0 0 0 0 0 0 0 0 0 0
3 9 2 1 23 11 7 0 1 3 3 1 1 0 0 47 25 14 11 27 7 0 1 0 5 2 2 16 4 11 3 3 1 0 0 2 1 4 0 1 2 0 0 0 0 3 3 1 0 0 0 1 0 1 0 0 0 0 0 1 0 0 0 0 0 0 0 0 0 0 0 0 0
4 13 3 3 34 20 8 0 0 9 15 2 2 2 0 70 48 31 19 30 14 0 1 0 20 16 9 19 14 43 7 4 5 0 0 4 0 0 0 6 5 4 0 8 0 10 2 2 11 0 0 0 2 0 0 0 1 0 0 3 2 1 0 0 0 1 0 0 0 0 0 0 0
3 2 2 1 2 2 0 0 0 0 0 1 1 0 0 6 2 0 0 0 0 0 0 0 0 0 0 0 0 0 0 0 0 0 0 0 0 0 0 0 0 0 0 0 0 0 1 1 0 0 0 0 0 0 0 0 0 0 0 0 0 0 0 0 0 0 0 0 0 0 0 0 0
3 6 0 3 14 0 1 0 0 3 6 0 3 0 1 28 0 0 7 3 0 0 0 0 8 1 0 8 0 12 0 0 0 0 0 0 0 0 0 1 2 0 0 2 0 4 6 0 0 0 0 0 1 0 0 0 0 0 0 2 0 0 0 0 0 1 3 0 0 0 0 0 0
3 7 1 2 10 5 2 0 0 3 5 0 2 1 0 22 8 6 3 6 2 0 0 0 3 4 0 6 2 9 0 0 1 0 0 1 0 0 0 1 1 0 0 1 0 0 1 0 3 0 0 0 0 0 0 0 0 0 0 1 2 0 0 0 0 1 0 0 0 0 0 0 0
2 1 1 0 2 1 0 0 0 0 0 0 0 0 0 2 2 0 1 0 0 0 0 0 0 0 0 0 0 0 0 0 0 0 0 0 0 0 0 0 0 0 0 0 0 0 0 0 0 0 0 0 0 0 0 0 0 0 0 0 0 0 0 0 0 0 0 0 0 0 0 0 0
4 7 4 2 10 12 3 0 1 4 5 4 1 0 0 19 15 5 2 7 3 0 0 0 3 0 8 4 7 8 5 1 2 0 0 1 2 3 0 2 1 0 0 2 1 1 0 2 0 0 0 1 0 2 0 0 1 0 0 2 0 0 0 0 0 0 0 0 0 0 0 0 0
2 4 0 1 11 0 1 0 0 1 4 0 0 0 0 19 0 0 6 4 0 0 0 0 3 3 0 7 0 9 0 0 1 0 0 1 0 0 0 0 0 0 0 1 0 1 0 0 0 0 0 0 1 0 0 0 0 0 0 0 0 0 0 0 0 0 0 0 0 0 0 0 0
1 1 0 0 1 0 0 0 0 0 0 0 0 0 0 2 0 0 0 0 0 0 0 0 0 0 0 0 0 0 0 0 0 0 0 0 0 0 0 0 0 0 0 0 0 0 0 0 0 0 0 0 0 0 0 0 0 0 0 0 0 0 0 0 0 0 0 0 0 0 0 0 0
4 10 2 4 16 9 4 0 0 6 15 1 3 2 1 33 11 10 4 11 4 0 0 0 13 9 3 8 4 22 2 1 4 0 0 1 0 0 0 3 4 4 0 7 0 4 3 1 7 0 0 0 2 0 0 0 1 2 0 5 2 0 0 0 0 1 3 1 0 0 0 0 0
5 3 5 5 5 6 0 1 0 0 4 4 1 4 1 18 10 1 2 0 0 2 0 0 0 1 3 0 0 6 2 0 0 0 0 0 0 0 0 0 0 0 2 0 0 0 2 1 3 0 0 0 0 0 0 0 0 2 0 0 2 1 0 0 0 0 0 2 0 0 0 0 0
3 7 1 2 8 4 1 0 0 4 6 0 2 1 0 17 4 4 3 3 0 0 0 0 7 5 0 2 2 7 0 0 1 0 0 0 0 0 0 1 1 1 0 3 0 1 1 0 2 0 0 0 1 0 0 0 0 0 0 1 2 0 0 0 0 1 0 0 0 0 0 0 0
3 2 1 2 3 2 0 0 0 0 2 0 0 1 0 5 3 1 0 0 0 0 0 0 0 0 0 3 0 3 0 0 0 0 0 0 0 0 0 0 0 0 0 0 0 0 0 0 2 0 0 0 0 0 0 0 0 0 0 0 0 0 0 0 0 0 0 0 0 0 0 0 0
4 8 5 1 18 18 4 2 2 4 2 2 0 0 0 26 39 10 4 17 7 8 0 0 7 0 3 10 8 4 5 2 0 1 0 1 4 5 3 2 0 0 0 1 0 4 0 0 0 0 0 3 0 1 0 0 0 0 0 0 0 0 0 0 0 0 0 0 0 0 0 0 0
3 10 3 0 21 16 7 1 2 5 0 0 0 0 0 60 32 21 7 27 6 6 0 0 12 0 0 10 8 0 0 4 0 0 0 2 4 8 2 2 0 0 0 0 0 3 0 0 0 0 0 2 0 0 0 0 0 0 0 0 0 0 0 0 0 0 0 0 0 0 0 0 0
5 5 5 5 8 11 1 0 0 0 7 6 1 3 1 24 23 6 3 5 3 0 0 0 0 2 10 6 0 9 8 0 1 0 0 1 0 0 0 0 0 1 0 0 1 0 0 1 4 0 0 0 0 0 0 0 0 1 1 0 1 2 0 0 0 0 1 1 0 0 0 0 0
1 2 0 0 2 0 0 0 0 1 0 0 0 0 0 2 0 0 0 0 0 0 0 0 0 0 0 0 0 0 0 0 0 0 0 0 0 0 0 0 0 0 0 0 0 1 0 0 0 0 0 0 0 0 0 0 0 0 0 0 0 0 0 0 0 0 0 0 0 0 0 0 0
3 6 0 3 10 0 2 0 0 2 8 0 2 0 1 20 0 0 3 6 0 0 0 0 4 4 0 3 0 14 0 1 1 0 0 1 0 0 0 0 3 0 0 2 0 1 2 0 0 0 0 0 0 0 0 0 0 2 0 2 0 0 0 0 0 0 2 0 0 0 0 0 0
2 5 0 1 6 0 1 0 0 3 1 0 2 0 0 8 0 0 0 2 0 0 0 0 5 0 0 1 0 1 0 0 0 0 0 0 0 0 0 1 1 0 0 0 0 1 2 0 0 0 0 0 0 0 0 0 0 0 0 1 0 0 0 0 0 1 0 0 0 0 0 0 0
1 2 0 0 3 0 1 0 0 0 0 0 0 0 0 6 0 0 1 3 0 0 0 0 0 0 0 0 0 0 0 0 0 0 0 0 0 0 0 0 0 0 0 0 0 0 0 0 0 0 0 0 0 0 0 0 0 0 0 0 0 0 0 0 0 0 0 0 0 0 0 0 0
4 4 2 4 4 3 0 0 0 1 7 1 1 2 1 13 3 0 1 0 0 0 0 0 2 3 3 0 1 8 0 0 0 0 0 0 0 0 0 0 0 1 0 1 0 0 0 0 2 0 0 0 0 0 0 0 0 2 0 1 1 0 0 0 0 0 1 1 0 0 0 0 0
4 6 3 3 7 8 1 0 0 1 6 3 2 0 1 21 15 5 3 1 1 0 0 0 2 3 6 4 1 5 3 0 0 0 0 0 0 0 0 0 2 0 0 1 0 0 0 2 0 0 0 0 0 0 0 0 0 1 1 1 0 0 0 0 0 0 2 0 0 0 0 0 0
