6 17 11 4 36 60 7 6 2 13 11 12 5 2 0 80 125 76 13 25 20 46 1 1 28 6 31 22 46 25 32 4 2 4 0 2 2 7 5 6 6 0 6 5 4 9 8 15 8 0 0 4 0 2 0 0 2 0 0 6 3 0 0 0 0 2 0 0 1 0 0 0 0
4 13 3 3 30 21 7 0 0 10 14 2 2 2 0 69 47 36 12 25 13 0 1 0 24 14 9 20 17 37 8 4 4 0 0 2 0 0 0 6 4 3 0 9 0 10 1 2 11 0 0 0 1 0 0 0 1 0 0 2 2 1 0 0 0 1 0 0 0 0 0 0 0
7 11 13 8 31 43 1 7 0 5 15 18 4 8 2 92 115 31 16 5 3 36 0 1 16 5 32 19 22 47 32 0 1 6 0 0 0 0 0 0 2 3 12 2 4 4 8 11 18 0 0 0 1 0 0 0 1 4 2 6 7 4 0 0 0 0 2 6 0 0 0 0 0
6 15 7 8 33 37 6 0 0 8 26 10 6 8 2 75 81 48 13 22 17 0 1 0 18 18 28 19 20 55 29 2 4 0 0 1 0 0 0 3 9 10 0 11 2 8 11 12 32 0 0 0 1 0 0 0 0 3 2 5 6 6 0 0 0 2 6 4 0 1 0 0 0
6 12 7 8 23 31 4 1 0 8 23 8 3 9 2 48 56 25 5 18 11 8 0 0 18 13 22 15 22 46 19 1 5 0 0 0 0 0 0 4 4 9 3 11 1 3 2 5 34 0 0 0 2 0 0 0 1 4 0 5 4 4 0 0 0 1 3 6 0 1 0 0 0
6 14 8 7 23 37 7 2 2 8 17 10 6 6 2 50 56 31 5 24 15 12 1 0 14 9 20 11 24 32 24 3 3 1 0 1 3 7 3 4 10 2 4 5 2 2 7 10 21 0 0 2 0 3 0 0 1 3 1 5 6 2 0 0 0 2 4 5 2 0 0 0 0
3 9 0 3 24 0 5 0 0 5 12 0 3 0 1 58 0 0 12 24 0 0 1 0 14 11 0 14 0 35 0 2 3 0 0 1 0 0 0 2 7 0 0 5 0 6 5 0 0 0 0 0 0 0 0 0 0 3 0 3 0 0 0 0 0 1 3 0 0 0 0 0 0
5 15 7 3 40 39 8 2 2 9 9 7 4 1 0 78 104 54 14 37 17 14 1 0 21 5 20 29 23 29 19 4 1 1 0 2 4 7 3 3 7 0 2 4 2 13 6 9 4 0 0 3 0 2 0 0 1 0 0 4 1 0 0 0 0 1 0 0 1 0 0 0 0
6 13 8 7 26 36 3 2 1 8 15 10 6 6 2 67 64 34 12 10 8 11 0 0 16 7 16 8 24 32 26 1 1 1 0 1 2 2 2 3 4 3 4 4 2 5 10 12 19 0 0 2 1 1 0 0 1 2 1 6 6 2 0 0 0 2 4 5 1 0 0 0 0
5 15 7 3 40 39 8 2 2 10 7 7 5 1 0 83 103 53 13 35 17 13 1 0 21 2 15 24 26 20 20 5 1 1 0 3 4 7 3 5 7 0 2 3 2 15 11 12 3 0 0 3 0 2 0 0 1 0 0 4 1 0 0 0 0 2 0 0 1 0 0 0 0
5 11 5 5 33 23 6 0 0 6 15 6 3 3 1 70 72 27 16 33 15 0 1 0 16 4 17 23 12 44 16 2 4 0 0 3 0 0 0 3 5 4 0 8 1 9 7 4 9 0 0 0 0 0 0 0 0 2 1 2 3 2 0 0 0 1 2 1 0 0 0 0 0
4 10 2 4 29 10 5 0 1 5 12 1 3 2 1 49 26 10 10 28 5 0 1 0 14 8 3 23 5 34 3 2 2 0 0 2 3 4 0 2 4 1 0 5 0 7 9 0 8 0 0 1 0 1 0 0 0 2 0 2 2 0 0 0 0 1 2 1 1 0 0 0 0
7 18 13 8 42 65 8 7 3 10 19 18 9 8 2 57 143 79 16 35 24 44 1 1 22 8 35 20 39 48 48 3 3 6 0 2 7 9 8 4 12 2 12 6 4 9 19 25 27 0 0 3 0 4 0 0 1 3 2 6 9 4 0 0 0 3 5 6 3 0 0 0 0
4 12 3 3 27 20 8 0 0 8 10 2 3 2 0 64 43 29 7 32 15 0 1 0 12 6 6 17 14 24 8 5 3 0 0 2 0 0 0 5 6 1 0 4 0 7 5 3 9 0 0 0 0 0 0 0 1 0 0 4 3 1 0 0 0 1 0 0 0 0 0 0 0
5 13 5 5 27 24 6 1 2 6 12 4 6 4 1 65 53 29 9 23 8 5 0 0 11 5 6 11 11 26 10 2 1 0 0 2 3 6 2 2 9 1 2 4 0 6 9 6 13 0 0 2 0 2 0 0 0 1 0 3 5 1 0 0 0 2 3 2 2 0 0 0 0
6 13 8 7 31 38 6 2 1 7 15 10 5 6 2 60 94 40 13 27 19 12 1 0 18 3 19 19 23 39 29 3 2 1 0 1 1 3 2 3 6 2 4 6 2 9 7 11 21 0 0 0 1 1 0 0 1 2 1 4 3 2 0 0 0 1 4 5 1 0 0 0 0
4 12 2 4 33 12 5 0 0 8 16 1 4 2 1 61 32 18 14 25 5 0 0 0 17 15 2 17 8 42 3 2 3 0 0 2 0 0 0 4 7 4 0 9 0 12 9 2 10 0 0 0 2 0 0 0 0 1 0 3 2 0 0 0 0 2 4 1 0 0 0 0 0
6 19 11 4 33 67 8 6 2 15 10 12 7 2 0 62 117 100 7 28 24 49 0 1 32 5 30 18 54 24 38 3 0 4 0 1 1 7 6 7 9 0 6 3 4 10 5 21 7 0 0 3 0 0 0 0 3 0 0 9 3 0 0 0 0 3 0 0 2 0 0 0 0
7 14 11 10 29 45 4 3 0 7 27 17 6 12 3 49 86 41 10 19 11 20 0 0 12 15 39 16 26 59 35 0 6 2 0 2 0 0 0 2 7 12 8 7 4 4 9 14 38 0 0 0 2 0 0 0 1 6 2 7 10 8 0 0 0 1 6 10 0 1 0 0 0
6 15 8 7 27 39 7 2 2 7 18 10 7 6 2 40 74 45 4 30 18 12 1 0 6 10 20 13 18 29 26 3 1 1 0 1 3 7 3 2 9 4 4 7 2 9 9 12 21 0 0 2 1 3 0 0 0 1 1 4 6 2 0 0 0 2 6 5 2 0 0 0 0
5 13 4 6 31 20 7 0 1 6 18 4 6 4 2 53 47 24 11 31 10 0 1 0 9 11 8 17 9 47 9 3 3 0 0 3 2 4 0 2 11 3 0 7 1 8 11 6 16 0 0 1 0 2 0 0 0 3 0 3 4 0 0 0 0 2 6 4 1 0 0 0 0
6 15 8 7 28 39 6 2 2 7 16 10 8 6 2 36 68 47 4 23 12 11 0 0 5 7 15 12 19 31 25 2 1 1 0 1 4 6 3 2 11 2 4 5 2 8 14 16 22 0 0 2 0 3 0 0 0 1 1 3 6 2 0 0 0 3 6 5 2 0 0 0 0
6 13 8 7 28 33 5 2 2 4 16 10 6 6 2 68 77 34 12 20 12 9 0 0 8 8 19 10 10 33 22 1 1 1 0 2 3 5 3 1 7 3 4 4 2 3 9 10 17 0 0 1 1 3 0 0 0 2 1 3 5 2 0 0 0 1 5 5 2 0 0 0 0
7 21 13 8 23 75 14 7 4 10 25 18 9 8 2 40 85 106 2 33 44 51 3 1 8 17 47 11 35 32 53 7 5 6 0 2 2 18 11 3 17 4 12 10 4 6 4 24 35 0 0 4 0 6 0 0 0 4 2 5 9 4 0 0 0 3 6 6 3 0 0 0 0
7 11 11 10 18 35 2 3 1 3 17 17 6 12 3 38 58 27 7 6 7 12 0 0 6 6 22 8 11 30 29 0 0 2 0 0 0 1 2 1 4 6 8 3 4 4 8 15 28 0 0 0 1 2 0 0 0 1 2 2 7 8 0 0 0 1 6 10 1 1 0 0 0
4 10 2 4 26 9 3 0 0 7 15 1 3 2 1 50 20 10 13 16 2 0 0 0 19 10 3 16 6 37 2 1 3 0 0 1 0 0 0 3 4 4 0 8 0 7 7 1 7 0 0 0 1 0 0 0 1 2 0 5 2 0 0 0 0 1 3 1 0 0 0 0 0
5 16 6 4 26 37 10 2 2 9 13 5 5 2 1 53 60 57 4 32 21 15 1 0 11 9 14 9 21 20 17 4 2 1 0 1 3 8 3 5 9 1 2 5 0 8 5 7 9 0 0 2 1 2 0 0 0 1 1 4 2 0 0 0 0 2 4 1 1 0 0 0 0
5 12 7 3 30 35 4 3 1 7 5 5 3 2 0 48 90 39 15 17 10 21 0 0 16 2 6 18 23 14 16 2 0 2 0 1 2 4 2 2 2 0 2 1 0 9 5 6 5 0 0 1 0 1 0 0 1 0 0 1 3 1 0 0 0 1 0 0 0 0 0 0 0
5 7 5 5 15 15 1 0 0 1 9 6 2 3 1 43 31 10 8 6 2 0 0 0 3 4 8 11 3 24 10 0 1 0 0 0 0 0 0 0 1 3 0 0 1 1 1 4 8 0 0 0 1 0 0 0 0 1 1 1 1 2 0 0 0 0 1 1 0 0 0 0 0
4 9 4 2 18 18 6 0 0 6 5 4 2 0 0 40 36 14 6 19 12 0 1 0 14 0 10 10 12 10 9 4 2 0 0 2 0 0 0 4 4 0 0 2 1 7 3 4 0 0 0 0 0 0 0 0 1 0 0 2 0 0 0 0 0 1 0 0 0 0 0 0 0
6 14 9 6 32 40 4 3 1 7 16 11 6 5 1 86 94 43 12 17 9 19 0 0 14 12 23 19 20 33 23 1 2 2 0 1 3 3 2 2 6 4 5 6 2 7 11 13 16 0 0 1 0 1 0 0 0 2 1 4 6 3 0 0 0 2 3 2 1 0 0 0 0
6 11 7 8 22 25 3 1 1 3 20 8 4 9 2 39 51 22 9 10 7 5 0 0 3 11 17 10 6 42 14 0 3 0 0 1 1 2 1 1 3 8 3 4 1 3 5 5 26 0 0 1 1 2 0 0 0 3 0 2 5 4 0 0 0 1 4 6 1 1 0 0 0
5 11 4 6 26 20 2 0 0 6 14 4 5 4 2 46 44 24 11 11 4 0 0 0 15 7 4 14 12 35 10 0 1 0 0 1 0 0 0 2 3 2 0 5 1 6 10 8 18 0 0 0 1 0 0 0 0 2 0 3 2 0 0 0 0 2 5 4 0 0 0 0 0
5 7 4 6 17 14 1 0 0 3 10 4 2 4 2 45 34 10 8 5 2 0 0 0 7 1 6 9 6 23 7 0 1 0 0 1 0 0 0 1 1 0 0 3 1 5 5 4 14 0 0 0 0 0 0 0 0 3 0 1 0 0 0 0 0 1 2 4 0 0 0 0 0
4 9 4 2 25 15 4 1 1 4 4 2 3 1 0 60 41 11 7 26 5 5 1 0 8 3 4 19 6 14 2 2 1 0 0 1 2 3 1 1 3 0 1 2 0 8 7 3 3 0 0 1 0 0 0 0 0 0 0 1 1 0 0 0 0 1 0 0 1 0 0 0 0
4 13 2 4 31 13 10 0 1 9 14 1 5 2 1 58 29 17 9 46 9 0 2 0 19 8 2 16 10 35 4 6 4 0 0 3 2 5 0 6 12 1 0 6 0 10 9 1 9 0 0 2 0 1 0 0 1 2 0 5 4 0 0 0 0 2 3 1 1 0 0 0 0
4 9 2 4 25 8 4 0 1 3 9 1 4 2 1 63 20 8 8 20 2 0 0 0 6 4 1 18 3 26 1 1 1 0 0 1 3 3 0 1 6 0 0 3 0 6 11 2 7 0 0 0 0 1 0 0 0 1 0 1 1 0 0 0 0 1 3 1 1 0 0 0 0
5 9 4 6 27 16 2 0 0 5 16 3 2 6 1 51 48 14 10 10 4 0 0 0 12 9 8 22 9 49 7 0 3 0 0 2 0 0 0 2 1 6 0 8 0 10 5 2 20 0 0 0 0 0 0 0 0 1 0 1 2 2 0 0 0 1 2 2 0 1 0 0 0
4 8 3 3 25 10 2 0 0 4 8 3 3 0 1 45 25 7 15 13 2 0 0 0 15 3 8 18 4 27 3 0 1 0 0 1 0 0 0 2 3 0 0 3 0 6 9 3 0 0 0 0 1 0 0 0 0 1 1 3 0 0 0 0 0 1 3 0 0 0 0 0 0
6 14 7 8 28 36 3 1 0 9 24 8 5 9 2 29 70 45 6 7 9 9 0 0 10 17 20 13 25 50 22 1 3 0 0 2 0 0 0 3 3 9 3 12 1 11 7 9 38 0 0 0 1 0 0 0 1 2 0 4 6 4 0 0 0 2 5 6 0 1 0 0 0
4 4 2 4 11 4 1 0 0 1 6 1 1 2 1 25 11 0 7 5 1 0 0 0 2 1 2 4 1 17 0 0 1 0 0 1 0 0 0 0 1 0 0 1 0 1 2 1 4 0 0 0 0 0 0 0 0 2 0 1 0 0 0 0 0 0 1 1 0 0 0 0 0
4 7 3 3 12 11 1 0 0 2 6 3 2 0 1 31 16 10 2 2 3 0 0 0 2 4 6 6 2 10 6 0 0 0 0 0 0 0 0 0 0 0 0 2 0 4 5 2 0 0 0 0 0 0 0 0 0 1 1 0 0 0 0 0 0 1 2 0 0 0 0 0 0
4 5 3 3 12 5 0 0 0 2 6 3 2 0 1 32 12 0 3 0 0 0 0 0 2 4 6 6 2 14 0 0 0 0 0 0 0 0 0 0 0 0 0 2 0 4 5 2 0 0 0 0 0 0 0 0 0 1 1 0 0 0 0 0 0 1 2 0 0 0 0 0 0
5 12 5 5 20 24 6 1 1 5 14 4 4 4 1 41 38 27 5 17 12 7 1 0 10 5 10 9 8 24 9 1 3 0 0 1 1 4 1 2 5 2 2 4 0 2 4 4 16 0 0 1 1 1 0 0 1 1 0 5 3 1 0 0 0 1 3 2 1 0 0 0 0
6 11 7 8 23 26 5 0 0 7 21 10 4 8 2 45 53 7 11 20 13 0 0 0 15 14 21 12 17 44 19 2 4 0 0 1 0 0 0 4 8 10 0 10 2 5 5 8 25 0 0 0 2 0 0 0 0 3 2 4 4 6 0 0 0 2 4 4 0 1 0 0 0
7 13 13 8 25 46 4 7 2 6 16 18 6 8 2 50 80 33 11 18 11 34 1 1 11 7 30 13 21 37 31 2 2 6 0 2 4 5 5 1 6 3 12 6 4 5 10 15 20 0 0 2 0 3 0 0 0 3 2 3 7 4 0 0 0 2 4 6 2 0 0 0 0
4 10 3 3 26 17 3 0 0 7 9 2 2 2 0 51 40 23 13 15 5 0 0 0 15 4 6 16 14 26 7 1 2 0 0 2 0 0 0 2 2 1 0 3 0 6 4 2 8 0 0 0 0 0 0 0 2 0 0 4 2 1 0 0 0 0 0 0 0 0 0 0 0
2 3 1 0 7 3 0 0 0 3 0 0 0 0 0 25 7 0 2 0 0 0 0 0 8 0 0 4 3 0 0 0 0 0 0 0 0 0 0 0 0 0 0 0 0 3 0 0 0 0 0 0 0 0 0 0 1 0 0 0 0 0 0 0 0 0 0 0 0 0 0 0 0
6 15 11 4 34 50 8 6 3 9 7 12 6 2 0 56 116 46 14 38 22 32 1 1 25 4 19 21 31 22 28 4 1 4 0 3 4 9 8 6 8 0 6 2 4 11 8 18 5 0 0 3 0 2 0 0 1 0 0 5 2 0 0 0 0 2 0 0 2 0 0 0 0
5 10 6 4 16 28 6 2 1 3 6 5 2 2 1 45 47 24 2 20 18 12 1 0 4 2 5 10 10 9 18 3 1 1 0 1 2 4 2 1 1 0 2 0 0 5 1 3 6 0 0 1 0 1 0 0 0 1 1 1 2 0 0 0 0 0 1 1 0 0 0 0 0
6 16 7 8 37 40 5 1 0 11 30 8 5 9 2 43 86 55 17 19 12 10 0 0 23 24 27 19 31 68 24 1 7 0 0 2 0 0 0 4 6 12 3 13 1 10 8 8 42 0 0 0 3 0 0 0 2 5 0 9 7 4 0 0 0 1 5 6 0 1 0 0 0
7 16 13 8 29 59 7 7 3 8 19 18 6 8 2 61 109 61 4 24 24 43 1 1 12 9 37 16 29 37 44 3 2 6 0 1 3 9 8 2 7 4 12 9 4 8 8 15 27 0 0 4 0 5 0 0 0 1 2 2 6 4 0 0 0 2 5 6 2 0 0 0 0
6 14 8 7 29 39 8 2 1 8 19 10 5 6 2 81 83 38 10 28 22 14 1 0 17 9 24 13 27 44 28 5 4 1 0 2 1 5 2 4 9 4 4 5 2 9 5 8 20 0 0 1 0 1 0 0 1 5 1 5 7 2 0 0 0 1 3 5 1 0 0 0 0
5 7 4 6 17 14 1 0 0 3 10 4 2 4 2 45 34 10 8 5 2 0 0 0 7 1 6 9 6 23 7 0 1 0 0 1 0 0 0 1 1 0 0 3 1 5 5 4 14 0 0 0 0 0 0 0 0 3 0 1 0 0 0 0 0 1 2 4 0 0 0 0 0
5 11 4 6 27 19 2 0 0 7 19 3 3 6 1 67 46 22 14 5 4 0 0 0 15 10 9 13 13 46 8 1 1 0 0 1 0 0 0 2 3 7 0 9 0 7 4 3 23 0 0 0 2 0 0 0 1 1 0 4 3 2 0 0 0 1 3 2 0 1 0 0 0
4 10 4 2 17 19 6 1 2 6 3 2 2 1 0 51 33 17 6 22 7 5 1 0 11 0 2 13 14 10 7 3 1 0 0 2 3 7 2 3 3 0 1 2 0 7 0 2 3 0 0 2 0 1 0 0 1 0 0 0 0 0 0 0 0 0 0 0 1 0 0 0 0
4 8 5 1 19 18 2 2 0 4 2 2 2 0 0 31 39 13 8 9 4 10 0 0 9 1 4 11 8 6 2 0 0 1 0 2 0 0 0 2 2 0 0 0 0 7 5 4 0 0 0 0 0 0 0 0 0 0 0 2 0 0 0 0 0 1 0 0 0 0 0 0 0
6 8 7 8 18 17 2 1 1 3 13 8 4 9 2 37 38 5 5 8 4 3 0 0 5 3 10 10 6 31 9 0 1 0 0 1 2 2 1 1 3 4 3 4 1 5 7 5 15 0 0 1 0 2 0 0 0 2 0 2 5 4 0 0 0 1 4 6 1 1 0 0 0
5 11 6 4 30 27 6 2 2 8 7 5 3 2 1 40 64 17 15 28 12 11 1 0 19 0 6 17 21 24 15 4 1 1 0 3 5 7 3 5 4 0 2 3 0 10 8 3 6 0 0 3 0 2 0 0 1 1 1 3 3 0 0 0 0 1 1 1 1 0 0 0 0
4 4 2 4 15 4 1 0 0 2 8 0 0 4 0 38 15 0 9 6 1 0 0 0 6 2 0 13 2 28 0 0 2 0 0 1 0 0 0 1 0 4 0 4 0 4 0 0 8 0 0 0 1 0 0 0 0 0 0 0 0 0 0 0 0 0 0 0 0 1 0 0 0
4 4 5 1 8 10 0 2 0 2 2 2 0 0 0 18 17 4 5 0 0 6 0 0 4 0 4 6 5 7 2 0 0 1 0 0 0 0 0 0 0 0 0 1 0 2 0 0 0 0 0 0 0 0 0 0 0 0 0 0 0 0 0 0 0 0 0 0 0 0 0 0 0
3 8 1 2 18 3 2 0 1 5 3 0 4 1 0 42 5 2 4 7 0 0 0 0 9 1 0 10 1 6 0 0 0 0 0 1 2 1 0 2 3 0 0 0 0 6 8 0 1 0 0 2 0 0 0 0 0 0 0 3 2 0 0 0 0 2 0 0 1 0 0 0 0
2 4 1 0 10 4 1 0 0 2 0 0 0 0 0 28 10 3 5 4 1 0 0 0 4 0 0 4 2 0 0 0 0 0 0 1 0 0 0 1 0 0 0 0 0 3 0 0 0 0 0 0 0 0 0 0 0 0 0 0 0 0 0 0 0 0 0 0 0 0 0 0 0
4 10 2 4 21 7 4 0 1 6 11 1 5 2 1 42 17 3 8 16 2 0 0 0 10 7 2 8 4 23 0 2 1 0 0 1 1 2 0 3 7 1 0 5 0 7 7 2 5 0 0 1 1 1 0 0 0 1 0 4 2 0 0 0 0 2 4 1 1 0 0 0 0
5 13 8 2 27 36 6 5 2 9 4 4 4 1 0 41 68 34 6 26 13 29 0 1 15 2 7 13 26 10 7 2 0 2 0 1 4 6 4 4 5 0 2 0 0 8 8 8 2 0 0 3 0 1 0 0 1 0 0 3 2 0 0 0 0 2 0 0 1 0 0 0 0
7 13 11 10 25 44 3 3 0 6 22 17 6 12 3 54 81 41 11 12 10 19 0 0 10 9 32 11 22 46 37 0 3 2 0 2 0 0 0 2 5 8 8 7 4 3 9 16 36 0 0 0 1 0 0 0 0 3 2 3 8 8 0 0 0 2 6 10 0 1 0 0 0
1 3 0 0 4 0 2 0 0 1 0 0 0 0 0 8 0 0 0 6 0 0 0 0 2 0 0 2 0 0 0 1 0 0 0 0 0 0 0 0 0 0 0 0 0 0 0 0 0 0 0 0 0 0 0 0 0 0 0 0 0 0 0 0 0 0 0 0 0 0 0 0 0
3 4 1 2 13 1 1 0 1 0 1 0 2 1 0 39 4 0 5 5 0 0 0 0 0 0 0 10 0 4 0 0 0 0 0 1 3 1 0 0 1 0 0 0 0 0 6 0 1 0 0 0 0 0 0 0 0 0 0 0 0 0 0 0 0 0 0 0 1 0 0 0 0
3 4 2 1 4 7 2 0 0 1 1 1 0 0 0 7 6 3 1 2 4 0 0 0 2 0 1 1 2 2 3 1 0 0 0 0 0 0 0 0 0 0 0 0 0 0 0 0 0 0 0 0 0 0 0 0 0 0 0 0 0 0 0 0 0 0 0 0 0 0 0 0 0
3 3 2 1 3 5 1 0 0 0 1 1 0 0 0 2 3 2 2 0 2 0 0 0 0 0 1 1 0 3 2 0 0 0 0 0 0 0 0 0 0 0 0 0 0 0 0 0 0 0 0 0 0 0 0 0 0 0 0 0 0 0 0 0 0 0 0 0 0 0 0 0 0
1 1 0 0 3 0 0 0 0 0 0 0 0 0 0 7 0 0 0 0 0 0 0 0 0 0 0 3 0 0 0 0 0 0 0 0 0 0 0 0 0 0 0 0 0 0 0 0 0 0 0 0 0 0 0 0 0 0 0 0 0 0 0 0 0 0 0 0 0 0 0 0 0
5 12 5 5 16 23 4 1 1 8 13 4 5 4 1 36 30 20 4 13 6 6 0 0 13 6 8 5 16 16 9 1 1 0 0 1 1 3 1 4 6 2 2 4 0 5 3 5 13 0 0 2 1 1 0 0 1 1 0 6 5 1 0 0 0 2 3 2 1 0 0 0 0
3 6 0 3 23 0 1 0 0 3 8 0 2 0 1 47 0 0 16 6 0 0 0 0 12 3 0 19 0 28 0 0 1 0 0 1 0 0 0 0 1 0 0 2 0 4 6 0 0 0 0 0 1 0 0 0 1 2 0 4 0 0 0 0 0 0 2 0 0 0 0 0 0
5 9 5 5 14 15 2 1 1 5 11 4 4 4 1 35 21 8 4 5 2 4 0 0 10 2 7 9 8 21 3 1 1 0 0 0 0 2 1 2 3 2 2 4 0 3 3 4 10 0 0 1 1 1 0 0 1 1 0 5 3 1 0 0 0 1 3 2 1 0 0 0 0
3 6 1 2 14 3 4 0 1 2 3 0 2 1 0 42 11 0 7 18 1 0 1 0 6 0 0 9 2 11 0 2 1 0 0 2 1 3 0 1 3 0 0 2 0 4 2 0 3 0 0 0 0 0 0 0 0 0 0 0 0 0 0 0 0 0 0 0 1 0 0 0 0
2 3 1 0 7 3 2 0 0 1 0 0 0 0 0 19 7 0 2 8 2 0 0 0 2 0 0 4 1 0 0 1 0 0 0 0 0 0 0 0 0 0 0 0 0 2 0 0 0 0 0 0 0 0 0 0 0 0 0 0 0 0 0 0 0 0 0 0 0 0 0 0 0
2 4 1 0 7 4 2 0 0 1 0 0 0 0 0 18 7 3 2 8 2 0 0 0 2 0 0 4 1 0 0 1 0 0 0 0 0 0 0 0 0 0 0 0 0 2 0 0 0 0 0 0 0 0 0 0 0 0 0 0 0 0 0 0 0 0 0 0 0 0 0 0 0
4 9 2 4 22 10 6 0 1 6 9 1 3 2 1 54 16 4 8 22 7 0 1 0 10 1 1 15 9 24 4 4 2 0 0 2 3 4 0 4 5 0 0 3 0 5 8 0 7 0 0 1 0 1 0 0 1 2 0 3 3 0 0 0 0 1 1 1 1 0 0 0 0
3 2 3 0 1 4 0 1 0 1 0 0 0 0 0 3 2 0 0 0 0 2 0 0 1 0 0 0 2 0 0 0 0 0 0 0 0 0 0 0 0 0 0 0 0 0 0 0 0 0 0 0 0 0 0 0 0 0 0 0 0 0 0 0 0 0 0 0 0 0 0 0 0
5 16 5 5 40 32 11 1 2 9 16 4 6 4 1 70 71 50 13 47 19 8 2 0 15 10 10 25 19 41 14 6 3 0 0 3 5 10 2 4 12 1 2 7 0 13 16 6 19 0 0 2 0 2 0 0 0 2 0 4 5 1 0 0 0 2 3 2 2 0 0 0 0
4 4 2 4 11 4 1 0 0 1 6 1 1 2 1 25 11 0 7 5 1 0 0 0 2 1 2 4 1 17 0 0 1 0 0 1 0 0 0 0 1 0 0 1 0 1 2 1 4 0 0 0 0 0 0 0 0 2 0 1 0 0 0 0 0 0 1 1 0 0 0 0 0
1 1 0 0 3 0 0 0 0 0 0 0 0 0 0 7 0 0 2 0 0 0 0 0 0 0 0 1 0 0 0 0 0 0 0 0 0 0 0 0 0 0 0 0 0 0 0 0 0 0 0 0 0 0 0 0 0 0 0 0 0 0 0 0 0 0 0 0 0 0 0 0 0
2 3 1 0 7 3 1 0 0 0 0 0 0 0 0 13 7 2 1 4 1 0 0 0 0 0 0 5 0 0 0 0 0 0 0 0 0 0 0 0 0 0 0 0 0 0 0 0 0 0 0 0 0 0 0 0 0 0 0 0 0 0 0 0 0 0 0 0 0 0 0 0 0
2 1 1 0 3 1 0 0 0 0 0 0 0 0 0 7 3 0 2 0 0 0 0 0 0 0 0 1 0 0 0 0 0 0 0 0 0 0 0 0 0 0 0 0 0 0 0 0 0 0 0 0 0 0 0 0 0 0 0 0 0 0 0 0 0 0 0 0 0 0 0 0 0
6 13 8 7 29 39 5 2 1 7 14 10 5 6 2 42 87 42 7 24 15 14 1 0 13 3 16 18 21 33 28 2 2 1 0 2 2 4 2 2 4 1 4 7 2 9 9 12 25 0 0 1 0 1 0 0 0 1 1 2 2 2 0 0 0 2 4 5 1 0 0 0 0
7 10 11 10 24 32 2 3 1 1 16 17 5 12 3 52 77 23 12 8 6 12 0 0 4 5 22 7 4 39 26 0 1 2 0 1 2 2 2 0 3 5 8 0 4 0 10 12 26 0 0 0 1 2 0 0 0 2 2 2 6 8 0 0 0 0 5 10 1 1 0 0 0
5 12 5 5 21 23 4 1 1 6 13 4 5 4 1 47 38 25 8 13 7 6 0 0 13 6 8 3 10 23 9 0 2 0 0 1 1 2 1 3 5 2 2 3 0 3 6 5 13 0 0 2 1 1 0 0 0 1 0 5 5 1 0 0 0 2 3 2 1 0 0 0 0
1 1 0 0 1 0 0 0 0 0 0 0 0 0 0 3 0 0 0 0 0 0 0 0 0 0 0 0 0 0 0 0 0 0 0 0 0 0 0 0 0 0 0 0 0 0 0 0 0 0 0 0 0 0 0 0 0 0 0 0 0 0 0 0 0 0 0 0 0 0 0 0 0
1 2 0 0 2 0 1 0 0 0 0 0 0 0 0 1 0 0 0 2 0 0 0 0 0 0 0 1 0 0 0 0 0 0 0 0 0 0 0 0 0 0 0 0 0 0 0 0 0 0 0 0 0 0 0 0 0 0 0 0 0 0 0 0 0 0 0 0 0 0 0 0 0
2 4 0 1 8 0 0 0 0 2 0 0 2 0 0 22 0 0 2 0 0 0 0 0 4 0 0 2 0 0 0 0 0 0 0 0 0 0 0 0 0 0 0 0 0 2 4 0 0 0 0 0 0 0 0 0 0 0 0 0 0 0 0 0 0 1 0 0 0 0 0 0 0
3 5 3 0 6 10 0 1 0 3 0 0 0 0 0 13 12 7 0 0 0 5 0 0 6 0 0 2 6 0 0 0 0 0 0 0 0 0 0 0 0 0 0 0 0 2 0 0 0 0 0 0 0 0 0 0 1 0 0 0 0 0 0 0 0 0 0 0 0 0 0 0 0
1 2 0 0 2 0 1 0 0 0 0 0 0 0 0 1 0 0 0 2 0 0 0 0 0 0 0 1 0 0 0 0 0 0 0 0 0 0 0 0 0 0 0 0 0 0 0 0 0 0 0 0 0 0 0 0 0 0 0 0 0 0 0 0 0 0 0 0 0 0 0 0 0
3 6 2 1 17 6 2 0 0 4 2 1 2 0 0 25 17 0 6 8 2 0 0 0 8 1 2 13 4 5 0 0 0 0 0 2 0 0 0 2 2 0 0 0 0 7 5 2 0 0 0 0 0 0 0 0 0 0 0 2 0 0 0 0 0 1 0 0 0 0 0 0 0
1 4 0 0 13 0 4 0 0 2 0 0 0 0 0 27 0 0 6 23 0 0 1 0 4 0 0 9 0 0 0 2 0 0 0 2 0 0 0 1 0 0 0 0 0 4 0 0 0 0 0 0 0 0 0 0 0 0 0 0 0 0 0 0 0 0 0 0 0 0 0 0 0
2 2 1 0 4 2 1 0 0 0 0 0 0 0 0 6 4 0 0 4 1 0 0 0 0 0 0 3 0 0 0 0 0 0 0 0 0 0 0 0 0 0 0 0 0 0 0 0 0 0 0 0 0 0 0 0 0 0 0 0 0 0 0 0 0 0 0 0 0 0 0 0 0
1 2 0 0 6 0 0 0 0 1 0 0 0 0 0 17 0 0 2 0 0 0 0 0 2 0 0 4 0 0 0 0 0 0 0 0 0 0 0 0 0 0 0 0 0 2 0 0 0 0 0 0 0 0 0 0 0 0 0 0 0 0 0 0 0 0 0 0 0 0 0 0 0
1 3 0 0 5 0 0 0 0 3 0 0 0 0 0 12 0 0 0 0 0 0 0 0 6 0 0 2 0 0 0 0 0 0 0 0 0 0 0 0 0 0 0 0 0 2 0 0 0 0 0 0 0 0 0 0 1 0 0 0 0 0 0 0 0 0 0 0 0 0 0 0 0
1 1 0 0 2 0 0 0 0 0 0 0 0 0 0 4 0 0 1 0 0 0 0 0 0 0 0 0 0 0 0 0 0 0 0 0 0 0 0 0 0 0 0 0 0 0 0 0 0 0 0 0 0 0 0 0 0 0 0 0 0 0 0 0 0 0 0 0 0 0 0 0 0
2 2 0 1 5 0 0 0 0 0 2 0 0 0 0 2 0 0 3 0 0 0 0 0 0 1 0 1 0 5 0 0 0 0 0 0 0 0 0 0 0 0 0 0 0 0 0 0 0 0 0 0 0 0 0 0 0 0 0 0 0 0 0 0 0 0 0 0 0 0 0 0 0
2 4 0 1 9 0 1 0 0 1 4 0 0 0 0 17 0 0 5 2 0 0 0 0 3 4 0 7 0 9 0 0 1 0 0 0 0 0 0 0 0 0 0 1 0 2 0 0 0 0 0 0 0 0 0 0 0 0 0 0 0 0 0 0 0 0 0 0 0 0 0 0 0
