6 20 8 7 72 51 11 2 2 17 27 10 9 6 2 200 174 76 45 73 22 17 1 0 60 20 31 59 45 102 31 6 6 1 0 6 6 10 3 10 17 6 4 14 2 27 25 15 28 0 0 4 2 3 0 0 3 5 1 14 10 2 0 0 0 4 7 5 2 0 0 0 0
7 19 11 10 61 59 12 3 2 13 33 17 9 12 3 209 185 64 31 69 35 22 2 0 44 20 48 49 40 111 47 6 9 2 0 5 5 9 4 8 19 11 8 16 4 21 22 19 46 0 0 4 1 4 0 0 1 7 2 10 13 8 0 0 0 4 9 10 2 1 0 0 0
8 24 16 12 71 96 15 8 3 15 42 28 12 16 4 196 283 134 40 82 56 66 2 1 51 30 84 59 63 131 87 9 9 8 0 5 6 15 9 9 25 15 20 17 8 21 25 36 72 0 0 4 2 6 0 0 2 9 4 13 18 12 0 0 0 4 12 16 3 1 0 0 0
7 25 11 10 72 80 17 3 2 21 42 17 12 12 3 193 221 139 37 87 52 31 3 0 58 34 60 47 70 125 65 12 10 2 0 7 5 12 4 14 28 14 8 24 4 27 25 28 64 0 0 4 3 4 0 0 3 7 2 16 16 8 0 0 0 6 12 10 2 1 0 0 0
8 30 16 12 79 120 22 8 4 24 52 28 15 16 4 168 308 220 37 108 81 82 4 1 65 47 104 48 99 144 109 14 14 8 0 6 7 23 12 16 36 18 20 28 8 24 27 45 90 0 0 7 3 8 0 0 3 11 4 20 22 12 0 0 0 7 15 16 4 1 0 0 0
8 30 16 12 82 118 20 8 4 24 52 28 16 16 4 205 316 215 42 108 72 78 2 1 70 52 100 52 96 144 106 12 12 8 0 5 8 20 12 16 36 20 20 28 8 26 31 48 88 0 0 8 4 8 0 0 2 10 4 20 24 12 0 0 0 8 16 16 4 1 0 0 0
8 20 16 12 57 80 10 8 3 10 34 28 10 16 4 134 226 96 27 54 37 54 2 1 28 17 68 43 41 100 73 3 7 8 0 5 7 11 9 4 15 11 20 12 8 16 23 30 60 0 0 3 1 6 0 0 1 7 4 8 14 12 0 0 0 3 10 16 3 1 0 0 0
8 27 16 12 76 109 16 8 3 22 48 28 13 16 4 185 296 177 41 86 59 77 2 1 63 39 98 54 92 141 99 9 12 8 0 6 6 15 9 14 26 17 20 25 8 26 26 39 82 0 0 6 3 6 0 0 3 11 4 19 20 12 0 0 0 6 13 16 3 1 0 0 0
8 28 16 12 83 110 18 8 4 21 48 28 15 16 4 231 320 185 38 98 65 72 2 1 58 43 92 59 84 145 99 11 10 8 0 6 9 19 12 13 32 18 20 25 8 31 34 45 82 0 0 7 3 8 0 0 2 9 4 17 22 12 0 0 0 7 15 16 4 1 0 0 0
7 24 11 10 82 76 15 3 2 19 40 17 12 12 3 221 251 125 49 95 45 29 2 0 65 33 55 61 62 139 61 10 8 2 0 6 6 11 4 12 26 14 8 22 4 29 33 28 61 0 0 4 3 4 0 0 2 6 2 14 16 8 0 0 0 6 12 10 2 1 0 0 0
6 19 8 7 67 50 11 2 2 13 25 10 8 6 2 210 172 73 40 67 24 17 1 0 49 18 30 53 36 90 31 6 5 1 0 6 6 10 3 7 16 4 4 10 2 21 23 14 29 0 0 3 1 3 0 0 2 5 1 10 8 2 0 0 0 3 6 5 2 0 0 0 0
6 23 9 6 64 69 17 3 2 20 26 11 8 5 1 169 184 128 31 91 47 32 3 0 61 23 41 45 62 75 44 12 7 2 0 5 5 12 4 14 19 5 5 15 2 22 17 18 28 0 0 4 1 3 0 0 3 3 1 11 8 3 0 0 0 4 4 2 1 0 0 0 0
6 17 9 6 55 51 9 3 2 11 20 11 5 5 1 148 160 64 33 55 24 22 1 0 36 13 33 38 34 65 34 4 4 2 0 5 5 8 4 7 9 4 5 7 2 16 14 11 21 0 0 4 1 3 0 0 1 3 1 6 5 3 0 0 0 2 2 2 1 0 0 0 0
7 13 11 10 39 41 4 3 1 6 23 17 6 12 3 118 120 30 20 22 11 16 0 0 21 11 32 28 18 67 32 0 5 2 0 3 3 2 2 3 6 9 8 7 4 10 16 14 35 0 0 2 1 2 0 0 0 4 2 5 8 8 0 0 0 2 6 10 1 1 0 0 0
5 14 6 4 46 31 6 2 1 8 15 5 4 2 1 135 93 41 29 36 11 13 0 0 28 12 17 33 18 56 10 2 4 1 0 4 2 2 2 3 7 1 2 5 0 12 11 6 10 0 0 1 1 1 0 0 1 3 1 6 3 0 0 0 0 1 3 1 0 0 0 0 0
7 16 13 8 40 63 7 7 2 9 19 18 5 8 2 106 161 65 21 32 25 48 0 1 27 7 40 26 39 51 51 4 2 6 0 2 4 8 6 4 7 2 12 5 4 9 6 14 27 0 0 3 0 3 0 0 1 5 2 5 7 4 0 0 0 1 2 6 1 0 0 0 0
5 13 4 6 36 20 7 0 1 8 18 4 6 4 2 109 57 18 20 37 10 0 1 0 24 11 8 22 13 50 9 4 3 0 0 3 2 4 0 5 11 3 0 8 1 11 12 6 16 0 0 1 1 2 0 0 1 3 0 6 4 0 0 0 0 2 6 4 1 0 0 0 0
6 17 9 6 44 55 12 3 2 13 16 11 5 5 1 124 141 67 19 57 36 24 2 0 34 4 28 28 45 42 42 8 4 2 0 4 4 10 4 9 10 1 5 7 2 14 10 12 20 0 0 3 0 3 0 0 2 2 1 6 5 3 0 0 0 2 1 2 1 0 0 0 0
8 20 16 12 55 80 9 8 2 13 36 28 10 16 4 179 217 82 30 55 33 56 1 1 43 26 72 41 53 99 72 4 7 8 0 4 5 8 6 8 15 14 20 15 8 18 20 30 60 0 0 4 2 4 0 0 1 8 4 11 16 12 0 0 0 4 10 16 2 1 0 0 0
6 21 8 7 57 54 12 2 2 17 27 10 10 6 2 169 142 88 31 62 25 18 1 0 49 23 29 36 45 75 33 7 5 1 0 4 4 10 3 10 20 6 4 14 2 20 20 18 30 0 0 4 2 3 0 0 2 4 1 12 10 2 0 0 0 5 8 5 2 0 0 0 0
8 24 16 12 61 96 14 8 3 15 42 28 12 16 4 171 241 136 31 66 51 66 1 1 45 32 84 44 63 115 87 7 10 8 0 4 4 13 9 8 24 15 20 17 8 18 21 36 72 0 0 4 2 6 0 0 2 9 4 13 18 12 0 0 0 4 12 16 3 1 0 0 0
4 14 2 4 51 12 8 0 1 11 16 1 6 2 1 170 39 17 32 55 4 0 1 0 41 15 3 43 9 60 2 4 4 0 0 4 3 4 0 7 12 1 0 8 0 18 18 2 8 0 0 2 1 1 0 0 1 3 0 8 4 0 0 0 0 3 4 1 1 0 0 0 0
4 12 3 3 33 18 7 0 0 6 12 3 3 0 1 75 43 27 16 36 11 0 1 0 15 11 12 20 8 39 9 3 3 0 0 2 0 0 0 2 7 0 0 5 0 8 7 3 0 0 0 0 0 0 0 0 0 3 1 3 0 0 0 0 0 1 3 0 0 0 0 0 0
8 29 16 12 90 115 20 8 4 23 50 28 15 16 4 208 347 201 44 112 73 77 3 1 64 45 98 66 94 159 104 13 12 8 0 8 10 21 12 15 34 18 20 27 8 33 36 45 86 0 0 7 3 8 0 0 3 10 4 19 22 12 0 0 0 7 15 16 4 1 0 0 0
8 24 16 12 77 96 14 8 3 19 42 28 12 16 4 223 300 127 44 81 52 66 2 1 60 29 84 57 80 141 87 9 9 8 0 6 7 14 9 12 23 15 20 21 8 27 28 36 72 0 0 5 3 6 0 0 3 9 4 17 18 12 0 0 0 5 12 16 3 1 0 0 0
7 25 11 10 78 79 17 3 2 19 45 17 11 12 3 163 238 137 43 98 52 30 3 0 59 44 66 59 61 145 63 10 12 2 0 6 5 11 4 12 27 17 8 24 4 26 25 25 66 0 0 4 3 4 0 0 2 9 2 15 15 8 0 0 0 5 11 10 2 1 0 0 0
4 8 5 1 17 21 2 2 0 3 1 2 1 0 0 42 47 21 5 7 5 13 0 0 12 0 2 8 9 2 5 0 0 1 0 0 0 0 0 0 1 0 0 0 0 3 1 2 0 0 0 0 0 0 0 0 1 0 0 0 0 0 0 0 0 0 0 0 0 0 0 0 0
5 13 6 4 34 32 8 1 1 6 14 6 2 3 0 92 83 39 18 36 18 8 1 0 19 8 19 19 16 37 17 3 5 0 0 4 3 4 1 3 5 3 2 4 1 8 2 4 13 0 0 2 1 2 0 0 1 0 0 2 2 2 0 0 0 0 0 0 0 0 0 0 0
4 5 4 2 7 12 1 1 0 1 3 2 0 1 0 17 16 8 1 5 2 5 0 0 2 0 3 4 3 5 4 0 1 0 0 0 0 0 0 0 0 0 1 0 0 0 0 0 3 0 0 0 0 0 0 0 0 0 0 0 0 0 0 0 0 0 0 0 0 0 0 0 0
6 17 11 4 50 58 11 6 3 11 11 12 5 2 0 110 171 64 27 60 31 42 2 1 38 6 29 37 38 31 30 6 2 4 0 4 5 12 7 7 10 0 6 3 4 17 14 15 8 0 0 4 0 4 0 0 1 0 0 6 3 0 0 0 0 2 0 0 1 0 0 0 0
6 16 9 6 53 44 7 3 1 11 20 11 7 5 1 149 143 49 30 42 17 19 1 0 36 16 29 42 30 72 23 4 5 2 0 4 2 3 2 6 10 6 5 11 2 18 17 16 20 0 0 1 2 1 0 0 1 2 1 7 6 3 0 0 0 3 4 2 1 0 0 0 0
6 14 9 6 24 39 7 3 2 5 15 11 6 5 1 71 65 39 3 28 17 16 1 0 10 9 21 11 13 28 22 3 2 2 0 1 4 7 4 1 9 2 5 5 2 3 8 13 16 0 0 1 0 3 0 0 0 2 1 2 6 3 0 0 0 2 3 2 1 0 0 0 0
5 15 5 5 45 32 8 0 0 11 20 6 4 3 1 117 94 47 24 43 20 0 1 0 33 18 22 32 25 59 22 4 5 0 0 3 0 0 0 7 7 5 0 10 1 14 10 6 14 0 0 0 1 0 0 0 1 3 1 5 4 2 0 0 0 2 2 1 0 0 0 0 0
8 26 16 12 80 102 16 8 4 17 44 28 14 16 4 221 312 158 39 93 58 66 2 1 49 37 84 57 67 137 92 9 8 8 0 6 10 18 12 9 28 16 20 21 8 27 34 42 76 0 0 6 2 8 0 0 1 8 4 13 20 12 0 0 0 6 14 16 4 1 0 0 0
7 18 13 8 59 65 6 7 1 13 27 18 7 8 2 188 199 75 37 39 17 54 0 1 46 17 55 48 49 95 40 2 5 6 0 4 3 4 2 5 10 7 12 11 4 16 18 17 32 0 0 2 2 2 0 0 3 5 2 12 10 4 0 0 0 2 6 6 1 0 0 0 0
7 26 13 8 62 93 19 7 4 20 33 18 11 8 2 163 210 164 25 83 59 66 3 1 53 27 63 34 71 87 64 12 8 6 0 5 6 21 11 13 26 7 12 18 4 18 19 29 44 0 0 7 2 6 0 0 2 5 2 14 12 4 0 0 0 5 8 6 3 0 0 0 0
6 15 8 7 42 34 8 2 2 9 21 10 8 6 2 146 88 28 21 42 15 10 1 0 30 12 21 31 19 64 16 5 4 1 0 2 5 7 3 5 14 6 4 10 2 13 18 13 20 0 0 3 1 3 0 0 1 3 1 7 8 2 0 0 0 3 7 5 2 0 0 0 0
5 10 8 2 26 29 4 5 1 2 5 4 2 1 0 59 69 25 12 21 9 25 0 1 6 3 9 16 6 15 5 1 1 2 0 2 3 3 2 0 3 0 2 0 0 2 6 4 3 0 0 0 0 1 0 0 0 0 0 2 2 0 0 0 0 0 0 0 0 0 0 0 0
3 3 2 1 6 3 1 0 0 0 1 1 1 0 0 12 6 0 2 4 1 0 0 0 0 0 1 1 0 2 0 0 0 0 0 0 0 0 0 0 1 0 0 0 0 0 2 1 0 0 0 0 0 0 0 0 0 0 0 0 0 0 0 0 0 0 0 0 0 0 0 0 0
3 4 1 2 7 3 1 0 0 0 5 0 0 1 0 15 5 2 1 5 1 0 0 0 0 3 0 4 0 9 0 0 1 0 0 0 0 0 0 0 0 1 0 0 0 0 0 0 3 0 0 0 0 0 0 0 0 0 0 0 0 0 0 0 0 0 0 0 0 0 0 0 0
4 9 3 3 21 14 3 0 0 6 9 2 2 2 0 45 30 11 9 14 5 0 0 0 16 5 5 9 10 20 5 1 1 0 0 1 0 0 0 3 3 2 0 3 0 5 4 2 7 0 0 0 1 0 0 0 1 0 0 3 2 1 0 0 0 1 0 0 0 0 0 0 0
6 16 7 8 48 36 10 1 1 11 28 8 7 9 2 146 103 34 23 57 23 7 2 0 29 19 23 36 25 85 20 6 6 0 0 4 3 5 1 6 16 10 3 14 1 16 17 10 34 0 0 2 1 2 0 0 1 5 0 8 9 4 0 0 0 3 7 6 1 1 0 0 0
4 9 4 2 20 18 4 1 1 5 5 2 1 1 0 34 36 16 6 16 6 6 0 0 10 1 4 12 10 13 5 2 1 0 0 1 2 4 1 2 1 0 1 2 0 6 2 1 4 0 0 1 0 1 0 0 1 0 0 2 1 0 0 0 0 0 0 0 0 0 0 0 0
6 12 7 8 29 28 3 0 0 5 24 10 4 8 2 80 67 24 13 12 8 0 0 0 13 18 24 18 11 59 20 1 2 0 0 0 0 0 0 1 5 12 0 9 2 4 6 8 28 0 0 0 2 0 0 0 0 4 2 3 4 6 0 0 0 1 4 4 0 1 0 0 0
3 5 2 1 7 8 1 0 0 3 2 1 0 0 0 9 10 6 2 3 2 0 0 0 5 0 2 2 5 4 3 0 0 0 0 0 0 0 0 1 0 0 0 1 0 1 0 0 0 0 0 0 0 0 0 0 0 0 0 0 0 0 0 0 0 0 0 0 0 0 0 0 0
3 7 3 0 18 14 2 1 0 3 0 0 0 0 0 44 36 16 8 9 4 7 0 0 7 0 0 12 6 0 0 1 0 0 0 0 0 0 0 0 0 0 0 0 0 4 0 0 0 0 0 0 0 0 0 0 0 0 0 0 0 0 0 0 0 0 0 0 0 0 0 0 0
4 11 2 4 36 13 4 0 0 7 14 1 3 2 1 89 37 20 24 21 5 0 0 0 23 10 3 26 11 47 4 1 3 0 0 3 0 0 0 2 4 1 0 4 0 8 8 1 10 0 0 0 1 0 0 0 2 3 0 6 3 0 0 0 0 0 2 1 0 0 0 0 0
4 8 2 4 23 8 2 0 0 5 10 1 3 2 1 74 19 6 14 9 2 0 0 0 16 2 2 15 5 28 1 1 1 0 0 1 0 0 0 2 3 1 0 4 0 7 8 2 7 0 0 0 1 0 0 0 1 1 0 4 1 0 0 0 0 1 3 1 0 0 0 0 0
6 12 8 7 30 32 2 2 0 5 20 10 4 6 2 81 71 31 16 9 3 13 0 0 12 13 27 17 16 57 19 0 3 1 0 2 0 0 0 0 4 5 4 3 2 3 7 6 18 0 0 0 1 0 0 0 1 6 1 6 7 2 0 0 0 0 3 5 0 0 0 0 0
3 10 2 1 31 12 7 0 0 7 4 1 2 0 0 100 36 16 14 42 8 0 1 0 23 3 4 23 7 11 2 4 1 0 0 2 0 0 0 5 5 0 0 2 0 10 6 2 0 0 0 0 0 0 0 0 1 0 0 3 0 0 0 0 0 1 0 0 0 0 0 0 0
4 9 5 1 16 23 3 2 1 6 0 2 1 0 0 43 40 20 3 12 6 12 0 0 13 0 0 7 16 0 7 1 0 1 0 1 2 3 2 3 0 0 0 0 0 5 1 2 0 0 0 2 0 0 0 0 1 0 0 0 0 0 0 0 0 0 0 0 0 0 0 0 0
4 5 4 2 7 10 1 0 0 2 3 4 1 0 0 6 14 4 2 2 2 0 0 0 2 0 6 2 4 4 5 0 0 0 0 0 0 0 0 1 1 0 0 1 1 0 1 2 0 0 0 0 0 0 0 0 0 0 0 1 0 0 0 0 0 0 0 0 0 0 0 0 0
3 8 2 1 18 10 5 0 1 4 2 1 1 0 0 54 24 10 6 21 3 0 1 0 14 0 1 9 7 5 3 1 1 0 0 1 2 4 0 2 2 0 0 0 0 4 1 1 0 0 0 1 0 1 0 0 1 0 0 0 0 0 0 0 0 0 0 0 0 0 0 0 0
5 15 7 3 30 40 10 3 2 6 10 5 3 2 0 90 73 56 14 28 24 21 2 0 13 8 13 18 16 26 16 3 2 2 0 1 1 9 4 2 5 2 2 3 0 7 7 6 8 0 0 1 1 2 0 0 0 0 0 2 3 1 0 0 0 1 0 0 0 0 0 0 0
6 23 8 7 70 60 15 2 2 20 31 10 10 6 2 204 167 111 41 88 33 20 2 0 63 30 37 55 54 100 37 9 8 1 0 6 6 11 3 13 23 6 4 17 2 25 24 18 34 0 0 4 2 3 0 0 3 6 1 15 10 2 0 0 0 5 8 5 2 0 0 0 0
6 14 8 7 49 34 8 2 1 11 22 10 6 6 2 156 117 17 28 52 18 12 1 0 36 15 28 42 27 76 17 4 6 1 0 5 3 4 1 7 12 5 4 12 2 19 17 10 20 0 0 2 1 2 0 0 1 5 1 8 6 2 0 0 0 3 6 5 1 0 0 0 0
3 6 1 2 3 4 1 0 0 2 6 0 1 1 0 6 2 4 0 1 1 0 0 0 2 5 0 0 1 3 0 0 0 0 0 0 0 0 0 0 1 1 0 2 0 0 0 0 3 0 0 0 0 0 0 0 0 0 0 1 1 0 0 0 0 0 0 0 0 0 0 0 0
3 3 1 2 8 3 1 0 0 0 3 0 0 1 0 16 8 2 3 5 1 0 0 0 0 0 0 6 0 8 0 0 1 0 0 1 0 0 0 0 0 0 0 0 0 0 0 0 3 0 0 0 0 0 0 0 0 0 0 0 0 0 0 0 0 0 0 0 0 0 0 0 0
3 3 2 1 6 4 0 0 0 0 0 1 1 0 0 14 8 2 2 0 0 0 0 0 0 0 0 1 0 0 1 0 0 0 0 0 0 0 0 0 0 0 0 0 0 0 2 1 0 0 0 0 0 0 0 0 0 0 0 0 0 0 0 0 0 0 0 0 0 0 0 0 0
3 6 2 1 10 8 2 0 0 2 2 1 1 0 0 16 15 8 3 8 3 0 0 0 3 0 2 3 2 2 2 0 0 0 0 0 0 0 0 1 1 0 0 1 0 0 1 1 0 0 0 0 0 0 0 0 0 0 0 1 0 0 0 0 0 0 0 0 0 0 0 0 0
2 4 1 0 2 4 0 0 0 2 0 0 0 0 0 4 2 4 0 0 0 0 0 0 0 0 0 0 2 0 0 0 0 0 0 0 0 0 0 0 0 0 0 0 0 1 0 0 0 0 0 0 0 0 0 0 0 0 0 0 0 0 0 0 0 0 0 0 0 0 0 0 0
3 1 2 1 2 2 0 0 0 0 0 1 0 0 0 2 4 0 0 0 0 0 0 0 0 0 0 1 0 0 1 0 0 0 0 0 0 0 0 0 0 0 0 0 0 0 0 0 0 0 0 0 0 0 0 0 0 0 0 0 0 0 0 0 0 0 0 0 0 0 0 0 0
3 5 2 1 14 6 1 0 0 1 2 1 1 0 0 32 14 4 7 5 1 0 0 0 3 1 2 11 1 7 1 0 0 0 0 1 0 0 0 0 1 0 0 0 0 2 3 1 0 0 0 0 0 0 0 0 0 0 0 1 0 0 0 0 0 0 0 0 0 0 0 0 0
3 10 3 0 13 18 8 1 1 5 0 0 0 0 0 30 21 25 2 24 11 8 2 0 7 0 0 4 9 0 0 4 0 0 0 1 2 5 1 2 0 0 0 0 0 2 0 0 0 0 0 1 0 0 0 0 0 0 0 0 0 0 0 0 0 0 0 0 0 0 0 0 0
4 10 2 4 33 8 6 0 0 8 14 1 4 2 1 109 25 0 20 34 6 0 1 0 26 8 4 26 7 45 0 4 3 0 0 3 0 0 0 5 9 2 0 8 0 13 11 2 6 0 0 0 1 0 0 0 1 2 0 5 2 0 0 0 0 2 4 1 0 0 0 0 0
3 3 2 1 9 5 1 0 0 0 1 1 0 0 0 14 17 2 8 6 2 0 0 0 0 0 1 4 0 1 2 0 0 0 0 1 0 0 0 0 0 0 0 0 0 0 0 0 0 0 0 0 0 0 0 0 0 0 0 0 0 0 0 0 0 0 0 0 0 0 0 0 0
5 8 8 2 18 26 4 5 2 3 2 4 0 1 0 43 58 12 4 18 11 20 0 1 8 0 3 9 10 4 11 2 0 2 0 0 4 5 5 2 0 0 2 0 0 3 0 0 2 0 0 2 0 1 0 0 0 0 0 0 0 0 0 0 0 0 0 0 0 0 0 0 0
6 20 7 8 48 47 11 1 1 15 37 8 7 9 2 117 110 76 22 56 24 10 1 0 38 37 32 32 37 85 27 5 11 0 0 3 1 5 1 9 15 15 3 19 1 14 11 10 49 0 0 2 4 2 0 0 2 6 0 11 9 4 0 0 0 3 7 6 1 1 0 0 0
8 25 16 12 72 99 13 8 3 17 44 28 13 16 4 173 279 151 34 69 47 67 1 1 48 35 86 47 70 131 89 6 9 8 0 5 6 12 9 9 23 17 20 19 8 21 28 39 74 0 0 5 3 6 0 0 2 9 4 15 20 12 0 0 0 5 13 16 3 1 0 0 0
3 5 1 2 5 3 1 0 0 1 5 0 1 1 0 8 3 2 1 1 1 0 0 0 2 3 0 1 0 6 0 0 0 0 0 0 0 0 0 0 1 1 0 1 0 0 0 0 2 0 0 0 0 0 0 0 0 0 0 1 1 0 0 0 0 0 0 0 0 0 0 0 0
2 2 1 0 4 2 0 0 0 1 0 0 0 0 0 14 4 0 1 0 0 0 0 0 2 0 0 1 1 0 0 0 0 0 0 0 0 0 0 0 0 0 0 0 0 1 0 0 0 0 0 0 0 0 0 0 0 0 0 0 0 0 0 0 0 0 0 0 0 0 0 0 0
5 4 6 4 3 11 0 1 0 1 5 6 0 3 0 8 9 5 1 0 0 4 0 0 1 0 8 0 3 3 6 0 0 0 0 0 0 0 0 0 0 1 2 1 1 0 0 0 5 0 0 0 0 0 0 0 0 0 0 0 0 2 0 0 0 0 0 0 0 0 0 0 0
3 7 2 1 23 6 4 0 1 3 4 1 1 0 0 72 20 2 13 24 2 0 1 0 9 3 3 16 2 14 0 2 1 0 0 2 3 2 0 1 3 0 0 2 0 5 2 1 0 0 0 1 0 1 0 0 0 0 0 1 0 0 0 0 0 0 0 0 0 0 0 0 0
7 24 13 8 72 87 14 7 3 18 31 18 10 8 2 173 248 142 39 85 44 64 1 1 55 27 60 56 67 97 61 7 7 6 0 5 9 13 8 11 20 7 12 14 4 25 23 26 39 0 0 6 2 5 0 0 2 5 2 13 13 4 0 0 0 4 7 6 2 0 0 0 0
5 14 5 5 46 23 7 1 1 10 19 4 6 4 1 167 73 20 24 45 9 6 1 0 34 17 12 35 15 62 5 4 5 0 0 3 3 3 1 6 11 5 2 10 0 15 16 6 14 0 0 2 1 1 0 0 1 3 0 7 6 1 0 0 0 3 4 2 1 0 0 0 0
2 2 0 1 3 0 0 0 0 0 2 0 0 0 0 10 0 0 1 0 0 0 0 0 0 1 0 0 0 3 0 0 0 0 0 0 0 0 0 0 0 0 0 0 0 0 0 0 0 0 0 0 0 0 0 0 0 0 0 0 0 0 0 0 0 0 0 0 0 0 0 0 0
3 5 2 1 15 5 1 0 0 3 1 1 2 0 0 46 15 0 7 4 1 0 0 0 6 0 1 10 3 4 0 0 0 0 0 1 0 0 0 1 1 0 0 0 0 6 5 2 0 0 0 0 0 0 0 0 0 0 0 1 0 0 0 0 0 1 0 0 0 0 0 0 0
3 4 1 2 11 2 1 0 0 0 6 0 0 1 0 27 5 1 6 4 0 0 0 0 0 3 0 7 0 15 0 0 2 0 0 1 0 0 0 0 0 2 0 0 0 0 0 0 2 0 0 0 1 0 0 0 0 0 0 0 0 0 0 0 0 0 0 0 0 0 0 0 0
3 5 2 1 10 6 3 0 0 0 2 1 1 0 0 22 12 4 4 10 3 0 1 0 0 0 2 4 0 6 1 0 1 0 0 2 0 0 0 0 2 0 0 0 0 0 1 1 0 0 0 0 0 0 0 0 0 0 0 0 0 0 0 0 0 0 0 0 0 0 0 0 0
2 1 0 1 1 0 0 0 0 0 1 0 0 0 0 2 0 0 0 0 0 0 0 0 0 0 0 0 0 1 0 0 0 0 0 0 0 0 0 0 0 0 0 0 0 0 0 0 0 0 0 0 0 0 0 0 0 0 0 0 0 0 0 0 0 0 0 0 0 0 0 0 0
5 10 5 5 27 20 5 1 1 5 10 4 4 4 1 84 48 12 12 21 11 5 1 0 13 2 6 19 8 27 9 2 2 0 0 3 3 2 1 2 5 1 2 3 0 9 11 4 11 0 0 2 0 1 0 0 0 1 0 3 4 1 0 0 0 2 2 2 1 0 0 0 0
1 1 0 0 2 0 0 0 0 0 0 0 0 0 0 4 0 0 0 0 0 0 0 0 0 0 0 1 0 0 0 0 0 0 0 0 0 0 0 0 0 0 0 0 0 0 0 0 0 0 0 0 0 0 0 0 0 0 0 0 0 0 0 0 0 0 0 0 0 0 0 0 0
6 18 10 5 35 52 11 6 3 12 18 9 7 4 1 111 95 63 14 45 25 39 2 1 27 12 28 23 33 40 16 6 4 4 0 2 3 12 7 7 14 2 6 9 0 8 10 14 19 0 0 4 1 3 0 0 1 2 1 8 6 1 0 0 0 3 4 2 2 0 0 0 0
2 6 0 1 22 0 2 0 0 5 2 0 2 0 0 74 0 0 14 12 0 0 0 0 20 0 0 18 0 8 0 1 0 0 0 1 0 0 0 2 2 0 0 1 0 8 6 0 0 0 0 0 0 0 0 0 1 0 0 2 0 0 0 0 0 1 0 0 0 0 0 0 0
2 4 1 0 9 4 4 0 0 2 0 0 0 0 0 26 9 0 4 16 4 0 1 0 5 0 0 2 2 0 0 2 0 0 0 1 0 0 0 1 0 0 0 0 0 2 0 0 0 0 0 0 0 0 0 0 0 0 0 0 0 0 0 0 0 0 0 0 0 0 0 0 0
5 13 6 4 33 30 7 2 2 6 10 5 4 2 1 68 65 34 14 31 13 12 0 0 10 4 10 22 14 32 14 4 1 1 0 1 4 8 3 2 6 0 2 3 0 8 11 5 7 0 0 2 0 2 0 0 0 2 1 3 3 0 0 0 0 1 2 1 1 0 0 0 0
3 2 2 1 4 3 0 0 0 0 1 1 0 0 0 12 6 1 1 0 0 0 0 0 0 0 1 1 0 2 1 0 0 0 0 0 0 0 0 0 0 0 0 0 0 0 0 0 0 0 0 0 0 0 0 0 0 0 0 0 0 0 0 0 0 0 0 0 0 0 0 0 0
3 11 1 2 35 6 6 0 1 9 6 0 4 1 0 111 15 9 19 35 1 0 0 0 28 4 0 25 5 18 0 3 0 0 0 2 3 4 0 5 7 0 0 2 0 13 12 0 4 0 0 2 0 0 0 0 1 0 0 5 2 0 0 0 0 2 0 0 1 0 0 0 0
4 4 4 2 6 6 1 1 0 0 2 2 2 1 0 6 9 1 0 3 1 2 0 0 0 0 2 2 0 3 0 0 0 0 0 0 0 0 0 0 2 0 1 0 0 0 3 2 0 0 0 0 0 0 0 0 0 0 0 0 2 0 0 0 0 0 0 0 0 0 0 0 0
2 7 1 0 21 5 5 0 1 6 0 0 0 0 0 50 15 4 11 29 2 0 1 0 20 0 0 13 4 0 0 4 0 0 0 2 2 3 0 4 0 0 0 0 0 8 0 0 0 0 0 2 0 0 0 0 1 0 0 0 0 0 0 0 0 0 0 0 0 0 0 0 0
4 9 3 3 25 13 4 0 0 3 12 2 1 2 0 76 32 14 16 17 7 0 1 0 11 9 7 14 3 34 4 0 3 0 0 2 0 0 0 1 2 4 0 5 0 5 2 1 8 0 0 0 2 0 0 0 0 0 0 1 1 1 0 0 0 0 0 0 0 0 0 0 0
3 3 1 2 8 3 1 0 0 0 3 0 0 1 0 16 8 2 3 5 1 0 0 0 0 0 0 6 0 8 0 0 1 0 0 1 0 0 0 0 0 0 0 0 0 0 0 0 3 0 0 0 0 0 0 0 0 0 0 0 0 0 0 0 0 0 0 0 0 0 0 0 0
1 1 0 0 4 0 0 0 0 0 0 0 0 0 0 9 0 0 4 0 0 0 0 0 0 0 0 2 0 0 0 0 0 0 0 0 0 0 0 0 0 0 0 0 0 0 0 0 0 0 0 0 0 0 0 0 0 0 0 0 0 0 0 0 0 0 0 0 0 0 0 0 0
2 3 0 1 7 0 0 0 0 1 3 0 0 0 0 7 0 0 2 0 0 0 0 0 2 2 0 4 0 7 0 0 0 0 0 0 0 0 0 0 0 0 0 1 0 1 0 0 0 0 0 0 0 0 0 0 0 0 0 0 0 0 0 0 0 0 0 0 0 0 0 0 0
2 1 0 1 1 0 0 0 0 0 1 0 0 0 0 2 0 0 0 0 0 0 0 0 0 0 0 0 0 1 0 0 0 0 0 0 0 0 0 0 0 0 0 0 0 0 0 0 0 0 0 0 0 0 0 0 0 0 0 0 0 0 0 0 0 0 0 0 0 0 0 0 0
2 4 1 0 5 4 0 0 0 2 0 0 0 0 0 10 5 4 3 0 0 0 0 0 3 0 0 0 2 0 0 0 0 0 0 0 0 0 0 0 0 0 0 0 0 1 0 0 0 0 0 0 0 0 0 0 0 0 0 0 0 0 0 0 0 0 0 0 0 0 0 0 0
1 3 0 0 4 0 1 0 0 2 0 0 0 0 0 6 0 0 1 2 0 0 0 0 2 0 0 0 0 0 0 0 0 0 0 0 0 0 0 1 0 0 0 0 0 2 0 0 0 0 0 0 0 0 0 0 0 0 0 0 0 0 0 0 0 0 0 0 0 0 0 0 0
1 2 0 0 3 0 0 0 0 1 0 0 0 0 0 6 0 0 1 0 0 0 0 0 1 0 0 0 0 0 0 0 0 0 0 0 0 0 0 0 0 0 0 0 0 1 0 0 0 0 0 0 0 0 0 0 0 0 0 0 0 0 0 0 0 0 0 0 0 0 0 0 0
7 20 11 10 66 65 10 3 1 14 37 17 8 12 3 196 208 86 38 58 32 27 1 0 46 28 56 48 47 122 52 5 8 2 0 6 3 5 2 8 15 14 8 17 4 21 20 19 56 0 0 2 3 2 0 0 2 8 2 12 11 8 0 0 0 3 8 10 1 1 0 0 0
1 2 0 0 5 0 0 0 0 1 0 0 0 0 0 15 0 0 1 0 0 0 0 0 1 0 0 3 0 0 0 0 0 0 0 0 0 0 0 0 0 0 0 0 0 2 0 0 0 0 0 0 0 0 0 0 0 0 0 0 0 0 0 0 0 0 0 0 0 0 0 0 0
