8 20 16 12 47 80 11 8 3 11 34 28 10 16 4 117 187 87 17 46 40 54 1 1 29 18 68 25 43 82 73 4 8 8 0 3 5 11 9 6 18 11 20 14 8 12 18 30 60 0 0 4 1 6 0 0 0 7 4 8 14 12 0 0 0 4 10 16 3 1 0 0 0
7 24 11 10 52 75 15 3 2 18 43 17 11 12 3 127 158 122 21 63 45 28 2 0 38 42 61 19 57 94 59 9 10 2 0 3 3 10 4 11 25 17 8 23 4 13 15 25 63 0 0 4 3 4 0 0 2 8 2 14 15 8 0 0 0 5 11 10 2 1 0 0 0
8 19 16 12 59 77 7 8 2 10 34 28 9 16 4 148 233 87 31 35 25 55 0 1 32 20 70 41 44 110 70 2 6 8 0 4 5 6 6 3 12 12 20 10 8 14 22 27 58 0 0 2 2 4 0 0 2 8 4 10 14 12 0 0 0 2 9 16 2 1 0 0 0
6 16 7 8 49 37 7 1 1 11 29 8 6 9 2 132 113 43 28 39 15 8 1 0 35 20 25 32 26 89 21 4 5 0 0 3 2 4 1 6 11 11 3 14 1 15 13 8 37 0 0 2 2 2 0 0 1 5 0 7 8 4 0 0 0 3 6 6 1 1 0 0 0
6 19 7 8 59 47 10 0 0 14 34 10 7 8 2 168 142 78 34 53 27 0 1 0 39 29 38 37 37 105 37 5 9 0 0 6 0 0 0 8 14 13 0 17 2 19 16 14 41 0 0 0 3 0 0 0 2 5 2 10 7 6 0 0 0 3 7 4 0 1 0 0 0
7 24 13 8 67 85 16 7 4 16 29 18 11 8 2 172 237 136 30 83 50 58 2 1 39 25 53 42 56 78 60 9 6 6 0 5 9 18 11 9 22 6 12 13 4 21 25 29 37 0 0 6 1 6 0 0 1 5 2 11 13 4 0 0 0 5 7 6 3 0 0 0 0
6 20 9 6 65 59 14 3 2 14 23 11 7 5 1 142 187 90 36 80 37 27 2 0 44 17 37 46 42 74 36 9 6 2 0 6 6 11 4 9 16 4 5 10 2 20 19 15 25 0 0 3 1 3 0 0 2 2 1 9 7 3 0 0 0 3 4 2 1 0 0 0 0
7 21 13 8 65 76 10 7 3 13 24 18 10 8 2 169 233 110 33 53 31 54 1 1 37 16 45 42 49 74 55 3 3 6 0 5 8 11 8 6 15 4 12 8 4 19 26 27 32 0 0 4 1 4 0 0 1 4 2 9 11 4 0 0 0 4 6 6 3 0 0 0 0
6 18 8 7 57 47 10 2 1 10 27 10 7 6 2 120 141 68 32 52 25 18 1 0 34 23 35 42 25 91 28 4 7 1 0 5 3 4 1 4 14 6 4 10 2 15 17 11 26 0 0 2 1 2 0 0 1 6 1 9 9 2 0 0 0 2 6 5 1 0 0 0 0
5 14 6 4 46 30 7 2 2 9 12 5 5 2 1 120 90 37 24 40 11 11 1 0 28 4 13 36 19 43 12 4 2 1 0 2 6 6 3 5 9 1 2 6 0 14 15 7 7 0 0 2 1 2 0 0 1 1 1 5 2 0 0 0 0 2 4 1 1 0 0 0 0
8 21 16 12 48 85 10 8 2 12 38 28 10 16 4 118 191 103 21 42 37 61 1 1 31 25 78 26 51 91 77 5 7 8 0 2 3 9 6 6 17 14 20 13 8 9 15 30 64 0 0 3 2 4 0 0 1 9 4 11 16 12 0 0 0 3 10 16 2 1 0 0 0
8 23 16 12 50 91 12 8 3 15 40 28 12 16 4 125 195 123 18 51 44 61 2 1 35 27 78 19 60 90 82 6 8 8 0 3 4 12 9 8 20 15 20 18 8 11 18 36 68 0 0 5 2 6 0 0 1 8 4 12 18 12 0 0 0 5 12 16 3 1 0 0 0
5 15 7 3 48 38 8 2 2 8 8 7 5 1 0 118 121 51 23 44 16 13 1 0 26 5 17 37 20 26 18 2 1 1 0 3 5 7 3 3 8 0 2 1 2 14 14 11 3 0 0 2 0 2 0 0 1 0 0 5 2 0 0 0 0 2 0 0 1 0 0 0 0
5 18 7 3 53 50 13 3 2 13 12 5 3 2 0 134 148 85 27 74 31 28 2 0 39 10 17 34 39 33 21 7 4 2 0 5 6 11 4 8 6 2 2 4 0 17 5 6 10 0 0 3 1 2 0 0 2 0 0 4 3 1 0 0 0 1 0 0 0 0 0 0 0
4 11 3 3 21 18 6 0 0 5 11 2 2 2 0 54 34 26 8 14 11 0 1 0 9 9 7 10 9 24 7 2 4 0 0 3 0 0 0 2 3 2 0 3 0 4 1 2 9 0 0 0 1 0 0 0 0 0 0 1 2 1 0 0 0 1 0 0 0 0 0 0 0
5 13 8 2 30 40 4 5 2 8 6 4 1 1 0 67 90 50 10 18 10 33 0 1 20 3 11 16 24 15 11 1 1 2 0 1 3 5 5 2 0 0 2 3 0 6 2 2 5 0 0 3 0 1 0 0 1 0 0 2 1 0 0 0 0 0 0 0 0 0 0 0 0
5 19 5 5 44 36 14 1 2 15 20 4 8 4 1 101 83 63 13 66 23 9 2 0 36 18 12 23 28 47 14 9 5 0 0 3 3 10 2 10 18 2 2 10 0 13 12 8 20 0 0 4 1 2 0 0 2 3 0 10 8 1 0 0 0 4 4 2 2 0 0 0 0
7 20 11 10 45 62 9 3 2 13 34 17 10 12 3 104 137 87 15 41 26 21 0 0 33 23 47 19 41 78 50 4 5 2 0 1 3 7 4 6 16 13 8 16 4 9 16 23 50 0 0 3 2 4 0 0 1 5 2 10 13 8 0 0 0 4 10 10 2 1 0 0 0
7 18 11 10 57 58 7 3 1 9 34 17 7 12 3 138 178 75 31 36 20 24 0 0 27 24 52 46 33 113 46 2 8 2 0 3 2 4 2 2 10 13 8 8 4 12 15 16 50 0 0 1 3 2 0 0 2 8 2 10 10 8 0 0 0 1 7 10 1 1 0 0 0
6 6 10 5 12 20 0 6 1 1 6 9 1 4 1 34 39 10 5 0 0 15 0 1 5 1 10 3 4 14 10 0 0 4 0 0 1 0 3 0 0 0 6 0 0 0 2 2 7 0 0 0 0 1 0 0 0 2 1 1 2 1 0 0 0 0 0 2 0 0 0 0 0
6 13 9 6 31 38 6 3 1 2 17 11 4 5 1 85 91 40 17 26 16 16 0 0 5 11 27 22 7 43 24 1 5 2 0 2 1 3 2 0 6 5 5 0 2 2 6 9 16 0 0 0 2 2 0 0 0 2 1 3 5 3 0 0 0 0 2 2 0 0 0 0 0
8 17 16 12 35 69 4 8 2 9 30 28 8 16 4 81 135 72 14 18 15 49 0 1 20 15 62 18 39 64 63 1 2 8 0 1 4 5 6 3 6 10 20 10 8 7 13 24 52 0 0 2 1 4 0 0 1 7 4 8 12 12 0 0 0 2 8 16 2 1 0 0 0
5 15 7 3 46 40 7 3 1 10 12 5 3 2 0 133 117 57 29 37 17 23 0 0 32 10 18 31 27 41 13 2 3 2 0 3 1 3 2 5 5 2 2 5 0 12 8 6 10 0 0 1 1 1 0 0 2 0 0 5 3 1 0 0 0 1 0 0 0 0 0 0 0
2 7 1 0 7 5 6 0 1 5 0 0 0 0 0 17 6 4 0 12 2 0 1 0 5 0 0 2 4 0 0 4 0 0 0 0 0 4 0 4 0 0 0 0 0 1 0 0 0 0 0 1 0 0 0 0 1 0 0 0 0 0 0 0 0 0 0 0 0 0 0 0 0
6 15 8 7 30 37 6 2 1 9 22 10 7 6 2 76 68 35 9 25 13 13 0 0 20 19 26 17 21 48 20 2 4 1 0 2 2 3 1 5 10 5 4 10 2 9 10 12 20 0 0 2 1 2 0 0 0 5 1 6 8 2 0 0 0 3 6 5 1 0 0 0 0
4 11 4 2 29 22 6 1 1 7 5 2 2 1 0 58 58 25 11 24 9 7 1 0 17 2 4 19 16 13 7 3 1 0 0 2 1 5 1 3 3 0 1 1 0 11 6 2 3 0 0 1 0 1 0 0 1 0 0 1 2 0 0 0 0 1 0 0 0 0 0 0 0
5 16 4 6 50 24 9 0 1 11 24 4 7 4 2 111 70 33 28 50 12 0 1 0 35 22 12 33 16 75 11 4 6 0 0 5 3 4 0 7 14 5 0 11 1 16 17 6 18 0 0 2 2 2 0 0 1 5 0 9 6 0 0 0 0 3 7 4 1 0 0 0 0
6 14 10 5 21 44 4 6 2 7 12 9 5 4 1 45 79 49 6 13 11 34 0 1 11 7 18 11 21 12 21 0 2 4 0 1 2 3 5 3 4 1 6 4 0 4 2 10 10 0 0 3 0 2 0 0 0 3 1 3 6 1 0 0 0 2 2 2 1 0 0 0 0
4 12 5 1 29 28 7 2 2 8 4 2 0 0 0 78 71 35 11 30 12 14 1 0 22 3 7 17 19 9 7 3 1 1 0 1 2 8 3 4 0 0 0 2 0 8 0 0 0 0 0 3 0 1 0 0 1 0 0 0 0 0 0 0 0 0 0 0 0 0 0 0 0
5 9 7 3 24 23 4 2 1 0 7 7 2 1 0 51 62 19 8 16 9 9 0 0 0 4 15 17 0 20 10 0 1 1 0 2 3 2 1 0 4 0 2 0 2 0 4 4 2 0 0 0 0 2 0 0 0 0 0 0 2 0 0 0 0 0 0 0 0 0 0 0 0
7 18 13 8 47 63 8 7 2 11 25 18 8 8 2 116 164 69 22 36 23 48 1 1 27 16 48 30 37 70 39 4 5 6 0 3 3 8 5 6 12 6 12 11 4 11 14 20 30 0 0 3 1 3 0 0 1 5 2 9 10 4 0 0 0 3 6 6 2 0 0 0 0
6 15 8 7 29 40 7 2 1 9 21 10 6 6 2 66 73 42 7 26 17 14 1 0 21 13 28 16 25 44 25 4 4 1 0 1 1 4 1 5 10 3 4 8 2 6 8 11 22 0 0 1 1 2 0 0 1 5 1 7 6 2 0 0 0 2 5 5 1 0 0 0 0
5 16 5 5 38 33 9 0 0 13 21 6 5 3 1 91 69 52 20 44 19 0 1 0 32 17 24 23 28 55 21 5 6 0 0 3 0 0 0 8 11 4 0 12 1 12 9 8 14 0 0 0 1 0 0 0 2 3 1 8 3 2 0 0 0 2 4 1 0 0 0 0 0
6 9 9 6 21 24 3 3 1 1 13 11 3 5 1 60 54 14 11 16 7 10 1 0 3 6 21 10 2 32 12 0 2 2 0 2 2 2 2 0 4 4 5 2 2 1 6 6 12 0 0 0 1 1 0 0 0 2 1 1 2 3 0 0 0 0 2 2 1 0 0 0 0
6 16 9 6 47 46 6 3 1 11 20 11 6 5 1 111 128 52 26 34 14 22 0 0 36 15 31 29 33 64 26 2 4 2 0 3 2 4 2 5 8 5 5 7 2 11 12 13 20 0 0 2 2 1 0 0 2 3 1 9 6 3 0 0 0 2 3 2 1 0 0 0 0
3 6 1 2 21 4 2 0 0 5 4 0 2 1 0 54 13 0 12 11 2 0 0 0 18 0 0 16 4 15 0 1 0 0 0 1 0 0 0 2 2 0 0 2 0 8 6 0 2 0 0 0 0 0 0 0 1 0 0 2 2 0 0 0 0 1 0 0 0 0 0 0 0
5 11 6 4 32 27 6 1 1 6 11 6 2 3 0 89 78 22 15 35 13 5 1 0 14 5 16 25 15 29 16 2 3 0 0 4 3 4 1 3 4 2 2 4 1 11 6 4 9 0 0 1 0 2 0 0 0 0 0 2 2 2 0 0 0 1 0 0 0 0 0 0 0
4 6 4 2 18 10 1 1 0 3 6 2 1 1 0 58 29 3 11 3 2 4 0 0 6 5 6 11 5 16 0 0 1 0 0 1 0 0 0 1 0 1 1 3 0 5 3 1 3 0 0 0 1 0 0 0 0 0 0 1 1 0 0 0 0 0 0 0 0 0 0 0 0
6 19 8 7 41 48 10 2 2 12 25 10 9 6 2 93 96 70 14 44 23 15 0 0 26 23 28 21 29 53 30 5 3 1 0 2 4 7 3 6 17 6 4 11 2 13 17 15 25 0 0 4 1 3 0 0 0 4 1 8 10 2 0 0 0 4 7 5 2 0 0 0 0
4 8 3 3 19 12 2 0 0 6 8 2 2 2 0 43 31 8 10 10 4 0 0 0 19 4 4 12 10 16 4 1 0 0 0 1 0 0 0 2 2 2 0 4 0 6 4 2 6 0 0 0 0 0 0 0 1 0 0 2 2 1 0 0 0 1 0 0 0 0 0 0 0
5 11 5 5 16 21 4 0 0 6 17 6 3 3 1 27 29 16 4 11 7 0 0 0 6 12 19 8 12 26 11 1 4 0 0 0 0 0 0 3 5 4 0 5 1 0 0 5 11 0 0 0 2 0 0 0 1 3 1 5 1 2 0 0 0 1 3 1 0 0 0 0 0
3 9 1 2 19 5 5 0 1 5 5 0 3 1 0 46 9 6 8 18 1 0 0 0 13 2 0 5 3 10 0 3 0 0 0 1 2 4 0 2 5 0 0 2 0 3 6 0 4 0 0 1 0 0 0 0 0 0 0 2 1 0 0 0 0 1 0 0 1 0 0 0 0
6 10 8 7 10 25 3 2 1 3 15 10 4 6 2 21 27 15 2 10 7 9 1 0 4 8 20 2 6 16 14 0 2 1 0 1 0 2 1 0 4 3 4 4 2 0 2 6 14 0 0 1 0 2 0 0 0 3 1 2 4 2 0 0 0 1 4 5 1 0 0 0 0
4 10 4 2 18 17 5 1 1 5 7 2 2 1 0 55 31 15 6 19 7 5 0 0 10 5 6 5 7 10 3 2 1 0 0 1 2 3 1 3 4 1 1 3 0 4 3 2 3 0 0 1 0 1 0 0 0 0 0 2 2 0 0 0 0 1 0 0 0 0 0 0 0
3 9 3 0 25 16 4 1 1 6 0 0 0 0 0 59 44 20 9 23 5 7 0 0 19 0 0 17 10 0 0 2 0 0 0 0 2 3 1 3 0 0 0 0 0 7 0 0 0 0 0 2 0 0 0 0 0 0 0 0 0 0 0 0 0 0 0 0 0 0 0 0 0
7 7 11 10 9 24 1 3 0 1 14 17 2 12 3 20 29 10 2 3 3 11 0 0 2 5 24 2 4 20 20 0 2 2 0 1 0 0 0 0 1 5 8 1 4 0 2 5 21 0 0 0 0 0 0 0 0 4 2 1 3 8 0 0 0 0 2 10 0 1 0 0 0
5 13 6 4 40 28 4 2 1 7 12 5 5 2 1 83 84 32 19 23 6 13 0 0 22 10 14 29 14 38 10 1 1 1 0 2 3 2 1 2 7 1 2 4 0 11 13 6 5 0 0 2 0 1 0 0 0 2 1 4 4 0 0 0 0 2 3 1 1 0 0 0 0
6 19 8 7 58 50 12 2 2 12 25 10 8 6 2 170 149 76 28 63 30 17 2 0 35 19 30 37 33 80 33 6 6 1 0 6 5 9 3 7 15 5 4 10 2 18 19 13 26 0 0 3 1 3 0 0 1 5 1 8 9 2 0 0 0 3 6 5 2 0 0 0 0
3 9 2 1 25 13 4 0 0 6 5 1 0 0 0 68 36 20 13 19 6 0 0 0 16 5 5 12 10 12 4 1 2 0 0 2 0 0 0 3 0 0 0 2 0 7 0 0 0 0 0 0 1 0 0 0 1 0 0 0 0 0 0 0 0 0 0 0 0 0 0 0 0
5 12 7 3 26 30 6 2 2 5 6 7 4 1 0 68 61 29 10 26 12 9 1 0 13 2 13 14 12 16 15 2 1 1 0 1 5 6 3 2 5 0 2 1 2 5 6 9 2 0 0 2 0 2 0 0 0 0 0 3 1 0 0 0 0 1 0 0 1 0 0 0 0
5 9 4 6 22 14 3 0 0 3 18 3 2 6 1 52 34 10 13 13 5 0 0 0 8 11 8 9 5 44 5 1 3 0 0 2 0 0 0 0 4 8 0 5 0 2 3 2 18 0 0 0 1 0 0 0 0 3 0 2 2 2 0 0 0 0 2 2 0 1 0 0 0
3 5 3 0 14 8 0 1 1 2 0 0 0 0 0 28 21 6 4 0 0 3 0 0 4 0 0 10 3 0 0 0 0 0 0 0 3 0 1 0 0 0 0 0 0 3 0 0 0 0 0 1 0 0 0 0 0 0 0 0 0 0 0 0 0 0 0 0 0 0 0 0 0
5 8 6 4 14 18 1 1 1 3 12 6 0 3 0 27 30 13 5 2 2 4 0 0 5 7 16 4 7 21 8 0 1 0 0 0 1 1 1 1 0 4 2 4 1 1 0 0 10 0 0 1 1 2 0 0 0 0 0 0 0 2 0 0 0 0 0 0 0 0 0 0 0
3 6 2 1 13 6 3 0 0 4 4 1 1 0 0 32 13 0 7 9 3 0 0 0 8 3 4 4 4 7 0 1 1 0 0 2 0 0 0 2 2 0 0 2 0 3 2 1 0 0 0 0 0 0 0 0 1 0 0 2 0 0 0 0 0 0 0 0 0 0 0 0 0
6 6 9 6 18 22 0 3 0 3 6 11 1 5 1 56 67 9 13 0 0 12 0 0 14 0 13 14 12 15 18 0 0 2 0 0 0 0 0 0 0 0 5 1 2 4 3 3 8 0 0 0 0 0 0 0 1 1 1 2 1 3 0 0 0 0 0 2 0 0 0 0 0
4 7 3 3 14 7 2 0 0 5 8 3 3 0 1 23 14 0 7 6 2 0 0 0 10 1 8 4 5 14 0 1 1 0 0 0 0 0 0 2 3 0 0 4 0 3 4 3 0 0 0 0 1 0 0 0 1 1 1 4 0 0 0 0 0 1 3 0 0 0 0 0 0
4 8 3 3 14 12 3 0 0 2 8 3 2 0 1 29 24 12 5 6 3 0 1 0 5 4 8 3 4 13 6 0 2 0 0 1 0 0 0 0 4 0 0 1 0 2 2 2 0 0 0 0 0 0 0 0 0 2 1 1 0 0 0 0 0 0 2 0 0 0 0 0 0
1 3 0 0 7 0 0 0 0 3 0 0 0 0 0 14 0 0 2 0 0 0 0 0 8 0 0 5 0 0 0 0 0 0 0 0 0 0 0 0 0 0 0 0 0 3 0 0 0 0 0 0 0 0 0 0 1 0 0 0 0 0 0 0 0 0 0 0 0 0 0 0 0
3 8 2 1 9 8 5 0 1 3 2 1 2 0 0 21 11 7 0 9 2 0 1 0 6 0 1 3 3 2 1 2 1 0 0 0 0 4 0 1 3 0 0 0 0 1 2 2 0 0 0 0 0 1 0 0 0 0 0 1 0 0 0 0 0 1 0 0 0 0 0 0 0
6 21 10 5 52 69 14 6 3 15 18 9 6 4 1 125 163 115 24 67 41 54 2 1 41 14 28 31 52 52 36 7 4 4 0 4 5 14 8 9 11 2 6 6 0 14 10 12 18 0 0 5 1 3 0 0 2 3 1 8 7 1 0 0 0 2 3 2 1 0 0 0 0
5 5 7 3 15 14 0 2 0 3 4 7 1 1 0 42 41 4 6 0 0 7 0 0 10 0 9 11 9 13 6 0 0 1 0 0 0 0 0 0 0 0 2 1 2 3 2 2 2 0 0 0 0 0 0 0 1 0 0 2 1 0 0 0 0 0 0 0 0 0 0 0 0
4 9 2 4 12 8 3 0 0 5 11 1 4 2 1 18 7 6 4 8 3 0 0 0 10 5 2 2 4 15 1 2 0 0 0 0 0 0 0 2 6 2 0 5 0 2 5 2 6 0 0 0 1 0 0 0 0 0 0 2 2 0 0 0 0 2 4 1 0 0 0 0 0
5 16 6 4 46 35 10 2 2 10 15 5 5 2 1 138 96 51 22 51 18 14 1 0 32 10 17 31 20 48 13 6 3 1 0 3 4 8 3 5 11 1 2 8 0 12 11 7 10 0 0 2 1 2 0 0 1 2 1 6 2 0 0 0 0 2 4 1 1 0 0 0 0
2 4 0 1 14 0 0 0 0 3 2 0 1 0 0 44 0 0 8 0 0 0 0 0 12 0 0 12 0 8 0 0 0 0 0 0 0 0 0 0 0 0 0 1 0 4 2 0 0 0 0 0 0 0 0 0 1 0 0 2 0 0 0 0 0 0 0 0 0 0 0 0 0
5 8 5 5 17 17 4 0 0 0 11 6 2 3 1 41 41 14 5 14 10 0 1 0 0 5 12 8 0 19 12 0 3 0 0 3 0 0 0 0 3 3 0 0 1 0 4 3 7 0 0 0 0 0 0 0 0 2 1 0 2 2 0 0 0 0 1 1 0 0 0 0 0
4 5 3 3 8 5 2 0 0 1 6 3 2 0 1 27 8 0 0 6 2 0 0 0 2 1 6 4 1 11 0 1 1 0 0 0 0 0 0 0 3 0 0 1 0 1 2 2 0 0 0 0 0 0 0 0 0 1 1 1 0 0 0 0 0 0 2 0 0 0 0 0 0
4 6 2 4 12 6 1 0 0 1 8 1 2 2 1 38 15 4 5 4 0 0 0 0 3 4 2 9 2 14 2 0 1 0 0 0 0 0 0 0 2 1 0 0 0 2 3 0 3 0 0 0 0 0 0 0 0 2 0 1 3 0 0 0 0 0 1 1 0 0 0 0 0
4 8 4 2 15 16 2 1 0 3 6 2 1 1 0 31 29 15 5 5 4 6 0 0 10 3 6 6 6 11 4 1 0 0 0 1 0 0 0 0 2 1 1 2 0 0 1 1 3 0 0 0 1 0 0 0 0 0 0 1 1 0 0 0 0 0 0 0 0 0 0 0 0
3 8 2 1 13 9 3 0 1 4 3 1 1 0 0 21 12 10 3 11 2 0 0 0 8 2 2 4 4 5 2 0 0 0 0 0 1 2 0 2 2 0 0 1 0 1 2 1 0 0 0 2 0 1 0 0 0 0 0 1 0 0 0 0 0 0 0 0 0 0 0 0 0
7 20 11 10 48 64 12 3 2 11 34 17 9 12 3 107 156 89 17 52 38 24 3 0 24 22 50 28 36 84 52 6 6 2 0 4 3 10 4 5 18 11 8 14 4 11 15 21 53 0 0 2 1 4 0 0 1 6 2 8 11 8 0 0 0 3 9 10 2 1 0 0 0
6 15 7 8 43 33 7 1 1 10 28 8 6 9 2 120 92 28 19 35 15 6 1 0 26 22 23 30 22 78 18 4 6 0 0 2 3 3 1 6 11 12 3 13 1 11 13 8 33 0 0 2 2 2 0 0 1 5 0 7 8 4 0 0 0 3 6 6 1 1 0 0 0
5 9 7 3 14 24 3 2 1 2 6 7 2 1 0 26 41 18 6 8 7 9 0 0 4 3 13 7 5 9 12 0 0 1 0 1 0 2 1 1 3 0 2 1 2 0 2 5 2 0 0 1 0 2 0 0 0 0 0 1 1 0 0 0 0 0 0 0 0 0 0 0 0
3 8 1 2 23 6 4 0 0 4 6 0 2 1 0 69 16 8 12 20 3 0 0 0 15 4 0 16 4 18 0 1 1 0 0 2 0 0 0 2 4 0 0 2 0 5 5 0 4 0 0 0 0 0 0 0 1 0 0 2 2 0 0 0 0 0 0 0 0 0 0 0 0
5 8 4 6 13 10 2 0 1 2 12 4 4 4 2 20 13 5 4 6 3 0 0 0 4 5 6 3 1 19 4 1 0 0 0 0 2 1 0 0 4 3 0 3 1 2 7 2 6 0 0 1 0 2 0 0 0 2 0 1 4 0 0 0 0 1 4 4 1 0 0 0 0
6 22 10 5 67 70 17 6 4 15 18 9 7 4 1 172 211 121 27 95 45 53 3 1 45 13 27 49 49 61 34 10 5 4 0 5 9 20 10 9 15 1 6 7 0 22 16 14 20 0 0 6 0 4 0 0 1 3 1 7 7 1 0 0 0 3 3 2 2 0 0 0 0
4 12 3 3 27 19 6 0 0 9 9 2 4 2 0 66 44 29 14 28 11 0 1 0 24 6 4 17 15 20 7 4 2 0 0 2 0 0 0 5 5 1 0 5 0 9 7 4 8 0 0 0 0 0 0 0 1 0 0 3 4 1 0 0 0 2 0 0 0 0 0 0 0
4 12 4 2 19 24 7 1 1 6 8 2 1 1 0 40 42 35 4 26 14 8 1 0 13 7 7 5 12 7 7 3 1 0 0 1 1 4 1 2 2 1 1 4 0 2 1 1 5 0 0 1 1 1 0 0 0 0 0 1 1 0 0 0 0 0 0 0 0 0 0 0 0
1 2 0 0 6 0 0 0 0 1 0 0 0 0 0 13 0 0 3 0 0 0 0 0 4 0 0 4 0 0 0 0 0 0 0 0 0 0 0 0 0 0 0 0 0 1 0 0 0 0 0 0 0 0 0 0 0 0 0 0 0 0 0 0 0 0 0 0 0 0 0 0 0
3 6 2 1 15 6 2 0 0 5 2 1 2 0 0 17 15 0 6 7 2 0 0 0 12 0 2 7 5 5 0 1 0 0 0 1 0 0 0 2 2 0 0 1 0 6 4 2 0 0 0 0 0 0 0 0 1 0 0 2 0 0 0 0 0 1 0 0 0 0 0 0 0
1 3 0 0 6 0 1 0 0 2 0 0 0 0 0 18 0 0 1 4 0 0 0 0 6 0 0 3 0 0 0 0 0 0 0 0 0 0 0 1 0 0 0 0 0 1 0 0 0 0 0 0 0 0 0 0 0 0 0 0 0 0 0 0 0 0 0 0 0 0 0 0 0
2 4 0 1 7 0 1 0 0 2 4 0 0 0 0 18 0 0 1 3 0 0 0 0 3 3 0 5 0 7 0 0 1 0 0 0 0 0 0 1 0 0 0 2 0 1 0 0 0 0 0 0 0 0 0 0 0 0 0 0 0 0 0 0 0 0 0 0 0 0 0 0 0
3 6 2 1 10 9 2 0 0 4 3 1 0 0 0 24 16 9 2 7 3 0 0 0 9 0 3 5 6 4 3 0 1 0 0 0 0 0 0 2 0 0 0 2 0 2 0 0 0 0 0 0 0 0 0 0 0 0 0 0 0 0 0 0 0 0 0 0 0 0 0 0 0
5 10 5 5 31 18 6 0 0 8 14 6 4 3 1 69 55 0 15 31 12 0 1 0 20 8 16 21 15 42 8 4 3 0 0 3 0 0 0 5 9 2 0 8 1 12 10 6 8 0 0 0 1 0 0 0 1 2 1 5 2 2 0 0 0 2 4 1 0 0 0 0 0
4 6 2 4 11 5 1 0 0 1 11 1 1 2 1 25 10 3 4 3 0 0 0 0 2 6 3 2 1 18 1 0 2 0 0 0 0 0 0 0 1 3 0 1 0 1 1 0 4 0 0 0 1 0 0 0 0 3 0 1 1 0 0 0 0 0 1 1 0 0 0 0 0
5 12 5 5 25 25 5 0 0 6 15 6 4 3 1 62 43 30 11 15 12 0 0 0 17 8 18 18 12 37 16 2 2 0 0 1 0 0 0 2 6 2 0 6 1 7 7 6 10 0 0 0 1 0 0 0 1 2 1 4 3 2 0 0 0 1 3 1 0 0 0 0 0
3 8 2 1 14 11 2 0 0 5 3 1 1 0 0 22 20 15 6 7 2 0 0 0 12 2 3 3 8 5 3 1 0 0 0 1 0 0 0 0 2 0 0 1 0 3 1 1 0 0 0 0 0 0 0 0 1 0 0 1 0 0 0 0 0 0 0 0 0 0 0 0 0
4 4 3 3 10 5 0 0 0 1 7 2 0 2 0 20 13 1 2 0 0 0 0 0 3 3 4 6 1 15 1 0 0 0 0 0 0 0 0 0 0 3 0 2 0 1 0 0 4 0 0 0 1 0 0 0 0 0 0 0 0 1 0 0 0 0 0 0 0 0 0 0 0
3 8 2 1 14 10 4 0 0 4 2 1 2 0 0 37 21 12 4 14 5 0 0 0 6 0 2 8 4 4 2 2 0 0 0 1 0 0 0 2 3 0 0 1 0 1 1 2 0 0 0 0 0 0 0 0 0 0 0 1 0 0 0 0 0 1 0 0 0 0 0 0 0
7 15 11 10 35 48 4 3 1 9 28 17 6 12 3 71 111 46 14 18 11 19 0 0 23 15 44 20 30 67 39 1 4 2 0 1 1 3 2 4 6 10 8 10 4 8 9 13 39 0 0 2 1 2 0 0 1 7 2 8 9 8 0 0 0 2 6 10 1 1 0 0 0
6 20 8 7 50 51 13 2 2 15 27 10 9 6 2 127 122 78 24 58 28 17 2 0 43 18 31 25 38 74 30 9 6 1 0 4 3 11 3 9 20 6 4 15 2 14 15 16 30 0 0 3 2 3 0 0 2 4 1 11 8 2 0 0 0 4 8 5 2 0 0 0 0
2 5 0 1 10 0 2 0 0 2 3 0 1 0 0 29 0 0 2 7 0 0 0 0 3 2 0 8 0 5 0 1 0 0 0 0 0 0 0 0 2 0 0 1 0 2 2 0 0 0 0 0 0 0 0 0 0 0 0 1 0 0 0 0 0 0 0 0 0 0 0 0 0
4 5 2 4 8 4 0 0 0 1 9 1 1 2 1 30 6 2 1 0 0 0 0 0 2 5 2 4 0 15 1 0 0 0 0 0 0 0 0 0 0 3 0 2 0 1 1 0 3 0 0 0 0 0 0 0 0 2 0 1 1 0 0 0 0 0 1 1 0 0 0 0 0
1 3 0 0 5 0 0 0 0 3 0 0 0 0 0 8 0 0 2 0 0 0 0 0 6 0 0 1 0 0 0 0 0 0 0 0 0 0 0 0 0 0 0 0 0 2 0 0 0 0 0 0 0 0 0 0 1 0 0 0 0 0 0 0 0 0 0 0 0 0 0 0 0
2 4 0 1 8 0 1 0 0 1 2 0 1 0 0 17 0 0 2 3 0 0 0 0 3 1 0 3 0 3 0 0 0 0 0 1 0 0 0 0 1 0 0 0 0 0 2 0 0 0 0 0 0 0 0 0 0 0 0 1 0 0 0 0 0 0 0 0 0 0 0 0 0
4 6 4 2 10 11 2 1 1 2 3 2 1 1 0 24 19 4 2 6 3 3 0 0 4 0 2 2 3 5 3 1 0 0 0 0 1 1 1 0 2 0 1 1 0 2 1 1 2 0 0 2 0 1 0 0 0 0 0 0 1 0 0 0 0 0 0 0 0 0 0 0 0
3 7 2 1 20 9 2 0 0 3 3 1 1 0 0 39 23 10 10 7 3 0 0 0 12 2 3 13 3 11 2 0 0 0 0 2 0 0 0 0 1 0 0 1 0 3 2 1 0 0 0 0 0 0 0 0 1 0 0 2 0 0 0 0 0 0 0 0 0 0 0 0 0
6 17 10 5 35 58 12 6 3 8 13 9 4 4 1 86 131 77 14 47 36 45 1 1 24 6 20 19 33 25 34 7 3 4 0 3 4 13 8 4 8 1 6 2 0 8 3 8 15 0 0 3 0 3 0 0 1 2 1 2 4 1 0 0 0 0 2 2 1 0 0 0 0
4 10 2 4 15 9 5 0 1 5 11 1 4 2 1 24 15 7 3 19 6 0 1 0 8 7 2 4 3 15 3 2 2 0 0 1 1 2 0 2 5 1 0 3 0 3 4 0 5 0 0 2 0 1 0 0 0 2 0 3 4 0 0 0 0 2 2 1 1 0 0 0 0
1 2 0 0 6 0 0 0 0 1 0 0 0 0 0 15 0 0 2 0 0 0 0 0 2 0 0 5 0 0 0 0 0 0 0 0 0 0 0 0 0 0 0 0 0 2 0 0 0 0 0 0 0 0 0 0 0 0 0 0 0 0 0 0 0 0 0 0 0 0 0 0 0
4 16 4 2 41 30 13 1 2 13 6 2 4 1 0 97 71 56 14 58 21 9 2 0 32 4 5 28 26 15 9 9 1 0 0 3 4 9 2 9 8 0 1 2 0 16 11 4 4 0 0 3 0 1 0 0 2 0 0 4 2 0 0 0 0 2 0 0 1 0 0 0 0
