8 15 16 12 33 63 5 8 1 7 28 28 6 16 4 93 134 52 17 20 19 49 0 1 17 11 62 16 32 65 58 2 4 8 0 1 2 4 3 2 8 9 20 7 8 5 9 18 48 0 0 1 1 2 0 0 1 8 4 7 10 12 0 0 0 1 6 16 1 1 0 0 0
4 14 3 3 41 22 10 0 0 10 12 3 4 0 1 81 63 40 22 54 18 0 2 0 29 8 12 23 14 35 12 6 3 0 0 3 0 0 0 6 9 0 0 7 0 12 9 4 0 0 0 0 1 0 0 0 1 2 1 5 0 0 0 0 0 2 4 0 0 0 0 0 0
6 20 9 6 49 58 12 3 2 16 24 11 7 5 1 104 146 89 19 57 30 26 1 0 41 19 38 31 47 51 35 7 6 2 0 1 4 9 4 10 15 5 5 13 2 13 12 15 24 0 0 4 1 3 0 0 2 3 1 10 7 3 0 0 0 3 4 2 1 0 0 0 0
4 16 3 3 49 26 12 0 0 14 14 2 4 2 0 112 76 55 26 65 22 0 2 0 43 14 8 36 24 43 10 8 4 0 0 4 0 0 0 10 10 2 0 8 0 18 10 4 12 0 0 0 1 0 0 0 2 0 0 6 4 1 0 0 0 2 0 0 0 0 0 0 0
7 20 13 8 56 72 10 7 2 12 26 18 9 8 2 138 198 94 26 50 30 54 1 1 30 18 51 36 44 77 48 5 5 6 0 3 4 9 5 6 16 5 12 9 4 15 19 24 33 0 0 3 1 3 0 0 1 5 2 10 11 4 0 0 0 3 6 6 2 0 0 0 0
5 14 8 2 32 45 5 5 1 9 5 4 2 1 0 69 99 61 17 16 12 41 0 1 22 3 9 13 33 14 13 2 1 2 0 3 2 4 2 2 3 0 2 0 0 7 4 4 3 0 0 1 0 1 0 0 2 0 0 2 2 0 0 0 0 0 0 0 0 0 0 0 0
6 17 8 7 42 42 9 2 2 10 23 10 8 6 2 94 102 49 21 42 22 13 1 0 26 19 26 14 22 57 26 4 4 1 0 2 4 6 3 5 13 6 4 9 2 9 15 12 21 0 0 4 1 3 0 0 0 4 1 7 10 2 0 0 0 4 6 5 2 0 0 0 0
5 11 6 4 24 26 6 1 1 2 12 6 2 3 0 55 55 27 10 22 13 6 1 0 4 7 15 12 5 29 13 0 4 0 0 2 0 3 1 1 4 3 2 1 1 0 4 4 11 0 0 1 1 2 0 0 0 0 0 1 2 2 0 0 0 0 0 0 0 0 0 0 0
7 18 11 10 41 58 9 3 1 9 32 17 8 12 3 73 125 72 19 34 28 23 1 0 22 20 47 18 32 78 47 5 7 2 0 3 2 5 2 4 14 12 8 9 4 5 13 19 48 0 0 1 2 2 0 0 1 6 2 8 11 8 0 0 0 2 8 10 1 1 0 0 0
4 9 3 3 28 14 5 0 0 1 11 2 1 2 0 56 47 16 15 29 9 0 1 0 3 8 7 19 1 28 5 0 4 0 0 2 0 0 0 0 2 3 0 1 0 1 2 1 8 0 0 0 2 0 0 0 0 0 0 1 1 1 0 0 0 0 0 0 0 0 0 0 0
6 18 9 6 51 53 8 3 1 12 21 11 7 5 1 136 145 76 22 44 21 25 1 0 33 18 32 35 36 63 32 3 4 2 0 3 3 4 2 5 11 5 5 9 2 17 15 16 22 0 0 2 1 1 0 0 1 3 1 7 7 3 0 0 0 3 3 2 1 0 0 0 0
5 10 5 5 23 17 6 0 0 8 15 6 4 3 1 70 38 0 8 27 11 0 1 0 23 8 15 13 14 35 7 4 4 0 0 1 0 0 0 5 9 4 0 9 1 6 6 6 8 0 0 0 1 0 0 0 1 2 1 5 2 2 0 0 0 2 4 1 0 0 0 0 0
5 14 5 5 40 28 10 1 1 9 16 4 5 4 1 109 73 29 18 53 19 8 2 0 26 9 11 26 19 48 11 6 4 0 0 4 3 5 1 6 12 2 2 6 0 13 13 5 17 0 0 2 0 1 0 0 1 2 0 5 5 1 0 0 0 2 3 2 1 0 0 0 0
7 20 11 10 39 62 11 3 2 10 36 17 9 12 3 70 123 86 15 41 35 21 2 0 18 30 53 17 29 73 50 5 6 2 0 2 2 7 4 3 18 14 8 15 4 7 11 20 51 0 0 3 1 4 0 0 0 7 2 7 12 8 0 0 0 3 9 10 2 1 0 0 0
6 20 8 7 48 53 12 2 2 14 25 10 9 6 2 98 118 85 21 59 28 18 1 0 36 19 28 27 38 64 33 7 4 1 0 2 5 10 3 8 18 4 4 12 2 14 17 17 31 0 0 3 1 3 0 0 1 4 1 9 8 2 0 0 0 4 7 5 2 0 0 0 0
4 14 5 1 28 33 12 2 2 8 3 2 1 0 0 69 69 51 11 43 23 17 3 0 18 2 5 14 21 6 8 6 1 1 0 3 1 10 3 5 2 0 0 0 0 7 2 2 0 0 0 2 0 1 0 0 1 0 0 1 0 0 0 0 0 0 0 0 0 0 0 0 0
5 9 8 2 23 29 3 5 2 4 3 4 0 1 0 59 73 21 10 16 8 23 0 1 8 0 5 10 13 7 11 1 0 2 0 1 5 4 5 1 0 0 2 1 0 5 0 0 3 0 0 2 0 1 0 0 0 0 0 0 0 0 0 0 0 0 0 0 0 0 0 0 0
7 20 11 10 45 65 8 3 1 14 35 17 9 12 3 98 137 92 22 37 25 27 0 0 35 27 50 20 47 83 52 3 6 2 0 2 2 4 2 7 13 13 8 17 4 12 15 22 55 0 0 2 2 2 0 0 1 6 2 10 12 8 0 0 0 4 9 10 1 1 0 0 0
7 21 13 8 54 77 13 7 3 13 25 18 9 8 2 96 185 107 24 63 41 57 2 1 31 14 49 34 50 73 55 6 5 6 0 5 7 14 8 7 18 4 12 10 4 11 19 24 35 0 0 3 1 4 0 0 2 4 2 9 9 4 0 0 0 3 6 6 3 0 0 0 0
4 8 4 2 15 16 4 0 0 1 4 4 2 0 0 27 30 16 8 13 8 0 1 0 2 1 8 3 2 8 8 0 1 0 0 3 0 0 0 0 3 0 0 0 1 0 3 4 0 0 0 0 0 0 0 0 0 0 0 1 0 0 0 0 0 0 0 0 0 0 0 0 0
4 8 4 2 6 15 4 1 1 1 5 2 1 1 0 12 13 14 3 3 6 5 1 0 2 2 4 0 2 5 3 0 1 0 0 0 0 3 1 0 2 0 1 1 0 1 0 1 4 0 0 0 0 1 0 0 0 0 0 0 1 0 0 0 0 0 0 0 0 0 0 0 0
3 5 1 2 14 3 1 0 0 1 7 0 0 1 0 30 8 2 8 4 0 0 0 0 2 5 0 6 1 18 0 0 2 0 0 1 0 0 0 0 0 2 0 1 0 1 0 0 3 0 0 0 1 0 0 0 0 0 0 0 0 0 0 0 0 0 0 0 0 0 0 0 0
3 5 3 0 12 8 1 1 1 2 0 0 0 0 0 18 19 4 7 4 1 3 0 0 4 0 0 4 3 0 0 0 0 0 0 0 2 1 1 1 0 0 0 0 0 1 0 0 0 0 0 1 0 0 0 0 0 0 0 0 0 0 0 0 0 0 0 0 0 0 0 0 0
6 10 8 7 31 28 3 2 0 6 14 10 4 6 2 83 83 15 21 20 9 9 0 0 22 5 19 26 18 47 19 1 2 1 0 2 0 0 0 3 4 2 4 5 2 10 9 9 15 0 0 0 1 0 0 0 1 4 1 5 4 2 0 0 0 1 3 5 0 0 0 0 0
5 12 4 6 36 19 5 0 0 6 23 3 3 6 1 77 55 19 20 29 8 0 0 0 21 18 10 24 10 66 7 1 7 0 0 1 0 0 0 3 5 10 0 7 0 7 6 3 24 0 0 0 3 0 0 0 1 3 0 5 3 2 0 0 0 1 3 2 0 1 0 0 0
5 5 5 5 18 8 1 0 0 3 8 6 2 3 1 61 29 0 10 6 2 0 0 0 9 0 9 15 5 30 3 0 1 0 0 1 0 0 0 1 1 2 0 4 1 6 6 2 3 0 0 0 0 0 0 0 0 1 1 1 2 2 0 0 0 1 2 1 0 0 0 0 0
6 14 8 7 36 40 7 2 1 10 18 10 5 6 2 99 100 35 19 38 21 14 1 0 24 10 23 24 31 44 29 4 3 1 0 4 3 4 2 6 7 3 4 7 2 13 11 9 22 0 0 2 0 1 0 0 1 4 1 6 6 2 0 0 0 2 3 5 1 0 0 0 0
6 17 10 5 45 53 10 6 3 9 14 9 6 4 1 90 137 68 20 47 25 41 1 1 26 7 21 24 29 41 24 4 3 4 0 4 7 11 7 4 11 1 6 5 0 10 13 12 15 0 0 2 0 3 0 0 1 2 1 5 5 1 0 0 0 2 3 2 2 0 0 0 0
7 20 11 10 54 64 9 3 1 12 36 17 9 12 3 111 169 90 22 48 28 26 0 0 29 29 52 32 40 97 51 4 6 2 0 2 2 4 2 5 16 14 8 14 4 15 19 21 53 0 0 2 2 2 0 0 1 7 2 10 13 8 0 0 0 3 9 10 1 1 0 0 0
4 5 3 3 8 7 1 0 0 1 8 2 0 2 0 10 12 4 4 2 1 0 0 0 2 3 5 0 2 10 2 0 2 0 0 0 0 0 0 0 0 3 0 1 0 1 0 0 5 0 0 0 1 0 0 0 0 0 0 0 0 1 0 0 0 0 0 0 0 0 0 0 0
5 14 7 3 34 36 10 2 2 8 8 7 4 1 0 85 86 40 19 48 21 15 2 0 24 3 15 19 21 25 15 6 2 1 0 4 4 9 3 5 8 0 2 4 2 10 6 9 6 0 0 2 0 2 0 0 1 0 0 3 1 0 0 0 0 1 0 0 1 0 0 0 0
4 13 4 2 31 24 11 1 2 5 5 2 3 1 0 84 49 35 9 43 16 7 3 0 11 2 4 22 10 13 7 4 2 0 0 3 5 10 2 2 5 0 1 0 0 6 9 3 4 0 0 1 0 1 0 0 0 0 0 2 1 0 0 0 0 1 0 0 1 0 0 0 0
6 16 11 4 35 53 11 6 4 5 9 12 5 2 0 79 116 62 15 46 29 35 2 1 10 2 23 27 16 22 28 4 2 4 0 2 7 15 10 1 9 0 6 2 4 9 9 15 8 0 0 3 0 4 0 0 0 0 0 2 1 0 0 0 0 1 0 0 2 0 0 0 0
3 4 1 2 15 3 1 0 0 2 5 0 0 1 0 36 11 0 13 7 1 0 0 0 7 2 0 10 2 17 0 0 1 0 0 1 0 0 0 1 0 1 0 2 0 3 0 0 3 0 0 0 1 0 0 0 0 0 0 0 0 0 0 0 0 0 0 0 0 0 0 0 0
6 21 9 6 47 61 12 3 2 15 24 11 8 5 1 89 128 103 21 56 32 26 0 0 34 24 36 24 43 53 38 6 4 2 0 2 5 8 4 9 16 6 5 12 2 14 14 18 25 0 0 4 2 3 0 0 0 2 1 8 8 3 0 0 0 4 4 2 1 0 0 0 0
5 12 8 2 33 33 6 5 2 7 5 4 3 1 0 82 89 27 15 30 11 27 1 1 20 1 9 18 18 17 5 4 1 2 0 2 4 7 4 4 5 0 2 2 0 8 6 6 4 0 0 3 0 1 0 0 1 0 0 3 1 0 0 0 0 1 0 0 1 0 0 0 0
5 9 8 2 16 25 5 5 2 4 3 4 2 1 0 51 40 12 5 18 10 20 1 1 6 0 5 7 12 8 5 2 1 2 0 2 3 6 4 2 3 0 2 2 0 3 4 4 3 0 0 2 0 1 0 0 0 0 0 0 0 0 0 0 0 0 0 0 1 0 0 0 0
5 9 6 4 16 24 7 2 2 2 4 5 2 2 1 35 52 14 4 31 19 9 2 0 4 0 3 11 7 7 17 2 1 1 0 1 2 6 3 1 2 0 2 0 0 2 0 2 4 0 0 1 0 2 0 0 0 0 1 0 1 0 0 0 0 0 1 1 1 0 0 0 0
6 22 10 5 48 73 19 6 4 16 17 9 6 4 1 92 139 126 18 73 53 57 4 1 30 8 26 28 57 48 39 12 5 4 0 5 6 22 10 11 15 1 6 8 0 14 15 12 21 0 0 6 0 4 0 0 2 2 1 5 5 1 0 0 0 2 3 2 2 0 0 0 0
4 10 2 4 31 12 5 0 0 5 12 1 3 2 1 94 36 16 18 26 6 0 0 0 19 7 2 23 9 42 4 2 3 0 0 3 0 0 0 2 6 1 0 3 0 7 6 1 9 0 0 0 0 0 0 0 1 2 0 3 3 0 0 0 0 0 2 1 0 0 0 0 0
2 4 0 1 9 0 0 0 0 3 2 0 1 0 0 26 0 0 3 0 0 0 0 0 6 0 0 7 0 3 0 0 0 0 0 0 0 0 0 0 0 0 0 1 0 2 2 0 0 0 0 0 0 0 0 0 1 0 0 2 0 0 0 0 0 0 0 0 0 0 0 0 0
5 14 8 2 16 42 7 5 3 9 2 4 3 1 0 27 50 51 4 24 17 32 0 1 14 0 3 4 29 3 15 4 0 2 0 0 3 9 7 4 2 0 2 0 0 2 0 6 1 0 0 4 0 1 0 0 1 0 0 1 1 0 0 0 0 1 0 0 1 0 0 0 0
5 11 5 5 38 21 3 1 0 7 17 4 3 4 1 91 66 19 26 20 5 7 0 0 24 10 13 28 13 59 6 1 3 0 0 2 0 0 0 3 4 5 2 8 0 12 9 3 15 0 0 0 2 0 0 0 1 2 0 5 3 1 0 0 0 1 3 2 0 0 0 0 0
5 9 6 4 20 20 2 1 1 3 12 6 1 3 0 41 43 15 13 9 4 4 0 0 5 8 15 5 7 25 9 0 1 0 0 1 2 1 1 1 2 4 2 3 1 3 2 2 10 0 0 1 1 2 0 0 0 0 0 1 1 2 0 0 0 0 0 0 0 0 0 0 0
3 9 2 1 16 11 6 0 1 4 3 1 1 0 0 41 19 14 4 20 7 0 1 0 10 2 2 5 4 4 3 2 0 0 0 1 1 3 0 2 2 0 0 1 0 2 2 1 0 0 0 2 0 1 0 0 0 0 0 1 0 0 0 0 0 0 0 0 0 0 0 0 0
5 12 7 3 23 31 8 2 2 5 5 7 4 1 0 53 56 29 8 32 16 10 2 0 9 0 10 9 14 14 16 4 2 1 0 3 5 8 3 2 6 0 2 2 2 3 5 10 3 0 0 1 0 2 0 0 0 0 0 1 0 0 0 0 0 1 0 0 1 0 0 0 0
2 6 1 0 15 6 5 0 0 2 0 0 0 0 0 39 15 8 7 20 5 0 1 0 5 0 0 9 2 0 0 2 0 0 0 3 0 0 0 1 0 0 0 0 0 3 0 0 0 0 0 0 0 0 0 0 0 0 0 0 0 0 0 0 0 0 0 0 0 0 0 0 0
8 23 16 12 49 91 14 8 4 11 38 28 12 16 4 106 193 126 13 59 52 59 3 1 18 27 74 20 43 83 83 7 6 8 0 2 7 18 12 3 22 12 20 15 8 12 21 36 68 0 0 4 0 8 0 0 0 7 4 7 16 12 0 0 0 4 12 16 4 1 0 0 0
5 5 8 2 6 14 1 5 1 0 2 4 1 1 0 10 15 5 0 3 2 11 0 1 0 0 3 2 0 3 3 0 0 2 0 0 1 1 2 0 1 0 2 0 0 0 2 2 1 0 0 0 0 1 0 0 0 0 0 0 1 0 0 0 0 0 0 0 0 0 0 0 0
5 12 7 3 20 32 6 2 1 3 6 7 4 1 0 37 50 36 6 20 13 13 0 0 7 3 11 7 9 13 15 2 1 1 0 2 3 4 1 0 6 0 2 0 2 1 5 10 3 0 0 0 0 2 0 0 0 0 0 1 2 0 0 0 0 1 0 0 0 0 0 0 0
5 13 4 6 31 18 6 0 1 7 22 4 5 4 2 80 38 18 15 25 7 0 1 0 15 18 14 18 8 57 8 2 5 0 0 2 2 3 0 3 9 5 0 9 1 9 9 2 12 0 0 2 0 2 0 0 0 6 0 5 6 0 0 0 0 2 5 4 1 0 0 0 0
7 19 13 8 40 70 11 7 3 9 24 18 7 8 2 83 135 92 18 35 36 52 2 1 20 13 48 23 36 62 50 2 6 6 0 3 3 12 8 4 12 4 12 7 4 8 13 18 33 0 0 2 1 5 0 0 2 4 2 7 8 4 0 0 0 1 5 6 2 0 0 0 0
5 14 7 3 28 38 9 3 2 5 10 5 2 2 0 34 76 49 4 39 23 20 2 0 5 7 14 14 13 18 16 3 1 2 0 1 4 8 4 1 4 2 2 3 0 6 2 4 8 0 0 2 1 2 0 0 0 0 0 2 2 1 0 0 0 0 0 0 0 0 0 0 0
3 6 1 2 11 4 2 0 0 5 4 0 2 1 0 42 8 0 4 7 2 0 0 0 14 0 0 8 4 10 0 1 0 0 0 0 0 0 0 2 2 0 0 2 0 3 1 0 2 0 0 0 0 0 0 0 1 0 0 2 2 0 0 0 0 1 0 0 0 0 0 0 0
7 20 11 10 53 63 9 3 1 12 37 17 9 12 3 98 160 85 25 48 26 25 0 0 31 32 52 30 40 99 49 3 9 2 0 2 2 4 2 6 15 16 8 13 4 10 17 21 54 0 0 2 4 2 0 0 1 7 2 11 13 8 0 0 0 3 9 10 1 1 0 0 0
7 19 11 10 45 60 9 3 1 11 34 17 9 12 3 126 136 74 18 43 27 24 0 0 29 28 47 19 36 81 47 3 7 2 0 2 2 4 2 6 16 14 8 13 4 11 17 21 50 0 0 2 2 2 0 0 1 6 2 9 13 8 0 0 0 3 9 10 1 1 0 0 0
5 9 6 4 16 27 5 2 1 4 7 5 0 2 1 20 51 20 5 19 15 12 1 0 6 1 8 5 13 8 18 2 1 1 0 2 2 4 2 2 0 0 2 2 0 5 0 0 8 0 0 1 0 1 0 0 0 2 1 0 0 0 0 0 0 0 0 1 0 0 0 0 0
4 14 4 2 31 26 10 0 1 10 6 4 4 0 0 80 55 40 13 49 14 0 2 0 27 3 10 20 19 19 12 6 2 0 0 3 3 6 0 6 8 0 0 2 1 8 4 8 0 0 0 1 0 2 0 0 1 0 0 4 0 0 0 0 0 2 0 0 0 0 0 0 0
6 18 9 6 55 55 8 3 1 14 23 11 5 5 1 134 162 83 29 43 22 28 0 0 42 16 38 43 46 74 34 3 6 2 0 3 2 4 2 7 8 5 5 11 2 18 11 11 24 0 0 2 1 2 0 0 3 3 1 9 6 3 0 0 0 1 3 2 0 0 0 0 0
3 10 2 1 23 12 7 0 1 6 2 1 2 0 0 72 24 17 8 30 7 0 1 0 15 0 1 13 6 7 3 4 0 0 0 1 3 4 0 3 3 0 0 1 0 7 3 2 0 0 0 2 0 1 0 0 0 0 0 1 0 0 0 0 0 1 0 0 0 0 0 0 0
4 7 2 4 18 7 2 0 0 3 14 0 0 4 0 39 18 4 11 8 2 0 0 0 7 10 0 9 3 32 0 0 4 0 0 1 0 0 0 1 0 7 0 6 0 5 0 0 14 0 0 0 2 0 0 0 0 0 0 0 0 0 0 0 0 0 0 0 0 1 0 0 0
4 4 2 4 10 2 1 0 1 0 4 1 2 2 1 32 6 0 7 4 0 0 0 0 0 0 1 2 0 12 0 0 1 0 0 1 2 1 0 0 1 0 0 0 0 0 4 0 1 0 0 0 0 1 0 0 0 1 0 0 1 0 0 0 0 0 1 1 1 0 0 0 0
4 7 2 4 27 6 2 0 0 2 11 1 2 2 1 80 23 4 18 13 2 0 0 0 7 5 2 22 1 42 1 1 1 0 0 1 0 0 0 0 3 3 0 3 0 4 6 1 5 0 0 0 1 0 0 0 0 2 0 2 1 0 0 0 0 0 2 1 0 0 0 0 0
3 7 1 2 12 3 3 0 1 2 3 0 3 1 0 23 8 2 6 16 1 0 1 0 2 2 0 7 0 8 0 0 1 0 0 2 1 2 0 0 2 0 0 0 0 0 2 0 2 0 0 1 0 0 0 0 0 0 0 1 1 0 0 0 0 1 0 0 1 0 0 0 0
3 7 2 1 21 8 2 0 0 4 2 1 2 0 0 69 21 6 13 13 2 0 0 0 15 1 2 16 4 7 1 0 0 0 0 1 0 0 0 2 2 0 0 0 0 6 6 2 0 0 0 0 0 0 0 0 0 0 0 2 0 0 0 0 0 1 0 0 0 0 0 0 0
4 6 4 2 17 10 2 1 0 2 6 2 1 1 0 34 29 3 10 9 4 4 0 0 4 3 6 7 3 15 0 1 0 0 0 1 0 0 0 0 2 1 1 2 0 3 2 1 3 0 0 0 1 0 0 0 0 0 0 1 1 0 0 0 0 0 0 0 0 0 0 0 0
4 7 2 4 15 8 2 0 0 2 11 1 1 2 1 44 14 6 9 8 2 0 0 0 3 8 2 9 4 25 3 0 3 0 0 2 0 0 0 1 1 3 0 2 0 2 2 0 7 0 0 0 1 0 0 0 0 2 0 0 1 0 0 0 0 0 1 1 0 0 0 0 0
5 10 8 2 24 29 2 5 2 4 5 4 1 1 0 58 67 27 14 10 4 24 0 1 9 2 8 8 11 15 6 0 1 2 0 1 3 2 4 1 1 0 2 1 0 3 2 2 4 0 0 3 0 2 0 0 0 0 0 1 1 0 0 0 0 0 0 0 0 0 0 0 0
6 14 9 6 42 46 7 3 1 9 14 11 4 5 1 129 138 46 21 39 21 21 0 0 29 5 24 31 32 42 35 3 3 2 0 3 2 4 2 5 7 2 5 5 2 13 10 10 17 0 0 2 0 2 0 0 1 1 1 4 5 3 0 0 0 1 1 2 0 0 0 0 0
1 4 0 0 9 0 4 0 0 2 0 0 0 0 0 16 0 0 5 16 0 0 1 0 3 0 0 4 0 0 0 2 0 0 0 2 0 0 0 1 0 0 0 0 0 2 0 0 0 0 0 0 0 0 0 0 0 0 0 0 0 0 0 0 0 0 0 0 0 0 0 0 0
4 4 3 3 11 4 1 0 0 0 6 3 1 0 1 22 11 0 6 5 1 0 0 0 0 3 6 6 0 16 0 0 1 0 0 1 0 0 0 0 1 0 0 0 0 0 3 1 0 0 0 0 0 0 0 0 0 2 1 0 0 0 0 0 0 0 1 0 0 0 0 0 0
2 5 0 1 7 0 3 0 0 1 3 0 1 0 0 10 0 0 1 6 0 0 1 0 3 2 0 1 0 4 0 0 1 0 0 1 0 0 0 0 2 0 0 0 0 0 1 0 0 0 0 0 0 0 0 0 0 0 0 1 0 0 0 0 0 0 0 0 0 0 0 0 0
7 15 13 8 35 52 4 7 1 8 22 18 7 8 2 102 124 46 18 19 11 41 0 1 24 16 42 23 27 53 31 1 4 6 0 2 1 2 2 3 7 6 12 8 4 7 10 17 23 0 0 2 1 2 0 0 1 5 2 7 11 4 0 0 0 2 5 6 1 0 0 0 0
3 8 0 3 19 0 3 0 0 4 10 0 3 0 1 61 0 0 10 15 0 0 0 0 9 9 0 15 0 24 0 1 1 0 0 1 0 0 0 1 5 0 0 4 0 6 6 0 0 0 0 0 0 0 0 0 0 2 0 2 0 0 0 0 0 1 3 0 0 0 0 0 0
2 2 1 0 6 2 0 0 0 1 0 0 0 0 0 21 6 0 2 0 0 0 0 0 2 0 0 4 1 0 0 0 0 0 0 0 0 0 0 0 0 0 0 0 0 2 0 0 0 0 0 0 0 0 0 0 0 0 0 0 0 0 0 0 0 0 0 0 0 0 0 0 0
7 19 13 8 51 68 11 7 3 11 24 18 8 8 2 108 178 77 23 58 35 48 2 1 27 15 46 30 39 66 47 6 4 6 0 4 8 12 8 6 15 5 12 9 4 14 16 21 32 0 0 4 1 5 0 0 1 3 2 8 9 4 0 0 0 3 6 6 2 0 0 0 0
1 3 0 0 4 0 0 0 0 3 0 0 0 0 0 11 0 0 1 0 0 0 0 0 6 0 0 0 0 0 0 0 0 0 0 0 0 0 0 0 0 0 0 0 0 1 0 0 0 0 0 0 0 0 0 0 1 0 0 0 0 0 0 0 0 0 0 0 0 0 0 0 0
3 7 1 2 20 5 5 0 0 6 5 0 2 1 0 50 13 0 9 23 5 0 1 0 18 0 0 14 5 15 0 4 1 0 0 1 0 0 0 4 4 0 0 3 0 8 5 0 3 0 0 0 0 0 0 0 1 0 0 2 2 0 0 0 0 1 0 0 0 0 0 0 0
4 6 2 4 19 6 1 0 0 1 10 1 1 2 1 47 19 4 13 6 0 0 0 0 4 6 2 16 2 30 2 0 2 0 0 1 0 0 0 0 1 3 0 1 0 2 3 0 5 0 0 0 1 0 0 0 0 2 0 0 1 0 0 0 0 0 1 1 0 0 0 0 0
2 3 0 1 10 0 1 0 0 0 1 0 1 0 0 26 0 0 6 5 0 0 0 0 0 0 0 6 0 4 0 0 0 0 0 1 0 0 0 0 1 0 0 0 0 0 3 0 0 0 0 0 0 0 0 0 0 0 0 0 0 0 0 0 0 0 0 0 0 0 0 0 0
3 8 2 1 16 10 7 0 1 2 2 1 1 0 0 40 20 10 3 25 7 0 2 0 4 0 1 7 3 5 3 2 1 0 0 2 1 4 0 1 2 0 0 0 0 1 2 1 0 0 0 1 0 1 0 0 0 0 0 0 0 0 0 0 0 0 0 0 0 0 0 0 0
1 3 0 0 6 0 1 0 0 2 0 0 0 0 0 17 0 0 2 4 0 0 0 0 6 0 0 2 0 0 0 0 0 0 0 0 0 0 0 1 0 0 0 0 0 1 0 0 0 0 0 0 0 0 0 0 0 0 0 0 0 0 0 0 0 0 0 0 0 0 0 0 0
2 4 1 0 4 4 4 0 0 2 0 0 0 0 0 6 4 0 1 6 4 0 1 0 2 0 0 0 2 0 0 2 0 0 0 1 0 0 0 1 0 0 0 0 0 1 0 0 0 0 0 0 0 0 0 0 0 0 0 0 0 0 0 0 0 0 0 0 0 0 0 0 0
5 3 4 6 12 5 1 0 0 0 7 3 0 6 1 21 20 0 9 6 2 0 0 0 0 1 3 9 0 26 2 0 2 0 0 1 0 0 0 0 0 4 0 0 0 0 0 0 8 0 0 0 1 0 0 0 0 1 0 0 0 2 0 0 0 0 0 2 0 1 0 0 0
1 1 0 0 2 0 0 0 0 0 0 0 0 0 0 6 0 0 0 0 0 0 0 0 0 0 0 1 0 0 0 0 0 0 0 0 0 0 0 0 0 0 0 0 0 0 0 0 0 0 0 0 0 0 0 0 0 0 0 0 0 0 0 0 0 0 0 0 0 0 0 0 0
5 14 4 6 46 23 5 0 0 9 27 3 3 6 1 82 70 33 31 32 8 0 0 0 27 26 12 33 16 85 9 1 7 0 0 4 0 0 0 4 5 12 0 13 0 13 9 3 30 0 0 0 3 0 0 0 1 3 0 5 3 2 0 0 0 1 3 2 0 1 0 0 0
4 5 3 3 10 7 1 0 0 0 6 3 1 0 1 22 10 4 6 5 1 0 0 0 0 3 6 6 0 14 3 0 1 0 0 1 0 0 0 0 1 0 0 0 0 0 3 1 0 0 0 0 0 0 0 0 0 2 1 0 0 0 0 0 0 0 1 0 0 0 0 0 0
4 6 2 4 12 8 1 0 0 2 10 1 0 2 1 22 15 6 8 5 2 0 0 0 5 5 2 3 4 19 3 0 1 0 0 0 0 0 0 1 0 2 0 2 0 2 0 0 8 0 0 0 1 0 0 0 0 3 0 0 0 0 0 0 0 0 0 1 0 0 0 0 0
3 5 0 3 10 0 1 0 0 1 6 0 2 0 1 26 0 0 8 5 0 0 0 0 2 2 0 2 0 12 0 0 1 0 0 1 0 0 0 0 1 0 0 0 0 0 2 0 0 0 0 0 1 0 0 0 0 1 0 2 0 0 0 0 0 0 2 0 0 0 0 0 0
4 7 4 2 15 16 5 1 1 4 3 2 0 1 0 41 29 6 9 13 11 5 1 0 8 0 2 8 8 10 7 2 1 0 0 2 2 3 1 2 0 0 1 2 0 5 0 0 3 0 0 2 0 1 0 0 0 0 0 0 0 0 0 0 0 0 0 0 0 0 0 0 0
6 12 9 6 37 38 6 3 1 8 14 11 3 5 1 99 114 24 21 29 20 16 1 0 20 8 23 23 27 44 28 4 2 2 0 3 2 3 2 5 5 4 5 6 2 11 8 8 16 0 0 1 1 2 0 0 1 1 1 4 3 3 0 0 0 1 1 2 0 0 0 0 0
4 5 3 3 15 5 3 0 0 0 6 3 2 0 1 41 15 0 7 16 3 0 1 0 0 1 6 11 0 20 0 0 2 0 0 2 0 0 0 0 4 0 0 0 0 0 5 2 0 0 0 0 0 0 0 0 0 1 1 0 0 0 0 0 0 0 2 0 0 0 0 0 0
2 3 1 0 4 3 0 0 0 3 0 0 0 0 0 10 4 0 1 0 0 0 0 0 6 0 0 0 3 0 0 0 0 0 0 0 0 0 0 0 0 0 0 0 0 1 0 0 0 0 0 0 0 0 0 0 1 0 0 0 0 0 0 0 0 0 0 0 0 0 0 0 0
1 1 0 0 3 0 0 0 0 0 0 0 0 0 0 4 0 0 0 0 0 0 0 0 0 0 0 3 0 0 0 0 0 0 0 0 0 0 0 0 0 0 0 0 0 0 0 0 0 0 0 0 0 0 0 0 0 0 0 0 0 0 0 0 0 0 0 0 0 0 0 0 0
1 3 0 0 5 0 0 0 0 3 0 0 0 0 0 15 0 0 3 0 0 0 0 0 6 0 0 0 0 0 0 0 0 0 0 0 0 0 0 0 0 0 0 0 0 2 0 0 0 0 0 0 0 0 0 0 1 0 0 0 0 0 0 0 0 0 0 0 0 0 0 0 0
2 4 0 1 15 0 0 0 0 3 2 0 1 0 0 36 0 0 11 0 0 0 0 0 12 0 0 13 0 7 0 0 0 0 0 0 0 0 0 0 0 0 0 1 0 4 3 0 0 0 0 0 0 0 0 0 1 0 0 2 0 0 0 0 0 0 0 0 0 0 0 0 0
3 7 1 2 18 4 5 0 1 1 4 0 2 1 0 36 9 4 8 20 1 0 1 0 2 0 0 11 1 9 0 1 1 0 0 2 3 4 0 0 4 0 0 1 0 2 6 0 4 0 0 0 0 0 0 0 0 0 0 0 0 0 0 0 0 0 0 0 1 0 0 0 0
6 11 10 5 27 44 6 6 2 8 7 9 0 4 1 70 109 28 14 31 22 36 1 1 20 0 12 16 33 12 33 4 1 4 0 3 5 7 6 5 0 0 6 3 0 10 0 0 12 0 0 4 0 2 0 0 1 1 1 0 0 1 0 0 0 0 0 2 0 0 0 0 0
1 1 0 0 4 0 0 0 0 0 0 0 0 0 0 4 0 0 4 0 0 0 0 0 0 0 0 2 0 0 0 0 0 0 0 0 0 0 0 0 0 0 0 0 0 0 0 0 0 0 0 0 0 0 0 0 0 0 0 0 0 0 0 0 0 0 0 0 0 0 0 0 0
2 6 1 0 6 4 5 0 1 2 0 0 0 0 0 11 3 3 0 9 2 0 1 0 1 0 0 1 1 0 0 2 0 0 0 0 1 3 0 1 0 0 0 0 0 1 0 0 0 0 0 1 0 0 0 0 0 0 0 0 0 0 0 0 0 0 0 0 0 0 0 0 0
