7 17 13 8 50 62 11 7 4 6 18 18 7 8 2 144 187 70 23 60 37 42 2 1 17 5 33 36 23 55 48 5 2 6 0 4 10 15 11 2 12 3 12 7 4 11 17 18 27 0 0 3 0 6 0 0 0 1 2 1 6 4 0 0 0 1 5 6 3 0 0 0 0
6 24 11 4 60 83 20 6 4 20 15 12 7 2 0 164 204 154 23 95 56 61 4 1 45 9 41 34 70 44 44 14 4 4 0 6 8 23 10 14 17 0 6 8 4 21 10 21 12 0 0 7 0 4 0 0 3 0 0 9 3 0 0 0 0 3 0 0 2 0 0 0 0
7 14 11 10 41 46 3 3 0 6 26 17 6 12 3 146 131 48 24 17 9 20 0 0 21 14 38 23 22 77 37 0 5 2 0 2 0 0 0 2 4 11 8 6 4 5 14 15 39 0 0 0 2 0 0 0 0 5 2 6 9 8 0 0 0 1 6 10 0 1 0 0 0
7 18 13 8 48 67 13 7 4 6 19 18 7 8 2 134 183 80 18 63 43 46 3 1 14 6 37 31 24 47 52 5 4 6 0 5 10 17 11 2 14 2 12 6 4 10 17 19 31 0 0 3 0 6 0 0 0 1 2 1 5 4 0 0 0 1 5 6 3 0 0 0 0
7 21 13 8 67 80 12 7 3 14 24 18 8 8 2 163 253 114 36 72 43 57 2 1 42 14 48 46 55 74 63 6 4 6 0 6 8 13 9 8 12 4 12 10 4 21 22 23 36 0 0 5 1 4 0 0 1 3 2 8 8 4 0 0 0 3 5 6 2 0 0 0 0
7 22 11 10 59 70 14 3 2 14 38 17 10 12 3 143 185 107 27 66 42 26 2 0 36 31 54 36 46 104 56 7 10 2 0 5 4 10 4 8 22 14 8 19 4 19 21 24 60 0 0 2 2 4 0 0 1 6 2 9 12 8 0 0 0 4 10 10 2 1 0 0 0
8 23 16 12 56 91 13 8 3 13 40 28 12 16 4 126 218 122 22 59 48 61 2 1 32 30 78 33 53 99 82 6 8 8 0 4 6 13 9 7 22 15 20 15 8 16 22 36 68 0 0 4 2 6 0 0 1 8 4 11 18 12 0 0 0 4 12 16 3 1 0 0 0
6 19 8 7 55 54 11 2 1 13 25 10 7 6 2 112 158 88 30 61 31 19 1 0 39 18 32 36 42 71 38 6 6 1 0 4 3 5 2 7 13 4 4 9 2 16 14 14 30 0 0 1 1 1 0 0 2 6 1 9 7 2 0 0 0 2 5 5 1 0 0 0 0
7 26 13 8 72 94 19 7 4 20 32 18 11 8 2 184 252 166 33 98 61 67 3 1 52 27 61 42 73 94 67 12 7 6 0 5 8 21 11 13 25 7 12 17 4 24 23 29 43 0 0 7 2 6 0 0 2 4 2 13 12 4 0 0 0 5 8 6 3 0 0 0 0
6 22 11 4 75 77 14 6 3 18 13 12 7 2 0 204 261 133 42 92 40 57 2 1 62 8 37 57 64 50 42 8 2 4 0 6 8 15 8 10 13 0 6 6 4 26 17 21 10 0 0 5 0 2 0 0 3 0 0 9 3 0 0 0 0 3 0 0 2 0 0 0 0
7 25 13 8 52 91 15 7 3 20 31 18 11 8 2 120 197 157 22 59 46 68 2 1 49 27 60 24 76 62 64 8 7 6 0 3 4 15 8 11 22 6 12 15 4 13 12 29 40 0 0 5 1 4 0 0 3 6 2 14 13 4 0 0 0 5 7 6 3 0 0 0 0
6 18 8 7 65 50 9 2 1 11 24 10 7 6 2 214 178 77 44 57 24 18 1 0 41 17 29 49 33 88 33 3 5 1 0 5 3 5 2 5 11 5 4 9 2 17 20 14 30 0 0 1 2 1 0 0 1 4 1 8 6 2 0 0 0 2 6 5 1 0 0 0 0
5 15 5 5 37 29 11 1 2 9 15 4 6 4 1 121 73 36 15 50 18 7 2 0 22 8 9 21 19 40 12 6 4 0 0 3 4 9 2 6 13 1 2 6 0 6 10 6 17 0 0 2 0 2 0 0 1 2 0 5 5 1 0 0 0 2 3 2 2 0 0 0 0
8 17 16 12 44 69 5 8 1 10 32 28 8 16 4 106 174 66 19 25 17 51 0 1 26 17 66 24 44 88 62 1 7 8 0 2 1 2 3 3 9 13 20 10 8 10 14 24 52 0 0 2 2 2 0 0 2 8 4 10 14 12 0 0 0 2 8 16 1 1 0 0 0
6 16 7 8 46 40 5 1 0 10 30 8 5 9 2 131 115 57 29 26 13 9 0 0 28 26 26 26 26 86 24 0 7 0 0 4 0 0 0 5 5 13 3 15 1 13 9 9 44 0 0 0 3 0 0 0 0 4 0 5 6 4 0 0 0 2 5 6 0 1 0 0 0
6 20 8 7 64 56 15 2 2 13 24 10 8 6 2 143 182 94 37 84 38 19 3 0 40 13 30 43 40 79 38 8 7 1 0 8 5 11 3 8 19 2 4 10 2 21 20 16 33 0 0 2 0 3 0 0 1 4 1 7 6 2 0 0 0 3 6 5 2 0 0 0 0
7 17 13 8 46 60 8 7 3 10 22 18 7 8 2 111 154 61 16 42 24 43 1 1 23 11 41 32 34 64 41 4 4 6 0 2 6 9 8 4 11 5 12 10 4 15 18 17 27 0 0 5 0 5 0 0 0 4 2 5 9 4 0 0 0 3 5 6 2 0 0 0 0
7 17 13 8 47 64 4 7 1 10 22 18 7 8 2 124 167 78 29 18 13 49 0 1 29 12 45 27 39 70 46 0 3 6 0 3 2 2 3 3 6 4 12 6 4 10 14 20 29 0 0 2 1 1 0 0 1 5 2 9 9 4 0 0 0 2 4 6 1 0 0 0 0
7 17 13 8 49 58 8 7 2 11 24 18 8 8 2 133 154 53 24 43 24 43 0 1 33 13 45 36 37 74 34 4 3 6 0 2 5 8 5 5 13 7 12 11 4 15 20 20 29 0 0 3 2 3 0 0 1 3 2 9 9 4 0 0 0 3 7 6 2 0 0 0 0
7 20 13 8 48 70 13 7 4 9 24 18 9 8 2 121 160 92 18 51 41 46 3 1 20 13 44 31 29 60 48 5 4 6 0 3 8 17 11 4 16 5 12 9 4 10 20 24 34 0 0 3 1 6 0 0 1 2 2 7 8 4 0 0 0 3 7 6 3 0 0 0 0
8 25 16 12 66 99 13 8 3 16 44 28 13 16 4 126 253 150 30 65 47 67 1 1 35 38 86 35 65 116 89 5 9 8 0 5 7 12 9 8 23 17 20 18 8 18 27 39 74 0 0 5 3 6 0 0 1 9 4 14 20 12 0 0 0 5 13 16 3 1 0 0 0
5 15 4 6 38 22 8 0 1 10 22 4 7 4 2 95 50 28 20 35 10 0 1 0 30 16 10 17 14 56 10 4 5 0 0 2 2 4 0 6 13 5 0 10 1 10 14 6 16 0 0 2 2 2 0 0 1 4 0 8 6 0 0 0 0 3 7 4 1 0 0 0 0
6 17 9 6 41 50 10 3 2 10 19 11 6 5 1 110 109 65 16 40 27 23 1 0 22 12 28 28 30 51 31 6 3 2 0 2 3 9 4 5 11 4 5 9 2 12 16 13 21 0 0 3 0 3 0 0 1 2 1 4 6 3 0 0 0 2 3 2 1 0 0 0 0
6 18 8 7 49 49 13 2 2 9 23 10 7 6 2 155 144 73 23 66 32 17 3 0 22 13 29 32 26 62 32 6 6 1 0 5 4 11 3 4 16 3 4 10 2 12 13 13 29 0 0 1 0 3 0 0 0 4 1 4 5 2 0 0 0 2 6 5 2 0 0 0 0
5 18 8 2 46 50 13 5 3 14 8 4 4 1 0 139 125 74 19 62 26 41 2 1 39 6 14 30 37 26 8 8 2 2 0 4 6 14 6 10 10 0 2 4 0 16 5 8 6 0 0 5 0 2 0 0 2 0 0 6 2 0 0 0 0 2 0 0 1 0 0 0 0
6 19 7 8 48 47 11 0 0 13 34 10 7 8 2 100 117 76 19 50 31 0 2 0 30 32 38 34 33 85 37 6 8 0 0 3 0 0 0 7 16 13 0 18 2 15 13 14 41 0 0 0 2 0 0 0 1 5 2 8 7 6 0 0 0 3 7 4 0 1 0 0 0
7 22 11 10 67 70 14 3 2 14 38 17 10 12 3 155 210 107 31 77 42 26 2 0 34 31 54 45 46 113 56 7 10 2 0 7 6 10 4 8 22 14 8 19 4 22 26 24 60 0 0 2 2 4 0 0 1 6 2 9 12 8 0 0 0 4 10 10 2 1 0 0 0
6 19 7 8 66 46 11 1 1 13 33 8 7 9 2 183 156 73 39 67 26 10 2 0 41 29 28 50 33 116 27 6 8 0 0 6 3 6 1 7 15 12 3 18 1 22 20 11 48 0 0 1 2 2 0 0 1 4 0 7 8 4 0 0 0 3 7 6 1 1 0 0 0
7 24 13 8 50 84 16 7 4 18 30 18 11 8 2 140 171 130 21 66 49 57 2 1 41 25 55 26 64 70 57 10 6 6 0 4 5 18 11 12 23 7 12 15 4 16 13 29 39 0 0 6 2 6 0 0 2 4 2 13 12 4 0 0 0 5 8 6 3 0 0 0 0
4 12 2 4 35 11 6 0 0 9 17 1 4 2 1 90 29 14 17 32 5 0 1 0 29 13 3 24 8 49 2 4 4 0 0 2 0 0 0 5 9 4 0 10 0 11 9 2 9 0 0 0 2 0 0 0 1 2 0 5 2 0 0 0 0 2 4 1 0 0 0 0 0
4 11 4 2 30 20 6 0 1 8 7 4 2 0 0 86 54 21 13 28 8 0 1 0 21 3 12 21 14 18 9 4 2 0 0 2 2 4 0 5 4 0 0 4 1 10 5 4 0 0 0 2 0 2 0 0 1 0 0 2 0 0 0 0 0 1 0 0 0 0 0 0 0
3 9 2 1 22 13 3 0 0 7 5 1 0 0 0 53 31 20 10 12 5 0 0 0 18 5 5 16 11 11 4 1 1 0 0 1 0 0 0 3 0 0 0 3 0 7 0 0 0 0 0 0 1 0 0 0 1 0 0 0 0 0 0 0 0 0 0 0 0 0 0 0 0
5 11 6 4 18 24 3 2 1 7 10 5 4 2 1 27 41 22 3 8 4 11 0 0 15 2 12 5 14 15 10 0 2 1 0 1 1 2 1 3 4 1 2 4 0 3 4 4 3 0 0 2 0 1 0 0 0 2 1 4 4 0 0 0 0 2 2 1 1 0 0 0 0
5 11 5 5 14 20 4 1 1 5 14 4 4 4 1 15 27 16 2 10 7 5 0 0 6 9 9 4 7 16 7 1 2 0 0 1 1 2 1 2 5 3 2 4 0 3 3 4 12 0 0 2 0 1 0 0 0 3 0 3 4 1 0 0 0 2 2 2 1 0 0 0 0
6 18 7 8 48 43 10 1 1 12 31 8 7 9 2 133 110 62 25 54 23 9 2 0 32 25 26 34 30 80 25 6 6 0 0 4 3 6 1 6 15 11 3 16 1 15 17 11 44 0 0 1 1 2 0 0 1 4 0 7 8 4 0 0 0 3 7 6 1 1 0 0 0
6 15 10 5 40 46 9 6 3 6 13 9 5 4 1 101 120 51 14 45 21 35 2 1 12 3 20 25 18 37 19 4 3 4 0 4 7 11 7 2 10 1 6 5 0 10 12 10 16 0 0 3 0 3 0 0 0 1 1 2 3 1 0 0 0 1 3 2 2 0 0 0 0
7 14 11 10 42 43 7 3 2 8 23 17 7 12 3 104 129 26 24 38 19 15 1 0 27 9 32 32 26 74 34 3 5 2 0 4 4 7 4 4 11 7 8 9 4 13 15 15 34 0 0 2 1 4 0 0 1 4 2 7 9 8 0 0 0 2 7 10 2 1 0 0 0
6 16 8 7 44 42 10 2 2 7 20 10 7 6 2 135 115 54 22 51 22 13 2 0 17 8 24 25 19 58 25 4 5 1 0 5 5 9 3 3 14 2 4 7 2 10 16 14 27 0 0 1 0 3 0 0 0 3 1 4 4 2 0 0 0 2 6 5 2 0 0 0 0
8 18 16 12 41 72 10 8 3 8 30 28 9 16 4 98 164 70 14 42 37 48 2 1 15 13 60 18 31 69 66 4 7 8 0 4 6 11 9 3 15 9 20 11 8 11 17 27 54 0 0 3 0 6 0 0 0 6 4 5 12 12 0 0 0 3 9 16 3 1 0 0 0
5 13 6 4 34 25 8 2 2 7 13 5 5 2 1 82 60 23 18 34 12 9 2 0 20 5 14 23 12 36 5 4 3 1 0 3 3 7 3 4 10 1 2 6 0 11 13 7 9 0 0 1 1 2 0 0 1 1 1 5 2 0 0 0 0 2 4 1 1 0 0 0 0
4 11 3 3 28 17 6 0 0 8 12 2 2 2 0 80 43 18 10 32 11 0 1 0 23 10 7 18 13 30 6 4 2 0 0 2 0 0 0 5 5 3 0 6 0 8 3 2 9 0 0 0 1 0 0 0 1 0 0 3 2 1 0 0 0 1 0 0 0 0 0 0 0
5 9 7 3 29 24 2 2 1 5 8 7 1 1 0 82 74 17 14 12 4 11 0 0 14 3 17 23 13 26 10 1 1 1 0 1 3 2 1 2 1 0 2 3 2 7 3 2 4 0 0 2 0 2 0 0 1 0 0 2 1 0 0 0 0 0 0 0 0 0 0 0 0
6 21 11 4 43 71 16 6 4 12 12 12 7 2 0 79 146 114 14 61 44 49 3 1 19 7 32 27 40 24 38 8 3 4 0 4 5 19 10 6 14 0 6 3 4 12 12 21 9 0 0 5 0 4 0 0 0 0 0 6 3 0 0 0 0 3 0 0 2 0 0 0 0
5 15 4 6 39 22 10 0 1 10 22 4 7 4 2 96 54 27 17 47 13 0 2 0 27 13 10 20 14 61 10 6 6 0 0 4 2 5 0 6 16 5 0 11 1 11 13 6 16 0 0 2 1 2 0 0 1 4 0 7 6 0 0 0 0 3 7 4 1 0 0 0 0
2 8 0 1 27 0 6 0 0 7 4 0 2 0 0 83 0 0 15 36 0 0 1 0 22 3 0 20 0 12 0 4 1 0 0 3 0 0 0 5 5 0 0 2 0 11 6 0 0 0 0 0 0 0 0 0 1 0 0 3 0 0 0 0 0 1 0 0 0 0 0 0 0
5 14 5 5 46 23 8 1 1 11 19 4 6 4 1 114 72 17 24 46 11 6 1 0 32 15 12 34 18 62 5 4 5 0 0 5 3 4 1 7 12 5 2 10 0 18 16 6 14 0 0 2 1 1 0 0 1 3 0 8 6 1 0 0 0 3 4 2 1 0 0 0 0
7 21 11 10 46 67 10 3 1 14 37 17 10 12 3 115 145 97 23 38 31 26 1 0 33 33 52 19 47 82 54 4 8 2 0 2 0 4 2 8 17 15 8 16 4 9 15 24 55 0 0 2 3 2 0 0 1 6 2 11 14 8 0 0 0 4 10 10 1 1 0 0 0
6 16 7 8 55 40 6 1 0 10 30 8 5 9 2 142 134 58 36 35 16 9 0 0 34 21 27 40 26 102 24 1 8 0 0 4 0 0 0 5 6 12 3 13 1 16 13 9 43 0 0 0 3 0 0 0 1 5 0 7 6 4 0 0 0 2 5 6 0 1 0 0 0
6 12 7 8 39 27 6 1 1 8 21 8 5 9 2 104 91 11 25 34 14 5 1 0 27 10 17 31 19 71 15 4 4 0 0 3 1 3 1 5 9 8 3 10 1 12 10 7 27 0 0 1 2 2 0 0 1 3 0 6 6 4 0 0 0 2 5 6 1 1 0 0 0
5 14 4 6 39 23 5 0 0 8 27 3 3 6 1 90 65 33 22 24 8 0 0 0 20 29 11 21 14 70 9 0 8 0 0 3 0 0 0 4 4 13 0 13 0 12 5 3 31 0 0 0 4 0 0 0 0 2 0 3 3 2 0 0 0 1 3 2 0 1 0 0 0
5 14 8 2 31 36 9 5 3 8 6 4 4 1 0 95 74 34 13 37 17 27 1 1 18 4 10 19 19 13 4 5 1 2 0 3 5 10 6 5 8 0 2 2 0 12 10 8 4 0 0 3 0 2 0 0 1 0 0 4 2 0 0 0 0 2 0 0 1 0 0 0 0
6 12 7 8 37 28 3 1 0 4 22 8 5 9 2 118 82 27 22 16 6 6 0 0 17 14 17 21 11 65 16 0 4 0 0 2 0 0 0 1 5 10 3 3 1 4 15 8 28 0 0 0 2 0 0 0 0 3 0 4 7 4 0 0 0 1 5 6 0 1 0 0 0
6 17 8 7 53 46 7 2 1 10 23 10 7 6 2 139 131 66 33 38 17 16 0 0 33 16 27 38 29 75 29 2 4 1 0 3 3 4 2 4 10 5 4 8 2 13 20 14 28 0 0 1 2 1 0 0 1 4 1 8 6 2 0 0 0 2 6 5 1 0 0 0 0
3 10 2 1 22 13 7 0 1 9 3 1 1 0 0 59 28 17 10 29 7 0 1 0 21 0 2 9 12 8 4 5 1 0 0 3 2 5 0 6 1 0 0 2 0 8 0 1 0 0 0 2 0 1 0 0 2 0 0 2 0 0 0 0 0 0 0 0 0 0 0 0 0
6 12 7 8 25 30 2 1 0 6 24 8 3 9 2 43 63 30 11 13 5 7 0 0 11 16 22 14 17 47 18 0 4 0 0 1 0 0 0 1 1 11 3 8 1 5 2 5 34 0 0 0 3 0 0 0 1 4 0 5 4 4 0 0 0 0 3 6 0 1 0 0 0
3 9 0 3 16 0 4 0 0 6 12 0 3 0 1 20 0 0 4 14 0 0 0 0 9 10 0 5 0 19 0 1 3 0 0 1 0 0 0 3 5 0 0 5 0 4 3 0 0 0 0 0 1 0 0 0 1 3 0 5 0 0 0 0 0 1 3 0 0 0 0 0 0
6 9 8 7 13 19 3 2 2 2 12 10 5 6 2 14 28 8 2 9 5 4 0 0 2 3 12 2 3 19 9 1 1 1 0 0 2 4 3 0 5 3 4 3 2 2 6 7 10 0 0 1 0 3 0 0 0 2 1 1 5 2 0 0 0 1 4 5 2 0 0 0 0
6 20 11 4 50 68 15 6 4 14 12 12 6 2 0 123 169 101 22 65 41 48 3 1 30 4 32 25 49 36 36 10 3 4 0 6 8 19 10 9 12 0 6 6 4 16 9 18 10 0 0 5 0 4 0 0 2 0 0 6 2 0 0 0 0 2 0 0 2 0 0 0 0
5 9 6 4 15 18 3 2 0 6 12 5 3 2 1 15 29 7 5 8 6 9 0 0 8 5 15 4 12 18 1 1 2 1 0 1 0 0 0 3 4 1 2 5 0 3 3 5 8 0 0 0 1 0 0 0 1 2 1 5 1 0 0 0 0 1 3 1 0 0 0 0 0
6 11 7 8 17 27 2 0 0 5 18 10 5 8 2 37 40 24 8 9 5 0 0 0 8 9 18 8 13 29 21 0 2 0 0 1 0 0 0 1 3 7 0 6 2 2 6 10 23 0 0 0 1 0 0 0 0 1 2 2 5 6 0 0 0 2 5 4 0 1 0 0 0
7 20 13 8 66 75 11 7 3 12 23 18 8 8 2 197 241 101 37 58 39 52 2 1 39 13 45 49 46 79 58 4 4 6 0 5 7 12 9 7 11 4 12 8 4 19 24 23 34 0 0 4 1 4 0 0 1 3 2 8 8 4 0 0 0 3 5 6 2 0 0 0 0
2 5 1 0 14 3 2 0 1 4 0 0 0 0 0 44 9 0 8 9 0 0 0 0 12 0 0 8 3 0 0 1 0 0 0 1 2 2 0 2 0 0 0 0 0 5 0 0 0 0 0 1 0 0 0 0 1 0 0 0 0 0 0 0 0 0 0 0 0 0 0 0 0
5 13 7 3 34 34 8 2 1 11 8 7 4 1 0 113 85 24 16 38 18 15 1 0 33 5 17 23 29 21 14 5 1 1 0 2 2 5 2 7 8 0 2 3 2 12 9 8 5 0 0 2 0 0 0 0 2 0 0 6 2 0 0 0 0 2 0 0 1 0 0 0 0
6 12 8 7 25 30 5 2 2 3 14 10 6 6 2 41 58 27 4 21 9 8 1 0 1 5 15 15 8 30 18 1 3 1 0 2 5 6 3 0 7 1 4 2 2 4 12 11 17 0 0 1 0 3 0 0 0 3 1 2 5 2 0 0 0 1 4 5 2 0 0 0 0
7 8 11 10 8 26 1 3 0 1 16 17 3 12 3 12 23 14 1 1 4 12 0 0 1 5 24 1 4 17 20 0 1 2 0 0 0 0 0 0 1 7 8 0 4 0 2 7 23 0 0 0 1 0 0 0 0 4 2 2 5 8 0 0 0 0 3 10 0 1 0 0 0
5 9 4 6 11 14 3 0 0 5 14 3 4 6 1 12 16 6 4 6 6 0 0 0 8 5 5 0 8 16 5 2 0 0 0 0 0 0 0 2 6 5 0 6 0 2 4 4 15 0 0 0 1 0 0 0 0 0 0 2 4 2 0 0 0 2 4 2 0 1 0 0 0
6 15 7 8 39 33 6 1 1 8 28 8 6 9 2 93 82 34 17 30 13 6 0 0 19 23 22 21 16 64 18 2 6 0 0 2 3 2 1 4 9 13 3 11 1 13 15 8 34 0 0 2 3 2 0 0 0 4 0 5 8 4 0 0 0 3 6 6 1 1 0 0 0
4 10 2 4 31 8 3 0 1 6 10 1 5 2 1 108 22 7 15 16 1 0 0 0 18 4 1 22 4 30 2 0 1 0 0 2 3 2 0 3 5 1 0 3 0 10 13 1 4 0 0 2 1 1 0 0 0 1 0 5 4 0 0 0 0 2 3 1 1 0 0 0 0
2 4 0 1 13 0 1 0 0 2 4 0 0 0 0 36 0 0 8 7 0 0 0 0 7 3 0 11 0 13 0 0 1 0 0 1 0 0 0 1 0 0 0 2 0 4 0 0 0 0 0 0 0 0 0 0 0 0 0 0 0 0 0 0 0 0 0 0 0 0 0 0 0
3 8 3 0 26 14 8 1 1 4 0 0 0 0 0 67 44 9 14 42 12 6 2 0 12 0 0 20 6 0 0 4 0 0 0 4 3 4 1 2 0 0 0 0 0 8 0 0 0 0 0 2 0 0 0 0 0 0 0 0 0 0 0 0 0 0 0 0 0 0 0 0 0
3 4 2 1 15 5 1 0 0 2 3 1 0 0 0 44 18 3 9 7 1 0 0 0 7 0 3 13 2 12 1 0 1 0 0 1 0 0 0 1 0 0 0 2 0 4 0 0 0 0 0 0 0 0 0 0 0 0 0 0 0 0 0 0 0 0 0 0 0 0 0 0 0
8 23 16 12 47 91 11 8 3 15 40 28 12 16 4 115 181 124 23 46 40 61 1 1 34 29 78 22 63 88 82 5 7 8 0 3 3 11 9 8 19 15 20 16 8 12 15 36 68 0 0 4 3 6 0 0 2 8 4 14 18 12 0 0 0 4 12 16 3 1 0 0 0
5 15 4 6 48 25 6 0 0 10 27 3 4 6 1 129 82 39 31 33 11 0 0 0 29 29 11 34 17 85 10 2 6 0 0 3 0 0 0 5 7 12 0 16 0 15 8 4 32 0 0 0 3 0 0 0 0 1 0 3 4 2 0 0 0 2 4 2 0 1 0 0 0
6 7 8 7 19 21 4 2 1 3 6 10 3 6 2 41 58 0 6 19 14 6 1 0 5 0 6 12 9 18 18 2 1 1 0 2 2 2 2 1 3 0 4 1 2 5 6 6 10 0 0 1 0 1 0 0 0 1 1 2 3 2 0 0 0 1 1 5 1 0 0 0 0
5 12 4 6 38 20 4 0 0 8 22 3 3 6 1 107 63 22 27 22 7 0 0 0 23 15 10 26 14 68 8 1 5 0 0 2 0 0 0 4 4 9 0 11 0 8 5 3 25 0 0 0 3 0 0 0 1 2 0 5 3 2 0 0 0 1 3 2 0 1 0 0 0
3 8 2 1 21 10 3 0 0 4 2 1 2 0 0 37 26 12 9 11 3 0 0 0 10 1 2 13 5 3 2 1 0 0 0 1 0 0 0 1 3 0 0 0 0 7 6 2 0 0 0 0 0 0 0 0 0 0 0 1 0 0 0 0 0 1 0 0 0 0 0 0 0
6 12 8 7 7 29 5 2 2 2 15 10 6 6 2 10 17 26 1 6 11 8 0 0 2 8 16 0 3 8 17 1 1 1 0 0 1 5 3 0 8 3 4 3 2 0 3 10 16 0 0 1 0 3 0 0 0 2 1 1 5 2 0 0 0 1 5 5 2 0 0 0 0
4 14 4 2 46 27 10 1 2 10 5 2 3 1 0 93 86 43 25 59 16 8 2 0 28 3 4 34 21 19 9 6 1 0 0 5 5 9 2 6 4 0 1 2 0 15 9 3 4 0 0 3 0 1 0 0 1 0 0 2 1 0 0 0 0 1 0 0 1 0 0 0 0
6 10 9 6 27 29 5 3 2 5 11 11 3 5 1 67 80 11 11 23 13 12 1 0 10 3 18 15 14 29 18 2 2 2 0 3 5 6 4 2 4 1 5 5 2 7 6 6 13 0 0 2 0 3 0 0 0 1 1 2 2 3 0 0 0 1 2 2 1 0 0 0 0
4 12 4 2 30 20 7 1 1 8 6 2 4 1 0 89 49 20 15 33 9 7 1 0 22 4 6 13 12 18 2 3 1 0 0 3 2 4 1 4 7 0 1 1 0 8 6 4 4 0 0 2 0 0 0 0 1 0 0 5 2 0 0 0 0 2 0 0 1 0 0 0 0
2 5 1 0 14 5 1 0 0 3 0 0 0 0 0 40 14 6 8 6 1 0 0 0 9 0 0 10 3 0 0 0 0 0 0 1 0 0 0 1 0 0 0 0 0 4 0 0 0 0 0 0 0 0 0 0 0 0 0 0 0 0 0 0 0 0 0 0 0 0 0 0 0
4 8 4 2 17 13 2 1 1 5 3 2 3 1 0 16 23 7 5 6 2 4 0 0 10 0 3 9 8 8 2 1 0 0 0 1 2 2 1 2 2 0 1 1 0 6 6 3 2 0 0 1 0 0 0 0 1 0 0 3 1 0 0 0 0 1 0 0 1 0 0 0 0
3 5 0 3 11 0 1 0 0 3 6 0 2 0 1 30 0 0 4 3 0 0 0 0 5 0 0 6 0 15 0 0 1 0 0 1 0 0 0 1 1 0 0 3 0 4 3 0 0 0 0 0 0 0 0 0 0 1 0 1 0 0 0 0 0 1 2 0 0 0 0 0 0
6 18 10 5 29 58 9 6 3 11 14 9 6 4 1 60 98 83 10 30 24 46 1 1 13 9 21 13 37 21 28 4 1 4 0 3 4 11 7 4 9 1 6 6 0 8 5 12 17 0 0 4 0 3 0 0 1 1 1 4 5 1 0 0 0 2 3 2 2 0 0 0 0
3 7 2 1 21 9 2 0 0 3 3 1 1 0 0 61 27 10 11 9 2 0 0 0 9 2 3 15 4 8 2 1 0 0 0 1 0 0 0 0 2 0 0 1 0 4 3 1 0 0 0 0 0 0 0 0 0 0 0 1 0 0 0 0 0 0 0 0 0 0 0 0 0
2 5 1 0 15 3 4 0 1 2 0 0 0 0 0 40 10 0 7 19 2 0 1 0 5 0 0 11 1 0 0 2 0 0 0 2 2 2 0 1 0 0 0 0 0 4 0 0 0 0 0 1 0 0 0 0 0 0 0 0 0 0 0 0 0 0 0 0 0 0 0 0 0
5 16 5 5 43 27 8 1 2 12 17 4 8 4 1 109 66 33 23 43 8 6 1 0 34 15 9 29 19 49 8 4 4 0 0 3 4 7 2 7 13 2 2 8 0 15 17 8 14 0 0 4 1 2 0 0 1 3 0 9 8 1 0 0 0 4 4 2 2 0 0 0 0
3 8 1 2 16 4 3 0 1 5 4 0 3 1 0 24 5 3 4 8 0 0 0 0 8 1 0 9 3 7 0 1 0 0 0 1 2 3 0 2 3 0 0 1 0 5 6 0 3 0 0 1 0 0 0 0 1 0 0 3 1 0 0 0 0 1 0 0 1 0 0 0 0
4 11 2 4 15 11 4 0 1 7 10 1 5 2 1 36 12 14 7 12 2 0 0 0 10 6 0 4 9 15 3 2 0 0 0 1 2 4 0 2 6 0 0 4 0 4 5 2 8 0 0 1 0 1 0 0 1 1 0 3 3 0 0 0 0 2 3 1 1 0 0 0 0
4 14 4 2 44 25 10 1 2 10 5 2 4 1 0 109 80 36 24 60 15 7 2 0 32 3 4 35 16 18 7 6 1 0 0 5 5 8 2 6 6 0 1 2 0 16 8 4 3 0 0 4 0 1 0 0 1 0 0 4 2 0 0 0 0 2 0 0 1 0 0 0 0
3 5 0 3 11 0 1 0 0 3 6 0 2 0 1 30 0 0 4 3 0 0 0 0 5 0 0 6 0 15 0 0 1 0 0 1 0 0 0 1 1 0 0 3 0 4 3 0 0 0 0 0 0 0 0 0 0 1 0 1 0 0 0 0 0 1 2 0 0 0 0 0 0
3 6 1 2 20 3 1 0 0 3 5 0 2 1 0 50 11 2 12 5 0 0 0 0 7 2 0 14 1 16 0 0 1 0 0 1 0 0 0 1 1 1 0 2 0 5 5 0 1 0 0 0 1 0 0 0 0 0 0 1 2 0 0 0 0 1 0 0 0 0 0 0 0
1 2 0 0 8 0 1 0 0 0 0 0 0 0 0 26 0 0 8 6 0 0 0 0 0 0 0 4 0 0 0 0 0 0 0 1 0 0 0 0 0 0 0 0 0 0 0 0 0 0 0 0 0 0 0 0 0 0 0 0 0 0 0 0 0 0 0 0 0 0 0 0 0
2 3 1 0 7 3 1 0 0 2 0 0 0 0 0 17 7 0 2 3 1 0 0 0 3 0 0 5 2 0 0 0 0 0 0 1 0 0 0 1 0 0 0 0 0 3 0 0 0 0 0 0 0 0 0 0 0 0 0 0 0 0 0 0 0 0 0 0 0 0 0 0 0
7 21 11 10 46 66 13 3 2 15 36 17 10 12 3 114 134 88 18 55 38 25 2 0 34 24 52 24 48 83 53 7 9 2 0 4 4 10 4 9 21 12 8 17 4 15 15 22 52 0 0 4 2 4 0 0 2 7 2 13 14 8 0 0 0 4 10 10 2 1 0 0 0
1 1 0 0 3 0 0 0 0 0 0 0 0 0 0 7 0 0 1 0 0 0 0 0 0 0 0 2 0 0 0 0 0 0 0 0 0 0 0 0 0 0 0 0 0 0 0 0 0 0 0 0 0 0 0 0 0 0 0 0 0 0 0 0 0 0 0 0 0 0 0 0 0
5 5 4 6 15 8 0 0 0 3 8 4 2 4 2 35 22 0 8 0 0 0 0 0 8 0 4 9 6 24 4 0 0 0 0 0 0 0 0 0 0 2 0 2 1 3 4 2 6 0 0 0 1 0 0 0 1 2 0 4 2 0 0 0 0 0 2 4 0 0 0 0 0
4 9 2 4 30 7 3 0 1 5 10 1 4 2 1 106 23 5 17 15 1 0 0 0 16 2 2 23 3 33 1 1 1 0 0 2 3 3 0 2 4 1 0 4 0 7 10 1 5 0 0 1 1 1 0 0 1 1 0 5 2 0 0 0 0 1 3 1 1 0 0 0 0
1 4 0 0 9 0 2 0 0 4 0 0 0 0 0 15 0 0 3 9 0 0 0 0 12 0 0 6 0 0 0 1 0 0 0 0 0 0 0 2 0 0 0 0 0 3 0 0 0 0 0 0 0 0 0 0 1 0 0 0 0 0 0 0 0 0 0 0 0 0 0 0 0
4 9 2 4 21 8 3 0 0 4 11 1 4 2 1 59 17 6 9 12 2 0 0 0 11 8 2 9 4 25 1 0 2 0 0 2 0 0 0 2 5 1 0 3 0 4 8 2 5 0 0 0 1 0 0 0 0 2 0 3 3 0 0 0 0 1 3 1 0 0 0 0 0
