7 22 11 10 76 72 12 3 1 15 40 17 9 12 3 187 246 115 45 77 39 29 1 0 53 34 61 64 53 141 59 6 10 2 0 5 3 5 2 8 18 15 8 18 4 22 22 22 61 0 0 1 3 2 0 0 2 8 2 12 12 8 0 0 0 3 9 10 1 1 0 0 0
8 27 16 12 70 109 16 8 3 20 48 28 13 16 4 161 277 181 32 78 59 77 2 1 54 41 98 43 85 134 99 8 12 8 0 4 4 15 9 11 26 17 20 22 8 16 21 39 82 0 0 5 3 6 0 0 3 11 4 18 20 12 0 0 0 5 13 16 3 1 0 0 0
7 28 13 8 74 102 21 7 4 24 34 18 12 8 2 163 255 197 35 105 68 73 3 1 67 32 65 42 90 99 74 14 8 6 0 5 7 22 11 17 28 7 12 18 4 23 24 32 45 0 0 8 2 6 0 0 3 5 2 16 14 4 0 0 0 6 8 6 3 0 0 0 0
6 22 9 6 74 66 15 3 2 18 24 11 8 5 1 228 214 117 40 95 42 30 2 0 61 21 37 55 56 85 43 10 5 2 0 5 6 11 4 12 17 5 5 13 2 26 22 18 26 0 0 4 1 3 0 0 2 2 1 9 8 3 0 0 0 4 4 2 1 0 0 0 0
7 20 11 10 52 65 10 3 1 13 35 17 9 12 3 159 169 93 25 43 33 25 1 0 36 25 52 35 46 96 54 5 7 2 0 3 0 4 2 7 16 13 8 15 4 13 16 22 53 0 0 1 2 2 0 0 2 6 2 10 12 8 0 0 0 3 9 10 1 1 0 0 0
7 21 11 10 60 68 10 3 1 15 38 17 9 12 3 125 189 100 34 56 32 27 1 0 42 32 56 39 50 108 55 4 9 2 0 6 3 4 2 9 15 15 8 19 4 21 19 22 58 0 0 2 3 2 0 0 1 7 2 11 12 8 0 0 0 4 9 10 1 1 0 0 0
8 21 16 12 49 83 11 8 3 12 36 28 11 16 4 148 193 95 18 53 40 55 1 1 34 26 70 29 48 87 75 5 7 8 0 3 5 11 9 7 19 13 20 15 8 15 19 33 62 0 0 4 1 6 0 0 1 7 4 9 16 12 0 0 0 4 11 16 3 1 0 0 0
8 16 16 12 40 64 4 8 2 8 28 28 8 16 4 118 160 62 20 17 16 44 0 1 23 12 56 22 34 75 58 1 2 8 0 1 3 4 6 3 6 10 20 9 8 9 14 24 48 0 0 2 1 4 0 0 1 6 4 7 12 12 0 0 0 2 8 16 2 1 0 0 0
7 22 13 8 63 82 13 7 3 16 28 18 8 8 2 182 232 122 27 70 43 62 2 1 46 18 57 48 62 83 59 7 6 6 0 5 7 14 8 9 15 5 12 13 4 22 16 21 39 0 0 5 1 5 0 0 2 4 2 10 9 4 0 0 0 3 6 6 2 0 0 0 0
6 19 8 7 50 51 12 2 2 12 24 10 8 6 2 94 135 79 22 55 30 16 2 0 28 16 30 33 34 61 34 6 5 1 0 3 4 9 3 7 16 3 4 10 2 14 17 15 28 0 0 2 1 3 0 0 1 5 1 8 7 2 0 0 0 3 6 5 2 0 0 0 0
6 18 10 5 40 55 9 6 3 12 15 9 7 4 1 87 106 74 15 37 22 42 1 1 26 10 22 23 37 39 23 5 2 4 0 1 5 10 7 6 11 1 6 6 0 11 17 14 16 0 0 5 0 3 0 0 1 2 1 6 7 1 0 0 0 3 3 2 2 0 0 0 0
7 22 13 8 74 82 10 7 2 16 28 18 9 8 2 208 270 127 44 59 31 64 1 1 57 21 57 57 64 101 58 4 5 6 0 5 5 9 5 6 15 5 12 11 4 21 23 24 37 0 0 3 1 3 0 0 3 5 2 12 11 4 0 0 0 3 6 6 2 0 0 0 0
7 21 13 8 63 81 11 7 2 16 27 18 7 8 2 185 238 114 30 61 38 63 1 1 44 18 56 46 67 81 62 6 6 6 0 5 6 10 6 9 12 5 12 10 4 21 15 19 36 0 0 4 1 3 0 0 3 6 2 11 10 4 0 0 0 2 4 6 1 0 0 0 0
7 16 11 10 44 51 5 3 1 8 29 17 7 12 3 85 140 59 22 20 15 20 0 0 23 16 43 31 26 81 41 1 5 2 0 3 2 2 2 2 8 11 8 9 4 11 14 16 42 0 0 2 1 2 0 0 1 6 2 7 10 8 0 0 0 2 7 10 1 1 0 0 0
7 25 13 8 78 90 17 7 4 19 30 18 11 8 2 206 277 152 38 100 54 63 2 1 61 25 56 59 70 102 65 11 6 6 0 5 9 19 11 12 23 6 12 15 4 27 25 29 39 0 0 7 1 6 0 0 2 5 2 12 13 4 0 0 0 5 7 6 3 0 0 0 0
7 16 11 10 46 49 8 3 2 8 27 17 8 12 3 126 140 49 18 45 24 16 1 0 18 12 39 33 23 78 40 3 5 2 0 3 5 6 4 3 13 9 8 11 4 12 20 17 37 0 0 3 0 4 0 0 0 5 2 5 11 8 0 0 0 3 8 10 2 1 0 0 0
7 23 11 10 50 72 13 3 2 15 40 17 11 12 3 131 153 117 16 56 39 26 1 0 32 38 55 27 47 90 57 6 8 2 0 2 3 9 4 8 22 16 8 20 4 14 16 26 61 0 0 3 3 4 0 0 0 6 2 10 14 8 0 0 0 5 11 10 2 1 0 0 0
7 19 11 10 47 58 9 3 2 11 32 17 10 12 3 100 138 69 18 42 26 20 0 0 24 25 41 25 33 77 45 4 4 2 0 2 5 7 4 6 17 13 8 14 4 13 21 23 48 0 0 3 2 4 0 0 0 4 2 8 13 8 0 0 0 4 10 10 2 1 0 0 0
6 17 9 6 43 51 7 3 1 12 20 11 6 5 1 114 135 70 22 28 17 26 1 0 37 14 32 26 39 48 31 3 4 2 0 2 2 5 2 4 9 4 5 9 2 10 10 13 21 0 0 1 0 1 0 0 2 3 1 7 6 3 0 0 0 2 3 2 1 0 0 0 0
7 19 11 10 50 60 11 3 2 11 32 17 9 12 3 123 151 74 17 55 33 23 2 0 26 20 44 33 36 85 47 6 6 2 0 3 6 10 4 6 17 11 8 14 4 12 20 21 51 0 0 2 1 4 0 0 1 5 2 8 11 8 0 0 0 3 9 10 2 1 0 0 0
6 22 8 7 49 58 14 2 2 17 28 10 10 6 2 141 135 104 20 66 35 19 1 0 42 27 32 22 46 57 38 8 5 1 0 2 3 9 3 11 21 6 4 14 2 14 14 18 31 0 0 4 2 3 0 0 1 4 1 11 10 2 0 0 0 5 8 5 2 0 0 0 0
7 15 13 8 30 56 7 7 2 6 20 18 5 8 2 90 109 53 4 28 23 42 1 1 9 9 40 21 24 43 41 3 4 6 0 1 2 7 6 1 8 4 12 4 4 8 9 13 26 0 0 2 0 3 0 0 0 5 2 4 7 4 0 0 0 1 3 6 1 0 0 0 0
8 24 16 12 60 96 13 8 3 16 42 28 12 16 4 136 235 135 23 67 48 66 2 1 38 33 84 36 65 107 87 6 9 8 0 4 6 13 9 9 21 15 20 19 8 17 22 36 72 0 0 5 2 6 0 0 1 9 4 13 18 12 0 0 0 5 12 16 3 1 0 0 0
7 17 13 8 57 63 5 7 1 10 23 18 7 8 2 166 205 70 33 28 15 49 0 1 32 16 46 46 39 86 44 1 4 6 0 3 2 3 3 4 8 5 12 6 4 14 17 19 28 0 0 2 1 1 0 0 1 6 2 9 10 4 0 0 0 2 4 6 1 0 0 0 0
5 15 5 5 49 27 6 1 1 10 19 4 6 4 1 133 84 36 27 36 9 7 0 0 28 20 12 37 17 61 9 2 4 0 0 3 3 2 1 5 9 5 2 10 0 17 17 6 16 0 0 2 2 1 0 0 0 2 0 5 6 1 0 0 0 3 4 2 1 0 0 0 0
5 12 5 5 32 24 5 0 0 7 16 6 4 3 1 78 65 29 13 23 9 0 1 0 20 8 17 17 15 43 15 2 4 0 0 2 0 0 0 2 7 4 0 7 1 8 8 6 10 0 0 0 0 0 0 0 1 2 1 4 3 2 0 0 0 1 3 1 0 0 0 0 0
6 15 8 7 45 36 8 2 1 11 23 10 7 6 2 134 103 25 22 48 18 12 1 0 34 17 28 31 27 69 18 4 5 1 0 3 3 4 1 7 13 6 4 11 2 15 16 12 21 0 0 2 2 2 0 0 1 4 1 9 7 2 0 0 0 3 7 5 1 0 0 0 0
3 7 2 1 21 10 5 0 1 6 2 1 0 0 0 53 28 4 8 28 7 0 1 0 16 0 1 15 9 6 4 4 0 0 0 2 3 3 0 4 0 0 0 1 0 9 0 0 0 0 0 2 0 1 0 0 1 0 0 0 0 0 0 0 0 0 0 0 0 0 0 0 0
5 15 5 5 45 31 8 1 1 12 17 4 5 4 1 100 82 41 24 40 15 9 1 0 30 9 12 30 26 54 13 5 3 0 0 4 3 5 1 7 9 2 2 8 0 16 13 5 19 0 0 2 1 1 0 0 2 2 0 8 5 1 0 0 0 2 3 2 1 0 0 0 0
4 11 2 4 23 10 5 0 0 6 17 1 3 2 1 66 15 12 7 23 4 0 1 0 13 16 4 12 5 39 2 2 4 0 0 1 0 0 0 2 7 4 0 8 0 6 5 1 8 0 0 0 1 0 0 0 0 3 0 3 2 0 0 0 0 1 3 1 0 0 0 0 0
7 13 13 8 39 49 2 7 0 5 19 18 5 8 2 98 147 44 17 11 5 41 0 1 15 11 39 29 22 59 34 0 3 6 0 1 0 0 0 0 4 5 12 2 4 7 10 13 21 0 0 0 1 0 0 0 1 5 2 6 9 4 0 0 0 0 3 6 0 0 0 0 0
7 18 13 8 39 63 9 7 3 10 21 18 9 8 2 101 136 68 12 34 27 43 1 1 24 12 38 21 35 51 43 4 3 6 0 4 4 10 8 6 14 4 12 8 4 11 13 24 28 0 0 3 1 4 0 0 1 3 2 8 9 4 0 0 0 3 6 6 3 0 0 0 0
5 13 5 5 36 23 7 1 2 6 13 4 6 4 1 92 63 24 13 30 8 5 1 0 16 6 7 27 10 39 8 2 3 0 0 4 4 7 2 3 10 1 2 4 0 12 14 6 13 0 0 2 0 2 0 0 0 2 0 4 5 1 0 0 0 2 3 2 2 0 0 0 0
8 24 16 12 61 98 11 8 2 18 44 28 11 16 4 175 239 141 29 52 40 72 1 1 48 34 92 36 78 119 89 5 10 8 0 4 3 9 6 9 18 16 20 19 8 16 18 33 74 0 0 4 3 4 0 0 3 11 4 17 18 12 0 0 0 4 11 16 2 1 0 0 0
5 10 4 6 31 16 3 0 0 6 18 3 3 6 1 71 48 12 14 17 5 0 0 0 19 8 8 24 10 53 6 1 3 0 0 2 0 0 0 3 4 7 0 7 0 9 7 3 19 0 0 0 2 0 0 0 1 2 0 5 3 2 0 0 0 1 3 2 0 1 0 0 0
6 17 8 7 51 42 10 2 2 11 23 10 8 6 2 117 124 50 29 54 22 12 2 0 32 15 27 33 28 71 23 6 5 1 0 5 5 8 3 6 15 4 4 11 2 16 19 15 26 0 0 2 1 3 0 0 1 4 1 8 6 2 0 0 0 3 7 5 2 0 0 0 0
5 14 5 5 52 29 7 0 0 9 19 6 4 3 1 143 107 42 32 47 15 0 1 0 30 14 22 44 20 72 19 3 5 0 0 4 0 0 0 4 8 4 0 9 1 15 12 6 12 0 0 0 0 0 0 0 1 3 1 5 3 2 0 0 0 1 3 1 0 0 0 0 0
4 11 4 2 33 22 3 0 0 7 3 4 4 0 0 90 66 30 18 19 6 0 0 0 22 1 6 27 14 14 11 0 0 0 0 2 0 0 0 3 3 0 0 0 1 9 8 8 0 0 0 0 0 0 0 0 0 0 0 3 0 0 0 0 0 2 0 0 0 0 0 0 0
4 12 4 2 24 21 7 1 2 8 5 2 3 1 0 57 41 27 9 27 9 6 1 0 21 1 4 15 15 16 5 4 1 0 0 2 1 6 2 5 5 0 1 2 0 8 4 3 4 0 0 2 0 1 0 0 1 0 0 3 1 0 0 0 0 1 0 0 1 0 0 0 0
5 12 5 5 36 25 3 0 0 7 15 6 4 3 1 46 75 30 16 16 6 0 0 0 17 11 16 26 16 43 16 1 1 0 0 1 0 0 0 1 5 3 0 6 1 11 11 7 11 0 0 0 0 0 0 0 1 2 1 4 2 2 0 0 0 1 3 1 0 0 0 0 0
4 8 4 2 22 14 5 0 1 6 4 4 2 0 0 53 37 2 10 23 7 0 1 0 17 0 6 12 11 12 6 4 1 0 0 1 3 3 0 4 4 0 0 2 1 6 4 4 0 0 0 1 0 2 0 0 1 0 0 2 0 0 0 0 0 1 0 0 0 0 0 0 0
4 14 2 4 35 12 8 0 1 11 16 1 6 2 1 103 29 17 13 38 4 0 1 0 30 15 3 20 9 38 2 4 4 0 0 2 2 4 0 7 12 1 0 8 0 10 11 2 8 0 0 2 1 1 0 0 1 3 0 8 4 0 0 0 0 3 4 1 1 0 0 0 0
7 19 13 8 43 70 13 7 4 9 20 18 8 8 2 135 170 85 22 54 42 47 2 1 30 8 38 36 36 44 54 6 4 6 0 3 6 16 11 5 16 2 12 6 4 16 12 22 31 0 0 4 0 6 0 0 1 2 2 4 7 4 0 0 0 2 5 6 3 0 0 0 0
5 10 4 6 26 15 3 0 0 5 19 3 3 6 1 87 40 10 16 11 4 0 0 0 14 13 7 20 8 47 5 0 4 0 0 1 0 0 0 2 4 9 0 7 0 8 5 3 19 0 0 0 2 0 0 0 0 2 0 3 3 2 0 0 0 1 3 2 0 1 0 0 0
5 11 5 5 36 18 6 1 1 7 14 4 5 4 1 104 57 8 19 32 9 5 1 0 24 4 9 29 11 49 3 4 2 0 0 2 2 4 1 4 9 3 2 7 0 12 13 5 12 0 0 1 1 1 0 0 1 1 0 5 4 1 0 0 0 2 4 2 1 0 0 0 0
2 3 0 1 12 0 0 0 0 1 3 0 0 0 0 33 0 0 10 0 0 0 0 0 3 1 0 11 0 10 0 0 0 0 0 0 0 0 0 0 0 0 0 1 0 2 0 0 0 0 0 0 1 0 0 0 0 0 0 0 0 0 0 0 0 0 0 0 0 0 0 0 0
5 15 5 5 33 28 10 1 1 10 18 4 6 4 1 84 61 32 11 42 18 8 2 0 26 12 12 22 17 42 9 6 4 0 0 3 1 5 1 6 13 3 2 8 0 9 8 6 17 0 0 2 1 1 0 0 1 2 0 7 6 1 0 0 0 3 4 2 1 0 0 0 0
6 14 8 7 32 34 5 2 1 10 22 10 6 6 2 102 72 30 14 23 9 13 0 0 28 9 27 17 24 54 17 2 4 1 0 1 1 4 1 5 8 6 4 10 2 7 8 9 20 0 0 2 2 2 0 0 2 4 1 10 7 2 0 0 0 2 6 5 1 0 0 0 0
6 14 8 7 18 37 4 2 1 7 19 10 6 6 2 30 46 44 1 12 10 11 0 0 7 11 23 10 18 31 23 1 3 1 0 0 0 1 2 2 6 3 4 6 2 3 3 12 22 0 0 2 0 1 0 0 0 5 1 5 6 2 0 0 0 2 4 5 1 0 0 0 0
4 6 4 2 11 12 1 1 1 2 4 2 0 1 0 27 27 7 5 4 2 3 0 0 4 2 3 7 5 3 5 0 0 0 0 1 1 1 1 1 0 1 1 0 0 3 0 0 2 0 0 1 0 1 0 0 0 0 0 0 0 0 0 0 0 0 0 0 0 0 0 0 0
7 23 11 10 79 73 15 3 2 15 41 17 10 12 3 193 246 117 41 95 47 27 3 0 46 37 61 67 48 146 59 8 10 2 0 6 6 10 4 8 23 15 8 20 4 24 26 23 61 0 0 3 2 4 0 0 1 8 2 11 13 8 0 0 0 4 10 10 2 1 0 0 0
6 13 9 6 30 41 2 3 0 7 14 11 5 5 1 41 90 46 10 6 7 22 0 0 14 9 22 21 23 39 26 0 1 2 0 1 0 0 0 2 2 2 5 5 2 8 9 12 16 0 0 0 0 0 0 0 0 2 1 3 6 3 0 0 0 2 2 2 0 0 0 0 0
8 22 16 12 47 86 12 8 4 11 36 28 12 16 4 108 185 112 16 49 44 54 2 1 18 23 68 25 43 80 78 6 4 8 0 3 6 16 12 4 20 12 20 14 8 13 19 36 64 0 0 4 1 8 0 0 0 6 4 8 16 12 0 0 0 4 12 16 4 1 0 0 0
6 19 8 7 52 47 11 2 2 13 26 10 9 6 2 126 121 65 25 57 23 15 1 0 36 21 29 33 31 74 26 6 5 1 0 3 4 9 3 8 18 6 4 13 2 17 20 16 28 0 0 3 2 3 0 0 1 4 1 10 8 2 0 0 0 4 8 5 2 0 0 0 0
5 17 5 5 58 36 11 0 0 12 22 6 5 3 1 185 121 63 32 68 26 0 2 0 39 22 24 47 27 79 24 6 6 0 0 5 0 0 0 7 12 5 0 11 1 20 12 8 16 0 0 0 1 0 0 0 1 3 1 6 4 2 0 0 0 2 3 1 0 0 0 0 0
7 17 11 10 39 54 6 3 1 11 30 17 8 12 3 111 115 58 14 28 16 22 0 0 26 17 43 19 38 71 43 2 6 2 0 2 2 4 2 5 10 11 8 10 4 10 12 18 43 0 0 2 3 2 0 0 2 6 2 12 12 8 0 0 0 2 8 10 1 1 0 0 0
5 16 7 3 47 42 11 2 2 13 8 7 5 1 0 121 123 55 23 61 24 14 2 0 36 3 18 29 35 26 22 8 2 1 0 5 5 9 3 9 9 0 2 4 2 18 10 12 3 0 0 3 0 2 0 0 2 0 0 6 1 0 0 0 0 2 0 0 1 0 0 0 0
7 18 11 10 57 58 6 3 1 13 32 17 8 12 3 138 175 70 33 34 16 24 0 0 40 18 48 41 46 107 47 2 6 2 0 3 2 4 2 5 10 11 8 12 4 15 17 18 46 0 0 2 3 2 0 0 3 7 2 14 12 8 0 0 0 2 8 10 1 1 0 0 0
6 20 8 7 60 51 12 2 2 14 27 10 9 6 2 176 143 79 29 65 26 16 2 0 35 25 32 45 36 84 31 6 7 1 0 6 6 9 3 8 18 5 4 13 2 21 23 16 28 0 0 3 1 3 0 0 1 6 1 10 9 2 0 0 0 4 7 5 2 0 0 0 0
5 8 5 5 19 21 2 1 0 5 9 4 1 4 1 60 48 16 5 9 6 7 0 0 11 1 8 12 15 22 12 1 1 0 0 0 0 0 0 2 1 0 2 3 0 5 2 1 13 0 0 0 0 0 0 0 1 2 0 2 2 1 0 0 0 0 0 2 0 0 0 0 0
4 12 4 2 31 21 4 1 1 9 5 2 4 1 0 99 43 26 17 23 4 7 0 0 25 3 5 24 15 15 4 1 0 0 0 2 3 3 1 4 5 0 1 1 0 12 11 4 3 0 0 2 0 0 0 0 1 0 0 5 2 0 0 0 0 2 0 0 1 0 0 0 0
4 9 2 4 16 8 3 0 1 7 9 1 4 2 1 29 15 3 4 13 2 0 0 0 16 2 1 5 7 17 3 1 1 0 0 0 1 2 0 3 4 1 0 4 0 4 4 0 4 0 0 2 0 1 0 0 1 1 0 4 4 0 0 0 0 2 2 1 1 0 0 0 0
4 13 3 3 31 22 8 0 0 10 9 2 4 2 0 81 51 38 11 35 16 0 1 0 24 4 5 15 18 23 9 6 1 0 0 0 0 0 0 6 7 0 0 5 0 11 8 4 9 0 0 0 0 0 0 0 1 0 0 3 4 1 0 0 0 2 0 0 0 0 0 0 0
3 5 2 1 6 6 2 0 0 0 2 1 1 0 0 16 7 4 1 3 2 0 0 0 0 1 2 2 0 3 1 0 0 0 0 1 0 0 0 0 2 0 0 0 0 0 1 1 0 0 0 0 0 0 0 0 0 0 0 0 0 0 0 0 0 0 0 0 0 0 0 0 0
3 7 2 1 10 8 3 0 1 2 2 1 1 0 0 29 13 8 1 6 2 0 0 0 2 1 1 4 3 2 2 0 0 0 0 1 1 2 0 1 2 0 0 0 0 3 1 1 0 0 0 1 0 1 0 0 0 0 0 0 0 0 0 0 0 0 0 0 0 0 0 0 0
4 3 4 2 7 5 0 1 0 0 4 2 0 1 0 15 11 1 2 0 0 2 0 0 0 1 4 4 0 8 0 0 0 0 0 0 0 0 0 0 0 1 1 0 0 0 0 0 2 0 0 0 1 0 0 0 0 0 0 0 0 0 0 0 0 0 0 0 0 0 0 0 0
4 6 2 4 18 7 0 0 0 2 9 1 1 2 1 49 20 6 7 0 0 0 0 0 5 5 3 14 3 27 2 0 0 0 0 0 0 0 0 0 0 1 0 2 0 4 3 0 6 0 0 0 0 0 0 0 0 2 0 1 1 0 0 0 0 0 1 1 0 0 0 0 0
1 3 0 0 3 0 1 0 0 2 0 0 0 0 0 7 0 0 0 2 0 0 0 0 4 0 0 0 0 0 0 0 0 0 0 0 0 0 0 1 0 0 0 0 0 0 0 0 0 0 0 0 0 0 0 0 0 0 0 0 0 0 0 0 0 0 0 0 0 0 0 0 0
6 15 7 8 43 34 8 1 1 9 25 8 7 9 2 118 92 32 22 43 18 7 1 0 28 15 19 32 20 73 19 5 4 0 0 3 3 4 1 5 14 9 3 11 1 15 17 10 32 0 0 2 1 2 0 0 1 3 0 6 9 4 0 0 0 3 7 6 1 1 0 0 0
3 3 2 1 10 6 1 0 0 2 0 1 0 0 0 31 20 0 4 5 2 0 0 0 5 0 0 8 4 0 3 0 0 0 0 1 0 0 0 1 0 0 0 0 0 4 0 0 0 0 0 0 0 0 0 0 0 0 0 0 0 0 0 0 0 0 0 0 0 0 0 0 0
6 11 8 7 13 28 3 2 1 5 15 10 5 6 2 23 38 18 3 12 7 10 0 0 8 9 18 6 12 16 16 1 1 1 0 0 0 2 1 1 5 3 4 6 2 3 4 9 16 0 0 1 0 2 0 0 0 2 1 2 4 2 0 0 0 2 5 5 1 0 0 0 0
4 9 4 2 25 14 2 1 2 4 3 2 3 1 0 71 36 13 9 10 1 3 0 0 8 1 2 17 6 9 3 0 0 0 0 1 4 3 2 1 2 0 1 0 0 7 9 3 2 0 0 2 0 1 0 0 0 0 0 2 1 0 0 0 0 1 0 0 1 0 0 0 0
5 7 4 6 15 8 2 0 1 2 10 4 4 4 2 30 15 1 2 7 3 0 0 0 2 2 4 9 1 23 3 1 0 0 0 0 2 1 0 0 4 3 0 3 1 4 8 2 4 0 0 1 0 2 0 0 0 1 0 1 4 0 0 0 0 1 4 4 1 0 0 0 0
5 15 5 5 44 31 8 1 1 12 17 4 5 4 1 118 81 41 22 40 15 9 1 0 34 9 12 30 26 55 13 5 3 0 0 2 2 5 1 7 9 2 2 8 0 14 12 5 19 0 0 2 1 1 0 0 2 2 0 8 5 1 0 0 0 2 3 2 1 0 0 0 0
4 9 2 4 12 8 3 0 0 5 11 1 4 2 1 28 6 6 4 8 3 0 0 0 6 5 2 6 4 16 1 2 0 0 0 0 0 0 0 2 6 2 0 5 0 4 5 2 6 0 0 0 1 0 0 0 0 0 0 2 2 0 0 0 0 2 4 1 0 0 0 0 0
2 1 0 1 3 0 0 0 0 0 1 0 0 0 0 10 0 0 1 0 0 0 0 0 0 0 0 2 0 3 0 0 0 0 0 0 0 0 0 0 0 0 0 0 0 0 0 0 0 0 0 0 0 0 0 0 0 0 0 0 0 0 0 0 0 0 0 0 0 0 0 0 0
6 9 10 5 25 22 4 6 2 3 9 9 5 4 1 91 63 4 8 19 7 15 1 1 7 2 13 19 7 29 2 2 2 4 0 2 4 5 4 1 6 1 6 3 0 6 11 10 8 0 0 1 0 2 0 0 0 1 1 2 3 1 0 0 0 1 3 2 2 0 0 0 0
6 15 8 7 18 44 4 2 0 10 21 10 5 6 2 30 48 58 1 10 11 17 0 0 10 11 29 8 33 28 30 1 3 1 0 0 0 0 0 3 6 3 4 7 2 2 2 11 26 0 0 0 1 0 0 0 2 5 1 8 5 2 0 0 0 1 4 5 0 0 0 0 0
4 15 3 3 39 25 11 0 0 13 12 2 4 2 0 119 62 50 16 52 21 0 2 0 36 9 7 23 23 34 10 8 3 0 0 2 0 0 0 9 9 1 0 7 0 13 8 4 11 0 0 0 0 0 0 0 2 0 0 5 4 1 0 0 0 2 0 0 0 0 0 0 0
3 7 2 1 24 7 3 0 0 6 3 1 2 0 0 56 24 0 15 18 3 0 0 0 20 2 3 19 6 9 0 1 0 0 0 2 0 0 0 3 3 0 0 1 0 9 6 2 0 0 0 0 0 0 0 0 1 0 0 3 0 0 0 0 0 1 0 0 0 0 0 0 0
1 2 0 0 7 0 0 0 0 1 0 0 0 0 0 24 0 0 3 0 0 0 0 0 3 0 0 6 0 0 0 0 0 0 0 0 0 0 0 0 0 0 0 0 0 2 0 0 0 0 0 0 0 0 0 0 0 0 0 0 0 0 0 0 0 0 0 0 0 0 0 0 0
4 6 3 3 16 8 1 0 0 1 6 3 2 0 1 38 18 5 5 6 1 0 0 0 3 3 6 12 1 19 3 0 0 0 0 0 0 0 0 0 2 0 0 1 0 2 5 2 0 0 0 0 0 0 0 0 0 1 1 1 0 0 0 0 0 0 2 0 0 0 0 0 0
7 24 13 8 66 89 17 7 4 19 27 18 10 8 2 173 244 142 28 83 57 63 3 1 54 17 52 45 75 80 68 12 5 6 0 5 7 20 11 13 20 4 12 13 4 23 19 27 38 0 0 6 1 6 0 0 3 4 2 12 11 4 0 0 0 4 6 6 3 0 0 0 0
3 7 0 3 15 0 2 0 0 5 8 0 3 0 1 29 0 0 5 7 0 0 0 0 10 1 0 8 0 16 0 1 1 0 0 0 0 0 0 2 3 0 0 4 0 4 4 0 0 0 0 0 1 0 0 0 1 1 0 4 0 0 0 0 0 1 3 0 0 0 0 0 0
5 10 5 5 21 23 3 0 0 6 11 6 3 3 1 41 50 18 4 16 8 0 0 0 18 7 12 12 16 23 17 1 1 0 0 0 0 0 0 3 3 2 0 3 1 4 4 5 10 0 0 0 0 0 0 0 1 1 1 3 3 2 0 0 0 1 1 1 0 0 0 0 0
6 12 7 8 33 28 4 1 0 6 22 8 5 9 2 109 74 24 21 19 9 6 0 0 22 11 18 25 17 59 16 1 5 0 0 2 0 0 0 2 6 9 3 5 1 8 11 8 27 0 0 0 2 0 0 0 1 4 0 6 7 4 0 0 0 1 5 6 0 1 0 0 0
2 3 1 0 7 3 0 0 0 1 0 0 0 0 0 10 7 2 2 0 0 0 0 0 2 0 0 3 1 0 0 0 0 0 0 0 0 0 0 0 0 0 0 0 0 1 0 0 0 0 0 0 0 0 0 0 0 0 0 0 0 0 0 0 0 0 0 0 0 0 0 0 0
3 11 1 2 26 6 7 0 1 8 6 0 4 1 0 80 12 9 13 25 2 0 1 0 23 4 0 15 4 15 0 3 1 0 0 2 2 4 0 4 7 0 0 1 0 9 7 0 4 0 0 2 0 0 0 0 1 0 0 5 2 0 0 0 0 2 0 0 1 0 0 0 0
7 7 11 10 14 24 1 3 0 3 12 17 3 12 3 23 49 5 3 5 4 11 0 0 8 5 18 6 11 24 20 0 1 2 0 0 0 0 0 1 1 4 8 4 4 3 5 8 20 0 0 0 0 0 0 0 0 2 2 1 4 8 0 0 0 1 3 10 0 1 0 0 0
5 16 5 5 59 30 8 1 2 11 16 4 7 4 1 171 108 45 33 52 10 7 1 0 38 12 9 51 22 64 12 3 3 0 0 5 6 8 2 5 11 1 2 6 0 20 21 7 16 0 0 3 0 2 0 0 1 3 0 7 7 1 0 0 0 3 3 2 2 0 0 0 0
2 4 1 0 7 4 0 0 0 3 0 0 0 0 0 19 7 3 1 0 0 0 0 0 6 0 0 2 3 0 0 0 0 0 0 0 0 0 0 0 0 0 0 0 0 2 0 0 0 0 0 0 0 0 0 0 1 0 0 0 0 0 0 0 0 0 0 0 0 0 0 0 0
2 7 0 1 23 0 3 0 0 6 3 0 2 0 0 71 0 0 14 17 0 0 0 0 21 2 0 17 0 10 0 1 0 0 0 2 0 0 0 3 3 0 0 1 0 9 5 0 0 0 0 0 0 0 0 0 1 0 0 3 0 0 0 0 0 1 0 0 0 0 0 0 0
2 1 0 1 3 0 0 0 0 0 1 0 0 0 0 10 0 0 1 0 0 0 0 0 0 0 0 2 0 3 0 0 0 0 0 0 0 0 0 0 0 0 0 0 0 0 0 0 0 0 0 0 0 0 0 0 0 0 0 0 0 0 0 0 0 0 0 0 0 0 0 0 0
3 6 2 1 16 6 2 0 0 5 2 1 2 0 0 19 16 0 6 8 2 0 0 0 12 0 2 9 5 6 0 1 0 0 0 1 0 0 0 2 2 0 0 1 0 7 4 2 0 0 0 0 0 0 0 0 1 0 0 2 0 0 0 0 0 1 0 0 0 0 0 0 0
6 17 7 8 37 42 8 0 0 10 31 10 6 8 2 89 90 62 11 30 22 0 1 0 23 26 35 22 26 66 33 3 7 0 0 1 0 0 0 4 11 12 0 13 2 9 9 12 37 0 0 0 2 0 0 0 1 5 2 7 6 6 0 0 0 2 6 4 0 1 0 0 0
1 2 0 0 6 0 0 0 0 1 0 0 0 0 0 16 0 0 2 0 0 0 0 0 2 0 0 5 0 0 0 0 0 0 0 0 0 0 0 0 0 0 0 0 0 2 0 0 0 0 0 0 0 0 0 0 0 0 0 0 0 0 0 0 0 0 0 0 0 0 0 0 0
1 5 0 0 9 0 5 0 0 5 0 0 0 0 0 25 0 0 4 13 0 0 1 0 9 0 0 3 0 0 0 4 0 0 0 2 0 0 0 4 0 0 0 0 0 5 0 0 0 0 0 0 0 0 0 0 1 0 0 0 0 0 0 0 0 0 0 0 0 0 0 0 0
5 17 5 5 46 30 9 1 2 13 18 4 8 4 1 126 78 43 20 47 10 7 1 0 35 16 10 26 22 52 10 4 4 0 0 4 4 8 2 8 14 2 2 8 0 15 15 8 16 0 0 4 1 2 0 0 1 3 0 10 8 1 0 0 0 4 4 2 2 0 0 0 0
3 9 1 2 24 5 6 0 1 4 5 0 3 1 0 73 11 6 11 22 2 0 1 0 8 2 0 18 2 12 0 3 1 0 0 2 3 4 0 1 5 0 0 1 0 7 8 0 4 0 0 1 0 0 0 0 0 0 0 2 1 0 0 0 0 1 0 0 1 0 0 0 0
6 18 7 8 66 45 9 0 0 14 31 10 7 8 2 172 162 69 42 59 25 0 1 0 51 22 35 56 37 114 36 5 7 0 0 5 0 0 0 8 13 11 0 17 2 23 19 14 38 0 0 0 3 0 0 0 2 4 2 10 7 6 0 0 0 3 7 4 0 1 0 0 0
