7 18 11 10 51 57 9 3 2 9 29 17 9 12 3 153 164 69 25 45 27 21 1 0 25 16 40 28 29 84 46 5 3 2 0 3 4 9 4 3 15 9 8 11 4 12 20 21 46 0 0 2 1 4 0 0 0 4 2 6 11 8 0 0 0 3 9 10 2 1 0 0 0
7 22 13 8 60 82 13 7 3 14 26 18 9 8 2 138 217 126 23 54 45 57 2 1 35 15 51 39 52 74 62 5 6 6 0 6 6 13 9 7 14 4 12 9 4 20 20 26 37 0 0 4 1 4 0 0 1 5 2 11 10 4 0 0 0 4 5 6 2 0 0 0 0
7 17 11 10 48 52 7 3 2 7 30 17 8 12 3 147 147 59 22 33 21 18 1 0 20 20 41 28 20 87 40 2 2 2 0 2 4 7 4 2 12 12 8 10 4 9 17 18 45 0 0 2 2 4 0 0 0 5 2 6 10 8 0 0 0 2 8 10 2 1 0 0 0
7 19 11 10 49 59 9 3 2 9 33 17 9 12 3 140 155 78 21 41 26 21 0 0 22 25 45 25 28 85 46 4 5 2 0 2 3 8 4 3 15 13 8 12 4 12 18 21 51 0 0 2 2 4 0 0 0 5 2 6 11 8 0 0 0 3 9 10 2 1 0 0 0
6 19 9 6 54 56 11 3 2 12 23 11 6 5 1 146 157 84 27 59 30 24 1 0 31 18 38 30 35 65 36 5 5 2 0 5 5 8 4 6 12 5 5 9 2 15 11 13 23 0 0 4 2 3 0 0 1 3 1 8 6 3 0 0 0 2 3 2 1 0 0 0 0
6 19 9 6 48 56 11 3 2 12 21 11 7 5 1 123 135 84 22 47 29 24 1 0 32 16 32 23 36 56 36 5 5 2 0 4 3 9 4 6 12 4 5 7 2 12 15 16 22 0 0 3 1 3 0 0 1 3 1 8 7 3 0 0 0 3 3 2 1 0 0 0 0
6 21 8 7 50 56 14 2 2 15 27 10 9 6 2 107 128 96 24 59 33 19 2 0 32 21 32 24 41 69 35 8 6 1 0 5 3 11 3 9 20 4 4 13 2 16 16 17 33 0 0 3 1 3 0 0 1 5 1 10 8 2 0 0 0 4 7 5 2 0 0 0 0
7 18 11 10 38 56 9 3 2 9 30 17 9 12 3 89 118 66 14 38 26 20 1 0 21 19 40 15 28 62 44 4 4 2 0 1 3 8 4 4 16 11 8 12 4 9 16 21 47 0 0 2 1 4 0 0 0 4 2 6 11 8 0 0 0 3 9 10 2 1 0 0 0
7 19 13 8 38 67 8 7 2 10 25 18 9 8 2 77 127 84 12 33 24 50 0 1 20 18 47 14 34 52 44 3 3 6 0 1 3 7 5 4 14 7 12 9 4 10 14 23 30 0 0 3 2 3 0 0 0 3 2 8 11 4 0 0 0 3 7 6 2 0 0 0 0
6 12 9 6 37 37 4 3 1 5 17 11 2 5 1 88 115 36 21 19 11 19 0 0 17 8 29 21 18 50 23 1 4 2 0 3 3 3 2 2 2 4 5 3 2 6 4 4 18 0 0 1 1 2 0 0 1 3 1 3 3 3 0 0 0 0 1 2 0 0 0 0 0
5 16 5 5 52 32 6 1 1 13 18 4 6 4 1 143 102 50 30 35 8 9 0 0 46 14 12 36 29 62 13 2 3 0 0 3 2 4 1 5 9 2 2 7 0 15 13 6 18 0 0 2 1 1 0 0 3 3 0 10 7 1 0 0 0 2 3 2 1 0 0 0 0
7 18 11 10 48 56 9 3 2 7 32 17 8 12 3 134 148 69 19 43 27 20 1 0 15 22 46 27 21 84 44 3 5 2 0 3 5 8 4 2 14 12 8 9 4 9 17 18 48 0 0 2 2 4 0 0 0 6 2 6 10 8 0 0 0 2 8 10 2 1 0 0 0
6 21 11 4 55 73 15 6 3 14 14 12 6 2 0 125 188 118 23 67 43 55 2 1 40 10 38 35 50 39 38 8 4 4 0 5 6 15 7 8 13 0 6 4 4 15 12 18 10 0 0 4 0 4 0 0 2 0 0 8 4 0 0 0 0 2 0 0 1 0 0 0 0
5 16 7 3 38 43 8 2 1 12 7 7 6 1 0 70 98 63 16 36 19 17 1 0 31 4 15 19 32 16 21 4 1 1 0 2 2 4 2 7 8 0 2 2 2 13 13 14 4 0 0 2 0 0 0 0 1 0 0 6 2 0 0 0 0 3 0 0 1 0 0 0 0
5 14 5 5 40 30 8 0 0 6 18 6 4 3 1 98 91 43 22 39 20 0 2 0 19 15 19 23 13 45 20 2 4 0 0 5 0 0 0 2 8 4 0 5 1 9 9 7 14 0 0 0 1 0 0 0 0 3 1 4 3 2 0 0 0 1 2 1 0 0 0 0 0
8 19 16 12 41 75 9 8 3 6 32 28 10 16 4 84 159 87 12 36 33 49 1 1 11 19 62 19 24 69 68 2 5 8 0 2 6 10 9 1 15 11 20 7 8 7 19 30 56 0 0 2 1 6 0 0 0 6 4 5 14 12 0 0 0 2 10 16 3 1 0 0 0
6 19 10 5 47 55 13 6 4 13 18 9 7 4 1 116 136 71 17 61 30 38 2 1 38 12 27 28 37 48 20 8 4 4 0 2 7 16 10 9 15 2 6 9 0 12 11 14 19 0 0 4 1 4 0 0 2 2 1 9 6 1 0 0 0 3 4 2 2 0 0 0 0
7 21 13 8 46 77 11 7 3 14 27 18 8 8 2 89 172 112 18 47 36 58 1 1 32 17 53 17 52 57 55 5 5 6 0 3 5 12 8 7 13 6 12 13 4 13 11 20 35 0 0 5 1 5 0 0 1 4 2 8 10 4 0 0 0 3 6 6 2 0 0 0 0
6 19 9 6 57 58 11 3 2 15 19 11 7 5 1 140 171 87 29 58 31 25 1 0 45 8 31 35 47 59 40 7 3 2 0 4 4 9 4 9 12 2 5 9 2 19 16 16 21 0 0 4 1 3 0 0 2 2 1 9 7 3 0 0 0 3 3 2 1 0 0 0 0
6 14 10 5 42 45 8 6 2 8 13 9 4 4 1 93 128 40 21 41 23 36 1 1 24 4 21 28 25 41 21 4 2 4 0 3 5 9 5 3 6 2 6 6 0 10 11 8 14 0 0 2 1 2 0 0 1 1 1 5 3 1 0 0 0 1 3 2 1 0 0 0 0
6 12 10 5 28 38 4 6 2 3 12 9 3 4 1 68 84 37 13 15 11 27 0 1 6 6 19 11 10 33 18 0 1 4 0 1 3 4 6 1 4 1 6 2 0 3 7 6 12 0 0 1 0 2 0 0 0 3 1 2 5 1 0 0 0 0 1 2 0 0 0 0 0
3 11 3 0 16 18 9 1 2 7 0 0 0 0 0 39 25 25 1 27 9 7 2 0 13 0 0 5 11 0 0 4 0 0 0 0 2 9 2 5 0 0 0 0 0 4 0 0 0 0 0 3 0 0 0 0 1 0 0 0 0 0 0 0 0 0 0 0 0 0 0 0 0
3 12 3 0 35 20 11 1 2 10 0 0 0 0 0 93 59 30 14 62 12 8 2 0 34 0 0 27 17 0 0 8 0 0 0 3 4 10 2 8 0 0 0 0 0 13 0 0 0 0 0 3 0 0 0 0 2 0 0 0 0 0 0 0 0 0 0 0 0 0 0 0 0
5 15 7 3 41 40 9 3 2 8 12 5 2 2 0 97 106 56 20 51 21 21 1 0 17 9 18 26 21 34 15 4 3 2 0 2 4 7 4 3 5 2 2 5 0 9 4 4 10 0 0 3 1 2 0 0 1 0 0 3 2 1 0 0 0 0 0 0 0 0 0 0 0
5 7 5 5 15 15 2 1 0 3 11 4 1 4 1 29 39 12 7 8 4 5 0 0 6 1 9 10 8 18 6 0 3 0 0 1 0 0 0 1 1 3 2 3 0 5 1 1 11 0 0 0 0 0 0 0 0 2 0 1 1 1 0 0 0 0 1 2 0 0 0 0 0
5 15 6 4 51 35 9 1 1 7 17 6 3 3 0 118 119 50 28 49 19 8 1 0 21 17 21 38 17 56 17 3 6 0 0 5 2 5 1 3 6 5 2 6 1 14 9 6 15 0 0 0 2 2 0 0 0 0 0 3 3 2 0 0 0 1 0 0 0 0 0 0 0
6 19 8 7 59 51 8 2 1 14 26 10 8 6 2 140 154 82 32 44 19 17 0 0 42 21 31 37 40 83 32 2 6 1 0 5 2 3 2 7 12 5 4 10 2 18 18 16 30 0 0 2 2 1 0 0 2 6 1 12 8 2 0 0 0 3 6 5 1 0 0 0 0
4 7 6 0 21 19 2 4 1 3 0 0 0 0 0 45 56 12 9 10 4 17 0 1 9 0 0 13 8 0 0 0 0 0 0 1 3 2 2 1 0 0 0 0 0 4 0 0 0 0 0 1 0 0 0 0 0 0 0 0 0 0 0 0 0 0 0 0 0 0 0 0 0
6 14 8 7 34 34 6 2 1 7 22 10 6 6 2 80 80 30 14 31 13 12 1 0 16 15 28 19 15 54 18 2 4 1 0 3 2 3 1 3 10 6 4 8 2 9 11 9 19 0 0 2 1 2 0 0 0 4 1 6 7 2 0 0 0 2 6 5 1 0 0 0 0
6 16 7 8 40 36 8 1 1 9 30 8 6 9 2 86 88 40 16 39 17 7 1 0 21 24 26 21 20 72 20 3 7 0 0 3 2 4 1 4 12 12 3 11 1 10 11 8 36 0 0 2 2 2 0 0 1 6 0 8 8 4 0 0 0 2 6 6 1 1 0 0 0
8 16 16 12 29 64 6 8 2 4 28 28 8 16 4 66 116 61 13 17 22 44 1 1 10 15 56 13 17 56 58 0 4 8 0 1 1 6 6 1 10 10 20 4 8 4 11 24 48 0 0 1 1 4 0 0 0 6 4 4 12 12 0 0 0 1 8 16 2 1 0 0 0
4 9 2 4 15 11 4 0 0 3 12 1 2 2 1 29 26 15 7 10 5 0 1 0 6 7 3 10 5 16 3 0 3 0 0 1 0 0 0 1 4 1 0 3 0 5 1 1 10 0 0 0 0 0 0 0 0 2 0 1 1 0 0 0 0 0 2 1 0 0 0 0 0
4 13 5 1 30 31 9 2 2 10 2 2 1 0 0 78 68 42 10 39 18 16 1 0 27 0 3 16 24 5 8 6 0 1 0 1 4 8 3 7 1 0 0 1 0 8 2 2 0 0 0 4 0 1 0 0 1 0 0 1 0 0 0 0 0 0 0 0 0 0 0 0 0
6 17 7 8 36 40 9 1 1 10 31 8 6 9 2 70 82 53 16 36 21 8 1 0 25 27 26 16 25 67 23 4 8 0 0 1 2 4 1 6 12 13 3 14 1 7 7 9 43 0 0 1 3 2 0 0 1 4 0 6 7 4 0 0 0 2 6 6 1 1 0 0 0
4 9 3 3 24 14 6 0 0 7 9 2 2 2 0 56 39 5 13 32 11 0 1 0 20 6 5 15 12 20 5 4 2 0 0 3 0 0 0 5 5 2 0 4 0 10 5 2 7 0 0 0 0 0 0 0 1 0 0 3 2 1 0 0 0 1 0 0 0 0 0 0 0
6 15 10 5 26 42 7 6 2 10 15 9 7 4 1 63 65 34 11 23 14 33 1 1 21 9 23 7 26 30 11 4 3 4 0 1 2 7 4 6 11 2 6 7 0 7 9 14 13 0 0 3 1 2 0 0 1 2 1 8 6 1 0 0 0 3 4 2 2 0 0 0 0
6 13 7 8 26 28 6 1 1 7 23 8 6 9 2 59 53 18 10 24 12 5 0 0 16 14 18 8 15 45 15 2 5 0 0 1 2 3 1 3 10 9 3 8 1 6 9 8 26 0 0 2 1 2 0 0 1 4 0 6 8 4 0 0 0 2 6 6 1 1 0 0 0
2 7 0 1 9 0 5 0 0 4 3 0 2 0 0 17 0 0 1 12 0 0 1 0 8 2 0 4 0 5 0 2 1 0 0 0 0 0 0 2 4 0 0 0 0 1 1 0 0 0 0 0 0 0 0 0 0 0 0 2 0 0 0 0 0 1 0 0 0 0 0 0 0
6 5 10 5 7 15 0 6 0 1 6 9 2 4 1 22 17 4 2 0 0 13 0 1 0 2 10 4 4 11 4 0 0 4 0 0 0 0 0 0 0 1 6 0 0 0 3 4 5 0 0 0 0 0 0 0 0 1 1 1 3 1 0 0 0 0 1 2 0 0 0 0 0
4 7 4 2 17 13 2 1 1 2 4 2 1 1 0 28 31 9 8 10 3 4 0 0 5 1 3 9 3 8 3 0 0 0 0 1 3 2 1 1 1 0 1 1 0 2 2 1 3 0 0 1 0 1 0 0 0 0 0 1 1 0 0 0 0 0 0 0 0 0 0 0 0
5 7 5 5 6 13 2 0 0 0 9 6 3 3 1 22 12 8 2 3 3 0 0 0 0 5 7 4 0 6 7 0 2 0 0 0 0 0 0 0 3 3 0 0 1 0 3 5 6 0 0 0 0 0 0 0 0 1 1 0 2 2 0 0 0 0 2 1 0 0 0 0 0
6 16 7 8 34 38 8 1 1 10 28 8 6 9 2 72 77 45 11 32 18 8 1 0 19 20 24 16 25 61 22 5 5 0 0 2 2 5 1 5 12 10 3 13 1 11 9 9 39 0 0 1 1 2 0 0 1 4 0 7 7 4 0 0 0 2 6 6 1 1 0 0 0
7 19 11 10 51 61 7 3 1 12 35 17 8 12 3 105 159 85 25 31 21 25 0 0 31 24 51 26 40 93 48 1 8 2 0 4 2 3 2 6 10 14 8 14 4 14 16 19 53 0 0 2 3 2 0 0 1 7 2 10 11 8 0 0 0 3 8 10 1 1 0 0 0
5 17 5 5 48 34 9 0 0 13 22 6 6 3 1 105 97 57 24 42 18 0 1 0 32 23 22 30 26 59 20 4 6 0 0 5 0 0 0 8 12 5 0 12 1 17 12 10 16 0 0 0 2 0 0 0 1 3 1 8 4 2 0 0 0 3 4 1 0 0 0 0 0
4 13 4 2 37 21 9 1 2 7 6 2 4 1 0 90 56 26 19 45 10 6 1 0 21 4 5 26 10 17 3 4 1 0 0 3 4 8 2 4 8 0 1 1 0 11 12 4 4 0 0 2 0 1 0 0 0 0 0 4 2 0 0 0 0 2 0 0 1 0 0 0 0
7 17 11 10 29 53 10 3 2 6 29 17 8 12 3 62 88 59 9 38 29 19 2 0 12 16 41 13 18 49 42 2 8 2 0 2 4 8 4 3 15 10 8 7 4 3 10 18 44 0 0 2 1 4 0 0 0 5 2 5 10 8 0 0 0 2 8 10 2 1 0 0 0
1 5 0 0 5 0 5 0 0 5 0 0 0 0 0 7 0 0 0 10 0 0 1 0 6 0 0 1 0 0 0 4 0 0 0 0 0 0 0 4 0 0 0 0 0 2 0 0 0 0 0 0 0 0 0 0 1 0 0 0 0 0 0 0 0 0 0 0 0 0 0 0 0
6 12 9 6 37 35 4 3 1 8 13 11 5 5 1 94 103 21 20 25 10 17 0 0 28 5 21 24 24 40 21 1 1 2 0 2 3 3 2 4 6 2 5 4 2 11 13 10 13 0 0 2 1 1 0 0 1 1 1 6 5 3 0 0 0 2 3 2 1 0 0 0 0
1 3 0 0 7 0 3 0 0 0 0 0 0 0 0 21 0 0 2 12 0 0 1 0 0 0 0 3 0 0 0 0 0 0 0 1 0 0 0 0 0 0 0 0 0 0 0 0 0 0 0 0 0 0 0 0 0 0 0 0 0 0 0 0 0 0 0 0 0 0 0 0 0
5 12 5 5 35 22 5 1 1 6 14 4 5 4 1 82 60 21 16 28 7 6 0 0 17 8 9 26 11 42 7 2 2 0 0 1 3 4 1 2 7 2 2 5 0 10 12 5 13 0 0 1 1 1 0 0 1 2 0 5 5 1 0 0 0 1 3 2 1 0 0 0 0
3 10 1 2 28 5 6 0 1 6 5 0 4 1 0 56 10 6 11 28 2 0 1 0 15 3 0 20 2 12 0 2 1 0 0 2 3 3 0 3 6 0 0 0 0 10 11 0 3 0 0 2 0 0 0 0 0 0 0 4 2 0 0 0 0 2 0 0 1 0 0 0 0
2 4 0 1 12 0 1 0 0 1 2 0 1 0 0 36 0 0 8 4 0 0 0 0 4 1 0 11 0 5 0 0 0 0 0 0 0 0 0 0 1 0 0 0 0 2 3 0 0 0 0 0 0 0 0 0 0 0 0 1 0 0 0 0 0 0 0 0 0 0 0 0 0
5 11 6 4 17 26 5 1 1 4 10 6 3 3 0 39 41 25 4 13 11 6 1 0 9 6 11 3 10 14 13 2 1 0 0 1 1 4 1 1 4 2 2 3 1 3 5 6 10 0 0 0 0 2 0 0 0 0 0 1 3 2 0 0 0 1 0 0 0 0 0 0 0
4 12 4 2 26 22 9 1 1 4 8 2 2 1 0 70 46 29 11 31 15 7 2 0 11 7 7 17 6 22 5 2 3 0 0 2 1 5 1 2 4 1 1 2 0 2 2 2 4 0 0 0 1 1 0 0 0 0 0 2 2 0 0 0 0 1 0 0 0 0 0 0 0
5 10 6 4 21 24 4 1 1 5 10 6 2 3 0 39 52 19 10 17 9 6 0 0 10 4 12 8 12 20 12 2 1 0 0 1 2 3 1 2 3 2 2 4 1 3 3 4 10 0 0 1 0 2 0 0 0 0 0 1 2 2 0 0 0 1 0 0 0 0 0 0 0
3 6 2 1 16 7 2 0 0 4 3 1 1 0 0 52 18 5 5 10 2 0 0 0 11 0 3 11 4 10 1 1 1 0 0 1 0 0 0 2 1 0 0 2 0 5 1 1 0 0 0 0 0 0 0 0 1 0 0 2 0 0 0 0 0 0 0 0 0 0 0 0 0
5 14 7 3 36 38 6 3 1 7 10 5 3 2 0 98 98 52 16 31 15 22 0 0 22 8 14 20 19 24 14 1 2 2 0 2 3 3 2 3 4 2 2 3 0 4 5 6 8 0 0 1 1 1 0 0 0 0 0 3 3 1 0 0 0 1 0 0 0 0 0 0 0
4 6 3 3 5 10 4 0 0 3 4 2 2 2 0 12 7 0 1 3 8 0 1 0 2 0 2 0 5 3 4 2 1 0 0 0 0 0 0 1 3 0 0 1 0 2 2 2 4 0 0 0 0 0 0 0 0 0 0 1 2 1 0 0 0 1 0 0 0 0 0 0 0
5 8 7 3 17 22 1 2 0 3 6 7 2 1 0 35 45 15 8 4 2 10 0 0 8 3 14 4 9 13 10 0 0 1 0 1 0 0 0 0 2 0 2 1 2 2 4 4 2 0 0 0 0 0 0 0 1 0 0 2 2 0 0 0 0 0 0 0 0 0 0 0 0
6 12 9 6 22 38 5 3 1 3 14 11 3 5 1 62 70 37 10 16 15 18 0 0 7 7 24 8 11 25 26 1 3 2 0 2 1 3 2 1 4 2 5 1 2 1 5 7 16 0 0 1 0 2 0 0 0 2 1 2 4 3 0 0 0 0 1 2 0 0 0 0 0
4 15 5 1 39 35 11 2 2 12 4 2 1 0 0 94 92 58 16 56 20 18 1 0 35 3 7 20 28 9 8 7 1 1 0 2 3 10 3 8 2 0 0 2 0 11 2 2 0 0 0 4 0 1 0 0 2 0 0 2 0 0 0 0 0 0 0 0 0 0 0 0 0
6 15 9 6 32 42 8 3 1 8 19 11 6 5 1 78 81 43 15 29 21 20 1 0 20 12 29 15 20 46 22 4 4 2 0 4 2 4 2 5 11 5 5 9 2 10 10 13 19 0 0 1 1 1 0 0 1 2 1 6 5 3 0 0 0 2 4 2 1 0 0 0 0
3 7 1 2 20 5 3 0 0 2 7 0 1 1 0 40 14 6 11 15 3 0 0 0 4 5 0 15 1 19 0 1 1 0 0 1 0 0 0 0 2 1 0 2 0 2 2 0 4 0 0 0 1 0 0 0 0 0 0 1 1 0 0 0 0 0 0 0 0 0 0 0 0
3 6 2 1 8 8 2 0 0 2 4 1 0 0 0 14 9 8 1 5 3 0 0 0 4 3 4 3 2 7 2 0 1 0 0 0 0 0 0 1 0 0 0 2 0 2 0 0 0 0 0 0 0 0 0 0 0 0 0 0 0 0 0 0 0 0 0 0 0 0 0 0 0
3 9 2 1 17 12 6 0 0 3 2 1 2 0 0 47 22 18 7 18 9 0 1 0 8 1 2 6 3 3 3 1 0 0 0 1 0 0 0 1 3 0 0 0 0 3 4 2 0 0 0 0 0 0 0 0 0 0 0 1 0 0 0 0 0 1 0 0 0 0 0 0 0
2 3 0 1 9 0 0 0 0 1 1 0 1 0 0 10 0 0 4 0 0 0 0 0 2 0 0 6 0 4 0 0 0 0 0 0 0 0 0 0 0 0 0 0 0 2 2 0 0 0 0 0 0 0 0 0 0 0 0 1 0 0 0 0 0 0 0 0 0 0 0 0 0
5 9 7 3 18 25 1 2 0 4 7 7 2 1 0 34 48 20 9 4 2 12 0 0 12 4 16 4 12 15 11 0 0 1 0 1 0 0 0 0 2 0 2 1 2 2 3 4 3 0 0 0 0 0 0 0 1 0 0 3 2 0 0 0 0 0 0 0 0 0 0 0 0
5 12 5 5 35 21 7 1 1 6 15 4 5 4 1 72 53 14 18 30 13 5 1 0 17 10 9 22 10 44 7 2 4 0 0 3 3 3 1 3 8 4 2 3 0 9 14 5 12 0 0 2 1 1 0 0 0 2 0 5 5 1 0 0 0 2 3 2 1 0 0 0 0
3 5 2 1 9 6 1 0 0 2 4 1 0 0 0 20 9 4 2 5 1 0 0 0 5 3 4 4 2 9 1 0 1 0 0 0 0 0 0 1 0 0 0 2 0 2 0 0 0 0 0 0 0 0 0 0 0 0 0 0 0 0 0 0 0 0 0 0 0 0 0 0 0
3 5 2 1 8 6 1 0 0 2 4 1 0 0 0 15 8 4 2 4 1 0 0 0 4 3 4 3 2 8 1 0 1 0 0 0 0 0 0 1 0 0 0 2 0 2 0 0 0 0 0 0 0 0 0 0 0 0 0 0 0 0 0 0 0 0 0 0 0 0 0 0 0
3 7 1 2 20 4 2 0 0 4 6 0 2 1 0 64 10 3 8 10 1 0 0 0 10 4 0 14 2 18 0 0 1 0 0 2 0 0 0 2 2 1 0 2 0 7 5 0 2 0 0 0 0 0 0 0 0 0 0 2 2 0 0 0 0 1 0 0 0 0 0 0 0
3 4 2 1 10 4 1 0 0 1 2 1 1 0 0 25 10 0 4 3 1 0 0 0 3 1 2 4 1 5 0 0 0 0 0 1 0 0 0 0 1 0 0 0 0 1 2 1 0 0 0 0 0 0 0 0 0 0 0 1 0 0 0 0 0 0 0 0 0 0 0 0 0
3 7 3 0 23 12 2 1 1 3 0 0 0 0 0 71 39 12 13 12 2 5 0 0 9 0 0 18 5 0 0 0 0 0 0 2 3 2 1 1 0 0 0 0 0 4 0 0 0 0 0 1 0 0 0 0 0 0 0 0 0 0 0 0 0 0 0 0 0 0 0 0 0
5 9 5 5 22 19 3 1 0 2 13 4 2 4 1 47 49 16 12 13 7 6 0 0 6 8 10 8 5 29 8 1 2 0 0 2 0 0 0 0 3 3 2 1 0 2 4 2 12 0 0 0 0 0 0 0 0 3 0 2 3 1 0 0 0 0 1 2 0 0 0 0 0
4 5 4 2 17 9 2 1 0 4 4 2 1 1 0 47 29 0 12 10 4 4 0 0 14 0 4 13 8 14 0 1 1 0 0 1 0 0 0 2 1 0 1 2 0 5 3 1 3 0 0 0 0 0 0 0 1 0 0 2 1 0 0 0 0 0 0 0 0 0 0 0 0
1 3 0 0 5 0 1 0 0 2 0 0 0 0 0 17 0 0 2 4 0 0 0 0 4 0 0 4 0 0 0 0 0 0 0 0 0 0 0 1 0 0 0 0 0 1 0 0 0 0 0 0 0 0 0 0 0 0 0 0 0 0 0 0 0 0 0 0 0 0 0 0 0
2 5 1 0 14 5 5 0 0 5 0 0 0 0 0 26 14 0 7 23 5 0 1 0 15 0 0 10 5 0 0 4 0 0 0 2 0 0 0 4 0 0 0 0 0 7 0 0 0 0 0 0 0 0 0 0 1 0 0 0 0 0 0 0 0 0 0 0 0 0 0 0 0
2 2 1 0 4 2 0 0 0 1 0 0 0 0 0 8 4 0 1 0 0 0 0 0 4 0 0 2 1 0 0 0 0 0 0 0 0 0 0 0 0 0 0 0 0 0 0 0 0 0 0 0 0 0 0 0 0 0 0 0 0 0 0 0 0 0 0 0 0 0 0 0 0
3 6 2 1 13 8 2 0 0 2 4 1 0 0 0 34 18 8 3 8 3 0 0 0 5 3 4 6 2 8 2 0 1 0 0 1 0 0 0 1 0 0 0 2 0 2 0 0 0 0 0 0 0 0 0 0 0 0 0 0 0 0 0 0 0 0 0 0 0 0 0 0 0
3 8 2 1 22 9 3 0 0 6 3 1 2 0 0 57 24 7 11 14 3 0 0 0 18 2 3 14 6 7 1 1 0 0 0 2 0 0 0 3 3 0 0 1 0 8 5 2 0 0 0 0 0 0 0 0 1 0 0 3 0 0 0 0 0 1 0 0 0 0 0 0 0
5 7 6 4 19 14 2 2 0 2 10 5 2 2 1 35 38 5 11 9 4 7 0 0 6 5 13 6 4 28 1 1 1 1 0 1 0 0 0 0 3 1 2 2 0 2 4 3 6 0 0 0 0 0 0 0 0 2 1 2 1 0 0 0 0 0 2 1 0 0 0 0 0
3 4 1 2 9 3 0 0 0 3 3 0 1 1 0 8 5 0 6 0 0 0 0 0 6 0 0 2 3 7 0 0 0 0 0 0 0 0 0 0 0 0 0 1 0 2 2 0 2 0 0 0 0 0 0 0 1 0 0 2 1 0 0 0 0 0 0 0 0 0 0 0 0
1 1 0 0 2 0 0 0 0 0 0 0 0 0 0 4 0 0 0 0 0 0 0 0 0 0 0 1 0 0 0 0 0 0 0 0 0 0 0 0 0 0 0 0 0 0 0 0 0 0 0 0 0 0 0 0 0 0 0 0 0 0 0 0 0 0 0 0 0 0 0 0 0
5 11 5 5 15 23 4 0 0 3 15 6 3 3 1 41 28 26 6 9 10 0 0 0 7 11 16 2 6 22 15 1 1 0 0 0 0 0 0 0 5 4 0 4 1 1 3 5 11 0 0 0 1 0 0 0 0 2 1 2 2 2 0 0 0 0 2 1 0 0 0 0 0
4 7 3 3 13 11 2 0 0 2 8 2 1 2 0 29 18 8 5 8 4 0 0 0 4 4 5 6 3 14 4 1 0 0 0 0 0 0 0 0 2 2 0 2 0 2 2 1 6 0 0 0 1 0 0 0 0 0 0 1 1 1 0 0 0 0 0 0 0 0 0 0 0
2 4 1 0 12 4 0 0 0 2 0 0 0 0 0 34 12 4 5 0 0 0 0 0 6 0 0 10 2 0 0 0 0 0 0 0 0 0 0 0 0 0 0 0 0 3 0 0 0 0 0 0 0 0 0 0 0 0 0 0 0 0 0 0 0 0 0 0 0 0 0 0 0
1 2 0 0 4 0 0 0 0 1 0 0 0 0 0 10 0 0 1 0 0 0 0 0 2 0 0 1 0 0 0 0 0 0 0 0 0 0 0 0 0 0 0 0 0 1 0 0 0 0 0 0 0 0 0 0 0 0 0 0 0 0 0 0 0 0 0 0 0 0 0 0 0
6 19 10 5 53 60 10 6 2 14 19 9 6 4 1 128 161 86 25 50 26 49 1 1 40 15 31 29 45 57 24 5 4 4 0 5 5 9 5 7 11 2 6 8 0 14 11 12 20 0 0 3 1 2 0 0 3 3 1 10 7 1 0 0 0 2 3 2 1 0 0 0 0
6 19 10 5 51 59 10 6 3 12 18 9 6 4 1 143 152 87 21 51 26 44 0 1 32 14 28 27 36 50 26 4 3 4 0 3 6 10 8 6 11 2 6 7 0 12 13 12 18 0 0 5 1 3 0 0 1 3 1 8 7 1 0 0 0 2 3 2 1 0 0 0 0
3 3 3 0 4 6 0 1 0 1 0 0 0 0 0 7 8 2 1 0 0 3 0 0 4 0 0 2 2 0 0 0 0 0 0 0 0 0 0 0 0 0 0 0 0 0 0 0 0 0 0 0 0 0 0 0 0 0 0 0 0 0 0 0 0 0 0 0 0 0 0 0 0
2 2 1 0 2 2 1 0 0 0 0 0 0 0 0 4 2 0 0 2 1 0 0 0 0 0 0 1 0 0 0 0 0 0 0 0 0 0 0 0 0 0 0 0 0 0 0 0 0 0 0 0 0 0 0 0 0 0 0 0 0 0 0 0 0 0 0 0 0 0 0 0 0
2 2 1 0 4 2 0 0 0 1 0 0 0 0 0 9 4 0 1 0 0 0 0 0 4 0 0 2 1 0 0 0 0 0 0 0 0 0 0 0 0 0 0 0 0 0 0 0 0 0 0 0 0 0 0 0 0 0 0 0 0 0 0 0 0 0 0 0 0 0 0 0 0
5 12 5 5 25 25 5 0 0 4 17 6 3 3 1 64 50 31 11 17 11 0 0 0 9 13 19 9 9 35 16 2 3 0 0 2 0 0 0 0 6 4 0 4 1 3 5 5 12 0 0 0 1 0 0 0 0 3 1 3 2 2 0 0 0 0 2 1 0 0 0 0 0
1 4 0 0 7 0 2 0 0 4 0 0 0 0 0 19 0 0 2 7 0 0 0 0 10 0 0 2 0 0 0 1 0 0 0 0 0 0 0 2 0 0 0 0 0 2 0 0 0 0 0 0 0 0 0 0 1 0 0 0 0 0 0 0 0 0 0 0 0 0 0 0 0
1 1 0 0 2 0 0 0 0 0 0 0 0 0 0 2 0 0 1 0 0 0 0 0 0 0 0 0 0 0 0 0 0 0 0 0 0 0 0 0 0 0 0 0 0 0 0 0 0 0 0 0 0 0 0 0 0 0 0 0 0 0 0 0 0 0 0 0 0 0 0 0 0
1 1 0 0 2 0 0 0 0 0 0 0 0 0 0 4 0 0 0 0 0 0 0 0 0 0 0 1 0 0 0 0 0 0 0 0 0 0 0 0 0 0 0 0 0 0 0 0 0 0 0 0 0 0 0 0 0 0 0 0 0 0 0 0 0 0 0 0 0 0 0 0 0
1 1 0 0 5 0 0 0 0 0 0 0 0 0 0 14 0 0 5 0 0 0 0 0 0 0 0 5 0 0 0 0 0 0 0 0 0 0 0 0 0 0 0 0 0 0 0 0 0 0 0 0 0 0 0 0 0 0 0 0 0 0 0 0 0 0 0 0 0 0 0 0 0
2 7 0 1 23 0 5 0 0 4 3 0 2 0 0 66 0 0 14 28 0 0 1 0 11 2 0 14 0 11 0 2 1 0 0 3 0 0 0 2 4 0 0 0 0 7 5 0 0 0 0 0 0 0 0 0 0 0 0 2 0 0 0 0 0 1 0 0 0 0 0 0 0
1 2 0 0 3 0 1 0 0 0 0 0 0 0 0 4 0 0 0 3 0 0 0 0 0 0 0 1 0 0 0 0 0 0 0 0 0 0 0 0 0 0 0 0 0 0 0 0 0 0 0 0 0 0 0 0 0 0 0 0 0 0 0 0 0 0 0 0 0 0 0 0 0
5 11 5 5 27 18 5 1 1 7 14 4 5 4 1 67 41 10 12 20 7 5 1 0 20 5 9 12 11 35 3 4 2 0 0 1 2 3 1 4 8 3 2 7 0 7 10 5 12 0 0 1 1 1 0 0 1 1 0 5 4 1 0 0 0 2 4 2 1 0 0 0 0
