6 16 7 8 44 40 7 0 0 11 26 10 7 8 2 103 107 53 19 33 20 0 1 0 29 16 28 25 29 72 32 4 4 0 0 2 0 0 0 6 11 9 0 13 2 14 15 14 33 0 0 0 2 0 0 0 1 2 2 7 7 6 0 0 0 3 7 4 0 1 0 0 0
8 18 16 12 47 74 4 8 1 9 34 28 8 16 4 108 188 85 15 23 14 56 0 1 18 22 72 33 42 94 67 1 5 8 0 0 2 2 3 0 7 13 20 8 8 12 14 24 56 0 0 1 2 2 0 0 2 9 4 10 14 12 0 0 0 1 8 16 1 1 0 0 0
6 15 8 7 38 41 7 2 2 8 16 10 7 6 2 98 103 50 15 29 16 12 1 0 23 5 18 24 26 42 29 3 2 1 0 2 5 7 3 3 10 1 4 5 2 9 15 14 22 0 0 1 0 3 0 0 1 2 1 4 5 2 0 0 0 2 5 5 2 0 0 0 0
6 20 7 8 52 50 12 0 0 16 34 10 8 8 2 116 127 87 21 54 34 0 2 0 39 29 38 29 42 87 40 8 8 0 0 4 0 0 0 10 18 12 0 20 2 18 16 16 42 0 0 0 2 0 0 0 2 4 2 10 8 6 0 0 0 4 8 4 0 1 0 0 0
6 19 9 6 38 56 11 3 1 14 23 11 7 5 1 107 107 81 10 44 30 28 1 0 32 19 37 22 41 54 33 6 5 2 0 2 0 5 2 8 15 5 5 12 2 7 8 15 23 0 0 2 1 1 0 0 2 3 1 9 7 3 0 0 0 3 4 2 1 0 0 0 0
5 15 5 5 44 30 9 1 2 9 14 4 6 4 1 99 88 43 19 49 17 7 1 0 23 8 8 30 20 42 14 6 1 0 0 3 5 8 2 4 10 1 2 6 0 14 15 6 17 0 0 2 0 2 0 0 1 1 0 4 5 1 0 0 0 2 3 2 2 0 0 0 0
7 21 13 8 54 76 10 7 2 14 28 18 9 8 2 123 199 108 19 49 30 59 1 1 37 22 55 37 53 73 51 4 6 6 0 2 3 9 5 6 15 6 12 11 4 14 15 23 34 0 0 3 1 3 0 0 2 6 2 11 12 4 0 0 0 3 6 6 2 0 0 0 0
7 21 13 8 54 75 10 7 3 13 25 18 10 8 2 136 191 108 15 45 30 54 1 1 27 20 46 33 48 67 53 4 4 6 0 3 6 11 8 5 15 5 12 10 4 19 21 26 31 0 0 4 0 4 0 0 1 5 2 8 12 4 0 0 0 4 6 6 3 0 0 0 0
6 21 8 7 58 56 14 2 2 16 27 10 9 6 2 111 157 96 28 69 36 18 2 0 41 23 33 38 45 72 38 9 6 1 0 4 4 9 3 10 19 5 4 14 2 19 19 16 29 0 0 3 1 3 0 0 2 5 1 10 9 2 0 0 0 4 7 5 2 0 0 0 0
6 23 8 7 47 61 16 2 2 19 30 10 10 6 2 94 124 115 20 65 40 20 2 0 37 29 36 18 52 60 40 10 7 1 0 4 3 10 3 13 23 6 4 16 2 14 12 18 33 0 0 4 2 3 0 0 2 5 1 13 10 2 0 0 0 5 8 5 2 0 0 0 0
6 12 8 7 36 35 4 2 1 7 13 10 5 6 2 90 101 30 18 23 12 11 0 0 20 2 15 22 20 39 26 2 1 1 0 1 3 2 2 3 5 1 4 5 2 10 14 11 20 0 0 2 0 1 0 0 0 2 1 4 4 2 0 0 0 2 3 5 1 0 0 0 0
7 16 11 10 38 52 6 3 1 9 28 17 7 12 3 100 123 56 11 31 19 21 1 0 20 16 41 22 28 70 42 2 5 2 0 2 2 3 2 3 9 10 8 13 4 11 12 17 44 0 0 2 0 2 0 0 0 5 2 5 9 8 0 0 0 3 7 10 1 1 0 0 0
7 19 11 10 38 61 9 3 1 11 33 17 9 12 3 80 123 82 17 28 29 23 1 0 25 23 47 17 38 68 50 4 6 2 0 3 0 4 2 6 15 13 8 13 4 10 12 22 50 0 0 1 2 2 0 0 1 5 2 8 12 8 0 0 0 3 9 10 1 1 0 0 0
5 10 5 5 24 23 4 0 0 4 11 6 3 3 1 60 54 25 9 14 11 0 1 0 7 2 13 13 8 26 16 0 2 0 0 2 0 0 0 1 3 1 0 4 1 7 7 6 11 0 0 0 0 0 0 0 0 1 1 2 1 2 0 0 0 1 2 1 0 0 0 0 0
8 17 16 12 44 69 5 8 2 8 30 28 8 16 4 105 180 72 26 14 18 49 0 1 25 14 62 36 34 85 63 1 4 8 0 2 2 5 6 2 8 10 20 9 8 12 14 24 52 0 0 2 1 4 0 0 1 7 4 7 12 12 0 0 0 2 8 16 2 1 0 0 0
6 12 7 8 32 30 1 1 0 7 22 8 4 9 2 86 78 32 18 4 2 7 0 0 22 12 19 20 19 59 18 0 2 0 0 0 0 0 0 1 1 9 3 9 1 6 7 7 32 0 0 0 2 0 0 0 1 3 0 5 5 4 0 0 0 1 4 6 0 1 0 0 0
7 13 13 8 27 51 5 7 2 5 15 18 4 8 2 72 105 42 10 16 18 37 0 1 8 3 32 16 19 38 41 2 2 6 0 2 3 6 6 1 4 1 12 4 4 5 4 12 24 0 0 2 0 3 0 0 0 3 2 3 4 4 0 0 0 1 2 6 1 0 0 0 0
5 12 7 3 21 34 9 3 2 8 6 5 2 2 0 47 60 27 4 30 23 18 2 0 17 0 8 8 23 12 16 6 1 2 0 2 3 8 4 5 4 0 2 3 0 4 1 4 6 0 0 2 0 2 0 0 1 0 0 2 2 1 0 0 0 1 0 0 0 0 0 0 0
4 13 3 3 27 23 9 0 0 9 10 3 3 0 1 46 41 40 9 32 19 0 2 0 16 7 10 11 19 24 15 6 2 0 0 2 0 0 0 5 6 0 0 4 0 9 7 3 0 0 0 0 0 0 0 0 1 2 1 2 0 0 0 0 0 1 3 0 0 0 0 0 0
6 19 8 7 45 49 10 2 2 13 24 10 9 6 2 102 114 74 16 46 21 16 1 0 29 18 26 22 35 62 31 5 4 1 0 2 3 9 3 6 16 5 4 11 2 15 15 16 26 0 0 3 1 3 0 0 1 4 1 8 9 2 0 0 0 4 7 5 2 0 0 0 0
6 10 10 5 13 35 1 6 0 5 9 9 3 4 1 23 51 27 5 2 2 32 0 1 11 3 15 4 22 7 19 0 1 4 0 0 0 0 0 0 2 2 6 0 0 3 1 6 7 0 0 0 1 0 0 0 1 1 1 3 4 1 0 0 0 0 2 2 0 0 0 0 0
6 8 9 6 6 21 2 3 1 0 9 11 4 5 1 11 13 12 0 4 4 8 0 0 0 5 11 3 0 11 11 0 2 2 0 0 1 1 2 0 3 3 5 0 2 0 2 9 9 0 0 0 0 1 0 0 0 1 1 0 3 3 0 0 0 0 2 2 1 0 0 0 0
7 17 13 8 34 59 9 7 3 8 23 18 7 8 2 84 113 62 9 29 28 41 2 1 15 11 44 19 27 52 37 3 4 6 0 3 4 11 8 3 11 5 12 8 4 9 10 18 31 0 0 2 1 5 0 0 1 3 2 7 7 4 0 0 0 2 6 6 2 0 0 0 0
4 7 3 3 10 11 5 0 0 4 6 2 2 2 0 14 16 0 1 15 9 0 1 0 3 2 3 4 6 8 4 2 2 0 0 1 0 0 0 2 4 1 0 2 0 3 2 2 5 0 0 0 0 0 0 0 0 0 0 2 2 1 0 0 0 1 0 0 0 0 0 0 0
4 9 2 4 23 11 2 0 0 5 10 1 3 2 1 60 25 15 11 7 3 0 0 0 11 5 1 11 7 28 3 0 1 0 0 1 0 0 0 2 2 0 0 4 0 7 7 2 9 0 0 0 0 0 0 0 0 2 0 2 2 0 0 0 0 1 2 1 0 0 0 0 0
5 11 7 3 36 30 3 2 1 7 10 7 1 1 0 83 99 32 24 19 8 15 0 0 25 5 21 27 19 33 12 1 2 1 0 2 1 1 1 3 1 0 2 5 2 9 3 2 6 0 0 2 0 2 0 0 1 0 0 2 1 0 0 0 0 0 0 0 0 0 0 0 0
5 16 7 3 34 41 10 2 2 10 9 7 5 1 0 69 87 56 13 39 20 15 2 0 19 6 19 16 25 22 19 4 2 1 0 3 3 9 3 6 9 0 2 2 2 6 6 11 4 0 0 3 0 2 0 0 1 0 0 6 2 0 0 0 0 2 0 0 1 0 0 0 0
5 11 8 2 17 32 3 5 1 5 6 4 2 1 0 36 51 32 2 7 6 28 0 1 11 4 11 9 16 10 5 1 1 2 0 0 2 2 2 0 3 0 2 1 0 2 0 4 4 0 0 0 0 1 0 0 1 0 0 3 2 0 0 0 0 0 0 0 0 0 0 0 0
4 9 3 3 22 14 4 0 0 2 11 2 1 2 0 38 34 16 13 15 6 0 0 0 6 9 7 15 4 28 5 0 4 0 0 2 0 0 0 1 2 3 0 2 0 4 0 1 8 0 0 0 2 0 0 0 0 0 0 0 1 1 0 0 0 0 0 0 0 0 0 0 0
8 18 16 12 40 72 5 8 2 11 32 28 9 16 4 95 159 79 19 20 19 50 0 1 28 14 64 22 46 76 65 1 4 8 0 1 2 4 6 5 8 12 20 12 8 9 12 27 54 0 0 3 2 4 0 0 1 7 4 10 14 12 0 0 0 3 9 16 2 1 0 0 0
5 15 8 2 27 40 8 5 3 10 6 4 4 1 0 65 67 47 11 30 15 29 1 1 22 4 11 13 25 14 7 4 1 2 0 2 2 9 7 6 7 0 2 2 0 8 7 8 4 0 0 4 0 1 0 0 1 0 0 5 2 0 0 0 0 2 0 0 1 0 0 0 0
4 13 3 3 42 21 7 0 0 10 14 2 2 2 0 89 69 34 24 46 13 0 1 0 33 14 9 32 17 40 8 4 3 0 0 4 0 0 0 6 5 3 0 8 0 14 6 2 11 0 0 0 1 0 0 0 1 0 0 3 2 1 0 0 0 1 0 0 0 0 0 0 0
3 6 1 2 18 4 1 0 0 3 6 0 1 1 0 41 9 3 12 7 0 0 0 0 8 3 0 11 3 17 0 0 1 0 0 1 0 0 0 0 1 1 0 1 0 2 3 0 3 0 0 0 1 0 0 0 1 0 0 2 1 0 0 0 0 0 0 0 0 0 0 0 0
5 13 5 5 34 25 9 1 2 4 13 4 5 4 1 74 61 30 10 38 14 6 2 0 11 4 8 23 7 36 10 3 3 0 0 4 5 9 2 1 10 1 2 4 0 6 13 5 16 0 0 1 0 2 0 0 0 1 0 2 3 1 0 0 0 1 3 2 2 0 0 0 0
5 14 8 2 24 42 8 5 3 7 6 4 1 1 0 40 67 53 7 24 19 33 0 1 10 3 10 14 21 14 12 4 2 2 0 1 4 10 7 3 1 0 2 2 0 7 1 2 5 0 0 4 0 2 0 0 0 0 0 1 1 0 0 0 0 0 0 0 0 0 0 0 0
3 8 1 2 12 4 4 0 1 4 4 0 3 1 0 10 5 3 4 10 1 0 0 0 6 1 0 1 2 6 0 2 0 0 0 0 1 3 0 2 4 0 0 1 0 3 4 0 3 0 0 1 0 0 0 0 0 0 0 2 1 0 0 0 0 1 0 0 1 0 0 0 0
4 9 5 1 21 20 5 2 2 3 1 2 1 0 0 37 44 16 5 24 8 9 1 0 6 0 1 12 7 3 5 2 0 1 0 1 4 6 3 1 1 0 0 0 0 2 3 2 0 0 0 2 0 1 0 0 0 0 0 0 0 0 0 0 0 0 0 0 0 0 0 0 0
7 16 11 10 43 49 8 3 2 8 27 17 8 12 3 81 126 49 16 35 24 16 1 0 16 12 39 28 23 72 40 3 5 2 0 4 6 6 4 3 13 9 8 11 4 14 20 17 37 0 0 3 0 4 0 0 0 5 2 5 11 8 0 0 0 3 8 10 2 1 0 0 0
5 12 6 4 35 23 6 2 1 8 13 5 5 2 1 98 67 14 15 29 9 10 1 0 22 8 16 26 14 40 4 4 3 1 0 2 2 3 1 5 9 1 2 7 0 10 10 7 6 0 0 1 1 1 0 0 1 2 1 6 2 0 0 0 0 2 4 1 1 0 0 0 0
5 13 5 5 39 21 5 1 1 8 17 4 6 4 1 95 61 18 19 28 6 5 0 0 21 14 10 23 11 46 5 2 3 0 0 2 3 2 1 4 9 5 2 8 0 13 16 6 12 0 0 2 2 1 0 0 0 2 0 5 6 1 0 0 0 3 4 2 1 0 0 0 0
3 5 1 2 10 4 2 0 0 4 4 0 1 1 0 12 6 0 6 4 2 0 0 0 6 0 0 2 4 8 0 1 1 0 0 1 0 0 0 2 1 0 0 2 0 3 2 0 3 0 0 0 0 0 0 0 1 0 0 2 1 0 0 0 0 0 0 0 0 0 0 0 0
6 16 8 7 34 37 8 2 2 12 23 10 8 6 2 97 77 35 11 31 14 11 1 0 32 12 25 17 28 53 18 5 5 1 0 1 2 8 3 7 13 6 4 12 2 7 9 13 22 0 0 3 2 3 0 0 2 4 1 11 8 2 0 0 0 3 7 5 2 0 0 0 0
4 5 4 2 15 9 1 1 0 1 4 2 1 1 0 42 28 4 8 4 1 3 0 0 5 1 4 8 2 12 2 0 1 0 0 1 0 0 0 0 1 1 1 0 0 0 2 1 1 0 0 0 0 0 0 0 0 0 0 1 1 0 0 0 0 0 0 0 0 0 0 0 0
5 7 4 6 8 11 3 0 0 1 13 3 2 6 1 8 14 5 0 10 6 0 1 0 0 5 6 4 1 15 4 0 2 0 0 0 0 0 0 0 4 5 0 2 0 1 1 2 13 0 0 0 0 0 0 0 0 2 0 1 2 2 0 0 0 0 2 2 0 1 0 0 0
5 11 7 3 28 27 3 2 2 5 7 7 3 1 0 84 67 24 10 16 5 9 0 0 11 4 15 15 11 16 12 1 0 1 0 1 4 4 3 1 3 0 2 2 2 6 8 6 3 0 0 3 0 2 0 0 0 0 0 2 1 0 0 0 0 1 0 0 1 0 0 0 0
5 9 5 5 25 16 2 0 0 3 14 6 3 3 1 51 43 12 14 7 3 0 0 0 6 10 13 15 4 42 8 0 3 0 0 2 0 0 0 1 2 5 0 5 1 5 6 4 8 0 0 0 1 0 0 0 0 2 1 1 3 2 0 0 0 1 2 1 0 0 0 0 0
6 18 8 7 50 47 10 2 2 11 23 10 8 6 2 125 123 68 22 50 26 15 1 0 28 17 27 35 30 63 32 5 4 1 0 3 6 7 3 6 13 5 4 9 2 17 20 13 23 0 0 3 1 3 0 0 1 4 1 7 9 2 0 0 0 3 6 5 2 0 0 0 0
5 15 7 3 35 39 9 2 2 9 9 7 4 1 0 104 96 53 16 39 20 15 1 0 23 4 19 22 23 23 18 6 1 1 0 2 1 7 3 4 8 0 2 4 2 9 6 9 5 0 0 3 0 2 0 0 1 0 0 4 1 0 0 0 0 1 0 0 1 0 0 0 0
3 8 2 1 17 11 2 0 0 5 5 1 0 0 0 39 22 15 4 5 3 0 0 0 9 5 5 8 7 10 3 0 1 0 0 2 0 0 0 2 0 0 0 3 0 6 0 0 0 0 0 0 1 0 0 0 0 0 0 0 0 0 0 0 0 0 0 0 0 0 0 0 0
2 3 0 1 11 0 0 0 0 1 1 0 1 0 0 16 0 0 7 0 0 0 0 0 3 0 0 8 0 4 0 0 0 0 0 0 0 0 0 0 0 0 0 0 0 2 3 0 0 0 0 0 0 0 0 0 0 0 0 1 0 0 0 0 0 0 0 0 0 0 0 0 0
5 15 4 6 37 24 8 0 1 10 20 4 7 4 2 93 57 33 13 40 11 0 1 0 27 14 8 21 17 52 11 5 3 0 0 1 2 5 0 5 13 3 0 10 1 10 13 8 20 0 0 1 1 2 0 0 1 3 0 6 4 0 0 0 0 3 7 4 1 0 0 0 0
4 14 2 4 37 12 8 0 1 11 16 1 6 2 1 90 29 17 16 39 4 0 1 0 29 15 3 23 9 40 2 4 4 0 0 3 2 4 0 7 12 1 0 8 0 13 13 2 8 0 0 2 1 1 0 0 1 3 0 8 4 0 0 0 0 3 4 1 1 0 0 0 0
5 11 4 6 31 18 2 0 0 6 20 3 3 6 1 79 48 20 16 12 3 0 0 0 20 14 8 17 10 53 7 0 2 0 0 1 0 0 0 2 3 9 0 9 0 7 8 3 23 0 0 0 2 0 0 0 0 1 0 3 3 2 0 0 0 1 3 2 0 1 0 0 0
4 7 4 2 11 12 0 1 1 3 1 2 3 1 0 12 22 10 1 0 0 3 0 0 5 0 1 4 5 1 4 0 0 0 0 0 1 0 1 0 0 0 1 0 0 2 3 3 0 0 0 1 0 0 0 0 0 0 0 1 1 0 0 0 0 1 0 0 1 0 0 0 0
4 6 2 4 2 5 2 0 1 0 5 1 3 2 1 5 4 3 0 2 1 0 0 0 0 1 0 1 0 2 1 0 0 0 0 0 0 2 0 0 3 0 0 0 0 0 0 1 4 0 0 0 0 1 0 0 0 0 0 0 1 0 0 0 0 0 2 1 1 0 0 0 0
3 8 3 0 18 12 4 1 2 4 0 0 0 0 0 46 27 10 7 18 3 4 1 0 8 0 0 14 5 0 0 2 0 0 0 1 3 5 2 1 0 0 0 0 0 6 0 0 0 0 0 3 0 0 0 0 0 0 0 0 0 0 0 0 0 0 0 0 0 0 0 0 0
5 8 7 3 11 23 5 3 1 2 5 5 1 2 0 22 31 10 0 12 13 13 1 0 0 2 7 6 6 8 11 1 1 2 0 0 0 4 2 0 2 1 2 1 0 3 2 2 4 0 0 0 0 1 0 0 0 0 0 1 1 1 0 0 0 0 0 0 0 0 0 0 0
4 7 5 1 9 17 3 2 1 3 0 2 1 0 0 18 20 10 3 6 7 8 0 0 4 0 0 2 8 0 5 2 0 1 0 0 2 2 2 2 0 0 0 0 0 1 1 2 0 0 0 1 0 0 0 0 0 0 0 0 0 0 0 0 0 0 0 0 0 0 0 0 0
4 7 4 2 12 11 1 1 1 3 2 2 3 1 0 18 14 6 5 2 1 3 0 0 7 0 2 4 4 3 2 0 0 0 0 0 2 1 1 1 1 0 1 0 0 2 6 3 1 0 0 1 0 0 0 0 0 0 0 2 1 0 0 0 0 1 0 0 1 0 0 0 0
2 7 1 0 14 5 6 0 1 3 0 0 0 0 0 17 9 6 2 26 2 0 1 0 5 0 0 7 2 0 0 3 0 0 0 0 2 4 0 1 0 0 0 0 0 3 0 0 0 0 0 1 0 0 0 0 0 0 0 0 0 0 0 0 0 0 0 0 0 0 0 0 0
5 9 6 4 16 21 2 1 0 2 9 6 3 3 0 39 37 18 4 6 4 5 0 0 2 7 10 8 5 15 10 0 3 0 0 0 0 0 0 0 1 3 2 1 1 4 5 6 8 0 0 0 1 0 0 0 0 0 0 0 3 2 0 0 0 1 0 0 0 0 0 0 0
5 8 5 5 8 13 4 1 1 1 11 4 3 4 1 8 12 6 0 8 5 3 0 0 0 4 7 4 2 17 3 1 3 0 0 0 0 3 1 0 5 3 2 1 0 1 1 3 9 0 0 0 0 1 0 0 0 2 0 1 2 1 0 0 0 0 2 2 1 0 0 0 0
3 6 1 2 13 5 2 0 0 2 7 0 0 1 0 16 9 6 7 4 2 0 0 0 0 4 0 6 2 15 0 0 2 0 0 2 0 0 0 1 0 1 0 2 0 2 0 0 5 0 0 0 1 0 0 0 0 0 0 0 0 0 0 0 0 0 0 0 0 0 0 0 0
2 7 1 0 15 7 3 0 0 6 0 0 0 0 0 43 15 12 7 10 3 0 0 0 17 0 0 9 6 0 0 1 0 0 0 1 0 0 0 3 0 0 0 0 0 6 0 0 0 0 0 0 0 0 0 0 1 0 0 0 0 0 0 0 0 0 0 0 0 0 0 0 0
2 5 0 1 10 0 3 0 0 1 3 0 1 0 0 25 0 0 4 11 0 0 0 0 2 2 0 3 0 7 0 1 1 0 0 1 0 0 0 0 2 0 0 0 0 1 1 0 0 0 0 0 0 0 0 0 0 0 0 1 0 0 0 0 0 0 0 0 0 0 0 0 0
3 7 1 2 4 3 2 0 1 3 3 0 3 1 0 6 2 2 0 3 0 0 0 0 1 1 0 1 1 3 0 0 0 0 0 0 0 2 0 1 2 0 0 0 0 0 0 0 2 0 0 1 0 0 0 0 0 0 0 2 1 0 0 0 0 1 0 0 1 0 0 0 0
3 7 2 1 19 8 4 0 1 2 2 1 1 0 0 38 19 7 8 18 2 0 0 0 4 0 1 13 3 8 2 2 1 0 0 2 3 4 0 0 1 0 0 0 0 3 2 1 0 0 0 0 0 1 0 0 0 0 0 1 0 0 0 0 0 0 0 0 0 0 0 0 0
3 3 1 2 6 3 1 0 0 0 3 0 0 1 0 7 6 2 3 3 1 0 0 0 0 0 0 3 0 6 0 0 1 0 0 1 0 0 0 0 0 0 0 0 0 0 0 0 3 0 0 0 0 0 0 0 0 0 0 0 0 0 0 0 0 0 0 0 0 0 0 0 0
5 3 5 5 3 4 0 1 1 0 2 4 2 4 1 6 4 0 0 0 0 0 0 0 0 0 0 0 0 2 1 0 0 0 0 0 1 0 1 0 0 0 2 0 0 0 2 2 2 0 0 0 0 1 0 0 0 0 0 0 1 1 0 0 0 0 1 2 1 0 0 0 0
3 3 2 1 4 4 0 0 0 0 0 1 1 0 0 10 4 2 2 0 0 0 0 0 0 0 0 0 0 0 1 0 0 0 0 0 0 0 0 0 0 0 0 0 0 0 2 1 0 0 0 0 0 0 0 0 0 0 0 0 0 0 0 0 0 0 0 0 0 0 0 0 0
3 3 2 1 8 3 1 0 1 0 1 1 0 0 0 28 7 0 2 3 1 0 0 0 0 0 0 5 0 3 1 0 0 0 0 1 3 1 0 0 0 0 0 0 0 0 0 0 0 0 0 0 0 1 0 0 0 0 0 0 0 0 0 0 0 0 0 0 0 0 0 0 0
2 3 1 0 6 3 1 0 0 2 0 0 0 0 0 12 6 0 1 2 1 0 0 0 2 0 0 3 2 0 0 0 0 0 0 1 0 0 0 1 0 0 0 0 0 3 0 0 0 0 0 0 0 0 0 0 0 0 0 0 0 0 0 0 0 0 0 0 0 0 0 0 0
5 8 7 3 17 23 4 3 1 2 5 5 1 2 0 38 48 13 7 18 10 13 1 0 4 1 7 9 7 11 11 0 1 2 0 2 1 3 2 1 2 1 2 0 0 0 3 2 4 0 0 1 0 1 0 0 0 0 0 0 1 1 0 0 0 0 0 0 0 0 0 0 0
7 18 13 8 45 67 10 7 3 9 19 18 8 8 2 84 172 79 19 41 32 48 1 1 28 8 37 25 37 47 51 4 3 6 0 4 6 11 8 4 14 2 12 6 4 11 16 22 29 0 0 2 0 4 0 0 1 2 2 5 7 4 0 0 0 2 5 6 3 0 0 0 0
5 6 7 3 8 15 1 2 1 0 1 7 3 1 0 15 24 9 5 4 3 3 0 0 0 0 3 3 0 4 9 0 0 1 0 1 0 0 2 0 1 0 2 0 2 0 2 7 0 0 0 0 0 0 0 0 0 0 0 0 0 0 0 0 0 0 0 0 1 0 0 0 0
3 5 1 2 3 2 2 0 1 1 2 0 2 1 0 8 3 0 1 3 0 0 0 0 1 0 0 0 1 3 0 1 0 0 0 0 0 2 0 0 2 0 0 1 0 1 0 0 2 0 0 0 0 0 0 0 0 0 0 0 0 0 0 0 0 0 0 0 1 0 0 0 0
1 1 0 0 3 0 0 0 0 0 0 0 0 0 0 6 0 0 1 0 0 0 0 0 0 0 0 2 0 0 0 0 0 0 0 0 0 0 0 0 0 0 0 0 0 0 0 0 0 0 0 0 0 0 0 0 0 0 0 0 0 0 0 0 0 0 0 0 0 0 0 0 0
3 5 1 2 3 2 2 0 1 1 2 0 2 1 0 8 3 0 1 3 0 0 0 0 1 0 0 0 1 3 0 1 0 0 0 0 0 2 0 0 2 0 0 1 0 1 0 0 2 0 0 0 0 0 0 0 0 0 0 0 0 0 0 0 0 0 0 0 1 0 0 0 0
6 14 7 8 32 31 7 1 1 10 25 8 6 9 2 99 72 21 11 29 15 6 1 0 26 15 21 21 23 59 17 4 5 0 0 2 1 4 1 6 11 9 3 12 1 9 8 8 29 0 0 2 1 2 0 0 1 5 0 7 8 4 0 0 0 3 6 6 1 1 0 0 0
4 9 4 2 12 20 5 1 1 5 5 2 0 1 0 21 23 21 3 9 10 7 0 0 4 0 4 2 12 8 7 2 2 0 0 2 2 3 1 3 0 0 1 2 0 3 0 0 5 0 0 1 0 1 0 0 0 0 0 0 0 0 0 0 0 0 0 0 0 0 0 0 0
2 2 1 0 2 2 0 0 0 1 0 0 0 0 0 4 2 0 0 0 0 0 0 0 0 0 0 0 1 0 0 0 0 0 0 0 0 0 0 0 0 0 0 0 0 1 0 0 0 0 0 0 0 0 0 0 0 0 0 0 0 0 0 0 0 0 0 0 0 0 0 0 0
2 2 0 1 6 0 0 0 0 0 2 0 0 0 0 17 0 0 5 0 0 0 0 0 0 0 0 2 0 4 0 0 0 0 0 0 0 0 0 0 0 0 0 0 0 0 0 0 0 0 0 0 1 0 0 0 0 0 0 0 0 0 0 0 0 0 0 0 0 0 0 0 0
5 11 4 6 28 18 3 0 0 5 18 4 4 4 2 69 44 18 13 13 4 0 0 0 10 13 10 16 10 48 9 0 3 0 0 2 0 0 0 2 5 4 0 4 1 5 7 4 14 0 0 0 1 0 0 0 0 5 0 4 4 0 0 0 0 1 4 4 0 0 0 0 0
3 3 1 2 6 3 1 0 0 0 3 0 0 1 0 7 6 2 3 3 1 0 0 0 0 0 0 3 0 6 0 0 1 0 0 1 0 0 0 0 0 0 0 0 0 0 0 0 3 0 0 0 0 0 0 0 0 0 0 0 0 0 0 0 0 0 0 0 0 0 0 0 0
3 3 1 2 6 0 0 0 1 0 0 0 2 1 0 9 0 0 0 0 0 0 0 0 0 0 0 3 0 0 0 0 0 0 0 0 2 0 0 0 0 0 0 0 0 0 4 0 0 0 0 0 0 0 0 0 0 0 0 0 0 0 0 0 0 0 0 0 1 0 0 0 0
2 7 0 1 15 0 5 0 0 4 3 0 2 0 0 14 0 0 4 22 0 0 1 0 7 2 0 6 0 7 0 2 1 0 0 1 0 0 0 2 4 0 0 0 0 4 3 0 0 0 0 0 0 0 0 0 0 0 0 2 0 0 0 0 0 1 0 0 0 0 0 0 0
3 9 2 1 21 13 5 0 0 5 5 1 0 0 0 51 30 20 7 22 9 0 1 0 17 5 5 12 7 10 4 2 1 0 0 1 0 0 0 2 0 0 0 3 0 3 0 0 0 0 0 0 1 0 0 0 0 0 0 0 0 0 0 0 0 0 0 0 0 0 0 0 0
4 4 2 4 4 3 0 0 0 1 5 1 2 2 1 5 3 0 1 0 0 0 0 0 1 0 1 0 1 3 0 0 0 0 0 0 0 0 0 0 0 1 0 0 0 0 1 1 2 0 0 0 1 0 0 0 0 0 0 2 1 0 0 0 0 0 2 1 0 0 0 0 0
2 4 0 1 11 0 2 0 0 1 2 0 1 0 0 17 0 0 6 9 0 0 0 0 3 0 0 4 0 6 0 1 1 0 0 1 0 0 0 0 1 0 0 0 0 1 2 0 0 0 0 0 0 0 0 0 0 0 0 1 0 0 0 0 0 0 0 0 0 0 0 0 0
1 1 0 0 2 0 0 0 0 0 0 0 0 0 0 2 0 0 0 0 0 0 0 0 0 0 0 1 0 0 0 0 0 0 0 0 0 0 0 0 0 0 0 0 0 0 0 0 0 0 0 0 0 0 0 0 0 0 0 0 0 0 0 0 0 0 0 0 0 0 0 0 0
6 14 7 8 35 34 5 1 0 7 26 8 5 9 2 70 82 37 15 23 12 8 0 0 21 19 22 20 19 62 20 1 7 0 0 2 0 0 0 3 6 11 3 7 1 6 9 8 35 0 0 0 3 0 0 0 1 4 0 7 7 4 0 0 0 1 5 6 0 1 0 0 0
3 10 1 2 31 5 5 0 1 7 5 0 4 1 0 76 12 6 15 26 1 0 0 0 22 3 0 25 3 14 0 2 0 0 0 2 3 3 0 3 6 0 0 1 0 11 12 0 3 0 0 2 0 0 0 0 1 0 0 4 2 0 0 0 0 2 0 0 1 0 0 0 0
4 8 4 2 21 14 2 0 1 4 8 4 0 0 0 61 38 11 9 9 2 0 0 0 9 6 14 12 6 21 6 0 2 0 0 1 1 2 0 2 0 0 0 4 1 4 0 0 0 0 0 2 0 2 0 0 0 0 0 0 0 0 0 0 0 0 0 0 0 0 0 0 0
2 5 0 1 6 0 1 0 0 3 1 0 2 0 0 6 0 0 0 0 0 0 0 0 1 0 0 1 0 1 0 0 0 0 0 1 0 0 0 1 1 0 0 0 0 3 2 0 0 0 0 0 0 0 0 0 0 0 0 1 0 0 0 0 0 1 0 0 0 0 0 0 0
3 5 1 2 12 3 2 0 0 2 5 0 1 1 0 20 6 0 6 8 1 0 0 0 4 2 0 3 2 13 0 0 1 0 0 1 0 0 0 1 2 1 0 1 0 2 2 0 2 0 0 0 0 0 0 0 0 0 0 1 1 0 0 0 0 0 0 0 0 0 0 0 0
5 3 4 6 2 5 0 0 0 0 5 3 1 6 1 5 4 2 0 0 0 0 0 0 0 0 2 1 0 4 2 0 0 0 0 0 0 0 0 0 0 2 0 0 0 0 0 1 6 0 0 0 0 0 0 0 0 0 0 0 1 2 0 0 0 0 1 2 0 1 0 0 0
3 10 2 1 28 10 7 0 1 7 4 1 2 0 0 65 28 10 13 33 4 0 1 0 18 3 3 16 6 10 1 4 1 0 0 4 2 4 0 5 5 0 0 2 0 10 5 2 0 0 0 1 0 1 0 0 1 0 0 3 0 0 0 0 0 1 0 0 0 0 0 0 0
3 5 2 1 13 7 4 0 1 2 1 1 0 0 0 28 23 0 7 18 5 0 1 0 6 0 0 9 4 1 3 2 0 0 0 2 1 3 0 1 0 0 0 0 0 4 0 0 0 0 0 0 0 1 0 0 0 0 0 0 0 0 0 0 0 0 0 0 0 0 0 0 0
5 10 4 6 32 18 2 0 0 6 14 4 4 4 2 79 56 18 19 10 4 0 0 0 21 4 6 20 12 45 9 1 1 0 0 1 0 0 0 2 3 2 0 5 1 8 10 6 16 0 0 0 1 0 0 0 1 3 0 5 2 0 0 0 0 1 4 4 0 0 0 0 0
4 2 2 4 3 2 0 0 0 1 4 0 0 4 0 8 3 0 1 0 0 0 0 0 1 0 0 0 1 6 0 0 0 0 0 0 0 0 0 0 0 2 0 2 0 1 0 0 4 0 0 0 0 0 0 0 0 0 0 0 0 0 0 0 0 0 0 0 0 1 0 0 0
