6 14 9 6 38 44 8 3 1 4 14 11 5 5 1 102 119 49 13 33 24 20 1 0 10 7 22 24 15 39 31 3 3 2 0 2 1 5 2 1 8 2 5 1 2 7 14 12 16 0 0 0 0 2 0 0 0 1 1 2 6 3 0 0 0 1 2 2 0 0 0 0 0
5 15 5 5 38 31 6 0 0 10 19 6 5 3 1 82 78 48 19 32 12 0 0 0 27 16 19 18 22 47 19 1 5 0 0 1 0 0 0 5 7 4 0 7 1 9 8 9 15 0 0 0 2 0 0 0 1 3 1 7 3 2 0 0 0 2 3 1 0 0 0 0 0
6 18 8 7 35 49 12 2 2 10 23 10 7 6 2 76 98 71 8 38 31 17 3 0 12 15 29 16 30 47 33 6 5 1 0 4 2 10 3 5 14 3 4 8 2 11 9 12 27 0 0 2 0 3 0 0 1 5 1 6 7 2 0 0 0 2 5 5 2 0 0 0 0
5 12 5 5 33 27 4 1 0 6 17 4 2 4 1 87 74 36 17 20 10 9 0 0 15 12 14 16 15 46 12 1 3 0 0 2 0 0 0 2 3 4 2 7 0 8 4 2 19 0 0 0 1 0 0 0 0 2 0 2 2 1 0 0 0 0 2 2 0 0 0 0 0
6 16 10 5 38 51 6 6 2 10 15 9 5 4 1 77 115 66 16 26 17 41 0 1 23 8 24 18 31 42 22 1 3 4 0 2 4 5 5 5 5 1 6 6 0 10 8 10 16 0 0 3 0 2 0 0 1 3 1 6 6 1 0 0 0 2 2 2 1 0 0 0 0
7 16 13 8 43 59 5 7 3 8 15 18 8 8 2 80 158 65 17 24 16 40 0 1 21 6 27 24 34 43 47 1 0 6 0 2 7 7 8 3 7 1 12 3 4 10 18 22 22 0 0 2 0 4 0 0 1 2 2 5 8 4 0 0 0 2 4 6 3 0 0 0 0
5 16 5 5 32 33 11 1 2 10 15 4 6 4 1 81 68 52 10 43 21 8 2 0 21 8 9 14 24 37 16 6 3 0 0 3 2 9 2 6 11 0 2 5 0 7 6 6 18 0 0 2 0 2 0 0 1 3 0 5 6 1 0 0 0 2 2 2 2 0 0 0 0
6 13 9 6 38 40 5 3 1 4 17 11 3 5 1 84 116 43 16 27 15 19 0 0 8 11 28 26 13 49 26 1 3 2 0 2 3 3 2 1 4 5 5 4 2 7 7 7 19 0 0 1 1 2 0 0 0 1 1 2 3 3 0 0 0 0 2 2 0 0 0 0 0
5 18 7 3 32 51 13 3 2 15 11 5 3 2 0 75 88 86 10 45 32 29 2 0 28 7 16 12 45 22 22 9 3 2 0 3 3 11 4 10 6 1 2 5 0 9 2 6 10 0 0 4 0 2 0 0 3 0 0 4 3 1 0 0 0 1 0 0 0 0 0 0 0
7 14 13 8 35 47 4 7 3 5 15 18 8 8 2 81 118 40 11 21 11 29 0 1 10 9 24 18 17 37 32 1 0 6 0 1 7 6 8 1 7 3 12 4 4 7 18 21 19 0 0 2 0 4 0 0 0 2 2 3 8 4 0 0 0 2 5 6 3 0 0 0 0
7 13 11 10 33 43 2 3 0 5 25 17 5 12 3 70 105 42 15 8 5 20 0 0 12 12 38 21 20 64 34 0 4 2 0 1 0 0 0 0 3 10 8 3 4 5 9 12 37 0 0 0 2 0 0 0 1 6 2 7 8 8 0 0 0 0 5 10 0 1 0 0 0
5 15 5 5 27 29 11 1 2 7 15 4 6 4 1 70 58 40 6 37 18 7 2 0 15 7 9 15 13 32 12 5 4 0 0 2 1 9 2 3 13 1 2 5 0 7 5 6 17 0 0 2 0 2 0 0 0 2 0 4 5 1 0 0 0 2 3 2 2 0 0 0 0
7 12 13 8 35 48 6 7 2 5 12 18 4 8 2 71 140 29 18 32 22 34 0 1 16 1 25 19 21 39 42 3 2 6 0 2 5 7 6 2 5 0 12 2 4 5 8 12 19 0 0 2 0 3 0 0 0 3 2 3 5 4 0 0 0 1 1 6 1 0 0 0 0
3 10 3 0 26 18 8 1 1 8 0 0 0 0 0 63 46 21 6 43 11 8 1 0 24 0 0 17 14 0 0 6 0 0 0 1 2 5 1 6 0 0 0 0 0 8 0 0 0 0 0 2 0 0 0 0 1 0 0 0 0 0 0 0 0 0 0 0 0 0 0 0 0
6 16 10 5 37 52 6 6 3 9 10 9 6 4 1 74 112 67 10 25 17 40 0 1 16 6 13 19 33 27 29 2 0 4 0 1 6 8 7 3 5 0 6 2 0 10 14 12 10 0 0 3 0 3 0 0 1 2 1 3 6 1 0 0 0 2 2 2 2 0 0 0 0
5 14 7 3 34 37 6 3 1 8 11 5 3 2 0 83 84 48 17 31 14 21 0 0 16 9 16 22 21 29 12 2 2 2 0 1 3 3 2 3 5 2 2 4 0 6 5 6 9 0 0 1 1 1 0 0 1 0 0 4 3 1 0 0 0 1 0 0 0 0 0 0 0
6 13 7 8 28 31 4 0 0 5 26 10 4 8 2 55 65 34 15 15 11 0 1 0 10 19 28 14 11 58 23 0 4 0 0 1 0 0 0 1 5 12 0 9 2 4 5 8 30 0 0 0 2 0 0 0 0 5 2 3 4 6 0 0 0 1 4 4 0 1 0 0 0
5 10 5 5 31 20 4 0 0 4 14 6 3 3 1 73 63 19 17 20 9 0 0 0 10 7 14 21 7 43 13 1 4 0 0 3 0 0 0 1 3 5 0 5 1 6 7 4 9 0 0 0 1 0 0 0 0 1 1 2 3 2 0 0 0 1 2 1 0 0 0 0 0
5 16 6 4 30 38 11 2 2 9 12 5 5 2 1 63 71 58 11 43 24 16 2 0 19 7 12 10 21 23 18 6 2 1 0 2 3 9 3 4 9 0 2 5 0 5 7 7 9 0 0 3 0 2 0 0 0 2 1 3 3 0 0 0 0 2 3 1 1 0 0 0 0
6 14 9 6 35 40 7 3 2 4 16 11 5 5 1 51 96 43 14 33 18 16 0 0 7 10 24 20 11 41 25 3 3 2 0 2 5 6 4 0 8 3 5 3 2 7 12 11 16 0 0 2 0 3 0 0 0 3 1 2 5 3 0 0 0 1 2 2 1 0 0 0 0
5 14 7 3 37 40 5 2 0 9 8 7 4 1 0 96 104 56 15 24 14 18 0 0 25 5 18 19 27 23 20 1 1 1 0 2 0 0 0 4 5 0 2 2 2 8 8 10 4 0 0 0 0 0 0 0 1 0 0 5 2 0 0 0 0 1 0 0 0 0 0 0 0
5 15 7 3 33 39 9 2 2 8 7 7 5 1 0 87 87 52 12 41 19 13 1 0 21 3 15 13 21 19 20 4 1 1 0 1 3 8 3 4 8 0 2 1 2 6 7 12 3 0 0 2 0 2 0 0 0 0 0 4 1 0 0 0 0 2 0 0 1 0 0 0 0
6 12 7 8 33 30 1 1 0 7 22 8 4 9 2 68 76 32 17 7 1 8 0 0 18 10 20 22 21 61 18 0 2 0 0 0 0 0 0 0 2 8 3 6 1 7 8 6 30 0 0 0 2 0 0 0 2 4 0 8 6 4 0 0 0 0 4 6 0 1 0 0 0
5 11 7 3 32 29 2 2 1 6 3 7 5 1 0 56 82 30 14 8 5 9 0 0 13 0 7 23 16 12 16 0 0 1 0 2 3 1 2 2 2 0 2 0 2 10 12 12 1 0 0 1 0 0 0 0 0 0 0 3 1 0 0 0 0 2 0 0 1 0 0 0 0
5 15 5 5 31 29 10 1 2 7 15 4 6 4 1 76 62 41 6 40 17 7 2 0 9 9 9 19 13 36 12 5 3 0 0 3 2 9 2 2 11 1 2 5 0 9 8 6 17 0 0 2 0 2 0 0 0 2 0 4 5 1 0 0 0 2 3 2 2 0 0 0 0
5 11 7 3 26 30 5 2 1 5 8 7 2 1 0 50 69 28 11 23 11 13 1 0 12 3 17 12 14 19 14 1 2 1 0 2 2 4 1 2 3 0 2 2 2 5 4 5 4 0 0 1 0 2 0 0 1 0 0 3 1 0 0 0 0 0 0 0 0 0 0 0 0
6 19 9 6 29 58 13 3 2 11 21 11 6 5 1 56 86 88 7 38 36 26 2 0 15 15 33 8 37 33 39 7 6 2 0 3 3 11 4 6 12 4 5 6 2 5 5 14 24 0 0 2 1 3 0 0 1 3 1 6 6 3 0 0 0 2 2 2 1 0 0 0 0
4 8 2 4 15 10 1 0 0 5 10 1 2 2 1 27 17 12 4 2 2 0 0 0 6 3 2 8 7 18 3 0 1 0 0 1 0 0 0 1 0 1 0 4 0 4 2 1 9 0 0 0 1 0 0 0 1 1 0 4 1 0 0 0 0 0 2 1 0 0 0 0 0
5 9 4 6 27 14 2 0 0 4 16 4 3 4 2 72 40 10 18 11 2 0 0 0 13 8 10 12 8 49 7 0 3 0 0 2 0 0 0 0 3 4 0 3 1 3 6 2 10 0 0 0 1 0 0 0 1 5 0 5 4 0 0 0 0 0 3 4 0 0 0 0 0
5 10 4 6 25 16 3 0 0 7 18 3 3 6 1 66 38 14 9 14 5 0 0 0 15 6 8 13 12 45 6 1 3 0 0 1 0 0 0 3 4 7 0 9 0 7 5 3 19 0 0 0 1 0 0 0 1 2 0 5 3 2 0 0 0 1 3 2 0 1 0 0 0
6 16 10 5 37 54 9 6 3 8 12 9 4 4 1 58 129 67 14 42 26 41 0 1 23 6 18 20 31 28 31 4 2 4 0 2 6 10 8 4 7 1 6 3 0 9 5 8 15 0 0 4 0 3 0 0 1 1 1 2 4 1 0 0 0 0 2 2 1 0 0 0 0
6 16 7 8 32 39 6 0 0 10 27 10 7 8 2 74 77 54 9 20 16 0 0 0 18 19 27 11 25 51 30 2 4 0 0 2 0 0 0 5 10 11 0 13 2 9 11 14 34 0 0 0 2 0 0 0 0 2 2 6 7 6 0 0 0 3 7 4 0 1 0 0 0
4 11 3 3 28 17 5 0 0 5 10 2 3 2 0 66 44 24 13 26 9 0 0 0 10 8 5 13 7 24 6 2 1 0 0 0 0 0 0 1 5 2 0 4 0 7 6 3 8 0 0 0 1 0 0 0 0 0 0 2 3 1 0 0 0 1 0 0 0 0 0 0 0
2 4 1 0 14 4 1 0 0 1 0 0 0 0 0 32 14 4 10 7 1 0 0 0 3 0 0 12 1 0 0 0 0 0 0 1 0 0 0 0 0 0 0 0 0 1 0 0 0 0 0 0 0 0 0 0 0 0 0 0 0 0 0 0 0 0 0 0 0 0 0 0 0
6 11 9 6 25 34 4 3 1 3 13 11 3 5 1 47 76 28 5 16 11 15 0 0 7 6 21 13 11 30 24 1 2 2 0 1 2 3 2 1 4 3 5 1 2 3 6 7 13 0 0 1 0 2 0 0 0 2 1 2 4 3 0 0 0 0 1 2 0 0 0 0 0
5 13 6 4 30 31 5 1 1 8 13 6 3 3 0 73 69 38 9 20 10 7 0 0 16 9 16 14 20 33 16 2 2 0 0 1 2 4 1 3 4 3 2 6 1 8 5 6 12 0 0 1 0 2 0 0 1 0 0 3 3 2 0 0 0 1 0 0 0 0 0 0 0
5 14 6 4 31 32 8 2 2 6 12 5 4 2 1 78 67 41 7 33 14 13 1 0 9 8 13 19 15 34 14 3 3 1 0 2 3 8 3 2 7 0 2 2 0 7 6 5 8 0 0 2 0 2 0 0 0 3 1 3 3 0 0 0 0 1 2 1 1 0 0 0 0
4 9 3 3 16 14 3 0 0 3 11 2 1 2 0 26 22 16 5 15 4 0 0 0 5 9 7 11 6 21 5 0 4 0 0 0 0 0 0 1 1 3 0 2 0 1 0 1 8 0 0 0 2 0 0 0 0 0 0 1 1 1 0 0 0 0 0 0 0 0 0 0 0
5 9 4 6 26 15 3 0 0 2 17 3 2 6 1 61 43 13 15 13 5 0 0 0 6 10 8 16 4 50 6 1 3 0 0 2 0 0 0 0 4 7 0 3 0 4 4 2 19 0 0 0 1 0 0 0 0 2 0 1 2 2 0 0 0 0 2 2 0 1 0 0 0
6 13 7 8 33 32 3 0 0 7 23 10 5 8 2 77 77 37 13 14 7 0 0 0 17 11 25 19 19 61 25 0 4 0 0 2 0 0 0 2 4 9 0 7 2 5 8 10 28 0 0 0 2 0 0 0 1 3 2 7 5 6 0 0 0 1 5 4 0 1 0 0 0
5 10 5 5 9 23 4 1 1 6 9 4 3 4 1 24 23 21 1 4 10 6 0 0 4 0 6 3 15 10 13 2 1 0 0 1 0 2 1 3 3 0 2 4 0 3 0 3 13 0 0 1 0 1 0 0 0 1 0 2 3 1 0 0 0 1 1 2 1 0 0 0 0
5 14 7 3 21 39 6 3 1 10 9 5 3 2 0 42 62 48 3 21 15 23 0 0 23 7 12 7 29 11 16 3 1 2 0 0 1 4 2 5 4 2 2 4 0 4 1 6 7 0 0 2 1 1 0 0 1 0 0 3 3 1 0 0 0 1 0 0 0 0 0 0 0
6 13 9 6 37 40 4 3 1 5 15 11 4 5 1 86 114 43 17 19 13 18 0 0 13 8 26 24 16 47 28 1 1 2 0 2 2 2 2 1 4 3 5 3 2 7 7 9 15 0 0 1 1 1 0 0 0 3 1 3 4 3 0 0 0 1 1 2 1 0 0 0 0
6 11 9 6 15 34 3 3 1 4 15 11 2 5 1 31 41 30 4 10 9 16 0 0 4 6 25 7 12 26 22 0 2 2 0 0 0 1 2 1 3 4 5 4 2 1 1 5 17 0 0 2 1 2 0 0 0 2 1 2 2 3 0 0 0 0 1 2 0 0 0 0 0
3 6 1 2 19 4 3 0 0 1 4 0 2 1 0 26 13 3 8 17 2 0 0 0 3 2 0 15 1 14 0 1 1 0 0 2 0 0 0 0 3 0 0 0 0 2 5 0 2 0 0 0 0 0 0 0 0 0 0 1 2 0 0 0 0 0 0 0 0 0 0 0 0
5 14 8 2 21 44 6 5 2 9 6 4 1 1 0 31 65 59 5 18 15 39 0 1 15 3 10 10 30 9 12 2 2 2 0 1 2 6 4 4 1 0 2 2 0 7 1 2 5 0 0 3 0 2 0 0 1 0 0 1 1 0 0 0 0 0 0 0 0 0 0 0 0
4 5 4 2 13 12 4 1 1 2 1 2 0 1 0 23 31 0 4 21 10 3 1 0 5 0 0 9 5 3 7 2 0 0 0 1 2 2 1 1 0 0 1 0 0 1 0 0 1 0 0 1 0 1 0 0 0 0 0 0 0 0 0 0 0 0 0 0 0 0 0 0 0
6 11 7 8 34 27 2 0 0 4 22 10 3 8 2 73 82 26 17 12 5 0 0 0 11 11 26 24 11 67 21 0 3 0 0 1 0 0 0 0 2 9 0 4 2 4 6 6 25 0 0 0 2 0 0 0 1 5 2 5 3 6 0 0 0 0 3 4 0 1 0 0 0
5 12 5 5 35 27 4 1 0 6 15 4 3 4 1 92 77 36 18 20 8 9 0 0 21 9 12 19 17 46 12 1 3 0 0 2 0 0 0 1 5 2 2 4 0 6 7 3 17 0 0 0 0 0 0 0 1 2 0 3 4 1 0 0 0 0 2 2 0 0 0 0 0
5 9 5 5 24 16 4 1 1 1 12 4 3 4 1 69 40 12 11 20 6 4 1 0 3 5 8 14 1 35 5 0 2 0 0 2 2 3 1 0 5 3 2 2 0 2 7 3 11 0 0 0 1 1 0 0 0 2 0 1 2 1 0 0 0 0 2 2 1 0 0 0 0
3 8 2 1 20 7 4 0 1 5 3 1 2 0 0 52 17 3 9 18 2 0 0 0 12 2 2 9 4 8 0 2 0 0 0 1 3 2 0 3 4 0 0 1 0 5 3 2 0 0 0 1 0 1 0 0 0 0 0 2 0 0 0 0 0 1 0 0 0 0 0 0 0
5 11 7 3 27 28 3 2 1 6 4 7 5 1 0 66 67 22 14 17 6 10 0 0 17 2 8 17 14 15 13 0 0 1 0 2 2 2 2 3 4 0 2 0 2 8 8 11 2 0 0 2 0 0 0 0 0 0 0 4 2 0 0 0 0 2 0 0 1 0 0 0 0
5 12 6 4 18 33 6 2 1 7 7 5 3 2 1 36 56 37 2 22 19 14 1 0 9 4 6 8 23 7 21 4 0 1 0 2 2 4 2 4 1 0 2 2 0 8 2 5 6 0 0 1 0 1 0 0 1 1 1 0 2 0 0 0 0 1 2 1 0 0 0 0 0
5 8 7 3 14 22 3 3 1 1 4 5 2 2 0 22 38 15 4 16 7 12 1 0 0 1 5 9 3 9 9 0 1 2 0 1 1 2 2 0 2 0 2 0 0 1 3 4 4 0 0 1 0 1 0 0 0 0 0 0 2 1 0 0 0 0 0 0 0 0 0 0 0
4 10 4 2 26 18 4 1 1 4 4 2 3 1 0 64 48 20 12 20 6 6 0 0 11 2 4 13 6 11 4 1 0 0 0 1 2 3 1 1 3 0 1 1 0 4 6 3 3 0 0 1 0 0 0 0 0 0 0 2 1 0 0 0 0 1 0 0 1 0 0 0 0
6 14 10 5 30 44 4 6 1 8 16 9 4 4 1 56 84 47 15 15 10 36 0 1 18 11 27 14 28 40 16 1 3 4 0 2 0 2 3 2 5 2 6 4 0 4 8 8 16 0 0 1 1 1 0 0 2 3 1 7 6 1 0 0 0 0 2 2 0 0 0 0 0
5 6 4 6 8 12 1 0 0 1 8 4 2 4 2 18 16 8 6 5 2 0 0 0 1 1 4 5 2 13 6 0 1 0 0 1 0 0 0 0 1 0 0 1 1 0 1 4 12 0 0 0 0 0 0 0 0 2 0 1 0 0 0 0 0 0 2 4 0 0 0 0 0
3 8 0 3 21 0 4 0 0 4 10 0 3 0 1 65 0 0 10 19 0 0 1 0 10 7 0 9 0 28 0 2 2 0 0 2 0 0 0 1 6 0 0 4 0 5 6 0 0 0 0 0 0 0 0 0 0 2 0 2 0 0 0 0 0 1 3 0 0 0 0 0 0
3 10 1 2 23 6 7 0 1 7 6 0 3 1 0 59 15 8 6 27 2 0 1 0 14 2 0 13 5 17 0 5 1 0 0 2 1 5 0 4 6 0 0 3 0 9 4 0 5 0 0 1 0 0 0 0 1 0 0 3 1 0 0 0 0 1 0 0 1 0 0 0 0
4 10 3 3 23 15 5 0 0 5 11 2 2 2 0 58 33 15 10 21 9 0 1 0 14 9 6 11 7 24 5 2 2 0 0 2 0 0 0 2 4 3 0 4 0 6 4 2 8 0 0 0 1 0 0 0 0 0 0 2 2 1 0 0 0 1 0 0 0 0 0 0 0
6 13 9 6 29 39 6 3 1 5 16 11 4 5 1 59 85 36 14 23 18 16 1 0 14 10 25 16 17 38 26 2 4 2 0 2 0 3 2 2 5 5 5 2 2 5 7 10 17 0 0 0 2 2 0 0 0 1 1 4 4 3 0 0 0 1 2 2 0 0 0 0 0
5 14 6 4 34 35 6 2 1 8 13 5 3 2 1 72 80 49 11 29 15 15 0 0 21 9 15 19 22 33 18 2 2 1 0 1 2 3 2 3 4 1 2 3 0 6 5 4 8 0 0 2 1 1 0 0 1 3 1 5 3 0 0 0 0 0 2 1 0 0 0 0 0
6 7 9 6 6 21 1 3 1 3 6 11 3 5 1 12 20 6 1 3 3 9 0 0 4 0 10 2 9 7 15 0 0 2 0 0 0 1 2 1 1 0 5 1 2 0 0 6 6 0 0 1 0 1 0 0 0 1 1 2 3 3 0 0 0 1 1 2 1 0 0 0 0
6 5 7 8 8 12 0 0 0 1 9 10 2 8 2 14 20 4 2 0 0 0 0 0 1 2 9 4 2 13 9 0 0 0 0 0 0 0 0 0 0 4 0 2 2 0 3 4 11 0 0 0 0 0 0 0 0 1 2 1 2 6 0 0 0 0 2 4 0 1 0 0 0
3 5 1 2 11 3 0 0 0 2 5 0 1 1 0 29 5 2 5 0 0 0 0 0 6 3 0 6 1 10 0 0 0 0 0 0 0 0 0 0 0 1 0 2 0 1 2 0 2 0 0 0 1 0 0 0 0 0 0 1 1 0 0 0 0 0 0 0 0 0 0 0 0
3 6 1 2 11 3 1 0 0 3 5 0 2 1 0 11 5 2 1 2 0 0 0 0 4 3 0 6 1 10 0 0 1 0 0 1 0 0 0 1 1 1 0 2 0 4 3 0 1 0 0 0 0 0 0 0 0 0 0 1 2 0 0 0 0 1 0 0 0 0 0 0 0
5 6 5 5 13 11 0 0 0 2 9 6 2 3 1 21 21 4 7 0 0 0 0 0 0 4 8 9 4 25 5 0 0 0 0 0 0 0 0 0 0 3 0 2 1 2 2 4 7 0 0 0 1 0 0 0 0 1 1 0 0 2 0 0 0 1 2 1 0 0 0 0 0
3 9 3 0 16 18 3 1 0 7 0 0 0 0 0 40 32 26 6 12 6 9 0 0 14 0 0 6 14 0 0 1 0 0 0 1 0 0 0 3 0 0 0 0 0 6 0 0 0 0 0 0 0 0 0 0 1 0 0 0 0 0 0 0 0 0 0 0 0 0 0 0 0
5 10 6 4 25 24 4 2 0 2 10 5 3 2 1 46 59 24 8 16 9 12 0 0 6 5 12 12 5 27 10 1 2 1 0 2 0 0 0 0 5 1 2 1 0 2 6 4 5 0 0 0 0 0 0 0 0 2 1 2 3 0 0 0 0 0 2 1 0 0 0 0 0
2 7 1 0 18 5 5 0 1 6 0 0 0 0 0 42 12 4 4 25 2 0 1 0 17 0 0 11 4 0 0 4 0 0 0 0 2 3 0 4 0 0 0 0 0 6 0 0 0 0 0 2 0 0 0 0 1 0 0 0 0 0 0 0 0 0 0 0 0 0 0 0 0
4 7 2 4 9 6 1 0 0 3 9 1 3 2 1 13 6 4 1 4 0 0 0 0 2 3 2 3 3 11 1 0 1 0 0 0 0 0 0 0 2 1 0 2 0 1 2 1 3 0 0 0 1 0 0 0 1 2 0 4 3 0 0 0 0 0 2 1 0 0 0 0 0
4 7 2 4 15 5 1 0 1 2 6 1 4 2 1 17 10 3 3 6 0 0 0 0 2 3 0 8 1 13 1 0 0 0 0 0 2 1 0 0 2 0 0 1 0 2 8 1 2 0 0 1 0 1 0 0 0 1 0 1 3 0 0 0 0 1 2 1 1 0 0 0 0
4 8 4 2 16 14 3 0 1 5 4 4 2 0 0 27 28 7 5 12 4 0 0 0 12 0 6 4 8 7 6 2 0 0 0 0 1 2 0 2 3 0 0 2 1 4 4 4 0 0 0 2 0 2 0 0 0 0 0 1 0 0 0 0 0 1 0 0 0 0 0 0 0
5 6 4 6 8 12 1 0 0 1 8 4 2 4 2 18 16 8 6 5 2 0 0 0 1 1 4 5 2 13 6 0 1 0 0 1 0 0 0 0 1 0 0 1 1 0 1 4 12 0 0 0 0 0 0 0 0 2 0 1 0 0 0 0 0 0 2 4 0 0 0 0 0
4 4 3 3 10 6 1 0 0 1 4 2 1 2 0 24 15 0 5 3 1 0 0 0 5 1 2 3 2 10 2 0 1 0 0 1 0 0 0 0 1 1 0 0 0 0 2 1 3 0 0 0 0 0 0 0 0 0 0 1 1 1 0 0 0 0 0 0 0 0 0 0 0
2 3 0 1 7 0 0 0 0 1 1 0 1 0 0 16 0 0 3 0 0 0 0 0 2 0 0 2 0 2 0 0 0 0 0 0 0 0 0 0 0 0 0 0 0 1 2 0 0 0 0 0 0 0 0 0 0 0 0 1 0 0 0 0 0 0 0 0 0 0 0 0 0
3 2 1 2 8 1 0 0 0 0 3 0 0 1 0 15 4 0 7 0 0 0 0 0 0 0 0 5 0 10 0 0 0 0 0 0 0 0 0 0 0 1 0 0 0 0 0 0 1 0 0 0 1 0 0 0 0 0 0 0 0 0 0 0 0 0 0 0 0 0 0 0 0
3 5 2 1 16 5 2 0 0 2 3 1 1 0 0 40 16 0 10 11 2 0 0 0 6 2 3 9 2 9 0 1 0 0 0 1 0 0 0 0 2 0 0 1 0 3 3 1 0 0 0 0 0 0 0 0 0 0 0 1 0 0 0 0 0 0 0 0 0 0 0 0 0
4 9 4 2 22 18 4 1 1 6 3 2 2 1 0 41 43 14 6 21 6 5 0 0 11 0 2 12 14 8 7 2 0 0 0 1 3 4 1 2 2 0 1 1 0 8 4 2 1 0 0 1 0 1 0 0 1 0 0 0 2 0 0 0 0 1 0 0 0 0 0 0 0
4 8 2 4 8 6 2 0 1 3 8 1 4 2 1 17 5 4 0 5 0 0 0 0 1 4 1 1 2 8 1 1 1 0 0 0 1 2 0 0 3 0 0 2 0 2 3 1 3 0 0 1 0 1 0 0 0 2 0 2 3 0 0 0 0 1 2 1 1 0 0 0 0
2 5 0 1 12 0 1 0 0 3 3 0 1 0 0 27 0 0 4 5 0 0 0 0 6 2 0 7 0 8 0 0 0 0 0 1 0 0 0 0 1 0 0 1 0 2 1 0 0 0 0 0 0 0 0 0 1 0 0 2 0 0 0 0 0 0 0 0 0 0 0 0 0
3 2 2 1 7 4 1 0 0 0 0 1 0 0 0 16 14 0 3 7 2 0 0 0 0 0 0 6 0 0 2 0 0 0 0 0 0 0 0 0 0 0 0 0 0 0 0 0 0 0 0 0 0 0 0 0 0 0 0 0 0 0 0 0 0 0 0 0 0 0 0 0 0
4 6 4 2 11 10 1 0 1 3 4 4 1 0 0 26 16 4 2 3 1 0 0 0 6 0 6 6 4 10 4 0 0 0 0 0 2 1 0 1 1 0 0 2 1 3 0 2 0 0 0 2 0 2 0 0 0 0 0 1 0 0 0 0 0 0 0 0 0 0 0 0 0
4 4 2 4 8 4 0 0 0 2 4 1 2 2 1 16 8 0 2 0 0 0 0 0 4 0 0 2 2 8 0 0 0 0 0 0 0 0 0 0 0 0 0 2 0 2 4 2 4 0 0 0 0 0 0 0 0 0 0 0 0 0 0 0 0 1 2 1 0 0 0 0 0
5 8 6 4 14 20 3 1 1 5 8 6 1 3 0 24 32 7 6 12 6 4 0 0 8 3 12 8 13 16 12 1 2 0 0 1 0 2 1 2 2 1 2 3 1 1 2 2 7 0 0 2 0 2 0 0 1 0 0 2 1 2 0 0 0 0 0 0 0 0 0 0 0
4 9 2 4 18 9 3 0 0 3 14 1 2 2 1 35 15 10 6 12 3 0 0 0 7 11 3 7 3 29 2 1 2 0 0 1 0 0 0 0 4 3 0 4 0 2 3 1 8 0 0 0 1 0 0 0 0 3 0 2 1 0 0 0 0 0 2 1 0 0 0 0 0
2 1 0 1 2 0 0 0 0 0 1 0 0 0 0 7 0 0 1 0 0 0 0 0 0 0 0 0 0 2 0 0 0 0 0 0 0 0 0 0 0 0 0 0 0 0 0 0 0 0 0 0 0 0 0 0 0 0 0 0 0 0 0 0 0 0 0 0 0 0 0 0 0
2 1 0 1 2 0 0 0 0 0 1 0 0 0 0 7 0 0 1 0 0 0 0 0 0 0 0 0 0 2 0 0 0 0 0 0 0 0 0 0 0 0 0 0 0 0 0 0 0 0 0 0 0 0 0 0 0 0 0 0 0 0 0 0 0 0 0 0 0 0 0 0 0
4 4 2 4 8 4 0 0 0 2 4 1 2 2 1 16 8 0 2 0 0 0 0 0 4 0 0 2 2 8 0 0 0 0 0 0 0 0 0 0 0 0 0 2 0 2 4 2 4 0 0 0 0 0 0 0 0 0 0 0 0 0 0 0 0 1 2 1 0 0 0 0 0
3 4 1 2 8 3 2 0 0 1 3 0 1 1 0 19 6 0 3 6 2 0 0 0 2 0 0 2 1 7 0 1 1 0 0 1 0 0 0 0 1 0 0 0 0 1 1 0 2 0 0 0 0 0 0 0 0 0 0 1 1 0 0 0 0 0 0 0 0 0 0 0 0
3 6 2 1 10 7 2 0 0 4 3 1 1 0 0 18 12 5 2 5 2 0 0 0 5 0 3 4 4 6 1 1 1 0 0 1 0 0 0 2 1 0 0 2 0 3 0 1 0 0 0 0 0 0 0 0 1 0 0 2 0 0 0 0 0 0 0 0 0 0 0 0 0
3 3 1 2 9 3 1 0 0 2 3 0 0 1 0 27 9 0 3 4 1 0 0 0 4 0 0 6 2 9 0 0 1 0 0 1 0 0 0 1 0 0 0 2 0 4 0 0 3 0 0 0 0 0 0 0 0 0 0 0 0 0 0 0 0 0 0 0 0 0 0 0 0
2 4 0 1 8 0 0 0 0 2 0 0 2 0 0 16 0 0 0 0 0 0 0 0 0 0 0 4 0 0 0 0 0 0 0 0 0 0 0 0 0 0 0 0 0 4 4 0 0 0 0 0 0 0 0 0 0 0 0 0 0 0 0 0 0 1 0 0 0 0 0 0 0
3 3 1 2 9 3 1 0 0 2 3 0 0 1 0 27 9 0 3 4 1 0 0 0 4 0 0 6 2 9 0 0 1 0 0 1 0 0 0 1 0 0 0 2 0 4 0 0 3 0 0 0 0 0 0 0 0 0 0 0 0 0 0 0 0 0 0 0 0 0 0 0 0
1 2 0 0 5 0 0 0 0 1 0 0 0 0 0 16 0 0 2 0 0 0 0 0 3 0 0 2 0 0 0 0 0 0 0 0 0 0 0 0 0 0 0 0 0 1 0 0 0 0 0 0 0 0 0 0 0 0 0 0 0 0 0 0 0 0 0 0 0 0 0 0 0
2 4 0 1 10 0 0 0 0 2 4 0 0 0 0 19 0 0 4 0 0 0 0 0 4 3 0 6 0 8 0 0 0 0 0 0 0 0 0 0 0 0 0 2 0 3 0 0 0 0 0 0 1 0 0 0 0 0 0 0 0 0 0 0 0 0 0 0 0 0 0 0 0
2 2 0 1 6 0 0 0 0 0 0 0 1 0 0 18 0 0 2 0 0 0 0 0 0 0 0 4 0 0 0 0 0 0 0 0 0 0 0 0 0 0 0 0 0 0 3 0 0 0 0 0 0 0 0 0 0 0 0 0 0 0 0 0 0 0 0 0 0 0 0 0 0
5 16 5 5 31 32 11 1 2 10 16 4 6 4 1 68 56 49 5 35 19 8 2 0 12 9 10 16 22 35 14 7 3 0 0 3 3 10 2 5 12 1 2 7 0 12 10 6 19 0 0 2 0 2 0 0 1 2 0 5 5 1 0 0 0 2 3 2 2 0 0 0 0
2 3 0 1 6 0 1 0 0 0 1 0 1 0 0 17 0 0 4 3 0 0 0 0 0 0 0 2 0 4 0 0 0 0 0 1 0 0 0 0 1 0 0 0 0 0 1 0 0 0 0 0 0 0 0 0 0 0 0 0 0 0 0 0 0 0 0 0 0 0 0 0 0
3 7 2 1 8 9 4 0 1 3 1 1 1 0 0 18 8 7 3 11 4 0 0 0 3 0 0 1 5 3 3 2 0 0 0 0 2 3 0 2 1 0 0 0 0 2 0 1 0 0 0 1 0 1 0 0 0 0 0 0 0 0 0 0 0 0 0 0 0 0 0 0 0
