100 197
0 1
0 2
0 4
0 5
0 9
0 16
0 17
0 23
0 30
0 32
0 33
0 42
0 46
0 61
0 64
0 77
0 88
0 95
0 96
1 2
1 3
1 4
1 5
1 6
1 7
1 8
1 10
1 11
1 12
1 13
1 19
1 20
1 22
1 25
1 28
1 55
1 70
1 80
1 97
1 99
2 34
2 3
2 37
2 38
2 20
2 52
2 56
2 25
2 27
3 99
3 41
3 9
3 43
3 22
4 32
4 35
4 67
4 6
4 13
4 14
4 15
4 45
4 53
4 60
5 7
5 12
5 16
5 24
5 26
5 31
5 36
5 37
5 41
5 44
5 45
5 57
5 58
5 60
5 64
5 75
5 82
5 85
6 18
6 47
7 8
7 11
7 19
7 83
8 33
8 40
8 79
8 63
9 10
9 49
9 31
10 27
10 21
11 39
11 17
11 54
11 59
11 93
12 38
12 15
12 58
13 72
13 14
13 47
13 81
13 18
13 87
13 59
13 28
13 93
13 30
14 71
14 43
14 46
14 95
15 42
15 48
15 49
15 29
16 40
16 44
16 82
16 21
17 85
17 54
18 39
18 76
18 26
19 35
19 89
19 29
20 23
21 36
22 98
22 78
22 84
23 24
23 72
25 51
26 65
26 76
26 50
28 91
30 34
31 89
32 68
32 51
32 57
32 90
32 91
35 79
37 63
38 67
38 52
38 53
39 48
39 90
41 80
41 94
42 66
42 69
42 70
43 50
45 69
45 73
45 92
48 56
49 71
49 74
49 55
50 94
52 73
54 92
55 88
55 68
57 65
57 62
59 66
59 62
60 97
60 61
61 75
61 86
62 74
66 96
72 77
72 78
73 98
73 87
74 83
80 81
82 84
85 86
