100 197
0 96
0 1
0 2
0 34
0 7
0 43
0 14
0 94
1 2
1 3
1 4
1 5
1 6
1 7
1 10
1 17
1 18
1 20
1 25
1 26
1 32
1 33
1 36
1 42
1 47
1 53
1 54
1 59
1 61
1 76
1 80
1 95
1 98
1 99
2 3
2 4
2 37
2 67
2 8
2 44
2 83
2 56
2 27
3 13
3 5
4 6
4 39
4 11
4 54
4 55
4 24
4 25
4 28
5 35
6 64
6 38
6 40
6 41
6 10
6 22
6 26
6 28
7 8
7 9
7 11
7 12
7 15
7 16
7 18
7 39
7 45
7 46
7 56
7 60
7 65
7 72
7 79
7 82
7 84
7 85
7 86
7 98
8 9
8 76
8 77
8 14
8 46
8 23
8 24
8 88
9 69
9 12
9 13
9 16
9 48
9 22
9 57
9 29
10 36
10 41
10 49
10 81
10 19
10 20
10 51
10 57
10 27
11 34
11 43
13 67
13 37
13 71
13 15
13 50
13 19
13 89
13 60
13 31
14 64
14 47
14 17
14 21
14 86
16 35
16 63
18 99
19 38
19 73
19 21
19 59
20 49
20 29
20 61
21 66
21 58
21 30
22 33
22 85
22 23
23 78
23 71
25 40
27 97
27 70
27 73
27 30
27 31
30 32
30 74
30 75
32 87
33 81
34 82
36 42
36 44
36 90
40 45
40 77
40 53
40 58
40 91
40 92
44 70
44 52
44 62
45 65
46 90
46 51
47 48
48 96
48 68
48 69
48 50
48 93
50 68
50 78
50 52
50 55
50 89
54 95
55 62
56 63
56 94
58 88
59 66
61 74
64 75
66 72
71 91
71 79
75 83
75 92
75 93
76 97
77 84
79 80
79 87
