100 197
0 8
0 1
0 2
0 19
1 2
1 3
1 4
1 5
1 7
1 8
1 9
1 10
1 12
1 13
1 33
1 37
1 50
1 51
1 52
1 53
1 63
1 64
1 65
1 75
2 3
2 4
2 6
2 11
2 12
2 13
2 21
2 25
2 31
2 32
2 56
2 58
2 59
2 61
2 66
2 77
2 89
3 5
3 7
3 11
3 15
3 16
3 18
3 19
3 20
3 22
3 24
3 29
3 33
3 35
3 36
3 37
3 45
3 48
3 58
3 63
3 65
3 66
3 67
3 72
3 74
3 76
3 80
3 82
3 92
4 39
4 18
4 60
5 34
5 99
5 6
5 10
5 42
5 14
5 17
5 53
5 22
5 23
5 85
5 29
6 32
6 34
6 35
6 68
6 39
6 40
6 9
6 71
6 98
6 76
6 78
6 51
6 30
6 95
7 75
7 26
8 45
9 36
9 77
9 62
9 88
9 61
9 30
10 14
10 15
10 91
11 97
11 38
11 46
11 47
11 50
11 57
12 20
12 54
13 26
13 47
14 69
14 73
14 42
14 43
14 79
14 16
14 82
14 85
14 24
14 27
15 17
15 44
16 73
16 21
16 23
17 43
17 79
17 49
17 80
17 81
17 56
17 25
17 28
18 27
18 41
20 78
20 55
20 93
21 89
22 49
23 46
24 48
24 83
24 28
24 31
27 68
29 67
30 40
30 41
31 55
32 81
32 59
33 92
33 87
36 86
37 38
37 74
37 84
38 44
41 90
41 93
41 62
41 95
42 87
44 52
47 69
48 88
50 94
51 54
51 90
52 60
53 64
53 70
54 98
54 84
55 72
56 57
57 71
60 91
63 70
67 83
71 97
73 94
74 99
78 96
80 86
87 96
