100 197
0 1
0 2
0 3
0 4
0 5
0 6
0 67
0 8
0 12
0 14
0 15
0 16
0 78
0 18
0 50
0 51
0 25
1 2
1 36
1 39
1 10
1 76
1 13
1 78
1 16
1 21
2 3
2 4
2 5
2 7
2 8
2 92
2 49
2 20
2 85
2 23
2 28
3 32
3 90
3 6
3 9
3 41
3 11
3 42
3 13
3 22
3 26
3 91
4 33
4 64
4 14
4 51
4 52
4 83
5 34
5 73
5 75
5 44
5 46
5 15
5 47
6 32
6 34
6 99
6 7
6 10
6 48
6 26
7 12
7 77
7 60
7 19
7 28
7 93
8 71
8 9
8 11
8 17
8 53
8 25
8 27
10 64
10 98
10 35
10 72
10 18
10 59
10 31
11 73
11 42
11 79
11 27
12 39
12 41
12 62
13 24
13 29
14 99
14 48
14 19
15 33
15 38
15 69
15 74
15 17
15 20
15 21
15 23
15 24
15 94
15 31
16 70
16 44
16 29
17 97
17 98
17 37
17 40
17 46
17 50
17 89
18 36
18 76
18 22
18 92
19 67
19 43
19 53
19 54
19 58
19 59
19 30
20 57
21 52
23 65
24 45
24 37
26 71
26 80
26 81
26 58
26 61
27 72
27 61
29 30
31 35
31 87
31 57
31 93
33 49
33 68
35 43
35 86
36 38
36 70
36 47
36 60
36 63
38 40
38 74
39 90
40 55
41 66
41 54
41 88
41 91
42 96
42 82
42 83
42 55
42 63
43 84
44 45
47 77
47 62
47 94
48 82
48 79
49 96
52 56
54 56
54 87
56 75
57 81
59 88
59 68
60 69
61 65
61 95
64 66
72 84
79 80
79 86
79 95
81 97
83 89
83 85
