100 197
0 1
0 2
0 3
0 4
0 5
0 7
0 8
0 14
0 19
0 22
0 23
0 24
0 26
0 35
0 38
0 40
0 43
0 44
0 47
0 48
0 57
0 72
0 77
0 80
0 82
0 88
1 2
1 66
1 4
1 99
1 7
1 8
1 72
1 76
1 79
1 17
1 20
1 52
1 88
1 29
2 3
2 9
2 10
2 31
2 37
2 49
2 51
2 53
2 54
2 55
2 56
2 71
2 83
2 85
2 86
2 95
2 97
2 99
3 96
3 5
3 6
3 40
3 59
3 91
3 13
3 16
3 18
3 21
3 87
3 25
3 58
3 27
3 28
3 61
4 32
4 73
4 17
4 83
4 52
4 22
4 24
4 89
4 29
5 64
5 67
5 6
5 12
5 31
6 32
6 74
6 11
6 12
6 79
6 81
6 18
6 26
6 27
7 65
7 68
7 15
7 84
8 39
8 71
8 9
8 10
8 13
8 78
8 15
8 50
8 21
8 25
9 35
9 11
9 86
9 60
10 36
10 70
10 14
10 60
10 62
11 42
12 37
12 45
12 16
12 30
13 36
13 69
13 20
13 30
14 41
15 65
15 54
18 19
18 61
19 75
19 77
19 46
19 92
19 94
20 58
20 23
22 33
22 68
22 73
22 94
23 34
23 53
23 28
24 44
24 76
25 34
25 67
25 49
25 50
25 87
25 57
25 62
27 33
28 75
28 82
29 81
29 43
32 41
32 66
33 70
33 47
33 48
33 55
34 38
34 42
34 56
34 92
36 96
36 74
37 39
38 45
38 95
42 90
43 59
43 46
48 93
49 78
49 63
50 51
55 64
56 80
57 98
57 69
58 63
66 98
66 89
70 91
70 97
71 84
77 85
80 93
86 90
