100 197
0 1
0 2
0 3
0 4
0 5
0 6
0 7
0 8
0 9
0 10
0 12
0 14
0 19
0 21
0 22
0 29
0 31
0 48
0 54
0 56
0 57
0 58
0 63
0 86
1 64
1 2
1 69
1 70
1 42
1 13
1 80
1 50
1 20
1 23
1 56
1 25
1 26
2 3
2 4
2 5
2 8
2 9
2 10
2 11
2 17
2 22
2 30
2 32
2 34
2 40
2 41
2 48
2 61
2 73
2 75
2 89
2 92
2 96
3 32
3 74
3 11
3 20
3 95
4 66
4 98
4 37
4 43
4 46
4 19
5 36
5 6
5 7
5 38
5 39
5 41
5 13
5 52
5 21
5 23
5 27
6 37
6 50
6 30
7 15
7 16
7 18
7 87
7 24
7 90
9 35
9 76
9 15
9 16
9 79
9 90
10 34
10 40
10 72
10 12
10 45
10 47
10 79
10 17
10 49
10 55
10 88
10 59
11 53
12 33
12 14
12 18
12 60
14 33
14 74
14 51
14 52
14 83
15 64
15 71
15 53
15 57
15 28
16 39
16 84
16 54
16 58
17 96
17 35
17 67
17 68
17 27
17 61
18 49
18 26
18 28
19 42
19 45
19 82
19 24
19 95
20 68
20 73
20 25
20 31
21 36
21 72
21 46
21 85
21 94
22 78
22 81
22 82
22 55
24 93
25 29
26 44
26 38
28 86
29 97
30 98
31 75
33 69
34 94
34 47
36 88
37 43
37 77
39 83
39 62
40 81
40 51
42 66
42 44
43 97
43 78
44 91
45 67
45 84
46 70
46 63
48 99
48 87
49 85
52 99
52 59
54 65
55 62
56 65
57 89
57 60
61 76
64 77
68 71
72 92
77 91
78 80
78 93
