100 197
0 1
0 2
0 3
0 4
0 5
0 8
0 10
0 11
0 12
0 13
0 16
0 20
0 21
0 24
0 27
0 31
0 41
0 42
0 44
0 49
0 54
0 56
0 76
0 86
0 88
0 91
0 92
1 89
1 2
1 3
1 36
1 5
1 39
1 9
1 41
1 14
1 18
1 57
1 59
1 28
1 62
2 4
2 6
2 7
2 8
2 9
2 14
2 21
2 22
2 38
2 39
2 55
2 61
2 68
2 69
2 74
2 89
2 90
2 98
3 30
3 23
4 32
4 34
4 6
4 7
4 70
4 11
4 46
4 17
4 81
4 82
4 87
4 24
4 88
5 96
5 10
5 87
5 28
5 95
6 16
6 20
6 84
6 58
7 82
8 45
8 19
8 55
8 27
8 30
9 43
9 19
9 51
9 53
9 56
9 29
10 13
10 85
11 64
11 36
11 68
11 12
11 15
11 17
11 53
11 90
12 73
12 52
12 22
12 25
12 26
13 33
13 64
13 65
13 37
13 15
13 48
13 18
13 23
13 94
14 32
18 66
18 35
18 37
18 75
18 59
19 33
19 65
19 99
19 71
19 51
19 83
19 26
20 79
21 40
21 43
21 44
21 45
22 38
22 40
22 80
23 98
24 79
24 25
24 29
25 66
25 35
25 49
25 86
25 61
26 76
26 50
26 60
26 31
27 50
30 34
30 62
31 57
32 72
35 77
36 67
36 73
36 42
36 78
36 52
36 95
38 72
38 78
38 47
38 85
39 46
40 63
40 47
41 48
42 93
42 77
47 58
48 67
49 99
53 93
53 54
54 63
56 97
57 74
58 80
58 96
59 60
61 71
62 69
66 75
69 70
69 84
72 94
72 83
76 81
88 97
90 91
90 92
