100 197
0 1
0 2
0 3
0 37
0 9
0 22
0 54
0 89
1 2
1 4
1 5
1 6
1 8
1 9
1 10
1 13
1 14
1 15
1 16
1 17
1 19
1 20
1 21
1 23
1 25
1 29
1 30
1 33
1 39
1 41
1 45
1 48
1 52
1 61
1 66
1 67
1 75
1 82
1 84
1 85
1 86
1 87
1 92
1 94
2 3
2 4
2 5
2 8
2 10
2 11
2 12
2 14
2 16
2 18
2 20
2 27
2 31
2 32
2 39
2 42
2 70
2 73
2 93
3 34
3 7
3 13
3 19
3 25
3 27
4 35
4 6
4 7
4 70
4 51
4 60
5 99
5 76
5 18
6 37
6 58
6 21
6 22
6 24
6 56
7 59
8 65
8 90
9 69
9 41
9 12
9 45
9 80
9 52
9 55
9 62
10 99
10 11
10 15
11 44
11 78
11 47
11 80
11 51
11 84
11 57
11 58
11 29
12 36
12 68
12 81
12 86
12 28
13 53
13 23
14 98
14 36
14 38
14 73
15 43
15 17
15 50
16 62
16 63
17 67
17 38
17 76
17 54
17 91
17 30
17 95
21 77
22 33
22 34
22 40
22 42
22 24
22 26
23 35
23 57
23 91
24 97
24 47
24 83
24 26
24 31
25 43
25 48
25 63
26 49
26 65
27 32
27 28
29 87
30 89
31 46
32 74
33 53
33 61
33 94
34 93
35 64
35 97
35 66
35 98
35 49
35 59
36 79
36 55
36 88
37 40
38 85
38 95
39 71
39 44
39 46
39 88
42 64
44 56
44 68
45 69
47 50
49 82
50 77
50 78
51 71
57 72
57 79
57 60
58 74
59 90
60 75
65 83
67 96
71 72
72 81
82 96
86 92
