100 197
0 1
0 2
0 3
0 4
0 5
0 7
0 12
0 13
0 20
0 21
0 23
0 30
0 32
0 34
0 43
0 57
0 61
0 66
0 75
1 96
1 2
1 3
1 4
1 5
1 6
1 69
1 8
1 10
1 11
1 46
1 16
1 49
1 22
1 54
1 86
1 59
2 33
2 38
2 10
2 77
2 14
2 24
3 68
3 38
3 71
3 8
3 13
3 45
3 15
3 77
3 78
4 6
4 7
4 19
4 54
4 87
4 90
4 31
5 32
6 64
6 9
6 11
6 19
6 25
6 93
6 62
7 12
7 20
7 85
7 23
8 9
8 75
8 14
8 47
8 60
8 17
8 52
8 22
8 89
8 28
8 29
9 68
9 70
9 42
9 74
9 78
9 47
9 79
9 18
9 52
9 21
9 26
9 27
10 42
10 79
10 24
10 28
10 31
11 41
12 66
12 36
12 37
12 72
12 73
12 15
12 18
12 55
12 62
12 26
12 61
12 30
13 17
14 53
14 87
14 25
15 71
15 41
15 16
16 72
17 64
17 37
18 35
18 39
21 51
21 33
22 80
22 45
23 67
23 40
23 44
23 29
24 36
24 69
24 43
24 50
24 88
24 27
24 95
24 63
25 90
25 92
26 58
27 40
27 56
28 65
28 34
28 44
28 82
28 85
28 63
30 98
30 51
31 98
31 76
31 80
31 84
31 59
31 94
32 60
33 39
33 55
33 92
34 35
34 48
34 81
34 95
35 93
36 81
40 96
40 65
40 83
41 46
41 58
41 91
45 94
45 50
46 49
47 70
47 74
47 48
47 56
48 84
48 86
51 76
51 53
51 91
52 73
55 57
56 99
57 67
65 89
73 99
76 83
76 82
82 97
85 88
92 97
