100 197
0 1
0 2
0 3
0 5
0 6
0 13
0 15
0 17
0 18
0 21
0 23
0 26
0 30
0 35
0 36
0 42
0 53
0 61
0 70
0 81
0 89
0 93
1 2
1 3
1 4
1 68
1 7
1 59
1 12
1 15
1 53
1 27
2 32
2 35
2 7
2 44
2 76
2 48
2 82
2 19
2 61
2 92
2 29
3 4
3 6
3 8
3 12
3 13
3 14
3 16
3 20
3 31
3 33
3 36
3 38
3 46
3 47
3 52
3 69
3 80
4 65
4 5
4 83
4 85
4 25
4 57
5 33
5 67
5 8
5 11
5 43
5 14
5 18
5 19
5 22
5 30
6 98
6 9
6 10
6 28
7 32
7 68
7 74
7 44
7 52
7 87
7 58
7 60
8 37
8 70
8 40
8 9
8 78
8 51
8 56
8 88
9 39
9 10
9 11
9 43
9 16
9 48
9 50
9 51
9 84
9 23
9 26
9 91
9 28
10 98
10 83
10 60
11 73
11 85
11 93
12 62
13 71
13 79
13 95
13 63
14 41
15 34
15 65
15 96
15 39
15 40
15 17
15 86
15 27
16 73
16 55
16 24
17 80
17 20
17 87
17 29
17 31
18 34
18 71
18 49
18 55
18 24
19 21
19 22
19 90
20 91
20 95
21 97
22 72
22 42
23 45
23 25
24 57
24 64
25 94
26 41
27 45
28 54
28 81
29 37
35 38
36 96
36 66
36 67
36 99
36 62
37 46
37 79
37 56
40 75
40 49
40 84
42 50
42 82
43 69
43 78
43 54
44 47
46 97
47 72
49 88
49 86
50 58
50 59
50 63
54 66
56 64
60 89
60 77
64 74
64 76
65 94
71 75
72 77
82 90
91 92
94 99
