100 200
0 1
0 2
0 3
0 4
0 5
0 6
0 7
0 8
0 9
0 10
0 11
0 12
0 13
0 14
0 15
0 16
0 17
0 18
0 19
0 20
0 21
0 22
0 23
0 24
0 25
0 26
0 27
0 28
0 29
0 30
0 31
0 32
0 33
0 34
0 35
0 36
0 37
0 38
0 39
0 40
0 41
0 42
0 43
0 44
0 45
0 46
0 47
0 48
0 49
0 50
0 51
0 52
0 53
0 54
0 55
0 56
0 57
0 58
0 59
0 60
0 61
0 62
0 63
0 64
0 65
0 66
0 67
0 68
0 69
0 70
0 71
0 72
0 73
0 74
0 75
0 76
0 77
0 78
0 79
0 80
0 81
0 82
0 83
0 84
0 85
0 86
0 87
0 88
0 89
0 90
0 91
0 92
0 93
0 94
0 95
0 96
0 97
0 98
0 99
2 64
2 20
2 95
3 43
3 53
4 14
4 23
5 81
6 17
6 51
7 75
9 41
9 10
9 55
10 73
10 58
10 61
11 58
11 45
13 53
13 46
14 96
14 72
14 18
14 90
15 48
15 27
15 69
16 56
16 74
17 64
17 66
17 99
17 39
17 71
17 47
17 49
18 52
21 68
24 54
24 31
25 68
25 48
25 53
25 86
26 64
26 68
26 37
26 75
26 92
27 35
27 61
28 75
28 36
29 86
30 79
31 38
31 87
31 89
32 66
33 89
34 83
35 52
35 78
36 93
37 73
37 98
38 69
38 87
39 66
41 44
44 65
45 89
45 67
47 98
47 79
47 83
50 66
50 96
50 98
51 84
52 92
53 98
53 75
54 57
57 96
59 92
59 93
60 81
62 97
63 94
65 76
69 74
73 87
78 89
80 83
81 87
81 91
84 92
86 93
86 87
