100 200
0 1
0 2
0 3
0 4
0 5
0 6
0 7
0 8
0 9
0 10
0 11
0 12
0 13
0 14
0 15
0 16
0 17
0 18
0 19
0 20
0 21
0 22
0 23
0 24
0 25
0 26
0 27
0 28
0 29
0 30
0 31
0 32
0 33
0 34
0 35
0 36
0 37
0 38
0 39
0 40
0 41
0 42
0 43
0 44
0 45
0 46
0 47
0 48
0 49
0 50
0 51
0 52
0 53
0 54
0 55
0 56
0 57
0 58
0 59
0 60
0 61
0 62
0 63
0 64
0 65
0 66
0 67
0 68
0 69
0 70
0 71
0 72
0 73
0 74
0 75
0 76
0 77
0 78
0 79
0 80
0 81
0 82
0 83
0 84
0 85
0 86
0 87
0 88
0 89
0 90
0 91
0 92
0 93
0 94
0 95
0 96
0 97
0 98
0 99
1 92
4 18
4 72
4 6
5 48
5 84
6 74
6 44
6 92
7 33
7 44
7 79
7 51
8 57
11 97
11 28
11 70
12 98
12 21
13 73
13 75
13 22
13 24
13 25
14 42
14 94
15 79
15 89
15 58
15 93
16 50
17 41
17 72
18 54
18 39
19 49
19 37
20 56
21 69
23 46
23 47
24 40
24 29
26 65
26 66
26 36
26 89
27 68
27 86
27 31
29 57
30 36
30 52
31 61
32 96
33 91
33 94
34 73
35 90
36 73
36 47
36 50
38 89
38 93
39 41
39 50
39 86
42 74
42 53
43 46
44 89
45 57
46 76
47 90
48 96
48 53
48 87
51 78
52 98
53 58
54 86
54 88
54 94
56 93
57 97
57 60
61 73
65 83
66 89
66 94
68 74
71 77
72 83
72 86
75 82
75 85
79 89
80 99
86 96
87 89
89 97
