100 200
0 1
0 2
0 3
0 4
0 5
0 6
0 7
0 8
0 9
0 10
0 11
0 12
0 13
0 14
0 15
0 16
0 17
0 18
0 19
0 20
0 21
0 22
0 23
0 24
0 25
0 26
0 27
0 28
0 29
0 30
0 31
0 32
0 33
0 34
0 35
0 36
0 37
0 38
0 39
0 40
0 41
0 42
0 43
0 44
0 45
0 46
0 47
0 48
0 49
0 50
0 51
0 52
0 53
0 54
0 55
0 56
0 57
0 58
0 59
0 60
0 61
0 62
0 63
0 64
0 65
0 66
0 67
0 68
0 69
0 70
0 71
0 72
0 73
0 74
0 75
0 76
0 77
0 78
0 79
0 80
0 81
0 82
0 83
0 84
0 85
0 86
0 87
0 88
0 89
0 90
0 91
0 92
0 93
0 94
0 95
0 96
0 97
0 98
0 99
1 82
1 64
1 70
2 98
2 70
3 80
5 35
5 43
5 13
5 51
5 88
6 35
6 87
7 16
7 34
7 49
8 9
8 48
8 28
9 51
11 98
12 98
12 71
12 73
12 44
13 68
13 50
13 23
15 35
17 65
17 64
17 39
17 47
18 72
18 23
19 68
20 25
21 53
21 29
22 43
22 75
23 96
23 70
23 72
23 52
24 79
25 44
25 89
25 63
25 31
26 82
26 96
26 53
27 64
27 96
28 70
29 44
31 94
32 66
32 59
33 79
34 45
36 67
36 38
36 43
36 87
36 95
37 96
38 86
39 73
40 53
40 95
41 65
41 68
42 83
42 53
44 89
45 58
45 56
47 65
50 74
54 97
57 78
58 73
58 86
58 94
59 67
61 90
62 91
63 80
63 81
63 90
63 92
65 74
66 85
69 71
75 80
81 97
82 99
82 87
93 99
