100 200
0 1
0 2
0 3
0 4
0 5
0 6
0 7
0 8
0 9
0 10
0 11
0 12
0 13
0 14
0 15
0 16
0 17
0 18
0 19
0 20
0 21
0 22
0 23
0 24
0 25
0 26
0 27
0 28
0 29
0 30
0 31
0 32
0 33
0 34
0 35
0 36
0 37
0 38
0 39
0 40
0 41
0 42
0 43
0 44
0 45
0 46
0 47
0 48
0 49
0 50
0 51
0 52
0 53
0 54
0 55
0 56
0 57
0 58
0 59
0 60
0 61
0 62
0 63
0 64
0 65
0 66
0 67
0 68
0 69
0 70
0 71
0 72
0 73
0 74
0 75
0 76
0 77
0 78
0 79
0 80
0 81
0 82
0 83
0 84
0 85
0 86
0 87
0 88
0 89
0 90
0 91
0 92
0 93
0 94
0 95
0 96
0 97
0 98
0 99
1 33
1 46
2 56
3 9
3 45
3 77
4 29
4 21
5 20
5 37
5 94
7 98
8 82
8 20
10 73
10 96
11 99
12 34
12 30
12 55
13 24
13 34
13 43
14 65
14 91
15 43
16 83
16 88
16 25
16 93
16 31
17 35
17 85
17 87
19 35
19 77
20 39
20 94
21 29
21 23
22 42
22 28
23 36
24 50
24 37
26 93
27 55
29 65
30 77
32 83
32 63
33 85
33 95
34 85
35 36
35 44
36 96
37 75
37 56
37 93
38 40
38 63
39 65
41 83
42 64
43 57
44 76
45 70
45 75
45 52
46 96
47 57
47 60
51 75
51 83
51 60
53 70
54 85
54 61
57 79
58 65
58 72
60 97
60 73
63 64
63 83
64 97
69 88
69 84
70 91
71 84
71 85
73 80
74 97
74 79
75 99
77 81
78 91
81 98
86 94
87 91
