100 200
0 1
0 2
0 3
0 4
0 5
0 6
0 7
0 8
0 9
0 10
0 11
0 12
0 13
0 14
0 15
0 16
0 17
0 18
0 19
0 20
0 21
0 22
0 23
0 24
0 25
0 26
0 27
0 28
0 29
0 30
0 31
0 32
0 33
0 34
0 35
0 36
0 37
0 38
0 39
0 40
0 41
0 42
0 43
0 44
0 45
0 46
0 47
0 48
0 49
0 50
0 51
0 52
0 53
0 54
0 55
0 56
0 57
0 58
0 59
0 60
0 61
0 62
0 63
0 64
0 65
0 66
0 67
0 68
0 69
0 70
0 71
0 72
0 73
0 74
0 75
0 76
0 77
0 78
0 79
0 80
0 81
0 82
0 83
0 84
0 85
0 86
0 87
0 88
0 89
0 90
0 91
0 92
0 93
0 94
0 95
0 96
0 97
0 98
0 99
1 74
1 83
1 54
1 60
2 43
2 13
3 44
4 15
5 26
6 98
6 51
6 55
6 93
7 44
8 10
8 12
8 47
8 21
9 18
11 12
11 77
12 56
13 64
14 18
14 43
14 95
16 17
16 72
17 27
17 22
18 64
18 42
18 81
18 21
19 23
20 43
21 87
21 91
21 93
22 60
22 95
23 73
23 68
25 72
25 64
26 88
27 97
28 49
28 89
29 74
29 40
31 48
32 68
32 96
33 51
34 57
34 38
34 55
35 99
35 73
35 49
35 87
35 62
37 45
38 40
38 67
39 76
39 95
41 95
42 84
43 72
43 59
44 64
44 47
44 80
44 57
48 58
48 76
49 66
49 62
50 54
51 77
52 62
53 63
54 86
54 59
56 71
61 97
61 77
62 68
63 76
64 76
70 88
71 77
73 91
75 89
79 84
82 91
85 90
87 97
87 94
