100 200
0 1
0 2
0 3
0 4
0 5
0 6
0 7
0 8
0 9
0 10
0 11
0 12
0 13
0 14
0 15
0 16
0 17
0 18
0 19
0 20
0 21
0 22
0 23
0 24
0 25
0 26
0 27
0 28
0 29
0 30
0 31
0 32
0 33
0 34
0 35
0 36
0 37
0 38
0 39
0 40
0 41
0 42
0 43
0 44
0 45
0 46
0 47
0 48
0 49
0 50
0 51
0 52
0 53
0 54
0 55
0 56
0 57
0 58
0 59
0 60
0 61
0 62
0 63
0 64
0 65
0 66
0 67
0 68
0 69
0 70
0 71
0 72
0 73
0 74
0 75
0 76
0 77
0 78
0 79
0 80
0 81
0 82
0 83
0 84
0 85
0 86
0 87
0 88
0 89
0 90
0 91
0 92
0 93
0 94
0 95
0 96
0 97
0 98
0 99
2 61
2 93
2 92
2 29
2 31
3 82
3 42
5 8
5 83
5 67
7 99
7 83
7 55
8 93
9 88
9 85
10 70
10 15
11 16
11 96
11 87
12 80
12 88
12 47
13 34
13 43
13 92
13 61
14 66
14 99
15 36
15 95
16 97
16 94
17 25
19 31
21 44
22 99
23 64
23 76
26 44
27 99
27 39
27 41
27 44
28 89
28 40
29 52
30 59
32 43
33 43
33 88
33 79
34 64
34 36
34 89
34 94
34 63
35 99
35 44
37 44
38 60
39 42
40 75
40 71
41 76
41 79
41 58
42 57
43 79
45 98
45 61
46 48
46 47
47 92
48 81
50 51
50 80
51 97
51 54
53 63
56 81
58 65
60 85
61 66
63 70
63 71
63 85
64 82
64 88
65 73
65 87
72 76
77 90
79 89
80 98
83 87
83 93
95 99
95 96
96 99
