100 200
0 1
0 2
0 3
0 4
0 5
0 6
0 7
0 8
0 9
0 10
0 11
0 12
0 13
0 14
0 15
0 16
0 17
0 18
0 19
0 20
0 21
0 22
0 23
0 24
0 25
0 26
0 27
0 28
0 29
0 30
0 31
0 32
0 33
0 34
0 35
0 36
0 37
0 38
0 39
0 40
0 41
0 42
0 43
0 44
0 45
0 46
0 47
0 48
0 49
0 50
0 51
0 52
0 53
0 54
0 55
0 56
0 57
0 58
0 59
0 60
0 61
0 62
0 63
0 64
0 65
0 66
0 67
0 68
0 69
0 70
0 71
0 72
0 73
0 74
0 75
0 76
0 77
0 78
0 79
0 80
0 81
0 82
0 83
0 84
0 85
0 86
0 87
0 88
0 89
0 90
0 91
0 92
0 93
0 94
0 95
0 96
0 97
0 98
0 99
1 91
1 14
2 3
2 35
3 33
3 35
3 77
3 54
4 61
4 31
5 8
7 77
7 13
8 40
8 77
10 82
10 32
10 38
12 59
12 20
13 98
14 18
14 51
15 76
15 60
16 98
16 80
16 84
17 65
17 88
17 93
18 66
18 73
18 42
19 36
19 93
21 49
21 48
21 34
22 92
22 62
23 90
24 75
24 49
24 61
24 94
25 97
25 83
25 81
26 93
27 77
29 59
31 65
31 74
31 84
33 41
33 75
33 87
33 57
33 59
34 99
35 40
37 87
38 88
40 54
40 88
41 49
42 64
44 95
46 66
46 59
47 84
50 99
53 88
54 55
54 92
55 76
56 65
56 67
58 85
59 70
61 87
62 65
63 77
65 77
67 68
69 93
71 72
72 91
72 85
73 82
73 94
74 88
76 98
76 84
81 95
82 98
82 92
89 92
93 96
94 98
