100 200
0 1
0 2
0 3
0 4
0 5
0 6
0 7
0 8
0 9
0 10
0 11
0 12
0 13
0 14
0 15
0 16
0 17
0 18
0 19
0 20
0 21
0 22
0 23
0 24
0 25
0 26
0 27
0 28
0 29
0 30
0 31
0 32
0 33
0 34
0 35
0 36
0 37
0 38
0 39
0 40
0 41
0 42
0 43
0 44
0 45
0 46
0 47
0 48
0 49
0 50
0 51
0 52
0 53
0 54
0 55
0 56
0 57
0 58
0 59
0 60
0 61
0 62
0 63
0 64
0 65
0 66
0 67
0 68
0 69
0 70
0 71
0 72
0 73
0 74
0 75
0 76
0 77
0 78
0 79
0 80
0 81
0 82
0 83
0 84
0 85
0 86
0 87
0 88
0 89
0 90
0 91
0 92
0 93
0 94
0 95
0 96
0 97
0 98
0 99
1 5
1 45
1 13
1 17
2 89
2 82
3 84
4 79
5 82
5 86
5 92
6 34
6 7
6 45
6 13
6 29
8 63
10 17
10 56
11 43
12 63
14 23
15 57
15 51
16 97
17 84
18 48
18 79
19 21
19 62
22 80
22 77
25 97
25 40
25 41
26 53
27 74
28 70
28 55
29 36
29 40
29 63
30 32
31 90
31 92
32 56
33 62
33 64
33 70
34 56
36 67
36 52
36 84
37 98
39 70
40 43
40 86
41 64
41 50
41 88
42 63
44 68
44 70
44 93
44 62
45 69
45 90
46 74
46 76
46 69
47 58
47 94
48 95
51 65
51 66
51 55
51 91
51 92
53 90
53 87
53 56
54 81
54 78
59 85
59 86
63 99
63 74
63 89
64 78
65 96
65 71
65 72
67 79
69 70
70 88
71 87
76 85
84 95
88 92
89 91
91 97
