100 200
0 1
0 2
0 3
0 4
0 5
0 6
0 7
0 8
0 9
0 10
0 11
0 12
0 13
0 14
0 15
0 16
0 17
0 18
0 19
0 20
0 21
0 22
0 23
0 24
0 25
0 26
0 27
0 28
0 29
0 30
0 31
0 32
0 33
0 34
0 35
0 36
0 37
0 38
0 39
0 40
0 41
0 42
0 43
0 44
0 45
0 46
0 47
0 48
0 49
0 50
0 51
0 52
0 53
0 54
0 55
0 56
0 57
0 58
0 59
0 60
0 61
0 62
0 63
0 64
0 65
0 66
0 67
0 68
0 69
0 70
0 71
0 72
0 73
0 74
0 75
0 76
0 77
0 78
0 79
0 80
0 81
0 82
0 83
0 84
0 85
0 86
0 87
0 88
0 89
0 90
0 91
0 92
0 93
0 94
0 95
0 96
0 97
0 98
0 99
2 10
2 59
2 28
3 49
3 48
3 86
4 98
4 75
4 94
4 95
5 49
5 76
6 95
7 18
7 60
8 85
9 34
9 50
9 21
9 85
9 93
10 70
10 43
10 53
11 46
13 24
13 48
13 60
14 20
15 65
15 95
16 72
16 51
16 94
17 20
17 86
18 53
19 98
19 26
19 38
20 84
20 94
21 24
21 34
23 35
23 68
24 76
25 36
25 45
28 93
29 33
29 98
29 84
29 53
29 59
30 64
33 75
33 96
34 65
35 57
35 68
36 61
37 92
37 61
37 71
38 66
38 40
38 60
39 89
39 50
39 59
41 56
41 52
42 84
45 99
45 71
45 54
46 73
48 92
49 79
50 66
50 80
50 85
51 81
52 75
52 69
54 78
54 79
55 70
60 74
61 66
64 65
68 76
75 80
75 89
75 94
76 78
78 83
83 86
84 85
91 95
