100 223
0 7
0 1
0 15
0 4
0 3
0 48
1 2
1 4
1 10
1 48
2 5
2 31
2 4
2 10
2 9
3 21
3 7
3 20
3 48
4 10
4 13
4 11
5 97
5 31
5 24
5 22
5 6
5 39
6 42
6 47
6 14
6 39
7 21
7 15
7 8
7 48
8 17
8 30
8 15
8 12
9 29
9 97
9 31
9 58
9 10
9 11
10 29
10 31
10 11
11 29
11 23
12 17
12 18
12 28
12 57
12 26
12 16
13 33
13 15
14 36
14 47
14 24
14 52
14 39
15 17
16 18
16 28
16 55
16 26
16 19
17 28
17 57
18 28
18 45
18 19
19 25
19 55
19 26
19 59
20 32
20 35
20 42
20 48
21 38
21 30
21 54
22 97
22 31
22 24
22 51
22 39
23 29
23 40
23 58
23 27
24 51
24 39
25 77
25 37
25 45
25 59
26 30
26 60
26 55
27 63
27 40
27 71
28 57
29 58
30 49
30 38
30 60
31 97
32 35
32 34
32 68
33 90
34 35
34 68
34 43
34 41
34 85
35 61
35 42
36 61
36 42
36 47
36 78
37 53
37 74
37 45
38 49
38 60
38 54
39 47
40 63
40 71
40 62
41 61
41 84
41 44
41 43
42 61
42 47
43 68
43 84
43 72
43 85
44 84
44 64
45 46
45 53
46 76
46 98
46 99
47 61
49 60
49 54
49 50
50 69
50 60
51 97
51 93
51 91
52 73
52 56
52 66
52 78
53 99
53 74
53 89
54 67
55 69
55 60
55 59
56 73
56 88
56 83
56 66
59 77
62 63
62 70
62 79
62 90
62 65
63 71
63 70
63 79
64 82
64 84
65 90
65 70
66 73
66 80
66 78
67 68
67 81
68 85
70 79
71 79
72 82
72 85
72 95
73 88
73 83
74 89
74 75
75 89
76 98
76 99
77 94
78 80
81 87
81 86
82 95
82 84
83 88
83 92
86 87
88 92
91 93
91 96
93 96
