100 230
0 39
0 3
0 73
0 43
0 2
2 15
2 62
2 16
2 99
2 10
2 43
3 19
3 39
3 9
3 11
3 4
3 20
4 7
4 5
4 73
4 11
5 7
5 25
5 8
5 32
5 17
5 6
6 59
6 25
6 48
6 73
6 23
6 41
7 35
7 8
7 32
7 11
8 35
8 32
8 40
8 70
8 91
9 13
9 39
9 82
9 20
10 15
10 50
10 12
10 99
11 19
11 20
12 85
12 21
12 34
13 61
13 82
13 57
13 14
14 61
14 29
14 66
15 50
15 62
15 99
16 24
16 36
16 99
16 43
17 54
17 56
17 25
17 48
17 32
17 18
17 91
18 54
18 47
18 56
18 42
18 25
18 48
18 92
19 20
19 27
20 39
20 82
20 27
21 85
21 77
21 22
22 77
22 72
22 85
22 26
22 83
23 59
23 62
23 73
23 41
24 38
24 36
24 66
24 68
25 59
25 48
25 32
26 85
26 83
26 87
26 33
26 58
27 28
27 51
28 44
28 98
28 51
29 31
29 30
30 61
30 94
31 66
31 88
32 54
32 70
32 91
33 100
33 81
33 83
33 87
33 58
34 46
34 37
35 40
35 70
36 38
36 46
36 99
36 68
37 69
37 46
37 74
38 46
38 65
38 52
38 68
39 43
40 70
41 59
41 100
41 62
42 47
42 56
42 45
42 48
42 92
42 49
43 99
44 55
44 84
45 47
45 53
45 92
45 49
46 52
47 59
47 48
48 59
49 76
49 53
49 92
50 100
50 62
50 87
51 82
51 57
51 98
52 86
52 64
52 65
52 68
53 63
53 93
54 56
54 91
55 84
55 97
55 60
55 67
56 92
57 61
57 82
57 98
57 94
58 81
58 83
58 71
60 84
61 82
61 94
62 73
63 93
63 78
64 65
64 86
64 75
65 86
65 89
65 68
66 68
67 97
69 74
70 91
71 95
71 90
71 80
71 83
72 77
75 86
75 79
76 92
77 85
78 93
80 90
81 87
81 100
86 89
87 100
88 96
90 95
