100 258
0 11
0 2
0 4
0 8
0 3
0 50
0 1
1 22
1 5
1 2
1 14
1 33
1 6
1 50
2 22
2 5
2 8
2 42
2 50
3 54
3 11
3 14
3 50
3 12
4 7
4 11
4 8
4 15
4 24
4 20
5 22
5 53
5 35
5 42
5 85
6 22
6 53
6 58
6 26
6 44
6 33
6 68
7 41
7 46
7 47
7 15
7 9
7 20
7 13
8 11
8 15
8 24
8 56
9 18
9 94
9 20
9 10
9 13
10 27
10 46
10 21
10 94
10 13
11 54
11 20
11 50
12 36
12 82
12 54
12 19
12 16
12 23
13 46
13 47
13 94
13 20
14 82
14 99
14 58
14 33
14 50
15 41
15 47
15 24
15 20
16 82
16 17
16 52
16 19
16 23
16 57
17 28
17 52
17 73
17 19
17 31
17 55
18 78
18 36
18 30
18 21
18 94
19 28
19 52
19 73
19 23
21 25
21 30
21 29
21 94
21 40
22 53
22 35
22 33
22 68
23 78
23 36
23 54
23 73
24 41
24 56
25 39
25 30
25 29
25 62
26 91
26 58
26 44
26 33
26 68
27 45
27 40
28 37
28 73
28 31
29 30
29 40
30 78
30 94
30 62
31 52
31 38
31 34
31 32
31 55
32 71
32 97
32 34
32 55
33 99
33 58
33 50
34 71
34 38
34 55
35 53
35 87
35 42
35 85
36 78
36 54
37 73
37 59
37 66
38 71
38 49
39 51
39 77
39 48
39 62
40 45
41 47
42 76
42 85
42 56
42 43
43 76
43 98
43 85
43 56
44 91
44 60
44 68
46 47
46 79
47 79
48 51
48 88
48 77
48 61
48 70
49 65
49 64
49 63
51 59
51 77
51 84
51 62
52 82
52 97
52 55
52 57
53 60
53 68
55 97
55 57
56 98
57 89
57 82
57 99
57 97
58 89
58 99
59 81
59 84
59 66
60 69
60 68
61 88
61 83
61 72
63 65
63 86
64 65
64 71
65 67
66 81
66 84
69 75
69 92
70 88
70 93
70 77
70 74
70 72
72 88
72 83
72 74
74 93
74 88
75 92
76 96
76 98
76 87
76 85
77 88
77 84
79 80
81 84
81 90
82 89
82 99
83 88
85 87
86 90
89 99
89 97
93 95
