100 240
0 7
0 25
0 29
0 32
0 2
0 8
0 16
0 4
2 11
2 25
2 32
2 13
2 3
2 28
2 5
3 38
3 6
3 29
3 32
3 28
4 19
4 11
4 25
4 40
4 16
5 26
5 17
5 10
5 13
5 47
5 28
6 38
6 33
6 14
6 28
7 21
7 43
7 29
7 32
7 8
7 12
7 16
8 21
8 43
8 9
8 16
8 18
9 59
9 21
9 15
9 65
9 16
9 18
10 26
10 41
10 17
10 50
10 71
11 19
11 20
11 25
11 13
11 47
12 68
12 53
12 43
12 29
12 31
13 26
13 20
13 25
13 47
13 28
14 30
14 17
14 50
14 48
15 22
15 70
15 59
16 25
17 26
17 50
17 28
18 23
18 59
18 21
18 65
19 20
19 25
19 40
19 95
20 24
20 27
20 94
20 47
21 23
21 53
21 43
22 70
22 72
22 59
23 51
23 53
23 43
23 39
24 76
24 27
24 54
24 94
24 47
24 34
25 32
26 41
26 27
26 71
26 47
27 76
27 54
27 71
27 47
28 32
29 68
29 43
29 32
30 87
30 44
30 91
30 50
31 53
31 43
31 68
33 38
33 36
33 85
33 48
34 76
34 66
34 35
34 94
34 77
35 99
35 79
35 77
36 82
36 75
36 37
36 60
36 55
37 75
37 60
37 42
37 46
38 68
38 85
39 51
39 92
39 88
39 57
39 52
40 70
40 95
41 71
42 62
42 60
42 46
42 98
42 58
43 53
44 45
44 91
44 87
45 91
45 61
45 49
46 82
46 62
46 60
46 58
47 71
48 82
48 87
49 78
49 86
51 53
51 64
51 57
51 52
52 64
52 57
52 63
54 76
54 71
54 74
55 75
55 93
55 85
55 56
56 75
56 93
56 67
56 96
57 92
57 88
57 63
58 62
58 90
58 98
59 65
60 82
60 75
61 86
61 100
61 80
63 69
63 64
65 73
66 83
66 94
66 95
67 93
67 81
67 96
68 85
70 84
73 88
76 94
76 77
77 89
77 99
79 99
80 100
81 96
83 95
86 100
86 97
88 92
90 98
94 95
97 100
