100 234
0 2
0 3
0 4
0 13
0 14
0 21
0 11
2 23
2 4
2 13
2 14
2 5
2 21
3 95
3 10
3 13
3 21
3 11
4 6
4 23
4 13
4 7
4 5
5 6
5 39
5 23
5 7
5 8
5 47
6 9
6 22
6 77
6 7
6 8
6 47
7 9
7 16
7 77
7 13
8 39
8 23
8 24
8 47
9 16
9 63
9 77
10 95
10 15
10 26
10 44
10 11
11 95
11 12
11 34
11 17
11 21
12 35
12 64
12 18
12 34
12 14
12 21
14 23
14 18
14 21
14 38
15 95
15 46
15 26
15 54
15 30
15 17
16 71
16 63
16 31
17 95
17 64
17 57
17 20
17 34
18 35
18 19
18 21
18 38
19 40
19 29
19 33
19 62
19 38
20 74
20 57
20 54
20 25
21 34
22 27
22 77
22 61
22 41
22 24
22 47
23 39
24 66
24 27
24 28
24 47
25 53
25 52
25 32
26 95
26 46
26 94
26 30
26 44
27 66
27 45
27 61
27 41
27 47
28 51
29 40
29 56
29 33
29 38
30 46
30 54
30 79
30 50
31 43
31 71
31 63
31 36
31 48
31 37
32 53
33 56
33 38
34 95
34 35
34 64
34 57
35 64
35 62
36 43
36 71
36 82
36 37
37 43
37 76
37 63
37 48
40 42
40 62
41 85
41 84
41 77
41 61
42 55
42 92
42 78
42 62
43 49
44 46
44 94
44 65
45 85
45 75
45 66
45 61
45 58
46 94
46 60
46 50
47 77
48 76
48 63
48 83
49 86
50 54
50 79
50 69
51 99
51 67
52 74
54 79
55 91
55 78
55 87
57 74
57 64
58 72
58 59
59 72
60 94
60 88
60 65
60 68
61 85
61 66
62 91
63 71
63 83
64 74
65 73
65 94
65 82
66 75
68 88
68 80
68 81
69 70
69 79
70 81
70 88
72 98
73 100
73 82
74 97
75 89
75 99
76 83
76 90
78 92
78 87
80 88
80 81
81 88
82 100
83 84
87 92
87 93
89 96
89 99
91 97
96 99
