100 213
0 51
0 4
0 11
0 7
0 1
0 10
1 2
1 7
1 10
2 6
2 13
2 30
2 3
2 52
2 10
3 79
3 50
3 30
3 12
3 52
4 51
4 11
4 65
4 5
4 38
5 8
5 51
5 11
5 65
5 38
6 52
6 10
7 54
7 9
7 22
8 20
8 36
8 15
8 65
8 37
9 14
9 54
9 51
9 16
10 52
11 38
12 18
12 79
12 50
12 35
12 52
12 23
13 46
13 30
13 27
14 54
14 86
14 85
14 22
15 20
15 36
15 17
15 65
15 37
16 20
16 65
16 51
17 84
17 34
17 19
17 39
17 37
18 44
18 45
18 50
18 35
18 25
18 23
19 24
19 21
19 39
19 57
19 63
20 51
20 65
21 84
21 71
21 24
21 39
21 32
22 54
22 31
22 26
22 85
23 44
23 45
23 50
23 58
23 48
24 71
24 39
24 73
24 57
24 63
25 35
25 45
25 29
26 64
26 31
26 85
26 27
27 46
27 28
27 49
28 46
28 40
28 80
28 49
29 60
29 99
29 45
30 46
30 79
30 52
31 64
31 43
31 86
31 85
32 84
32 53
32 33
32 39
33 84
33 53
33 41
33 42
34 36
34 62
34 37
35 45
36 37
38 47
39 84
40 89
40 49
40 80
41 42
41 53
41 90
42 96
42 53
43 64
43 56
43 86
43 85
44 77
44 45
44 58
44 72
45 77
47 70
48 79
48 55
48 50
48 74
48 59
49 64
49 80
50 79
51 65
53 84
54 85
55 58
55 59
55 67
56 86
56 76
56 75
57 71
57 61
57 73
57 63
58 77
58 72
59 74
59 67
60 99
60 68
60 66
61 63
61 73
62 82
64 93
67 74
68 69
68 98
69 78
69 98
71 92
71 73
72 77
73 92
75 81
76 83
78 88
78 91
80 89
82 90
83 87
85 86
90 94
92 95
94 97
