100 223
0 2
0 7
0 19
0 1
0 15
0 5
1 3
1 7
1 19
1 6
1 50
1 11
1 4
2 16
2 82
2 19
2 15
2 5
3 46
3 14
3 8
3 7
3 6
4 31
4 10
4 25
4 6
4 11
5 7
5 26
5 15
6 31
6 8
6 7
6 11
7 46
7 19
8 46
8 14
8 9
8 29
9 14
9 12
9 73
9 29
9 37
10 98
10 24
10 13
10 50
10 11
11 98
11 19
11 50
12 22
12 73
12 90
12 29
12 37
12 39
13 27
13 98
13 24
13 60
14 46
14 41
14 29
14 38
14 78
15 16
15 82
15 26
16 45
16 18
16 82
16 26
16 17
17 45
17 66
17 34
17 32
18 20
18 45
18 82
19 50
20 85
20 61
20 43
20 21
20 23
21 35
21 40
21 61
21 43
21 23
22 96
22 73
22 90
22 30
22 37
22 39
23 49
23 40
24 60
24 98
25 31
25 92
25 47
25 86
26 28
26 34
27 56
27 59
27 86
27 60
28 42
28 34
28 72
29 41
29 51
29 37
29 78
30 55
30 90
30 97
30 33
31 47
32 66
32 45
33 44
33 73
33 90
33 52
34 36
34 72
35 43
35 58
36 66
36 62
36 79
37 41
37 51
37 39
38 46
38 63
38 91
38 78
39 96
39 51
40 49
41 91
41 51
41 78
42 63
42 64
42 72
43 61
43 58
44 92
44 48
44 47
44 52
45 82
46 78
47 73
47 52
48 92
48 53
50 98
52 73
52 90
53 54
53 95
53 65
54 87
54 68
54 95
55 96
55 70
56 94
56 57
56 88
56 60
57 67
57 59
57 83
58 61
58 71
60 94
61 85
62 79
62 74
64 72
65 68
65 95
67 69
67 83
68 95
68 87
68 93
69 80
69 83
70 97
70 81
71 76
72 79
73 90
74 75
74 99
74 77
74 79
75 84
75 99
77 84
77 99
78 91
80 89
81 97
84 99
86 92
87 95
87 93
88 94
