100 224
0 6
0 25
0 14
0 2
0 59
0 27
0 19
2 6
2 25
2 14
2 59
2 4
2 3
2 18
3 7
3 8
3 14
3 59
3 4
3 18
4 5
4 7
4 14
4 12
5 7
5 42
5 14
5 10
5 12
6 21
6 14
6 27
6 12
6 19
7 43
7 22
7 29
8 36
8 22
8 9
8 61
8 18
9 23
9 36
9 22
9 61
9 13
10 11
10 31
10 24
10 12
10 41
11 16
11 15
11 21
11 31
11 24
11 12
12 14
13 23
13 17
13 80
13 22
13 61
15 16
15 21
15 31
15 30
15 96
16 47
16 31
16 32
16 30
16 96
17 63
17 33
17 73
17 26
17 20
18 36
18 59
19 25
19 35
19 57
19 40
19 27
20 63
20 43
20 39
20 22
20 29
21 35
21 27
21 96
22 43
23 61
23 80
24 47
24 31
24 90
24 41
25 49
25 45
25 59
26 63
26 33
26 73
26 44
26 28
26 53
27 35
27 57
28 33
28 73
28 44
28 53
28 97
29 71
29 43
29 42
29 38
30 96
30 32
31 47
31 90
32 81
32 34
33 80
33 87
33 53
34 82
34 54
34 81
34 48
35 60
35 78
35 57
36 37
36 66
36 61
37 50
37 66
37 62
37 52
38 46
38 71
38 42
39 63
39 71
39 64
39 73
40 49
40 60
40 57
40 65
41 90
41 42
44 69
44 73
44 97
45 49
45 75
45 59
45 52
46 71
46 68
46 64
46 72
47 90
48 51
48 54
48 58
49 75
49 65
50 79
50 62
50 74
50 52
51 93
51 58
51 55
52 79
52 62
53 87
53 97
54 82
54 81
55 83
55 58
55 56
56 67
57 60
58 83
60 94
60 95
61 66
62 66
62 74
63 73
64 71
65 75
67 84
67 70
67 77
68 72
69 73
70 84
70 86
72 76
74 100
75 79
76 89
77 85
78 96
78 95
79 92
80 87
81 82
85 91
86 88
92 98
94 99
94 95
95 99
