100 215
0 7
0 2
0 4
0 38
0 23
0 8
2 33
2 4
2 13
2 3
3 5
3 33
3 9
3 10
4 7
4 38
4 13
4 18
5 9
5 33
5 6
6 15
6 19
6 9
6 24
6 10
7 21
7 12
7 38
7 28
7 8
8 21
8 12
8 17
9 33
9 24
9 10
10 11
10 68
10 24
11 16
11 68
11 14
11 83
11 63
11 24
12 21
12 64
12 38
12 28
12 27
13 53
13 20
13 38
13 18
14 25
14 37
14 16
14 100
14 83
14 36
14 30
15 72
15 19
15 47
15 59
16 37
16 100
16 83
16 24
17 21
17 64
17 22
17 42
18 53
18 20
18 38
18 28
18 52
19 72
19 24
20 53
20 45
20 43
20 52
21 64
22 29
22 26
22 69
22 42
23 44
23 33
24 68
25 32
25 31
25 83
25 63
25 30
26 29
26 42
26 40
26 34
27 54
27 35
27 28
27 52
28 38
28 52
29 69
29 42
29 89
29 40
29 34
30 32
30 31
30 100
30 83
30 36
31 32
31 75
31 57
32 75
32 36
34 84
34 40
35 51
35 54
36 100
36 39
36 46
37 61
37 100
37 46
38 52
39 98
39 58
40 41
40 84
40 89
41 88
41 82
41 56
41 89
43 49
44 69
44 48
45 60
45 49
45 53
46 80
46 100
47 66
47 70
47 72
47 50
47 79
47 59
48 69
49 60
49 55
50 72
50 67
50 70
51 74
51 76
51 54
51 87
54 74
55 60
55 77
56 82
56 89
57 81
57 71
57 75
57 73
58 62
58 98
59 72
59 79
61 80
61 65
62 90
63 83
63 68
65 80
66 85
66 92
66 70
67 70
68 83
70 72
70 92
73 95
73 75
74 87
74 76
76 87
77 86
77 78
77 99
77 91
78 86
78 91
79 94
81 95
82 88
82 89
85 92
86 91
90 97
90 93
91 99
93 97
95 96
