100 220
0 72
0 6
0 11
0 50
0 1
0 2
0 13
0 8
1 50
1 6
1 5
2 3
2 72
2 34
2 13
2 58
3 72
3 4
3 58
4 12
4 47
4 28
4 10
4 55
4 58
5 7
5 37
5 52
5 9
6 27
6 50
6 13
6 8
7 43
7 67
7 52
7 9
8 27
8 34
8 51
8 24
8 13
9 67
9 15
10 68
10 14
10 28
10 39
10 58
11 95
11 72
11 50
11 77
12 64
12 75
12 55
12 42
13 72
13 34
13 51
14 17
14 47
14 28
14 26
14 23
15 27
15 16
15 67
16 80
16 19
16 21
16 31
17 18
17 54
17 47
17 28
17 26
17 23
18 38
18 54
18 47
18 30
18 26
18 85
19 21
19 29
19 20
20 29
20 48
20 22
21 80
22 46
22 99
23 73
23 25
23 53
23 26
24 27
24 35
24 51
24 31
25 40
25 73
25 53
25 26
26 73
27 51
27 31
28 47
28 55
28 58
29 48
29 71
30 33
30 32
30 89
30 85
31 35
32 45
32 38
32 36
32 60
32 85
33 79
33 89
34 68
34 90
34 51
35 59
35 46
35 51
36 96
36 69
36 89
36 60
37 88
37 61
37 83
37 41
38 97
38 54
38 75
38 85
39 90
39 62
39 68
40 53
41 56
41 52
41 83
41 63
42 64
42 75
42 55
42 57
43 65
43 49
43 52
43 44
44 67
44 65
45 97
45 96
45 66
45 60
47 54
47 75
47 55
48 71
48 99
48 82
49 56
49 65
49 52
49 87
50 72
51 90
54 75
54 55
54 85
55 75
56 86
56 87
56 70
57 97
57 78
57 75
58 68
59 90
59 62
60 96
61 83
61 63
61 88
62 90
62 68
63 83
64 74
65 81
66 97
66 91
66 78
67 80
68 90
70 76
70 87
70 86
72 77
74 84
77 95
78 97
78 91
79 89
82 98
83 88
86 87
86 92
91 94
91 97
92 93
