100 764
0 1
0 2
0 3
0 4
0 5
0 6
0 7
0 8
0 9
0 10
0 11
0 12
0 14
0 18
0 19
0 20
0 21
0 37
0 38
0 42
0 46
0 47
0 52
0 53
0 56
0 62
0 69
0 73
0 80
0 82
0 88
0 93
1 2
1 3
1 4
1 5
1 6
1 7
1 8
1 9
1 10
1 11
1 12
1 17
1 18
1 19
1 20
1 23
1 25
1 26
1 28
1 33
1 38
1 39
1 40
1 42
1 46
1 49
1 50
1 55
1 61
1 64
1 66
1 73
1 74
1 78
1 81
1 82
1 83
1 84
1 87
1 90
1 93
1 99
2 3
2 4
2 5
2 6
2 7
2 8
2 9
2 10
2 12
2 14
2 15
2 17
2 19
2 20
2 23
2 30
2 32
2 35
2 36
2 41
2 42
2 47
2 50
2 56
2 68
2 69
2 72
2 73
2 76
2 81
2 86
2 87
2 93
2 95
2 99
3 4
3 5
3 6
3 7
3 8
3 9
3 11
3 12
3 13
3 15
3 17
3 18
3 19
3 22
3 23
3 26
3 30
3 37
3 39
3 53
3 56
3 61
3 62
3 76
3 85
3 95
3 97
4 5
4 6
4 7
4 8
4 11
4 12
4 13
4 15
4 21
4 27
4 28
4 38
4 53
4 54
4 61
4 66
4 71
4 76
4 78
4 86
4 91
5 6
5 7
5 8
5 9
5 10
5 11
5 13
5 14
5 16
5 18
5 20
5 21
5 22
5 24
5 25
5 27
5 29
5 32
5 33
5 34
5 35
5 37
5 38
5 39
5 40
5 41
5 44
5 48
5 50
5 57
5 63
5 65
5 67
5 70
5 71
5 72
5 73
5 75
5 77
5 80
5 82
5 84
5 87
5 88
5 94
5 96
6 7
6 8
6 9
6 10
6 11
6 12
6 13
6 16
6 17
6 22
6 24
6 28
6 30
6 31
6 41
6 47
6 49
6 50
6 74
6 77
6 81
6 86
6 90
6 96
7 8
7 9
7 10
7 13
7 16
7 17
7 18
7 19
7 21
7 24
7 25
7 29
7 31
7 34
7 35
7 45
7 51
7 52
7 56
7 63
7 67
7 68
7 72
7 74
7 77
7 79
7 81
7 82
7 85
7 89
7 93
7 99
8 9
8 10
8 11
8 13
8 14
8 15
8 16
8 17
8 20
8 23
8 24
8 25
8 26
8 28
8 30
8 36
8 37
8 39
8 51
8 57
8 62
8 63
8 65
8 85
8 87
8 88
8 90
8 97
9 10
9 12
9 14
9 15
9 19
9 21
9 22
9 24
9 26
9 27
9 31
9 32
9 33
9 34
9 36
9 43
9 45
9 46
9 48
9 50
9 51
9 53
9 61
9 66
9 68
9 75
9 76
9 77
9 78
9 81
9 88
9 89
9 92
9 94
9 98
10 11
10 14
10 15
10 17
10 19
10 20
10 24
10 27
10 29
10 33
10 43
10 45
10 49
10 50
10 54
10 55
10 69
10 74
10 78
10 85
10 98
11 12
11 13
11 14
11 15
11 16
11 18
11 20
11 23
11 27
11 29
11 41
11 44
11 55
11 59
11 60
11 61
11 65
11 92
12 13
12 14
12 16
12 20
12 21
12 22
12 24
12 27
12 30
12 31
12 35
12 39
12 48
12 51
12 60
12 62
12 72
12 75
12 85
12 89
12 96
12 98
13 15
13 16
13 17
13 18
13 22
13 25
13 31
13 39
13 40
13 43
13 47
13 50
13 54
13 55
13 58
13 59
13 60
13 62
13 64
13 67
13 73
13 78
13 79
13 95
14 37
14 70
14 45
14 85
14 25
14 57
15 16
15 19
15 25
15 26
15 30
15 32
15 42
15 67
15 70
15 79
15 83
15 88
15 89
15 91
15 97
15 99
16 18
16 22
16 26
16 27
16 31
16 33
16 44
16 48
16 49
16 54
16 58
16 60
16 66
16 68
16 80
16 91
17 96
17 97
17 98
17 70
17 42
17 22
17 29
18 21
18 23
18 26
18 32
18 37
18 50
18 56
18 58
18 65
18 68
18 71
18 81
19 34
19 36
19 64
19 41
19 51
19 21
19 28
19 29
20 25
20 28
20 29
20 32
20 34
20 38
20 43
20 55
20 58
20 61
20 66
20 73
20 82
20 84
21 23
21 30
21 31
21 32
21 38
21 41
21 53
21 56
21 59
21 63
21 76
21 99
22 23
22 24
22 30
22 33
22 34
22 36
22 49
22 52
22 57
22 60
22 94
22 95
23 65
23 37
23 99
23 77
23 46
23 26
23 28
23 93
23 94
23 63
24 28
24 34
24 36
24 38
24 41
24 44
24 45
24 46
24 52
24 55
24 56
24 59
24 60
24 65
24 67
24 71
24 74
24 82
24 91
24 99
25 33
25 70
25 72
25 75
25 47
25 84
25 93
25 94
26 27
26 29
26 31
26 35
26 37
26 40
26 44
26 51
26 52
26 57
26 59
26 64
26 78
26 79
26 89
27 34
27 58
27 40
27 42
27 85
27 54
27 86
27 87
28 39
28 44
28 54
28 89
28 63
29 32
29 98
29 70
29 74
29 45
29 48
29 85
29 92
30 33
30 35
30 36
30 75
30 46
30 80
30 55
30 88
30 62
31 98
31 40
31 43
31 76
31 57
31 92
31 94
31 63
32 35
32 38
32 40
32 43
32 45
32 79
32 81
32 51
32 53
33 64
33 35
33 76
33 86
34 89
34 96
34 47
34 51
34 52
34 87
34 58
35 64
35 36
35 69
35 39
35 98
35 43
35 48
35 54
35 94
35 60
36 69
36 42
36 43
36 48
36 49
36 52
36 54
37 68
37 40
37 42
37 72
37 44
37 77
37 48
37 81
37 59
37 95
38 97
38 69
38 41
38 75
38 79
38 93
39 91
39 59
39 62
40 64
40 70
40 44
40 83
40 88
41 63
42 65
42 67
42 91
42 45
42 46
42 49
42 52
42 53
42 58
43 47
43 95
44 58
45 76
45 46
45 47
45 49
45 61
45 90
47 66
47 75
47 86
47 57
48 69
48 70
48 61
48 83
48 84
48 55
48 90
49 64
49 66
49 68
49 77
49 60
49 95
50 96
50 80
50 53
50 57
50 94
51 67
51 73
51 87
51 56
51 92
51 62
52 69
52 74
52 84
52 88
52 92
53 96
53 91
53 78
53 83
53 59
54 66
55 71
56 71
56 72
57 68
58 96
58 82
59 80
60 71
60 73
60 83
62 75
62 83
63 65
63 83
63 86
65 71
65 72
65 79
66 67
66 80
67 82
68 99
69 90
69 92
70 79
71 74
72 90
73 86
74 90
75 89
76 77
77 78
78 84
78 92
79 80
79 84
80 98
80 91
83 97
84 97
85 87
88 97
88 93
90 95
