100 764
0 1
0 2
0 3
0 4
0 5
0 6
0 7
0 8
0 10
0 11
0 12
0 13
0 14
0 15
0 16
0 18
0 21
0 22
0 27
0 29
0 31
0 32
0 34
0 35
0 45
0 46
0 47
0 51
0 54
0 55
0 61
0 64
0 67
0 68
0 75
0 82
0 86
0 88
0 90
0 92
0 93
1 2
1 3
1 4
1 5
1 6
1 7
1 8
1 9
1 10
1 14
1 15
1 16
1 17
1 18
1 22
1 25
1 26
1 27
1 31
1 32
1 33
1 35
1 37
1 38
1 39
1 45
1 46
1 59
1 65
1 69
1 70
1 71
1 77
1 80
1 87
1 96
2 3
2 4
2 5
2 6
2 7
2 8
2 9
2 10
2 12
2 13
2 14
2 17
2 18
2 19
2 20
2 21
2 22
2 24
2 28
2 30
2 38
2 39
2 41
2 43
2 45
2 49
2 53
2 54
2 56
2 58
2 60
2 63
2 66
2 72
2 80
2 84
2 88
2 93
2 94
2 96
3 4
3 5
3 6
3 7
3 8
3 9
3 11
3 12
3 13
3 15
3 16
3 17
3 19
3 21
3 24
3 27
3 28
3 30
3 35
3 39
3 44
3 45
3 61
3 66
3 68
3 70
3 74
3 79
3 82
3 83
3 84
3 86
3 87
3 88
3 95
4 5
4 6
4 7
4 8
4 9
4 10
4 11
4 12
4 15
4 16
4 19
4 20
4 21
4 22
4 23
4 24
4 25
4 26
4 28
4 29
4 31
4 33
4 36
4 37
4 39
4 41
4 42
4 43
4 44
4 48
4 49
4 58
4 60
4 63
4 64
4 67
4 72
4 73
4 75
4 77
4 81
4 90
4 94
4 95
4 97
4 98
5 6
5 7
5 8
5 9
5 11
5 12
5 13
5 16
5 17
5 19
5 22
5 24
5 31
5 32
5 36
5 37
5 38
5 42
5 45
5 46
5 49
5 53
5 54
5 55
5 62
5 65
5 67
5 69
5 73
5 75
5 77
5 95
5 97
5 98
6 7
6 8
6 9
6 10
6 11
6 12
6 13
6 14
6 15
6 16
6 18
6 20
6 21
6 22
6 23
6 25
6 26
6 27
6 28
6 34
6 35
6 36
6 38
6 42
6 47
6 50
6 55
6 56
6 59
6 61
6 64
6 66
6 68
6 73
6 76
6 77
6 81
6 83
6 89
6 96
7 8
7 9
7 10
7 11
7 13
7 14
7 15
7 18
7 26
7 27
7 28
7 29
7 32
7 34
7 36
7 44
7 48
7 49
7 54
7 56
7 63
7 68
7 69
7 93
7 97
8 9
8 10
8 11
8 12
8 13
8 14
8 18
8 19
8 23
8 25
8 27
8 29
8 30
8 35
8 37
8 39
8 40
8 43
8 47
8 53
8 57
8 59
8 62
8 66
8 72
8 75
8 77
8 81
8 82
8 86
8 91
8 95
9 10
9 13
9 14
9 17
9 19
9 23
9 24
9 36
9 46
9 68
9 71
9 74
9 91
10 34
10 41
10 11
10 73
10 15
10 50
10 54
10 90
10 60
10 94
11 12
11 14
11 16
11 18
11 19
11 23
11 28
11 58
11 59
11 77
11 85
11 96
11 97
12 68
12 41
12 69
12 44
12 16
12 50
12 20
12 28
12 61
13 15
13 17
13 20
13 23
13 26
13 28
13 30
13 34
13 39
13 46
13 51
13 53
13 57
13 60
13 62
13 64
13 78
13 79
13 87
13 95
14 17
14 21
14 23
14 29
14 30
14 32
14 40
14 43
14 44
14 45
14 47
14 49
14 51
14 57
14 58
14 66
14 77
15 17
15 24
15 34
15 35
15 37
15 45
15 56
15 58
15 67
15 82
15 92
16 22
16 25
16 31
16 35
16 37
16 48
16 50
16 52
16 57
16 59
16 61
16 65
16 68
16 73
16 90
17 18
17 20
17 21
17 22
17 25
17 26
17 29
17 42
17 48
17 58
17 60
17 63
17 71
17 87
17 92
18 19
18 20
18 24
18 25
18 26
18 27
18 29
18 31
18 35
18 37
18 43
18 48
18 51
18 61
18 65
18 72
18 84
18 93
18 98
19 20
19 21
19 24
19 40
19 42
19 46
19 50
19 54
19 55
19 62
19 63
19 64
19 73
19 78
19 79
19 84
19 89
19 99
20 30
20 31
20 32
20 33
20 68
20 71
20 73
20 81
20 83
20 84
20 93
20 94
20 98
20 99
21 32
21 71
21 78
21 50
21 30
22 38
22 74
22 76
22 84
22 53
22 23
22 92
23 27
23 29
23 30
23 41
23 44
23 46
23 49
23 60
23 69
23 72
23 76
23 80
24 40
24 82
24 88
24 25
24 26
24 62
24 31
25 33
25 38
25 50
25 55
25 59
26 33
26 40
26 43
26 47
26 89
27 33
27 34
27 64
27 96
27 74
27 47
27 79
27 83
27 52
27 89
28 32
28 44
28 47
28 48
28 52
28 55
28 56
28 57
28 74
28 76
28 81
28 88
28 93
28 96
29 96
29 42
30 34
30 36
30 38
30 39
30 40
30 53
30 57
30 64
30 76
30 79
30 86
30 90
30 97
31 33
31 44
31 53
31 55
31 65
31 66
31 70
31 73
31 74
31 86
31 87
31 89
31 91
31 92
32 33
32 36
32 37
32 40
32 43
32 45
32 52
32 56
32 61
32 65
32 66
32 67
32 89
32 95
33 65
33 66
33 39
33 72
33 48
33 49
33 81
33 51
33 63
33 62
34 67
34 36
34 70
34 42
34 76
34 50
34 52
34 85
34 94
34 58
35 70
35 74
35 43
35 49
35 51
35 83
36 51
36 83
37 38
37 40
37 41
37 76
37 82
37 56
37 88
38 99
38 69
38 70
38 46
38 80
38 82
38 51
38 94
39 41
39 42
39 48
39 54
39 59
40 67
40 41
41 75
41 47
41 81
41 84
41 53
41 55
41 85
41 88
41 61
42 52
43 58
43 87
43 94
44 99
44 71
44 75
44 54
44 63
45 65
45 69
45 98
45 78
45 80
45 52
46 89
46 90
46 92
46 62
47 95
48 64
48 98
48 60
48 80
48 57
49 72
49 74
49 80
49 56
50 79
50 86
51 99
51 52
51 88
51 59
51 62
52 98
52 75
52 60
52 78
52 79
52 81
52 92
52 85
53 83
53 57
54 97
54 71
54 85
56 70
57 91
58 71
58 75
59 79
60 77
61 99
61 95
61 63
62 70
62 84
62 85
62 89
62 90
62 91
63 67
63 97
63 99
63 76
63 78
63 80
64 83
64 85
64 92
65 99
66 98
67 86
68 69
69 78
69 91
71 72
71 93
73 78
74 94
76 91
80 82
83 87
83 90
83 93
84 96
84 85
84 86
84 91
85 87
92 97
