100 764
0 1
0 2
0 3
0 4
0 5
0 6
0 7
0 8
0 9
0 10
0 11
0 13
0 15
0 16
0 22
0 24
0 25
0 26
0 29
0 30
0 31
0 43
0 45
0 48
0 58
0 68
0 72
0 82
0 83
0 85
1 2
1 3
1 4
1 5
1 6
1 7
1 8
1 9
1 11
1 12
1 14
1 16
1 18
1 19
1 20
1 22
1 24
1 27
1 29
1 32
1 33
1 34
1 37
1 39
1 47
1 49
1 51
1 57
1 66
1 68
1 69
1 72
1 83
1 86
1 94
1 96
2 3
2 4
2 5
2 6
2 7
2 8
2 9
2 11
2 13
2 14
2 16
2 17
2 19
2 21
2 22
2 30
2 31
2 43
2 50
2 53
2 57
2 68
2 76
2 81
2 98
3 4
3 5
3 6
3 7
3 8
3 9
3 10
3 11
3 12
3 14
3 20
3 21
3 23
3 24
3 25
3 27
3 28
3 32
3 34
3 37
3 42
3 46
3 49
3 52
3 58
3 62
3 71
3 85
3 88
3 92
3 95
3 97
4 5
4 6
4 7
4 8
4 9
4 10
4 13
4 14
4 18
4 21
4 24
4 25
4 27
4 32
4 34
4 36
4 37
4 38
4 39
4 40
4 41
4 43
4 44
4 45
4 47
4 48
4 59
4 61
4 70
4 71
4 73
4 77
4 79
4 82
4 87
4 93
4 94
4 95
4 99
5 6
5 7
5 8
5 9
5 10
5 11
5 12
5 14
5 15
5 16
5 19
5 21
5 28
5 29
5 34
5 39
5 40
5 43
5 45
5 48
5 49
5 51
5 56
5 58
5 62
5 63
5 66
5 67
5 70
5 75
5 76
5 78
5 80
5 81
5 83
5 90
5 92
5 99
6 7
6 8
6 10
6 11
6 12
6 13
6 15
6 16
6 17
6 20
6 22
6 23
6 24
6 25
6 27
6 29
6 30
6 32
6 33
6 35
6 39
6 46
6 47
6 49
6 54
6 59
6 62
6 64
6 65
6 66
6 67
6 71
6 74
6 82
7 8
7 9
7 10
7 11
7 12
7 13
7 15
7 17
7 18
7 20
7 21
7 22
7 23
7 24
7 26
7 28
7 29
7 33
7 39
7 41
7 46
7 49
7 51
7 52
7 61
7 64
7 67
7 68
7 80
7 85
7 93
7 97
8 9
8 10
8 13
8 16
8 17
8 18
8 19
8 20
8 23
8 25
8 26
8 27
8 28
8 31
8 39
8 42
8 43
8 54
8 60
8 62
8 70
8 73
8 79
8 81
8 87
8 88
8 93
8 94
8 99
9 10
9 11
9 12
9 13
9 15
9 16
9 17
9 18
9 20
9 21
9 23
9 25
9 26
9 28
9 29
9 31
9 34
9 35
9 36
9 37
9 40
9 42
9 46
9 49
9 53
9 54
9 63
9 66
9 67
9 71
9 72
9 73
9 75
9 77
9 79
9 82
9 95
9 97
10 12
10 13
10 14
10 15
10 18
10 19
10 22
10 36
10 43
10 46
10 48
10 54
10 58
10 62
10 70
10 83
10 88
10 97
11 12
11 14
11 15
11 16
11 20
11 21
11 25
11 26
11 28
11 31
11 32
11 34
11 47
11 50
11 54
11 59
11 69
11 72
11 77
11 79
11 81
11 87
11 88
11 89
11 97
11 98
12 14
12 17
12 19
12 45
12 49
12 54
12 55
12 57
12 62
12 72
12 74
12 78
12 82
12 85
12 87
12 93
13 15
13 17
13 21
13 22
13 27
13 32
13 33
13 37
13 38
13 41
13 47
13 57
13 64
13 71
13 74
13 76
13 83
13 84
13 89
13 91
13 99
14 20
14 23
14 26
14 29
14 30
14 33
14 48
14 50
14 59
14 70
14 88
14 95
15 35
15 67
15 38
15 42
15 99
15 84
15 53
15 26
15 29
16 17
16 18
16 33
16 34
16 35
16 36
16 38
16 44
16 50
16 54
16 57
16 84
16 85
17 18
17 19
17 22
17 23
17 26
17 27
17 35
17 38
17 44
17 47
17 48
17 52
17 56
17 59
17 60
17 66
17 95
17 99
18 19
18 24
18 40
18 43
18 47
18 60
18 61
18 63
18 64
18 75
18 86
18 95
18 96
19 32
19 70
19 79
19 23
19 92
20 64
20 99
20 42
20 44
20 73
20 49
20 50
20 51
20 92
20 31
21 41
21 44
21 45
21 73
21 77
21 78
21 87
21 91
21 60
21 31
22 24
22 25
22 30
22 37
22 44
22 46
22 53
22 58
22 63
22 80
22 83
22 87
22 95
22 96
23 40
23 41
23 46
23 84
23 53
23 90
23 92
24 65
24 37
24 38
24 39
24 70
24 51
24 86
24 62
24 30
25 33
25 98
25 74
25 43
25 52
25 56
25 58
25 91
25 31
26 27
26 28
26 30
26 35
26 36
26 38
26 46
26 53
26 55
26 67
26 73
26 75
26 76
26 87
26 93
26 96
27 28
27 30
27 33
27 35
27 40
27 42
27 52
27 55
27 56
27 78
27 81
27 84
27 91
27 92
27 98
28 32
28 34
28 36
28 42
28 50
28 94
28 63
29 66
29 36
29 48
29 92
30 68
30 69
30 63
31 68
31 41
31 44
31 76
31 80
31 81
31 82
32 36
32 69
32 99
32 50
32 51
32 91
33 35
33 37
33 74
33 75
33 44
33 55
33 56
34 71
34 40
34 60
34 47
34 78
34 50
35 69
35 45
35 48
35 52
35 54
35 86
36 68
36 90
36 40
36 45
36 78
36 92
36 88
37 38
37 41
37 42
37 79
37 53
37 56
37 60
37 61
38 90
38 39
38 71
38 73
38 80
38 61
38 94
38 63
39 64
39 45
39 60
40 41
40 55
40 57
40 69
40 73
40 76
40 81
40 82
40 86
40 87
40 93
40 96
41 57
41 59
42 51
43 51
43 56
43 91
44 65
44 66
44 59
44 95
45 67
45 83
45 58
45 59
46 58
46 67
46 52
46 53
46 85
47 80
47 84
47 60
48 96
48 98
48 75
48 80
48 81
48 55
49 65
49 76
49 78
49 80
49 83
49 52
49 85
49 55
50 65
51 68
52 65
52 61
53 55
53 56
53 61
54 97
54 89
55 88
56 71
56 57
57 65
57 61
58 74
58 79
58 90
59 65
59 85
60 72
60 74
60 86
61 64
61 89
61 98
61 75
61 62
61 63
62 66
62 69
63 64
63 90
64 82
64 86
64 91
65 97
66 70
66 89
67 97
67 69
67 75
67 84
68 94
69 72
69 77
69 91
70 72
70 77
70 94
71 74
72 76
72 77
72 79
72 86
72 90
74 78
75 77
76 93
76 94
77 89
79 88
79 89
81 84
84 98
84 93
86 96
88 89
88 90
94 96
95 98
