100 764
0 1
0 2
0 3
0 4
0 5
0 6
0 7
0 8
0 9
0 12
0 13
0 14
0 18
0 21
0 22
0 25
0 26
0 28
0 30
0 32
0 34
0 35
0 37
0 40
0 45
0 48
0 78
0 89
0 93
1 2
1 3
1 4
1 5
1 6
1 7
1 8
1 11
1 13
1 15
1 17
1 20
1 26
1 30
1 31
1 32
1 39
1 43
1 46
1 48
1 50
1 51
1 54
1 66
1 70
1 71
1 72
1 77
1 78
1 86
1 89
1 90
1 92
1 95
1 98
2 3
2 4
2 5
2 6
2 7
2 8
2 9
2 10
2 11
2 13
2 15
2 18
2 20
2 21
2 22
2 23
2 24
2 26
2 29
2 34
2 36
2 39
2 40
2 41
2 51
2 60
2 63
2 67
2 68
2 70
2 74
2 75
2 83
2 84
2 90
2 92
2 95
2 97
3 4
3 5
3 6
3 7
3 8
3 9
3 10
3 11
3 12
3 16
3 21
3 22
3 23
3 24
3 26
3 29
3 31
3 33
3 35
3 36
3 38
3 40
3 49
3 52
3 54
3 56
3 57
3 60
3 65
3 68
3 73
3 77
4 5
4 6
4 7
4 8
4 9
4 10
4 11
4 12
4 13
4 14
4 17
4 19
4 22
4 24
4 25
4 27
4 31
4 32
4 43
4 46
4 49
4 54
4 56
4 58
4 59
4 62
4 74
4 75
4 76
4 79
4 85
4 91
4 92
4 94
4 99
5 6
5 7
5 8
5 9
5 10
5 11
5 12
5 13
5 14
5 16
5 17
5 18
5 21
5 22
5 27
5 29
5 31
5 33
5 34
5 35
5 36
5 49
5 50
5 51
5 52
5 58
5 62
5 67
5 69
5 70
5 73
5 74
5 75
5 76
5 82
5 85
5 87
5 90
5 94
6 7
6 8
6 9
6 10
6 11
6 14
6 15
6 25
6 30
6 33
6 47
6 65
6 72
6 86
7 8
7 9
7 10
7 11
7 13
7 14
7 15
7 16
7 17
7 18
7 19
7 20
7 22
7 24
7 26
7 27
7 28
7 35
7 36
7 38
7 39
7 46
7 50
7 51
7 54
7 57
7 60
7 65
7 72
7 73
7 75
7 87
7 88
7 97
8 9
8 10
8 12
8 15
8 16
8 18
8 19
8 24
8 29
8 34
8 37
8 39
8 40
8 48
8 59
8 69
8 88
8 91
9 10
9 11
9 12
9 13
9 14
9 17
9 19
9 20
9 23
9 35
9 39
9 50
9 61
9 64
9 68
9 76
9 81
9 83
9 85
9 86
9 88
9 89
9 91
9 93
9 97
10 12
10 16
10 17
10 20
10 23
10 26
10 27
10 29
10 30
10 31
10 34
10 36
10 37
10 39
10 43
10 52
10 54
10 61
10 64
10 67
10 68
10 69
10 79
10 91
11 12
11 13
11 15
11 16
11 22
11 34
11 37
11 40
11 44
11 50
11 51
11 55
11 64
11 84
11 89
12 14
12 20
12 24
12 28
12 35
12 38
12 40
12 41
12 42
12 47
12 49
12 52
12 53
12 55
12 57
12 63
12 66
12 70
12 78
12 91
12 92
12 99
13 14
13 15
13 18
13 20
13 23
13 25
13 26
13 27
13 30
13 31
13 32
13 36
13 37
13 38
13 41
13 42
13 43
13 51
13 53
13 54
13 55
13 57
13 62
13 63
13 64
13 71
13 82
13 84
13 88
13 93
13 96
13 98
13 99
14 15
14 16
14 17
14 19
14 21
14 25
14 27
14 28
14 33
14 38
14 39
14 44
14 45
14 47
14 53
14 66
14 67
14 69
14 73
14 75
14 80
14 81
14 82
14 87
14 94
15 16
15 17
15 18
15 19
15 21
15 25
15 28
15 30
15 33
15 41
15 42
15 45
15 47
15 60
15 62
15 66
15 67
15 68
15 72
15 78
15 82
15 96
16 41
16 77
16 21
16 23
16 27
17 18
17 19
17 24
17 25
17 42
17 45
17 46
17 49
17 52
17 57
17 63
17 68
17 74
17 78
17 80
17 84
17 88
17 95
18 33
18 45
18 19
18 20
18 85
18 87
18 24
18 58
18 61
18 94
19 21
19 22
19 25
19 26
19 28
19 31
19 35
19 38
19 39
19 44
19 46
19 48
19 60
19 99
20 98
20 37
20 72
20 41
20 46
20 76
20 49
20 50
21 23
21 28
21 30
21 31
21 32
21 42
21 44
21 48
21 49
21 53
21 62
21 63
21 70
21 77
21 79
21 88
21 90
21 95
21 97
22 65
22 70
22 45
22 52
22 87
22 23
22 89
22 27
22 29
23 37
23 47
23 79
23 53
23 58
23 29
24 64
24 35
24 53
24 86
24 56
24 58
24 93
25 33
25 34
25 96
25 70
25 48
25 50
25 52
25 61
25 29
25 63
26 33
26 96
26 43
26 81
26 51
26 55
26 90
26 59
26 30
26 95
27 32
27 96
27 34
27 98
27 42
27 75
27 47
27 59
27 28
28 66
28 36
28 69
28 38
28 71
28 43
28 86
28 61
28 62
29 32
29 36
29 41
29 45
29 49
29 56
29 63
29 69
29 73
29 74
29 79
29 80
29 97
30 32
30 65
30 68
30 40
30 42
30 57
31 77
32 37
32 38
32 40
32 91
32 44
32 47
32 61
32 87
33 43
33 76
33 54
34 64
34 41
34 44
34 46
34 80
34 85
34 62
35 70
35 78
35 50
35 56
35 92
36 43
36 44
36 82
36 52
36 53
36 84
36 55
36 87
37 72
37 44
37 51
37 58
37 93
38 45
38 46
38 48
38 57
39 83
39 55
39 59
40 42
41 68
41 87
41 59
41 92
42 71
42 53
42 58
42 60
43 65
43 80
43 86
43 57
43 91
43 95
44 97
44 66
44 71
44 83
44 84
44 59
44 95
45 67
45 71
45 47
45 48
45 80
45 81
45 60
45 63
46 71
46 79
46 83
46 62
47 98
47 69
47 74
47 76
47 79
47 56
48 96
48 99
48 71
48 77
48 81
48 86
48 55
49 88
49 90
50 73
50 60
51 64
51 99
51 74
51 78
51 59
52 75
52 81
52 93
53 67
53 58
53 90
53 83
53 54
53 55
53 56
54 78
54 84
54 88
55 72
55 77
55 82
55 56
55 61
56 73
56 81
57 64
57 97
57 66
57 77
57 86
57 61
58 76
58 85
58 90
59 66
59 76
59 92
60 69
60 94
60 95
61 96
62 65
62 72
62 74
63 65
63 98
63 81
64 67
65 91
68 96
68 75
68 94
69 83
69 84
70 98
70 73
71 92
71 82
71 85
73 93
74 82
75 80
76 80
76 89
77 99
77 79
77 83
81 94
82 99
84 85
84 89
85 97
85 98
86 93
87 89
91 94
