100 764
0 1
0 2
0 3
0 4
0 5
0 6
0 7
0 8
0 9
0 10
0 11
0 12
0 13
0 16
0 17
0 18
0 24
0 27
0 32
0 35
0 38
0 43
0 48
0 60
0 72
0 75
0 78
0 80
0 85
0 88
0 89
0 91
0 97
0 99
1 2
1 3
1 4
1 5
1 6
1 7
1 8
1 9
1 10
1 11
1 13
1 20
1 25
1 26
1 28
1 32
1 35
1 37
1 39
1 40
1 48
1 50
1 52
1 64
1 65
1 76
1 77
1 80
1 85
1 97
2 3
2 4
2 5
2 6
2 7
2 8
2 9
2 10
2 11
2 12
2 13
2 14
2 15
2 18
2 19
2 20
2 22
2 23
2 25
2 31
2 32
2 37
2 40
2 43
2 49
2 50
2 51
2 56
2 62
2 64
2 67
2 70
2 73
2 79
2 90
2 91
2 92
2 94
2 95
2 98
3 4
3 5
3 6
3 7
3 8
3 9
3 10
3 11
3 12
3 13
3 14
3 15
3 16
3 17
3 20
3 22
3 25
3 30
3 31
3 32
3 34
3 35
3 38
3 39
3 40
3 41
3 42
3 43
3 44
3 47
3 51
3 53
3 54
3 55
3 56
3 61
3 63
3 69
3 70
3 72
3 75
3 76
3 80
3 86
3 88
3 99
4 5
4 6
4 7
4 8
4 9
4 10
4 11
4 12
4 13
4 14
4 16
4 17
4 19
4 20
4 21
4 22
4 24
4 25
4 26
4 27
4 29
4 30
4 31
4 35
4 38
4 41
4 45
4 55
4 59
4 63
4 66
4 68
4 69
4 71
4 72
4 76
4 78
4 87
4 94
4 97
5 6
5 7
5 8
5 10
5 14
5 19
5 23
5 28
5 29
5 33
5 36
5 44
5 65
5 67
5 81
6 7
6 8
6 9
6 10
6 12
6 14
6 15
6 19
6 21
6 27
6 29
6 40
6 42
6 50
6 54
6 55
6 56
6 62
6 65
6 66
6 68
6 69
6 72
6 74
6 82
6 93
6 94
6 98
7 8
7 9
7 10
7 12
7 13
7 14
7 15
7 16
7 17
7 19
7 20
7 22
7 24
7 27
7 31
7 34
7 36
7 37
7 38
7 39
7 42
7 43
7 44
7 46
7 49
7 50
7 52
7 57
7 61
7 69
7 70
7 76
7 77
7 82
7 86
7 92
7 97
7 98
8 9
8 11
8 12
8 14
8 15
8 16
8 17
8 18
8 21
8 22
8 23
8 26
8 27
8 30
8 31
8 33
8 34
8 35
8 37
8 39
8 51
8 55
8 58
8 60
8 61
8 63
8 67
8 77
8 80
8 87
8 90
8 93
9 11
9 12
9 13
9 15
9 18
9 20
9 21
9 25
9 29
9 31
9 34
9 52
9 53
9 59
9 68
9 69
9 70
9 86
9 90
10 11
10 16
10 17
10 19
10 21
10 25
10 29
10 30
10 40
10 41
10 42
10 46
10 47
10 48
10 58
10 71
10 76
10 77
10 82
10 89
10 91
10 95
11 13
11 14
11 18
11 21
11 23
11 25
11 27
11 28
11 33
11 38
11 40
11 41
11 49
11 52
11 53
11 54
11 63
11 87
11 88
11 89
11 91
12 15
12 16
12 18
12 20
12 22
12 23
12 28
12 44
12 49
12 54
12 55
12 58
12 62
12 67
12 70
12 76
12 82
12 96
13 16
13 17
13 18
13 22
13 23
13 26
13 28
13 30
13 34
13 37
13 40
13 47
13 73
13 84
13 85
13 96
14 15
14 18
14 20
14 21
14 24
14 26
14 27
14 28
14 30
14 32
14 35
14 37
14 41
14 45
14 46
14 47
14 50
14 52
14 55
14 58
14 59
14 63
14 67
14 69
14 73
14 89
14 96
14 97
15 17
15 19
15 24
15 25
15 26
15 27
15 33
15 39
15 46
15 48
15 50
15 56
15 58
15 61
15 63
15 71
15 79
15 84
15 94
16 36
16 99
16 43
16 91
16 51
16 52
16 21
16 24
16 88
16 95
17 33
17 72
17 43
17 45
17 47
17 81
17 51
17 24
17 57
18 19
18 24
18 29
18 32
18 33
18 34
18 45
18 53
18 62
18 65
18 70
18 83
18 87
19 23
19 28
19 32
19 33
19 45
19 46
19 49
19 59
19 64
19 66
19 78
19 82
19 86
19 88
20 32
20 36
20 66
20 47
20 78
20 92
20 23
20 60
21 22
21 26
21 29
21 30
21 34
21 38
21 39
21 41
21 47
21 48
21 57
21 60
21 64
21 66
21 74
21 83
21 88
21 96
22 64
22 37
22 71
22 72
22 44
22 82
22 58
22 60
22 94
23 38
23 57
23 59
24 33
24 35
24 36
24 79
24 80
24 53
24 83
24 26
24 94
24 31
25 30
25 34
25 36
25 38
25 40
25 42
25 46
25 48
25 52
25 57
25 65
25 68
25 73
25 76
25 85
25 86
25 98
26 64
26 74
26 44
26 84
26 85
26 29
27 75
27 92
27 53
27 28
28 31
28 43
28 44
28 46
28 49
28 50
28 62
28 63
28 65
28 74
28 78
28 79
28 80
28 83
28 84
28 89
28 94
28 96
29 90
29 57
30 64
30 36
30 46
30 91
30 57
31 66
31 43
31 79
31 48
31 49
32 35
32 42
32 45
32 55
32 56
32 62
32 66
32 67
32 75
32 77
32 78
32 88
32 92
32 96
33 36
33 37
33 39
33 41
33 49
33 84
33 85
33 95
34 99
34 74
34 51
34 87
34 56
35 42
35 51
35 53
36 41
36 42
36 74
36 54
37 39
37 83
37 54
37 87
37 60
37 61
37 62
38 67
38 77
38 56
38 63
39 65
39 69
39 71
39 55
39 92
40 67
40 45
40 81
40 84
40 93
40 92
40 61
40 95
41 47
41 56
41 91
41 60
42 96
42 44
42 50
42 51
42 85
42 59
43 65
43 98
43 45
43 83
44 54
45 74
45 75
45 48
46 54
47 97
47 68
47 57
47 90
48 68
48 75
48 78
48 84
48 62
49 64
49 86
50 52
50 84
50 90
50 61
51 80
51 81
51 59
51 93
52 70
52 72
52 79
52 53
52 58
52 59
52 60
53 66
53 71
53 76
53 82
54 89
55 98
55 99
56 81
56 93
57 68
57 73
57 77
57 80
57 86
57 58
58 86
59 70
59 73
60 90
60 61
61 71
61 79
61 81
61 82
62 99
62 68
62 69
62 74
62 77
62 95
64 95
65 81
65 87
66 99
66 73
66 75
66 87
67 83
68 99
68 72
68 73
69 71
69 75
69 85
69 88
69 89
69 93
70 78
70 79
70 81
72 96
72 83
74 92
81 97
81 98
84 89
85 97
85 95
88 93
89 90
89 91
89 94
90 93
93 98
