100 764
0 1
0 2
0 3
0 4
0 5
0 6
0 7
0 8
0 9
0 11
0 12
0 13
0 14
0 15
0 17
0 18
0 19
0 21
0 23
0 24
0 27
0 28
0 30
0 31
0 34
0 35
0 39
0 43
0 44
0 46
0 49
0 51
0 52
0 53
0 55
0 56
0 57
0 58
0 59
0 60
0 61
0 80
0 96
1 2
1 3
1 4
1 5
1 6
1 7
1 8
1 9
1 10
1 12
1 13
1 14
1 15
1 16
1 18
1 19
1 20
1 21
1 23
1 24
1 25
1 26
1 27
1 28
1 31
1 33
1 34
1 37
1 38
1 40
1 41
1 42
1 43
1 44
1 47
1 50
1 56
1 57
1 62
1 64
1 65
1 69
1 80
1 92
1 96
2 3
2 4
2 5
2 6
2 7
2 8
2 9
2 10
2 11
2 12
2 13
2 14
2 15
2 17
2 19
2 20
2 21
2 22
2 25
2 26
2 28
2 29
2 34
2 36
2 38
2 40
2 42
2 43
2 48
2 49
2 51
2 58
2 72
2 76
2 90
2 98
3 4
3 5
3 6
3 7
3 8
3 9
3 11
3 12
3 13
3 14
3 17
3 28
3 31
3 37
3 39
3 48
3 52
3 54
3 63
3 69
3 79
3 80
3 87
3 90
4 5
4 6
4 7
4 8
4 9
4 10
4 11
4 12
4 13
4 20
4 22
4 24
4 27
4 35
4 36
4 49
4 50
4 64
4 65
4 66
4 67
4 68
4 70
4 71
4 82
4 84
5 6
5 7
5 8
5 10
5 11
5 14
5 15
5 18
5 27
5 31
5 32
5 33
5 35
5 39
5 42
5 43
5 49
5 55
5 56
5 67
5 69
5 82
5 85
5 91
6 7
6 8
6 9
6 10
6 11
6 12
6 16
6 17
6 19
6 20
6 24
6 26
6 28
6 30
6 32
6 35
6 36
6 44
6 45
6 47
6 48
6 55
6 56
6 58
6 62
6 68
6 70
6 75
6 85
6 86
6 90
6 95
6 97
6 99
7 8
7 9
7 10
7 11
7 12
7 13
7 14
7 15
7 16
7 17
7 18
7 19
7 30
7 31
7 32
7 33
7 34
7 35
7 42
7 43
7 44
7 46
7 50
7 51
7 54
7 55
7 62
7 63
7 65
7 66
7 67
7 68
7 78
7 82
7 84
7 88
7 94
7 95
8 9
8 10
8 16
8 18
8 21
8 22
8 26
8 33
8 38
8 40
8 42
8 43
8 50
8 53
8 54
8 56
8 59
8 64
8 76
8 88
8 93
9 10
9 11
9 13
9 16
9 22
9 23
9 24
9 27
9 32
9 35
9 38
9 39
9 48
9 74
9 75
9 76
9 90
10 14
10 15
10 16
10 17
10 20
10 21
10 23
10 24
10 25
10 26
10 30
10 31
10 32
10 34
10 39
10 41
10 47
10 54
10 58
10 84
10 92
10 93
11 12
11 14
11 15
11 16
11 18
11 22
11 23
11 25
11 26
11 27
11 35
11 40
11 43
11 49
11 52
11 57
11 60
11 61
11 62
11 63
11 69
11 71
11 74
11 76
11 77
11 86
11 87
11 91
11 95
11 98
11 99
12 13
12 17
12 18
12 21
12 25
12 29
12 34
12 37
12 39
12 40
12 45
12 53
12 54
12 64
12 70
12 71
12 72
12 77
12 83
12 88
12 92
13 15
13 19
13 21
13 22
13 26
13 33
13 46
13 49
13 67
13 69
13 70
13 81
13 98
13 99
14 16
14 17
14 19
14 25
14 29
14 30
14 45
14 46
14 48
14 79
14 87
14 97
14 98
14 99
15 65
15 45
15 51
15 20
15 28
16 20
16 23
16 32
16 33
16 36
16 37
16 41
16 57
16 60
16 62
16 63
16 75
16 77
16 81
16 85
16 89
16 96
17 18
17 19
17 22
17 37
17 45
17 47
17 52
17 55
17 78
17 89
17 96
18 20
18 24
18 25
18 27
18 29
18 32
18 45
18 58
18 61
18 63
18 71
18 72
18 79
18 86
18 88
18 91
19 69
19 76
19 51
19 85
19 22
19 57
19 26
19 27
20 21
20 23
20 29
20 44
20 46
20 48
20 49
20 60
20 63
20 81
20 94
21 23
21 25
21 28
21 29
21 30
21 31
21 41
21 42
21 55
21 66
21 68
21 69
21 70
21 87
21 89
21 91
21 97
22 34
22 38
22 74
22 46
22 50
22 83
22 53
22 24
22 29
23 33
23 44
23 78
23 83
23 88
23 60
23 61
23 30
24 31
24 36
24 40
24 45
24 50
24 51
24 55
24 66
24 68
24 78
24 92
25 37
25 39
25 41
25 51
25 53
25 64
25 87
25 88
25 90
25 92
25 98
26 65
26 69
26 41
26 73
26 75
26 86
26 56
26 58
26 28
26 63
27 98
27 38
27 70
27 29
28 36
28 58
28 38
28 99
28 41
28 47
28 81
28 60
28 30
29 33
29 35
29 65
29 74
29 46
29 47
29 48
29 90
29 62
30 32
30 67
30 36
30 40
30 60
30 52
30 57
30 93
31 70
31 42
31 74
31 81
31 82
31 60
31 61
31 62
31 95
32 36
32 71
32 73
32 81
32 59
33 34
33 39
33 71
33 74
33 45
33 47
33 52
33 53
33 54
33 94
34 37
34 38
34 47
34 50
34 59
34 66
34 67
34 71
34 84
34 87
34 99
35 76
35 82
35 52
35 53
35 95
36 67
36 37
36 74
36 43
36 44
36 46
36 53
37 40
37 42
37 48
38 59
38 72
38 73
38 83
38 57
38 61
39 44
39 78
39 80
39 50
39 82
39 84
39 86
39 59
40 67
40 41
40 89
40 91
40 61
40 95
41 75
41 80
42 66
42 97
42 71
42 59
42 94
43 64
43 74
43 77
43 81
43 86
43 88
43 63
44 96
44 73
44 77
45 79
45 49
45 55
45 88
45 93
46 79
46 83
46 57
47 78
47 93
47 56
48 65
48 97
48 61
48 83
48 54
48 91
49 73
49 79
49 80
49 51
49 84
49 54
50 64
50 68
50 58
51 52
52 64
52 97
52 72
53 98
53 68
53 76
53 59
53 92
53 94
54 75
54 56
55 77
56 68
56 73
56 82
56 94
57 99
57 79
57 83
58 70
58 85
58 89
58 93
59 96
59 72
59 86
59 91
59 62
60 65
60 90
61 75
61 85
61 91
62 66
62 97
62 73
63 92
64 89
64 66
64 81
64 93
66 72
66 77
67 72
67 73
67 76
67 87
68 89
68 78
68 95
69 83
70 75
72 78
73 77
73 79
73 84
73 85
74 80
75 84
76 86
77 82
78 80
78 85
80 87
82 89
82 94
83 90
83 95
84 97
84 92
85 94
86 96
87 99
91 96
92 93
96 98
