100 764
0 1
0 2
0 3
0 4
0 5
0 6
0 7
0 8
0 9
0 11
0 12
0 13
0 15
0 17
0 20
0 21
0 25
0 27
0 30
0 32
0 34
0 42
0 43
0 46
0 48
0 52
0 53
0 58
0 65
0 68
0 69
0 77
0 80
0 84
0 90
0 95
0 99
1 2
1 3
1 4
1 5
1 6
1 7
1 8
1 9
1 10
1 12
1 13
1 14
1 15
1 16
1 18
1 19
1 20
1 21
1 22
1 25
1 31
1 35
1 39
1 45
1 50
1 52
1 56
1 60
1 62
1 66
1 70
1 71
1 77
1 78
1 81
1 92
1 99
2 3
2 4
2 5
2 6
2 7
2 8
2 9
2 10
2 11
2 14
2 15
2 16
2 18
2 19
2 20
2 22
2 23
2 24
2 28
2 31
2 35
2 38
2 65
2 70
2 71
2 73
2 75
2 81
2 86
2 95
2 96
3 4
3 5
3 6
3 7
3 8
3 10
3 12
3 14
3 16
3 17
3 21
3 23
3 25
3 26
3 27
3 37
3 40
3 42
3 44
3 50
3 54
3 57
3 64
3 76
3 77
4 5
4 6
4 7
4 8
4 9
4 10
4 11
4 12
4 13
4 15
4 17
4 25
4 27
4 28
4 29
4 38
4 39
4 40
4 41
4 46
4 47
4 48
4 49
4 59
4 60
4 61
4 62
4 64
4 66
4 67
4 70
4 72
4 74
4 79
4 80
4 83
4 85
4 93
5 6
5 7
5 8
5 9
5 10
5 11
5 12
5 16
5 17
5 19
5 23
5 24
5 28
5 30
5 33
5 49
5 63
5 73
5 77
5 82
5 90
5 91
5 94
5 98
6 7
6 8
6 9
6 10
6 11
6 13
6 14
6 15
6 16
6 17
6 18
6 21
6 23
6 24
6 25
6 32
6 33
6 34
6 35
6 36
6 46
6 47
6 57
6 60
6 66
6 67
6 71
6 76
6 77
6 83
6 85
6 90
6 93
7 8
7 9
7 10
7 11
7 12
7 13
7 15
7 17
7 18
7 19
7 22
7 23
7 24
7 26
7 29
7 30
7 33
7 36
7 39
7 41
7 49
7 53
7 54
7 58
7 61
7 67
7 69
7 72
7 73
7 74
7 79
7 80
7 83
7 85
7 86
7 91
7 95
7 96
8 9
8 13
8 14
8 15
8 29
8 31
8 32
8 33
8 50
8 54
8 57
8 68
8 87
8 98
9 10
9 11
9 12
9 13
9 14
9 16
9 18
9 19
9 20
9 21
9 25
9 27
9 28
9 29
9 33
9 34
9 35
9 36
9 38
9 40
9 44
9 45
9 47
9 48
9 51
9 52
9 54
9 56
9 57
9 58
9 62
9 64
9 65
9 66
9 69
9 73
9 79
9 81
9 89
9 94
9 95
10 11
10 12
10 14
10 15
10 16
10 17
10 20
10 22
10 26
10 30
10 37
10 41
10 47
10 50
10 51
10 56
10 59
10 62
10 67
10 74
10 76
10 79
10 82
10 85
10 88
10 95
10 99
11 13
11 14
11 16
11 18
11 19
11 20
11 22
11 24
11 28
11 35
11 38
11 44
11 47
11 50
11 52
11 55
11 56
11 57
11 58
11 61
11 64
11 73
11 81
11 84
11 85
11 86
11 88
11 89
11 90
11 96
12 18
12 24
12 25
12 27
12 37
12 39
12 51
12 76
12 89
12 93
12 98
13 17
13 19
13 20
13 21
13 27
13 29
13 34
13 39
13 43
13 53
13 61
13 63
13 65
13 82
14 20
14 25
14 29
14 34
14 36
14 42
14 52
14 57
14 59
14 66
14 78
14 83
14 88
14 96
15 23
15 29
15 31
15 36
15 37
15 41
15 49
15 53
15 55
15 64
15 68
15 71
15 82
15 85
15 87
15 93
16 18
16 22
16 23
16 24
16 26
16 30
16 32
16 33
16 34
16 41
16 62
16 86
16 89
17 21
17 24
17 26
17 31
17 33
17 41
17 42
17 46
17 50
17 57
17 59
17 65
17 69
17 71
17 77
17 79
17 83
17 84
17 92
17 99
18 19
18 26
18 30
18 31
18 35
18 42
18 43
18 45
18 59
18 61
18 67
18 71
18 97
19 21
19 22
19 28
19 30
19 32
19 36
19 44
19 49
19 54
19 59
19 63
19 78
19 99
20 39
20 40
20 45
20 83
20 53
20 56
20 26
20 88
20 63
21 22
21 23
21 28
21 35
21 37
21 38
21 49
21 56
21 64
21 69
21 83
21 92
21 97
21 98
22 96
22 97
22 72
22 43
22 75
22 53
22 26
22 60
22 29
23 36
23 72
23 42
23 75
23 46
23 47
23 81
23 87
23 58
23 94
24 27
24 36
24 39
24 40
24 44
24 49
24 55
24 56
24 63
24 79
24 80
24 84
24 86
24 95
25 27
25 28
25 32
25 34
25 38
25 45
25 48
25 63
25 65
25 69
25 73
25 74
25 80
26 32
26 34
26 69
26 39
26 42
26 75
26 47
26 31
27 64
27 96
27 74
27 43
27 92
28 40
28 75
28 54
28 86
28 61
29 33
29 66
29 38
29 49
29 50
29 53
29 94
29 30
30 31
30 32
30 37
30 41
30 44
30 45
30 46
30 51
30 60
30 74
30 81
30 85
30 95
30 97
31 35
31 68
31 55
31 56
32 58
32 76
32 48
32 82
33 40
33 43
33 44
33 84
33 57
33 60
33 62
33 63
34 68
34 37
34 38
34 40
34 42
34 76
34 48
34 51
34 54
35 69
35 43
35 52
35 62
36 97
36 37
36 72
36 46
36 51
36 87
37 43
37 76
37 48
37 51
37 86
37 92
38 89
38 44
38 78
38 82
38 87
39 55
39 88
40 41
40 74
40 45
40 93
41 45
41 46
41 47
41 48
41 78
41 84
41 61
42 98
42 99
42 81
42 55
43 70
43 51
44 55
45 70
45 52
45 58
45 60
46 71
46 73
46 52
47 90
47 73
47 75
47 76
47 53
47 55
47 62
48 89
48 74
48 78
48 50
49 67
49 68
49 70
49 90
49 63
50 66
50 80
50 87
51 98
51 79
51 82
51 84
51 54
51 93
52 75
53 96
53 67
53 89
53 91
53 92
54 72
55 64
55 72
55 58
56 68
56 84
56 87
56 59
56 94
57 78
57 59
58 77
58 88
59 65
59 70
59 81
59 91
59 60
59 61
60 96
60 65
60 97
60 80
60 83
61 66
61 67
61 78
61 92
62 75
64 71
64 93
65 86
67 68
67 70
68 89
70 72
70 85
70 88
71 79
71 82
72 91
73 80
73 88
73 93
74 90
75 77
75 94
75 91
77 94
79 94
80 99
80 91
83 97
83 98
83 90
85 87
86 92
90 91
92 97
92 98
92 95
98 99
