100 764
0 1
0 2
0 3
0 4
0 5
0 6
0 7
0 8
0 9
0 11
0 12
0 14
0 19
0 22
0 25
0 31
0 34
0 36
0 37
0 39
0 44
0 45
0 49
0 51
0 54
0 56
0 60
0 62
0 63
0 64
0 67
0 68
0 70
0 71
0 72
0 74
0 81
0 90
0 91
0 99
1 2
1 3
1 4
1 5
1 6
1 7
1 8
1 9
1 10
1 11
1 12
1 19
1 21
1 23
1 25
1 26
1 27
1 29
1 39
1 46
1 48
1 55
1 57
1 61
1 76
1 80
1 83
1 95
1 99
2 3
2 4
2 5
2 6
2 7
2 8
2 9
2 10
2 12
2 13
2 14
2 16
2 22
2 23
2 24
2 27
2 30
2 31
2 32
2 37
2 38
2 49
2 50
2 51
2 57
2 58
2 60
2 63
2 64
2 66
2 67
2 74
2 75
2 89
2 92
2 97
3 4
3 5
3 6
3 7
3 8
3 9
3 10
3 11
3 15
3 16
3 19
3 25
3 27
3 28
3 32
3 45
3 46
3 47
3 53
3 58
3 60
3 84
3 85
3 88
3 94
4 5
4 6
4 7
4 8
4 9
4 10
4 11
4 13
4 14
4 15
4 16
4 17
4 18
4 21
4 22
4 23
4 24
4 25
4 26
4 27
4 29
4 30
4 33
4 37
4 39
4 40
4 43
4 50
4 51
4 52
4 56
4 58
4 61
4 62
4 66
4 69
4 70
4 76
4 79
4 87
5 6
5 7
5 8
5 10
5 11
5 12
5 15
5 17
5 18
5 19
5 20
5 22
5 25
5 26
5 27
5 28
5 29
5 33
5 36
5 37
5 38
5 44
5 45
5 47
5 56
5 62
5 63
5 64
5 72
5 80
5 87
5 91
5 95
5 96
5 98
5 99
6 7
6 8
6 9
6 11
6 13
6 14
6 16
6 17
6 19
6 20
6 21
6 22
6 27
6 29
6 30
6 33
6 45
6 50
6 54
6 55
6 56
6 57
6 69
6 70
6 72
6 76
6 80
6 82
6 83
6 85
6 86
6 91
7 8
7 9
7 10
7 12
7 13
7 14
7 17
7 18
7 23
7 32
7 35
7 36
7 41
7 42
7 43
7 49
7 50
7 54
7 55
7 57
7 59
7 60
7 61
7 63
7 68
7 73
7 79
7 80
7 81
7 92
8 9
8 10
8 11
8 12
8 13
8 14
8 15
8 16
8 17
8 18
8 20
8 26
8 29
8 31
8 50
8 55
8 57
8 60
8 61
8 72
8 73
8 77
8 86
8 90
9 10
9 11
9 13
9 15
9 16
9 23
9 24
9 31
9 32
9 35
9 37
9 42
9 46
9 51
9 54
9 55
9 69
9 75
9 79
9 90
9 98
9 99
10 12
10 13
10 15
10 16
10 18
10 21
10 23
10 30
10 32
10 36
10 40
10 41
10 44
10 46
10 55
10 62
10 68
10 74
10 77
10 79
10 82
10 90
11 12
11 14
11 15
11 19
11 20
11 21
11 22
11 24
11 31
11 36
11 38
11 39
11 46
11 49
11 63
11 72
11 76
11 82
11 96
11 99
12 13
12 14
12 18
12 19
12 20
12 22
12 26
12 27
12 28
12 30
12 31
12 34
12 35
12 38
12 40
12 42
12 43
12 48
12 51
12 60
12 62
12 65
12 66
12 74
12 76
12 78
12 79
12 93
12 98
13 15
13 16
13 17
13 20
13 21
13 28
13 33
13 34
13 36
13 39
13 40
13 41
13 43
13 51
13 62
13 79
13 85
13 87
14 71
14 17
14 19
14 20
14 52
14 89
14 26
14 30
14 63
15 17
15 18
15 21
15 25
15 33
15 35
15 36
15 38
15 41
15 44
15 48
15 49
15 68
15 70
15 72
15 73
15 78
15 96
15 97
16 20
16 22
16 25
16 26
16 30
16 34
16 54
16 57
16 59
16 69
16 81
16 84
17 18
17 21
17 24
17 25
17 26
17 27
17 34
17 35
17 36
17 40
17 41
17 43
17 46
17 47
17 53
17 55
17 58
17 65
17 66
17 68
17 69
17 70
17 71
17 80
17 88
17 92
18 96
18 66
18 44
18 48
18 93
18 85
18 57
18 91
18 29
19 24
19 29
19 33
19 34
19 35
19 43
19 44
19 52
19 53
19 58
19 59
19 67
19 77
19 82
19 89
19 94
19 96
20 64
20 34
20 23
20 24
20 28
20 30
21 65
21 35
21 68
21 23
22 46
22 92
22 81
22 24
22 88
22 28
22 94
23 68
23 69
23 42
23 43
23 74
23 75
23 77
23 79
23 83
24 28
24 37
24 55
24 56
24 61
24 73
24 76
24 89
24 95
24 96
24 98
25 33
25 37
25 65
25 41
25 86
25 56
25 60
26 32
26 66
26 98
26 38
26 39
26 71
26 42
26 53
26 29
26 95
27 28
27 31
27 45
27 51
27 52
27 60
27 63
27 79
27 84
27 91
27 92
28 31
28 39
28 40
28 48
28 56
28 61
28 65
28 67
28 82
28 84
28 86
28 94
29 98
29 38
29 40
29 69
29 75
29 44
29 47
29 80
29 49
29 53
30 32
30 33
30 99
30 38
30 72
30 42
30 76
30 57
30 61
31 32
31 34
31 78
31 47
31 48
31 84
32 67
32 69
32 50
32 52
32 53
32 91
33 97
33 35
33 39
33 67
33 41
33 81
33 52
33 87
33 88
33 58
34 37
34 45
34 46
34 50
34 53
34 59
34 62
34 64
34 66
34 71
34 88
34 93
34 95
35 67
35 73
35 74
35 77
35 49
35 56
35 58
35 59
36 42
36 50
36 86
37 65
37 71
37 40
37 44
37 63
38 98
38 70
38 43
38 45
38 78
38 82
38 59
39 58
39 68
39 90
39 41
39 75
39 47
39 83
39 52
39 88
39 89
40 42
40 47
40 90
40 59
41 64
41 72
41 75
41 78
41 47
41 83
41 53
41 87
42 67
42 45
42 51
43 49
44 73
44 48
45 73
45 75
45 48
45 52
45 87
46 81
46 54
46 86
46 59
46 94
48 75
48 54
48 90
48 95
49 54
49 86
49 62
51 97
52 65
52 66
52 93
53 81
54 64
54 83
54 93
55 71
55 74
55 77
55 94
56 89
56 97
56 77
56 83
57 93
58 64
58 65
58 95
60 91
60 61
61 74
61 91
63 82
63 85
63 87
63 93
63 94
64 70
64 71
64 92
65 70
65 80
65 95
66 92
67 73
68 85
69 96
69 78
69 80
70 78
71 76
71 85
73 99
73 89
74 77
74 84
75 97
75 78
75 82
75 84
75 85
75 86
76 81
76 87
77 97
78 83
78 88
80 97
80 89
80 92
83 84
83 93
84 98
84 99
84 94
85 88
88 96
89 90
