100 764
0 1
0 2
0 3
0 4
0 5
0 6
0 7
0 8
0 9
0 10
0 11
0 12
0 13
0 15
0 16
0 18
0 22
0 23
0 29
0 30
0 31
0 38
0 41
0 42
0 43
0 47
0 51
0 52
0 60
0 63
0 65
0 67
0 68
0 72
0 82
0 83
0 94
0 95
0 98
1 2
1 3
1 4
1 5
1 6
1 7
1 8
1 9
1 10
1 11
1 13
1 14
1 16
1 18
1 20
1 21
1 23
1 28
1 31
1 33
1 36
1 37
1 47
1 53
1 54
1 57
1 58
1 63
1 64
1 70
1 71
1 73
1 76
1 82
1 86
1 87
1 90
1 92
1 93
2 3
2 4
2 5
2 6
2 7
2 8
2 9
2 10
2 12
2 14
2 15
2 16
2 18
2 19
2 20
2 21
2 22
2 24
2 29
2 30
2 32
2 43
2 49
2 51
2 60
2 62
2 72
2 73
2 78
2 95
2 99
3 4
3 5
3 6
3 7
3 8
3 10
3 11
3 12
3 13
3 14
3 27
3 28
3 33
3 34
3 35
3 38
3 41
3 43
3 44
3 49
3 50
3 52
3 54
3 55
3 60
3 62
3 65
3 66
3 74
3 75
3 79
3 84
3 87
3 91
4 5
4 6
4 7
4 8
4 9
4 11
4 12
4 14
4 15
4 17
4 18
4 19
4 20
4 22
4 23
4 29
4 30
4 33
4 38
4 39
4 42
4 45
4 47
4 53
4 56
4 58
4 59
4 64
4 65
4 70
4 71
4 73
4 79
4 83
4 84
4 88
4 95
5 6
5 7
5 8
5 9
5 10
5 11
5 12
5 13
5 14
5 15
5 19
5 20
5 22
5 23
5 24
5 25
5 28
5 29
5 34
5 35
5 39
5 41
5 45
5 48
5 49
5 50
5 53
5 54
5 57
5 58
5 60
5 68
5 71
5 72
5 74
5 76
5 77
5 82
5 87
5 88
5 91
5 93
6 7
6 8
6 9
6 10
6 14
6 15
6 16
6 18
6 19
6 22
6 23
6 24
6 25
6 29
6 33
6 35
6 40
6 43
6 46
6 50
6 53
6 54
6 55
6 56
6 63
6 65
6 75
6 88
6 91
6 94
6 96
7 8
7 9
7 12
7 13
7 14
7 15
7 16
7 17
7 20
7 21
7 36
7 37
7 39
7 40
7 41
7 42
7 44
7 46
7 52
7 55
7 66
7 72
7 83
7 84
7 98
8 9
8 10
8 11
8 13
8 16
8 17
8 21
8 25
8 26
8 27
8 29
8 44
8 48
8 55
8 59
8 60
8 62
8 64
8 72
8 74
8 80
8 82
8 88
8 89
8 93
8 98
8 99
9 10
9 11
9 12
9 13
9 17
9 18
9 20
9 24
9 26
9 28
9 30
9 32
9 33
9 34
9 37
9 40
9 42
9 44
9 48
9 50
9 54
9 60
9 61
9 64
9 75
9 88
9 99
10 11
10 12
10 15
10 16
10 17
10 18
10 19
10 20
10 22
10 24
10 25
10 30
10 31
10 32
10 33
10 34
10 39
10 43
10 44
10 51
10 60
10 62
10 68
10 70
10 73
10 96
10 97
10 98
11 15
11 16
11 17
11 19
11 21
11 22
11 23
11 25
11 33
11 37
11 38
11 39
11 44
11 45
11 46
11 47
11 56
11 57
11 64
11 66
11 73
11 80
11 81
11 95
12 13
12 17
12 18
12 26
12 27
12 30
12 32
12 33
12 35
12 36
12 37
12 46
12 52
12 58
12 59
12 70
12 72
12 85
12 92
12 93
12 96
13 14
13 19
13 21
13 22
13 26
13 27
13 31
13 32
13 39
13 42
13 45
13 48
13 51
13 54
13 61
13 67
13 69
13 75
13 81
13 85
13 87
13 97
14 32
14 66
14 69
14 97
14 75
14 78
14 23
14 56
14 26
15 34
15 37
15 40
15 75
15 47
15 50
15 19
15 25
15 29
15 94
16 17
16 27
16 28
16 37
16 38
16 43
16 48
16 50
16 52
16 53
16 55
16 58
16 68
16 71
16 77
16 81
16 83
16 84
16 86
16 91
16 95
16 96
17 35
17 41
17 48
17 80
17 52
17 23
17 27
17 92
17 30
18 25
18 26
18 31
18 38
18 46
18 47
18 48
18 49
18 52
18 56
18 58
18 66
18 70
18 74
18 77
18 79
18 85
18 94
18 96
19 20
19 21
19 28
19 32
19 36
19 39
19 42
19 47
19 63
19 64
19 99
20 64
20 66
20 21
20 87
20 24
20 94
20 90
20 62
21 41
22 34
22 36
22 73
22 47
22 24
22 25
22 28
22 31
23 24
23 26
23 27
23 28
23 31
23 35
23 39
23 40
23 41
23 42
23 46
23 48
23 50
23 61
23 63
23 73
23 84
24 68
24 45
24 88
24 59
25 65
25 34
25 69
25 45
25 80
25 84
25 26
25 59
25 29
25 31
26 32
26 34
26 36
26 68
26 70
26 40
26 54
26 90
26 27
27 35
27 40
27 74
27 49
27 30
28 98
28 35
28 36
28 78
28 85
28 56
28 57
28 94
28 63
29 67
29 71
29 99
29 49
30 59
31 64
31 38
31 41
31 45
31 80
31 91
32 65
32 37
32 77
32 81
32 51
32 53
32 92
32 61
33 67
33 43
33 44
33 61
34 89
34 68
34 40
34 91
35 98
35 36
35 77
35 84
36 68
36 38
36 51
36 53
36 59
37 96
37 97
37 42
37 44
37 87
37 89
38 52
39 73
39 43
39 49
39 54
39 90
40 66
40 58
40 90
40 86
40 89
40 92
41 98
41 67
41 72
41 50
41 86
41 91
42 46
42 56
42 60
43 67
43 74
43 76
43 55
43 88
43 57
44 76
44 45
44 61
45 89
45 69
45 46
45 76
45 82
45 53
45 59
46 71
46 74
46 89
46 91
46 62
47 71
47 61
48 67
48 76
48 78
48 49
48 51
48 86
48 58
48 63
49 99
49 69
49 70
49 81
49 51
49 82
49 55
49 89
50 84
50 57
50 62
51 65
51 79
51 80
51 83
52 66
52 67
52 69
52 75
52 77
52 61
53 99
54 69
54 71
54 90
54 55
54 56
55 98
55 79
55 57
56 57
57 92
57 82
58 86
58 93
58 63
59 78
59 85
59 90
60 72
60 76
60 81
61 62
62 69
62 77
62 81
62 93
63 99
63 76
63 78
63 87
64 65
64 85
64 87
64 90
65 70
65 77
65 83
65 95
66 96
67 79
68 74
68 78
68 86
68 88
68 93
69 97
70 97
70 79
72 97
72 75
72 78
73 81
74 95
75 83
75 93
76 79
76 92
77 89
78 80
78 82
78 83
79 80
79 85
79 92
81 86
82 94
83 85
85 94
86 95
87 96
90 97
