100 764
0 1
0 2
0 3
0 4
0 5
0 6
0 7
0 8
0 9
0 11
0 14
0 15
0 16
0 17
0 19
0 20
0 21
0 28
0 29
0 30
0 33
0 39
0 45
0 48
0 53
0 59
0 72
0 77
0 89
1 2
1 3
1 4
1 5
1 6
1 7
1 8
1 9
1 10
1 11
1 12
1 13
1 14
1 15
1 16
1 17
1 18
1 19
1 21
1 23
1 25
1 29
1 31
1 32
1 45
1 53
1 57
1 62
1 64
1 70
1 71
1 73
1 75
1 78
1 79
1 84
1 86
1 89
1 92
1 93
1 97
1 99
2 3
2 4
2 5
2 6
2 7
2 8
2 9
2 10
2 11
2 12
2 13
2 16
2 18
2 22
2 24
2 25
2 26
2 27
2 29
2 31
2 32
2 39
2 40
2 43
2 46
2 49
2 57
2 63
2 65
2 70
2 71
2 72
2 74
2 78
2 80
2 81
3 4
3 5
3 6
3 7
3 8
3 9
3 10
3 11
3 14
3 16
3 17
3 18
3 20
3 21
3 22
3 23
3 24
3 31
3 33
3 35
3 36
3 38
3 41
3 46
3 47
3 54
3 59
3 64
3 66
3 68
3 73
3 77
3 78
3 82
3 84
3 96
4 5
4 6
4 7
4 8
4 9
4 10
4 13
4 14
4 17
4 21
4 22
4 31
4 34
4 41
4 43
4 48
4 50
4 68
4 70
4 78
4 81
4 85
4 88
5 6
5 7
5 8
5 9
5 11
5 12
5 13
5 16
5 17
5 18
5 19
5 21
5 23
5 27
5 30
5 35
5 36
5 38
5 40
5 44
5 58
5 61
5 62
5 63
5 67
5 69
5 94
6 7
6 8
6 9
6 10
6 12
6 13
6 14
6 15
6 19
6 20
6 21
6 25
6 31
6 34
6 37
6 39
6 42
6 44
6 50
6 51
6 54
6 58
6 61
6 64
6 69
6 89
6 90
6 94
6 99
7 8
7 10
7 12
7 15
7 18
7 20
7 24
7 25
7 27
7 28
7 32
7 37
7 38
7 39
7 40
7 42
7 46
7 56
7 60
7 64
7 65
7 74
7 75
7 78
7 82
7 87
7 97
8 9
8 10
8 11
8 12
8 13
8 14
8 15
8 17
8 18
8 19
8 20
8 22
8 25
8 26
8 27
8 30
8 31
8 41
8 44
8 45
8 50
8 51
8 57
8 58
8 63
8 64
8 66
8 68
8 82
8 84
8 87
8 91
9 10
9 11
9 13
9 14
9 15
9 16
9 17
9 18
9 20
9 24
9 25
9 26
9 27
9 34
9 36
9 38
9 43
9 46
9 49
9 63
9 64
9 65
9 67
9 76
9 79
9 87
9 93
9 96
10 11
10 12
10 19
10 22
10 28
10 30
10 34
10 38
10 40
10 42
10 45
10 47
10 48
10 56
10 65
10 69
10 76
10 80
10 85
10 88
10 91
10 98
11 12
11 13
11 16
11 20
11 21
11 22
11 26
11 27
11 32
11 37
11 39
11 41
11 42
11 50
11 51
11 52
11 56
11 61
11 62
11 68
11 73
11 74
11 99
12 17
12 24
12 27
12 30
12 39
12 40
12 41
12 44
12 45
12 46
12 49
12 53
12 55
12 57
12 64
12 66
12 69
12 82
12 97
12 99
13 33
13 68
13 43
13 14
13 15
13 16
13 85
13 26
13 60
13 93
14 15
14 21
14 23
14 25
14 28
14 29
14 30
14 33
14 35
14 37
14 46
14 47
14 52
14 54
14 63
14 69
14 72
14 74
14 83
14 92
14 93
15 33
15 90
15 43
15 76
15 19
15 54
15 24
15 58
15 94
16 20
16 45
16 46
16 48
16 49
16 58
16 60
16 66
16 74
16 88
16 92
16 96
17 33
17 36
17 71
17 76
17 77
17 18
17 26
17 28
18 65
18 80
18 19
18 23
18 60
19 32
19 34
19 41
19 43
19 47
19 53
19 55
19 56
19 72
19 90
19 92
20 22
20 23
20 24
20 26
20 27
20 29
20 35
20 36
20 49
20 52
20 54
20 64
20 73
20 79
20 81
20 84
20 86
20 95
21 22
21 23
21 28
21 33
21 34
21 36
21 42
21 49
21 50
21 56
21 59
21 83
21 90
22 97
22 36
22 42
22 43
22 48
22 83
22 55
22 23
22 26
23 24
23 25
23 29
23 30
23 33
23 34
23 37
23 51
23 52
23 60
23 66
23 73
23 81
23 83
23 85
24 38
24 70
24 47
24 80
24 51
24 28
24 31
25 31
25 38
25 42
25 44
25 47
25 59
25 61
25 62
25 63
25 79
25 80
25 82
25 86
26 29
26 30
26 32
26 35
26 36
26 37
26 39
26 52
26 55
26 60
26 61
26 67
26 71
26 72
26 81
26 90
26 92
26 95
27 28
27 37
27 38
27 40
27 44
27 45
27 46
27 61
27 66
27 86
27 90
27 93
27 94
28 29
28 32
28 35
28 37
28 39
28 41
28 47
28 51
28 56
28 58
28 69
28 70
28 83
28 88
28 96
29 35
29 98
29 41
29 73
29 48
29 51
29 87
29 56
30 34
30 75
30 76
30 48
30 84
30 91
30 60
31 32
31 70
31 51
32 96
32 70
32 75
32 50
32 83
32 54
32 88
32 57
33 96
33 35
33 44
33 45
33 80
33 63
34 99
34 40
34 81
34 84
34 60
35 58
35 81
35 52
35 53
35 84
35 95
36 40
36 50
36 53
36 56
36 65
36 67
36 73
36 79
36 83
36 91
36 93
37 44
37 78
37 49
37 52
37 54
37 57
37 62
38 68
38 73
38 79
38 94
38 57
39 68
39 70
39 43
39 77
39 48
39 52
39 87
40 59
40 76
40 47
40 49
40 94
41 67
41 69
41 72
41 42
41 76
41 85
41 55
41 58
42 66
43 59
43 94
44 89
44 72
44 74
44 91
45 82
45 54
45 62
46 67
46 98
46 72
46 59
46 91
46 82
46 57
47 86
48 50
48 55
49 69
49 91
49 61
50 78
50 53
50 55
50 90
50 59
51 71
51 61
51 53
52 96
52 67
52 71
52 80
53 74
53 75
53 82
53 83
53 93
54 85
54 86
54 55
54 95
55 97
55 75
55 77
55 63
56 65
56 98
56 76
56 77
56 86
57 79
57 62
58 71
58 74
58 88
58 94
58 62
59 75
60 66
60 98
60 78
60 81
60 85
62 67
62 75
62 86
62 95
63 87
64 65
65 71
66 68
66 89
66 90
67 87
67 95
69 88
70 99
71 77
71 79
71 95
72 84
73 97
73 77
75 92
76 89
77 98
78 80
78 89
78 91
79 97
79 98
79 87
79 95
80 99
81 98
81 85
81 93
82 97
82 92
84 88
87 96
88 99
88 89
91 92
