100 800
0 1
0 2
0 3
0 4
0 5
0 6
0 7
0 8
0 9
0 10
0 11
0 12
0 13
0 14
0 15
0 16
0 17
0 18
0 19
0 20
0 21
0 22
0 23
0 24
0 25
0 26
0 27
0 28
0 29
0 30
0 31
0 32
0 33
0 34
0 35
0 36
0 37
0 38
0 39
0 40
0 41
0 42
0 43
0 44
0 45
0 46
0 47
0 48
0 49
0 50
0 51
0 52
0 53
0 54
0 55
0 56
0 57
0 58
0 59
0 60
0 61
0 62
0 63
0 64
0 65
0 66
0 67
0 68
0 69
0 70
0 71
0 72
0 73
0 74
0 75
0 76
0 77
0 78
0 79
0 80
0 81
0 82
0 83
0 84
0 85
0 86
0 87
0 88
0 89
0 90
0 91
0 92
0 93
0 94
0 95
0 96
0 97
0 98
0 99
1 65
1 2
1 34
1 4
1 69
1 70
1 72
1 49
1 51
1 19
1 84
1 86
1 26
1 28
1 93
1 31
2 32
2 6
2 38
2 8
2 73
2 9
2 12
2 18
2 21
2 54
2 94
2 95
3 97
3 35
3 41
3 59
3 12
3 76
3 28
3 17
3 52
3 58
3 91
3 92
4 10
4 14
4 17
4 19
4 20
4 34
4 35
4 37
4 40
4 46
4 47
4 48
4 49
4 59
4 60
4 80
4 86
5 64
5 99
5 73
5 9
5 13
5 83
5 84
5 22
5 24
5 94
5 31
6 97
6 65
6 68
6 9
6 76
6 16
6 85
6 87
6 91
6 92
6 29
6 62
7 66
7 90
7 38
7 72
7 73
7 74
7 45
7 20
7 53
7 86
7 88
7 26
7 59
7 95
8 97
8 37
8 39
8 10
8 75
8 11
8 43
8 44
8 49
8 50
8 52
8 85
8 28
9 18
9 22
9 27
9 36
9 37
9 44
9 49
9 51
9 62
9 69
9 85
9 89
9 95
9 96
9 99
10 26
10 37
10 11
10 14
10 16
10 52
10 85
10 22
10 84
10 90
10 91
10 92
10 29
11 97
11 67
11 36
11 40
11 47
11 16
11 80
11 21
11 86
11 22
11 88
11 28
12 64
12 37
12 39
12 71
12 76
12 77
12 46
12 79
12 47
12 57
13 68
13 71
13 42
13 44
13 47
13 48
13 81
13 19
13 20
13 23
13 86
13 55
13 62
13 94
13 27
13 30
14 32
14 71
14 73
14 76
14 82
14 51
14 85
14 24
14 59
15 33
15 34
15 65
15 98
15 67
15 51
15 54
15 27
15 29
16 96
16 65
16 68
16 69
16 71
16 76
16 47
16 21
16 87
16 31
17 66
17 37
17 35
17 47
17 80
17 81
17 29
17 82
17 52
17 19
17 51
17 90
17 59
17 61
17 62
18 66
18 69
18 70
18 75
18 76
18 77
18 79
18 47
18 81
18 52
18 84
18 53
18 89
18 27
18 92
19 32
19 69
19 41
19 46
19 45
19 80
19 85
19 21
19 23
19 57
19 28
19 62
19 31
20 33
20 35
20 69
20 74
20 76
20 46
20 50
20 86
20 23
20 94
21 66
21 68
21 74
21 45
21 46
21 48
21 50
21 86
21 88
21 91
21 92
22 97
22 33
22 74
22 75
22 46
22 51
22 55
22 23
22 56
22 62
22 92
22 94
23 66
23 68
23 69
23 39
23 91
23 43
23 76
23 77
23 83
23 88
23 56
23 27
24 33
24 64
24 97
24 90
24 39
24 80
24 54
24 87
24 26
25 97
25 99
25 59
25 75
25 89
25 91
25 31
26 97
26 69
26 44
26 76
26 46
26 45
26 29
26 52
26 55
26 89
26 93
27 29
27 30
27 34
27 35
27 41
27 42
27 43
27 50
27 53
27 57
27 64
27 80
27 92
28 65
28 99
28 72
28 44
28 43
28 78
28 80
28 89
28 61
28 62
29 68
29 39
29 76
29 45
29 46
29 79
29 82
29 84
29 85
29 54
30 75
30 45
30 49
30 53
31 34
31 42
31 43
31 47
31 49
31 51
31 57
31 62
31 67
31 69
31 76
31 87
31 90
31 95
31 96
32 64
32 71
32 40
32 43
32 50
32 89
33 64
33 35
33 68
33 37
33 71
33 41
33 47
33 49
33 82
33 52
33 86
33 91
34 66
34 68
34 52
34 92
35 48
35 50
35 51
35 54
35 60
35 64
35 65
35 67
35 68
35 75
35 81
35 91
36 97
36 68
36 37
36 39
36 48
36 51
36 53
36 55
36 93
37 97
37 66
37 39
37 40
37 43
37 41
37 79
37 85
37 89
38 67
38 71
38 73
38 84
38 52
38 88
38 57
39 40
39 44
39 47
39 52
39 72
39 75
39 78
39 89
39 92
39 93
39 96
40 69
40 70
40 43
40 44
40 52
40 85
40 89
40 94
41 97
41 66
41 69
41 42
41 76
41 77
41 52
41 57
41 91
42 97
42 74
42 47
42 81
42 88
42 60
42 63
43 53
43 57
43 62
43 67
43 71
43 74
43 81
43 86
43 88
43 89
43 93
43 96
44 45
44 47
44 48
44 53
44 56
44 58
44 61
44 65
44 66
44 71
44 76
44 83
44 85
44 91
44 93
44 97
45 64
45 72
45 52
45 55
45 94
45 58
46 51
46 56
46 59
46 61
46 63
46 66
46 71
46 81
46 83
46 86
47 65
47 69
47 75
47 80
47 89
47 93
48 65
48 78
48 76
48 52
48 53
48 88
48 94
49 98
49 99
49 73
49 55
49 61
50 70
50 73
50 83
50 52
50 54
51 58
51 62
51 68
51 69
51 70
51 71
51 74
51 79
51 81
51 86
51 97
51 99
52 78
52 80
52 82
52 86
52 91
53 98
53 67
53 89
53 57
54 78
54 55
54 57
54 60
55 70
55 74
55 79
55 56
55 95
56 69
56 70
56 89
56 58
56 94
56 95
57 97
57 90
57 60
57 93
57 62
57 95
58 71
58 80
58 82
58 91
58 95
59 67
59 71
59 81
59 88
59 95
60 65
60 64
60 73
60 77
60 79
60 81
60 83
60 84
60 87
60 95
61 98
61 87
61 93
62 65
62 74
62 80
62 88
62 95
63 99
63 69
63 70
63 72
63 82
63 84
63 85
63 92
63 94
63 95
64 96
64 69
64 72
64 91
65 66
65 70
65 72
65 75
65 80
65 86
65 93
66 97
66 99
66 68
66 74
66 79
66 84
67 98
67 68
67 75
67 86
67 93
67 95
68 71
69 79
69 82
69 93
69 97
69 98
70 99
70 75
70 81
71 75
71 84
71 95
71 98
72 74
73 96
73 77
73 78
73 81
73 89
74 88
74 89
74 91
75 97
75 77
75 81
76 84
76 85
76 91
76 97
77 96
77 81
77 86
78 96
78 99
79 80
79 81
79 85
79 87
79 88
79 92
79 94
79 98
79 99
80 90
81 87
81 88
81 89
81 98
82 90
82 84
83 85
83 88
83 90
83 95
84 97
84 92
85 88
85 93
85 94
85 98
86 87
86 89
88 94
91 99
92 94
94 97
94 99
96 98
96 99
