100 800
0 1
0 2
0 3
0 4
0 5
0 6
0 7
0 8
0 9
0 10
0 11
0 12
0 13
0 14
0 15
0 16
0 17
0 18
0 19
0 20
0 21
0 22
0 23
0 24
0 25
0 26
0 27
0 28
0 29
0 30
0 31
0 32
0 33
0 34
0 35
0 36
0 37
0 38
0 39
0 40
0 41
0 42
0 43
0 44
0 45
0 46
0 47
0 48
0 49
0 50
0 51
0 52
0 53
0 54
0 55
0 56
0 57
0 58
0 59
0 60
0 61
0 62
0 63
0 64
0 65
0 66
0 67
0 68
0 69
0 70
0 71
0 72
0 73
0 74
0 75
0 76
0 77
0 78
0 79
0 80
0 81
0 82
0 83
0 84
0 85
0 86
0 87
0 88
0 89
0 90
0 91
0 92
0 93
0 94
0 95
0 96
0 97
0 98
0 99
1 65
1 66
1 98
1 36
1 5
1 6
1 10
1 17
1 53
1 87
1 56
1 90
1 30
2 97
2 34
2 37
2 72
2 9
2 10
2 80
2 49
2 18
2 17
2 25
2 58
2 61
3 64
3 8
3 12
3 79
3 83
3 19
3 24
3 57
3 56
3 62
4 65
4 32
4 97
4 17
4 84
4 21
4 23
4 25
4 28
4 93
4 95
5 20
5 26
5 39
5 42
5 43
5 48
5 49
5 55
5 56
5 57
5 58
5 59
5 76
5 80
5 81
5 95
5 97
6 99
6 35
6 71
6 39
6 73
6 42
6 88
6 25
6 27
6 29
6 30
6 57
7 68
7 37
7 69
7 39
7 75
7 76
7 46
7 16
7 53
7 54
7 25
7 91
7 30
7 63
8 97
8 35
8 13
8 48
8 49
8 50
8 81
8 18
8 53
8 51
8 24
8 25
8 31
9 64
9 34
9 39
9 71
9 45
9 46
9 15
9 47
9 20
10 34
10 33
10 71
10 74
10 44
10 15
10 18
10 84
10 21
10 54
10 85
10 24
10 57
10 31
11 97
11 65
11 66
11 99
11 33
11 77
11 79
11 81
11 19
11 86
11 94
11 58
11 29
11 30
11 95
12 37
12 72
12 16
12 18
12 52
12 55
12 89
12 91
12 60
12 29
13 99
13 39
13 40
13 41
13 45
13 14
13 15
13 81
13 17
13 51
13 19
13 88
13 56
13 63
14 41
14 44
14 48
14 52
14 85
14 54
14 57
14 28
14 95
15 33
15 65
15 43
15 75
15 41
15 78
15 17
15 19
15 91
15 60
15 63
16 35
16 73
16 77
16 79
16 47
16 17
16 20
16 85
16 54
16 22
16 27
16 62
17 32
17 45
17 51
17 52
17 53
17 55
17 63
17 75
17 79
17 81
17 87
17 95
18 96
18 34
18 99
18 70
18 75
18 74
18 77
18 79
18 84
18 53
18 54
18 91
18 31
19 32
19 65
19 36
19 71
19 74
19 43
19 52
19 87
19 24
19 26
19 92
20 27
20 34
20 44
20 45
20 52
20 53
20 61
20 66
20 69
20 71
20 74
20 80
20 83
20 90
20 99
21 32
21 69
21 70
21 75
21 47
21 80
21 22
21 25
21 60
22 73
22 47
22 53
22 88
22 24
22 58
22 27
22 61
23 64
23 97
23 40
23 74
23 75
23 82
23 86
23 89
23 59
23 60
23 95
24 96
24 38
24 41
24 73
24 84
24 87
25 98
25 36
25 77
25 92
25 29
25 63
26 33
26 72
26 40
26 50
26 86
26 58
27 34
27 69
27 76
27 44
27 78
27 81
27 51
27 55
27 87
28 33
28 98
28 46
28 48
28 85
28 60
28 93
28 95
29 98
29 34
29 42
29 78
29 46
29 50
29 51
29 85
29 54
29 60
29 93
29 95
30 31
30 32
30 41
30 44
30 55
30 59
30 64
30 65
30 66
30 70
30 81
30 82
30 86
30 87
30 96
30 97
30 99
31 64
31 34
31 99
31 37
31 77
32 35
32 40
32 73
32 75
32 80
32 84
32 90
32 61
32 94
33 42
33 45
33 57
33 59
33 61
33 64
33 66
33 67
33 75
33 79
33 84
33 85
33 96
34 97
34 98
34 67
34 45
34 78
34 80
34 81
34 55
34 90
35 96
35 64
35 69
35 72
35 40
35 85
35 62
35 56
35 59
35 94
36 65
36 98
36 97
36 37
36 68
36 75
36 48
36 82
36 86
36 54
37 68
37 39
37 74
37 48
37 51
37 86
37 55
37 88
37 61
38 67
38 45
38 78
38 54
38 89
38 59
38 94
39 65
39 42
39 43
39 78
39 82
39 53
39 58
39 93
40 67
40 42
40 46
40 79
40 48
40 53
40 95
41 98
41 71
41 72
41 74
41 81
41 84
41 55
41 61
42 66
42 68
42 70
42 50
42 84
42 86
42 58
42 62
43 89
43 97
43 69
43 93
43 85
43 88
43 57
43 61
43 62
43 63
44 64
44 72
44 74
44 46
44 78
44 83
44 56
44 63
45 46
45 47
45 57
45 62
45 69
45 73
45 77
45 90
45 94
45 95
45 99
46 99
46 76
46 79
46 53
46 56
47 96
47 67
47 71
47 83
47 55
47 60
48 97
48 98
48 64
48 65
48 76
48 92
48 86
49 66
49 69
49 70
49 73
49 76
49 81
49 50
49 54
49 59
49 62
49 95
50 98
50 68
50 70
50 72
50 76
50 79
50 84
50 53
50 87
50 95
51 66
51 67
51 68
51 80
51 52
51 55
51 63
52 64
52 76
52 61
52 83
52 56
52 58
52 92
52 93
53 65
53 66
53 79
53 85
53 90
53 62
54 55
54 63
54 67
54 75
54 76
54 81
54 84
54 88
54 92
54 95
55 67
55 74
55 79
55 81
55 83
55 87
55 90
56 79
56 92
56 61
56 62
57 66
57 71
57 70
57 75
57 74
57 84
57 93
58 72
58 61
58 95
59 64
59 99
59 72
59 73
59 85
59 92
59 93
59 63
60 69
60 88
60 89
60 94
61 67
61 68
61 83
61 84
61 92
62 82
62 93
63 99
63 69
63 70
63 73
63 76
63 92
64 98
64 70
64 73
64 78
64 85
64 88
65 69
65 70
65 71
65 72
65 77
65 86
65 90
65 97
66 96
66 81
66 86
66 87
67 68
67 71
67 74
67 80
67 85
67 88
67 92
67 95
67 99
68 98
68 99
68 69
68 76
68 80
68 86
69 98
69 84
69 85
69 88
69 92
70 97
70 80
70 85
70 94
71 98
71 78
71 79
71 83
71 88
71 94
71 95
72 79
72 89
73 79
73 81
73 86
73 88
73 93
73 95
74 98
74 77
74 86
74 87
75 96
75 80
75 83
75 79
75 81
76 96
76 79
76 85
76 87
76 86
77 96
77 98
77 86
77 92
79 81
79 84
79 88
79 90
79 92
79 93
79 99
80 97
80 82
80 88
81 91
81 97
81 98
82 96
82 91
83 96
83 85
83 86
84 97
84 89
85 96
85 99
86 89
86 93
86 97
87 95
88 99
88 92
88 93
89 96
90 98
90 97
90 96
92 99
92 93
93 95
94 98
94 95
