100 800
0 1
0 2
0 3
0 4
0 5
0 6
0 7
0 8
0 9
0 10
0 11
0 12
0 13
0 14
0 15
0 16
0 17
0 18
0 19
0 20
0 21
0 22
0 23
0 24
0 25
0 26
0 27
0 28
0 29
0 30
0 31
0 32
0 33
0 34
0 35
0 36
0 37
0 38
0 39
0 40
0 41
0 42
0 43
0 44
0 45
0 46
0 47
0 48
0 49
0 50
0 51
0 52
0 53
0 54
0 55
0 56
0 57
0 58
0 59
0 60
0 61
0 62
0 63
0 64
0 65
0 66
0 67
0 68
0 69
0 70
0 71
0 72
0 73
0 74
0 75
0 76
0 77
0 78
0 79
0 80
0 81
0 82
0 83
0 84
0 85
0 86
0 87
0 88
0 89
0 90
0 91
0 92
0 93
0 94
0 95
0 96
0 97
0 98
0 99
1 58
1 36
1 39
1 72
1 42
1 43
1 14
1 46
1 48
1 49
1 25
1 26
1 94
1 31
2 4
2 40
2 41
2 43
2 44
2 46
2 16
2 50
2 19
2 51
2 53
2 57
2 91
2 60
3 97
3 4
3 37
3 6
3 41
3 75
3 11
3 13
3 44
3 15
3 20
3 22
3 88
3 25
3 58
3 95
3 31
4 9
4 15
4 19
4 20
4 32
4 33
4 36
4 38
4 44
4 53
4 55
4 70
4 71
4 72
4 77
4 93
4 95
5 33
5 34
5 97
5 71
5 73
5 59
5 11
5 44
5 13
5 41
5 80
5 17
5 20
5 55
5 27
5 31
6 32
6 36
6 69
6 58
6 8
6 41
6 9
6 44
6 47
6 86
6 55
6 56
6 90
7 38
7 11
7 12
7 79
7 48
7 21
7 25
7 92
8 64
8 56
8 90
8 40
8 73
8 42
8 77
8 14
8 81
8 82
8 86
8 24
8 89
8 26
8 95
9 34
9 39
9 72
9 41
9 74
9 44
9 80
9 83
9 53
9 86
9 24
9 89
9 58
9 28
10 35
10 69
10 40
10 73
10 42
10 28
10 14
10 46
10 80
10 17
10 82
10 85
10 59
10 92
10 61
11 65
11 98
11 75
11 45
11 15
11 79
11 85
11 88
11 57
12 32
12 74
12 76
12 44
12 49
12 19
12 84
12 24
12 57
12 58
12 28
12 95
13 70
13 76
13 80
13 17
13 82
13 54
13 56
13 57
13 95
13 63
14 68
14 69
14 76
14 81
14 83
14 20
14 23
14 57
14 59
14 28
14 31
15 33
15 34
15 68
15 38
15 74
15 43
15 53
15 21
15 86
15 90
16 32
16 99
16 89
16 65
16 40
16 81
16 49
16 82
16 55
16 88
16 57
16 93
16 94
16 95
17 22
17 48
17 53
17 61
17 64
17 66
17 73
17 77
17 78
17 79
17 87
17 88
17 89
17 92
17 94
17 96
17 99
18 22
18 26
18 30
18 34
18 42
18 43
18 44
18 46
18 54
18 58
18 59
18 62
18 70
18 71
18 73
18 83
18 85
18 86
18 94
18 97
19 65
19 34
19 66
19 96
19 32
19 43
19 44
19 50
19 51
19 21
19 22
19 25
19 63
19 57
20 33
20 99
20 36
20 73
20 41
20 84
20 85
20 87
20 56
20 61
21 65
21 74
21 77
21 48
21 50
21 29
21 24
21 25
21 91
21 61
22 67
22 35
22 38
22 45
22 78
22 47
22 80
22 82
22 31
23 35
23 39
23 78
23 49
23 51
23 85
23 57
24 28
24 34
24 36
24 39
24 41
24 52
24 54
24 55
24 56
24 67
24 73
24 79
24 84
24 92
24 94
24 99
25 96
25 66
25 98
25 71
25 83
25 91
25 61
26 99
26 71
26 78
26 85
26 60
26 93
26 95
27 96
27 70
27 74
27 42
27 78
27 80
27 93
27 94
27 95
28 32
28 96
28 45
28 79
28 50
28 57
28 59
28 60
28 31
29 34
29 67
29 71
29 41
29 47
29 49
29 54
29 88
29 58
29 30
30 68
30 90
30 72
30 75
30 77
30 81
30 53
30 86
30 57
30 58
30 59
30 92
30 61
31 32
31 34
31 98
31 70
31 44
31 46
31 50
31 87
31 63
32 38
32 39
32 41
32 44
32 79
32 50
32 85
32 88
32 63
32 95
33 68
33 36
33 76
33 44
33 46
33 83
33 86
34 71
34 74
34 73
34 45
34 58
34 59
35 64
35 38
35 75
35 44
35 45
35 46
35 77
35 48
35 50
35 82
35 53
35 89
35 93
36 96
36 66
36 68
36 71
36 73
36 74
36 76
36 45
36 49
36 84
37 66
37 67
37 70
37 39
37 59
37 75
37 77
37 85
37 87
37 56
37 91
37 95
38 65
38 75
38 44
38 79
38 87
38 90
38 59
39 67
39 45
39 79
39 48
39 51
39 55
40 70
40 76
40 49
40 86
40 55
40 88
40 89
40 90
41 47
41 53
41 55
41 58
41 60
41 65
41 71
41 77
41 88
41 91
41 92
41 99
42 43
42 45
42 46
42 50
42 56
42 58
42 60
42 65
42 75
42 76
42 78
42 80
42 84
43 78
43 79
43 55
43 59
43 63
44 52
44 57
44 58
44 97
45 71
45 73
45 80
45 87
45 88
45 62
46 47
46 48
46 50
46 51
46 58
46 62
46 63
46 67
46 72
46 76
46 80
46 81
46 92
47 81
47 87
47 88
47 90
47 91
48 96
48 76
48 82
48 51
48 84
48 87
49 78
49 79
49 81
49 88
49 57
50 59
50 71
50 77
50 80
50 81
50 82
50 85
50 93
50 98
50 99
51 96
51 71
51 75
51 76
51 52
51 54
51 56
52 97
52 85
52 86
52 89
52 61
52 94
53 99
53 69
53 73
53 75
53 55
54 75
54 80
54 61
54 85
54 94
55 97
55 70
55 56
55 58
55 88
55 94
56 69
56 72
56 94
56 61
56 62
57 60
57 62
57 72
57 83
57 86
57 88
57 94
57 95
57 98
58 62
58 83
58 87
58 90
58 92
58 96
58 99
59 97
59 96
59 70
59 81
60 98
60 77
60 79
60 82
61 97
61 84
61 90
61 63
62 69
62 70
63 66
63 98
63 75
63 80
63 81
63 88
64 66
64 68
64 89
65 67
65 78
65 80
65 81
65 88
65 92
66 99
66 69
66 74
66 82
66 84
66 86
66 90
67 69
67 71
67 80
67 93
67 87
68 73
68 79
68 85
68 88
69 97
69 70
69 77
69 83
69 84
69 86
70 97
70 99
70 73
70 72
70 85
70 95
71 72
71 78
71 90
72 89
72 99
72 76
72 83
72 85
72 90
73 98
73 83
74 98
74 75
74 79
75 83
75 86
75 92
75 93
76 77
76 86
76 95
77 96
77 99
77 85
78 98
78 91
78 83
78 87
78 94
79 83
79 87
79 95
80 82
80 83
80 90
80 92
80 98
81 85
82 83
83 95
84 98
85 86
85 89
85 99
86 88
86 92
89 98
89 96
89 94
90 99
90 91
90 95
91 97
91 98
91 93
91 94
92 94
93 94
94 95
96 99
