100 800
0 1
0 2
0 3
0 4
0 5
0 6
0 7
0 8
0 9
0 10
0 11
0 12
0 13
0 14
0 15
0 16
0 17
0 18
0 19
0 20
0 21
0 22
0 23
0 24
0 25
0 26
0 27
0 28
0 29
0 30
0 31
0 32
0 33
0 34
0 35
0 36
0 37
0 38
0 39
0 40
0 41
0 42
0 43
0 44
0 45
0 46
0 47
0 48
0 49
0 50
0 51
0 52
0 53
0 54
0 55
0 56
0 57
0 58
0 59
0 60
0 61
0 62
0 63
0 64
0 65
0 66
0 67
0 68
0 69
0 70
0 71
0 72
0 73
0 74
0 75
0 76
0 77
0 78
0 79
0 80
0 81
0 82
0 83
0 84
0 85
0 86
0 87
0 88
0 89
0 90
0 91
0 92
0 93
0 94
0 95
0 96
0 97
0 98
0 99
1 35
1 70
1 9
1 41
1 75
1 12
1 20
1 85
1 22
1 52
1 21
1 53
1 90
1 63
1 94
1 31
2 65
2 98
2 64
2 3
2 69
2 38
2 7
2 5
2 17
2 49
2 22
3 38
3 44
3 16
3 51
3 55
3 23
3 26
3 28
3 29
3 30
4 32
4 68
4 5
4 8
4 41
4 10
4 43
4 77
4 46
4 82
4 51
4 84
4 52
4 86
4 94
5 96
5 68
5 9
5 76
5 77
5 48
5 87
5 56
5 59
6 9
6 74
6 16
6 48
6 17
6 87
6 89
6 26
7 9
7 10
7 12
7 16
7 19
7 20
7 23
7 24
7 29
7 30
7 31
7 41
7 45
7 46
7 49
7 61
7 63
7 71
7 82
7 86
7 94
8 34
8 69
8 42
8 76
8 77
8 80
8 55
8 25
8 59
9 71
9 74
9 44
9 17
9 49
9 82
9 50
9 83
9 86
9 62
9 94
10 32
10 34
10 39
10 14
10 80
10 52
10 85
10 88
10 89
10 92
10 62
10 95
11 97
11 98
11 99
11 36
11 66
11 70
11 39
11 37
11 42
11 43
11 15
11 80
11 56
12 16
12 18
12 19
12 35
12 38
12 50
12 54
12 55
12 64
12 65
12 66
12 70
12 73
12 85
12 86
12 87
12 93
12 97
13 35
13 38
13 41
13 74
13 42
13 14
13 16
13 50
13 29
13 59
13 93
14 41
14 48
14 49
14 82
14 51
14 86
14 57
14 90
14 27
14 92
14 93
15 33
15 99
15 38
15 39
15 73
15 16
15 83
15 22
15 56
15 27
15 28
16 65
16 34
16 36
16 69
16 99
16 46
16 77
16 48
16 50
16 84
16 20
17 96
17 39
17 51
17 53
17 54
17 58
17 62
17 95
18 34
18 68
18 39
18 78
18 79
18 53
18 89
18 27
18 29
19 32
19 65
19 33
19 36
19 70
19 39
19 79
19 82
19 86
19 29
20 31
20 34
20 41
20 49
20 60
20 61
20 62
20 63
20 76
20 79
20 82
20 84
20 85
20 86
20 95
21 97
21 65
21 68
21 38
21 71
21 40
21 73
21 75
21 79
21 52
21 91
21 63
22 35
22 67
22 43
22 29
22 53
22 55
22 56
22 26
22 92
22 61
22 95
23 66
23 70
23 72
23 40
23 42
23 46
23 48
23 53
23 55
23 57
23 90
23 29
23 94
23 95
24 99
24 67
24 36
24 41
24 46
24 49
24 84
24 55
24 90
24 29
24 31
25 64
25 34
25 44
25 80
25 85
25 89
25 26
25 92
26 38
26 52
26 54
26 60
26 74
26 76
26 82
26 83
26 85
26 88
26 92
26 95
26 96
26 98
27 32
27 37
27 71
27 72
27 76
27 49
27 85
27 55
27 56
27 57
27 90
28 34
28 35
28 37
28 68
28 72
28 45
28 52
28 86
28 55
28 89
28 59
28 92
28 93
29 96
29 77
29 90
30 35
30 36
30 79
30 49
30 87
30 93
30 94
31 65
31 97
31 69
31 75
31 46
31 56
31 60
31 61
32 65
32 35
32 69
32 71
32 72
32 39
32 42
32 74
32 47
32 54
32 63
33 67
33 68
33 36
33 80
33 49
33 83
33 86
33 57
33 59
33 60
33 63
34 42
34 47
34 48
34 51
34 68
34 69
34 73
34 78
34 81
34 91
34 97
35 67
35 37
35 39
35 79
35 92
35 88
36 96
36 68
36 38
36 72
36 73
36 81
36 50
36 91
37 67
37 59
37 42
37 76
37 78
37 60
37 52
37 56
38 67
38 39
38 92
38 58
38 60
38 94
38 95
39 42
39 43
39 46
39 51
39 60
39 61
39 65
39 70
39 71
39 79
39 81
39 84
39 86
39 90
39 93
40 67
40 68
40 75
40 80
40 82
40 86
40 56
40 62
41 98
41 66
41 97
41 73
41 44
41 77
41 45
41 83
41 56
42 98
42 68
42 76
42 48
42 83
42 54
42 93
43 99
43 69
43 73
43 46
43 79
43 48
43 82
43 83
43 55
43 59
44 74
44 82
44 54
44 56
44 92
44 93
45 68
45 60
45 92
45 54
45 57
45 93
46 97
46 74
46 75
46 77
46 49
46 82
46 95
47 99
47 77
47 48
47 85
47 90
48 56
48 57
48 59
48 61
48 66
48 71
48 78
48 80
48 83
48 85
48 86
48 88
48 89
48 93
49 66
49 72
49 73
49 79
49 50
49 94
50 96
50 98
50 69
50 81
50 83
50 51
50 85
50 87
51 66
51 79
51 58
51 93
52 66
52 71
52 72
52 91
52 78
52 84
52 59
53 96
53 66
53 73
53 80
53 81
53 55
53 85
53 93
54 67
54 68
54 90
54 86
54 56
54 89
55 66
55 90
55 77
55 82
55 56
55 92
56 62
56 67
56 84
56 86
56 97
56 99
57 81
57 80
57 83
57 86
57 89
57 60
57 63
58 97
58 96
58 71
58 75
58 84
58 87
58 88
58 62
59 68
59 70
59 71
59 73
59 75
59 76
59 80
59 61
60 89
60 64
60 69
60 73
60 82
60 87
60 91
60 93
61 72
61 74
61 85
61 62
62 64
62 98
62 96
62 63
63 65
63 70
63 92
64 99
64 69
64 82
65 69
65 70
65 71
65 72
65 85
65 95
65 94
66 70
66 75
66 84
67 89
67 72
67 83
67 87
67 93
68 72
68 87
68 88
68 91
69 99
69 97
69 71
69 77
70 96
70 77
70 79
70 86
71 75
71 77
71 81
71 82
71 85
71 96
71 97
72 80
72 83
72 85
72 86
73 97
73 96
73 99
73 89
73 91
73 92
74 76
74 81
74 85
74 87
74 91
74 93
74 95
75 97
75 76
75 79
75 81
75 83
75 86
76 97
76 80
76 86
76 93
77 78
77 88
78 84
78 87
79 81
79 85
79 87
79 88
79 91
79 99
80 86
80 87
80 88
80 90
80 94
80 95
81 93
82 85
82 90
82 97
84 91
84 93
84 94
85 90
85 92
85 98
86 89
86 90
86 92
86 93
86 98
87 98
88 98
88 92
88 95
89 94
89 93
91 97
91 99
92 93
93 97
95 99
96 97
96 99
