100 800
0 1
0 2
0 3
0 4
0 5
0 6
0 7
0 8
0 9
0 10
0 11
0 12
0 13
0 14
0 15
0 16
0 17
0 18
0 19
0 20
0 21
0 22
0 23
0 24
0 25
0 26
0 27
0 28
0 29
0 30
0 31
0 32
0 33
0 34
0 35
0 36
0 37
0 38
0 39
0 40
0 41
0 42
0 43
0 44
0 45
0 46
0 47
0 48
0 49
0 50
0 51
0 52
0 53
0 54
0 55
0 56
0 57
0 58
0 59
0 60
0 61
0 62
0 63
0 64
0 65
0 66
0 67
0 68
0 69
0 70
0 71
0 72
0 73
0 74
0 75
0 76
0 77
0 78
0 79
0 80
0 81
0 82
0 83
0 84
0 85
0 86
0 87
0 88
0 89
0 90
0 91
0 92
0 93
0 94
0 95
0 96
0 97
0 98
0 99
1 35
1 38
1 40
1 42
1 13
1 82
1 51
1 52
1 85
1 21
1 62
1 24
1 57
1 90
1 50
1 94
1 95
2 33
2 65
2 3
2 41
2 10
2 91
2 45
2 79
2 19
2 54
2 89
2 59
2 92
2 30
3 65
3 4
3 36
3 38
3 7
3 80
3 18
3 19
3 52
3 53
3 62
3 30
3 63
4 32
4 66
4 34
4 36
4 70
4 39
4 96
4 9
4 44
4 80
4 81
4 51
4 22
4 92
4 63
5 32
5 34
5 72
5 43
5 79
5 54
5 24
5 90
5 28
6 38
6 7
6 70
6 42
6 43
6 14
6 81
6 82
6 19
6 21
6 22
6 87
6 89
6 26
6 62
7 32
7 35
7 36
7 71
7 9
7 77
7 82
7 51
7 86
7 56
7 89
7 92
7 93
8 65
8 98
8 67
8 99
8 34
8 71
8 74
8 42
8 44
8 14
8 48
8 81
8 52
8 89
8 90
9 34
9 67
9 36
9 71
9 41
9 10
9 12
9 78
9 79
9 16
9 19
9 27
9 28
9 93
10 33
10 65
10 36
10 35
10 74
10 11
10 17
10 19
10 20
10 84
10 54
10 25
10 95
11 90
11 69
11 44
11 12
11 14
11 46
11 80
11 18
11 52
11 85
11 86
11 87
11 58
11 27
11 31
12 18
12 20
12 22
12 24
12 26
12 29
12 37
12 49
12 53
12 63
12 65
12 70
12 81
12 83
12 88
12 91
12 96
13 15
13 19
13 23
13 27
13 29
13 40
13 49
13 54
13 57
13 60
13 63
13 65
13 71
13 74
13 76
13 83
13 88
13 94
14 67
14 38
14 70
14 79
14 81
14 17
14 53
14 87
14 56
14 24
15 20
15 21
15 22
15 24
15 33
15 35
15 40
15 43
15 53
15 54
15 56
15 62
15 66
15 69
15 74
15 86
15 91
15 95
15 98
16 96
16 33
16 99
16 72
16 77
16 46
16 19
16 53
16 25
16 27
16 92
16 95
17 24
17 26
17 27
17 29
17 35
17 42
17 43
17 45
17 52
17 55
17 59
17 62
17 66
17 74
17 78
17 90
17 96
18 33
18 64
18 43
18 46
18 48
18 81
18 20
18 52
18 62
19 97
19 98
19 64
19 71
19 40
19 46
19 56
19 89
19 31
20 21
20 22
20 26
20 27
20 29
20 31
20 33
20 46
20 47
20 53
20 70
20 71
20 74
20 75
20 78
20 97
21 33
21 34
21 68
21 38
21 40
21 72
21 77
21 47
21 84
21 86
21 58
21 60
21 94
22 33
22 70
22 38
22 46
22 81
22 84
22 60
23 32
23 98
23 99
23 34
23 37
23 43
23 76
23 44
23 29
23 85
23 25
23 93
23 62
23 31
24 25
24 48
24 54
24 58
24 59
24 64
24 78
24 80
24 91
24 92
24 94
24 99
25 32
25 45
25 51
25 53
25 54
25 57
25 60
25 95
26 33
26 39
26 45
26 79
26 83
26 90
26 27
26 95
27 68
27 69
27 46
27 57
27 91
28 64
28 66
28 35
28 98
28 97
28 96
28 71
28 69
28 36
28 41
28 46
28 80
28 89
28 91
29 32
29 96
29 71
29 43
29 53
29 94
29 90
29 61
29 62
29 63
30 65
30 98
30 38
30 40
30 80
30 49
30 82
30 83
30 81
30 55
30 56
31 65
31 66
31 35
31 73
31 76
31 80
31 49
31 53
31 56
31 61
31 94
32 99
32 73
32 79
32 81
32 88
32 57
33 97
33 70
33 40
33 78
33 79
33 85
33 84
34 97
34 72
34 74
34 50
34 55
35 36
35 41
35 45
35 47
35 49
35 60
35 63
35 66
35 70
35 72
35 82
35 98
36 70
36 72
36 68
36 76
36 80
36 48
36 87
37 97
37 78
37 51
37 90
38 96
38 74
38 76
38 48
38 81
38 49
38 55
38 59
38 93
39 66
39 90
39 42
39 75
39 78
39 80
39 51
39 85
39 54
39 88
39 59
39 92
40 41
40 42
40 44
40 62
40 71
40 86
40 88
40 89
40 90
40 94
40 98
41 42
41 44
41 77
41 93
41 62
41 63
42 58
42 71
42 43
42 83
42 52
42 90
42 59
43 48
43 50
43 58
43 59
43 60
43 65
43 68
43 73
43 74
43 91
43 96
44 96
44 68
44 69
44 74
44 45
44 80
44 95
45 64
45 99
45 74
45 83
45 62
46 49
46 54
46 69
46 71
46 75
46 76
46 78
46 80
46 81
46 88
46 91
46 96
47 64
47 77
47 48
47 82
47 84
47 61
48 99
48 70
48 75
48 49
48 51
48 92
48 93
48 62
49 64
49 66
49 65
49 70
49 78
49 55
49 89
49 58
49 94
50 97
50 67
50 68
50 82
50 52
50 53
51 71
51 84
51 58
51 61
52 97
52 96
52 54
52 86
52 92
52 93
53 89
53 78
53 85
53 84
54 60
54 67
54 71
54 72
54 75
54 81
54 98
54 99
55 98
55 69
55 70
55 86
55 62
55 57
56 68
56 82
56 84
56 85
57 74
57 79
57 82
57 86
58 99
58 74
58 78
58 82
58 84
58 87
58 59
59 68
59 71
59 75
59 76
59 79
59 81
59 92
60 98
60 67
60 69
60 77
60 82
60 85
60 92
60 93
60 63
61 98
61 75
61 86
61 92
61 62
62 66
62 67
62 68
62 69
62 70
62 76
63 66
63 73
63 78
63 88
63 90
64 96
64 72
64 92
64 84
64 90
65 68
65 69
65 90
66 98
66 68
66 71
66 76
66 79
66 86
66 95
67 96
67 79
67 81
67 88
67 90
68 78
68 79
68 84
68 92
69 74
69 78
69 82
69 85
69 87
70 75
70 79
70 83
70 88
70 91
71 81
71 92
71 97
71 98
72 88
72 89
72 92
73 97
73 79
73 91
74 75
74 79
74 80
75 93
75 90
76 78
76 86
76 89
77 81
77 82
77 86
77 93
78 79
78 87
78 93
79 96
79 98
79 99
80 81
81 84
81 90
81 94
81 96
82 86
83 99
83 84
83 87
83 91
84 85
84 87
86 96
86 99
87 91
88 90
88 91
89 92
91 98
92 95
94 96
