100 800
0 1
0 2
0 3
0 4
0 5
0 6
0 7
0 8
0 9
0 10
0 11
0 12
0 13
0 14
0 15
0 16
0 17
0 18
0 19
0 20
0 21
0 22
0 23
0 24
0 25
0 26
0 27
0 28
0 29
0 30
0 31
0 32
0 33
0 34
0 35
0 36
0 37
0 38
0 39
0 40
0 41
0 42
0 43
0 44
0 45
0 46
0 47
0 48
0 49
0 50
0 51
0 52
0 53
0 54
0 55
0 56
0 57
0 58
0 59
0 60
0 61
0 62
0 63
0 64
0 65
0 66
0 67
0 68
0 69
0 70
0 71
0 72
0 73
0 74
0 75
0 76
0 77
0 78
0 79
0 80
0 81
0 82
0 83
0 84
0 85
0 86
0 87
0 88
0 89
0 90
0 91
0 92
0 93
0 94
0 95
0 96
0 97
0 98
0 99
1 2
1 8
1 21
1 26
1 27
1 28
1 29
1 30
1 33
1 35
1 39
1 45
1 63
1 71
1 85
1 86
1 88
1 89
1 97
1 98
2 65
2 35
2 3
2 5
2 4
2 72
2 41
2 73
2 11
2 15
2 79
2 17
2 21
2 92
2 63
3 96
3 98
3 68
3 69
3 34
3 7
3 8
3 9
3 43
3 16
3 18
3 85
3 93
3 94
3 95
4 64
4 67
4 5
4 69
4 37
4 73
4 42
4 43
4 50
4 23
4 24
4 31
5 66
5 35
5 44
5 77
5 48
5 17
5 84
5 93
5 91
5 29
6 69
6 71
6 8
6 75
6 13
6 19
6 55
6 56
6 25
6 92
6 63
6 95
7 34
7 36
7 37
7 8
7 41
7 10
7 9
7 77
7 47
7 81
7 82
7 17
7 50
7 86
7 91
8 14
8 20
8 21
8 23
8 29
8 33
8 35
8 44
8 48
8 52
8 63
8 65
8 81
8 98
9 35
9 44
9 46
9 79
9 81
9 86
9 55
9 90
9 31
9 95
10 71
10 73
10 77
10 45
10 79
10 47
10 49
10 50
10 83
10 52
10 86
10 30
10 90
10 94
10 63
11 34
11 68
11 69
11 44
11 77
11 14
11 48
11 18
11 20
11 24
11 25
11 90
11 57
11 30
11 63
12 21
12 24
12 31
12 39
12 41
12 51
12 52
12 55
12 58
12 63
12 65
12 72
12 77
12 82
12 88
12 92
12 96
12 98
13 97
13 34
13 33
13 70
13 14
13 15
13 24
13 58
13 27
14 99
14 67
14 69
14 74
14 47
14 80
14 48
14 85
14 25
14 90
14 94
15 65
15 34
15 68
15 98
15 37
15 42
15 44
15 80
15 18
15 51
15 92
15 95
16 33
16 98
16 99
16 67
16 74
16 76
16 46
16 78
16 47
16 83
16 88
16 91
16 94
17 21
17 23
17 28
17 33
17 38
17 43
17 44
17 45
17 48
17 50
17 52
17 57
17 63
17 69
17 88
18 32
18 71
18 73
18 43
18 50
18 83
18 82
18 23
18 90
18 27
18 63
19 34
19 37
19 38
19 76
19 44
19 51
19 20
19 84
19 56
19 89
19 27
19 57
20 21
20 22
20 26
20 31
20 41
20 42
20 44
20 45
20 52
20 58
20 63
20 65
20 70
20 75
20 80
20 81
20 85
20 93
20 94
21 64
21 58
21 73
21 79
21 52
21 25
21 26
21 61
21 62
21 95
22 36
22 27
22 73
22 80
22 49
22 48
22 52
22 54
22 88
22 57
22 90
22 59
22 30
23 99
23 38
23 40
23 78
23 49
23 87
23 25
23 26
23 62
24 96
24 65
24 38
24 71
24 74
24 75
24 80
24 50
24 83
24 53
24 25
24 62
25 64
25 96
25 68
25 27
25 42
25 44
25 76
25 86
25 55
25 91
25 29
26 32
26 51
26 86
26 56
26 57
26 92
26 63
26 31
27 30
27 32
27 34
27 43
27 50
27 53
27 59
27 66
27 69
27 76
27 88
27 98
28 58
28 38
28 72
28 50
28 53
28 87
28 90
28 92
28 61
29 97
29 36
29 37
29 40
29 41
29 43
29 44
29 55
29 94
29 95
30 32
30 33
30 41
30 45
30 46
30 56
30 59
30 66
30 72
30 75
30 77
30 85
30 97
30 99
31 32
31 34
31 54
31 69
31 70
31 77
31 84
31 86
31 87
31 89
31 92
31 96
31 97
31 99
32 98
32 67
32 36
32 69
32 70
32 38
32 51
32 52
32 84
32 85
32 94
33 34
33 40
33 41
33 45
33 46
33 53
33 56
33 61
33 62
33 63
33 65
33 66
33 70
33 74
33 81
34 65
34 35
34 67
34 80
34 51
34 83
35 66
35 70
35 75
35 45
35 49
35 81
35 90
36 98
36 68
36 40
36 48
36 54
36 57
37 72
37 39
37 43
37 93
37 57
37 58
38 39
38 74
38 75
38 76
38 47
38 80
38 50
38 82
38 61
38 94
39 66
39 67
39 70
39 41
39 74
39 43
39 77
39 79
39 81
39 55
39 56
39 57
40 98
40 80
40 82
40 83
40 53
40 87
40 92
41 65
41 47
41 49
41 81
41 54
41 88
41 58
42 64
42 65
42 70
42 82
42 53
42 54
42 89
42 90
42 91
43 97
43 76
43 47
43 80
43 55
43 62
43 95
44 97
44 47
44 84
44 90
45 68
45 73
45 59
45 46
45 48
45 51
45 52
45 89
45 91
45 92
46 96
46 68
46 69
46 73
46 81
46 82
46 83
46 84
46 52
46 56
46 57
46 92
47 74
47 53
47 56
47 89
47 90
47 91
47 95
48 64
48 68
48 52
48 85
48 86
48 59
48 92
48 93
49 68
49 69
49 70
49 67
49 75
49 87
49 89
49 58
49 94
50 61
50 64
50 66
50 70
50 80
50 86
50 87
50 95
50 99
51 99
51 98
51 77
51 79
51 52
51 85
51 54
51 60
51 63
52 60
52 62
52 72
52 74
52 76
52 80
52 94
52 98
53 98
53 67
53 66
53 65
53 72
53 74
53 83
53 90
53 95
54 98
54 69
54 81
54 83
54 91
55 64
55 73
55 76
55 78
55 79
55 56
55 94
55 63
56 90
56 73
56 76
56 80
56 78
56 87
56 95
57 72
57 88
57 63
58 99
58 68
58 95
59 72
59 74
59 79
59 93
59 95
60 64
60 65
60 75
60 61
61 65
61 77
61 80
62 68
62 90
62 92
63 64
63 73
63 78
63 91
63 93
64 90
65 81
65 95
66 67
66 85
66 87
66 89
67 98
67 72
67 83
67 90
67 92
67 93
68 85
68 94
68 88
69 79
70 73
70 87
70 88
70 93
71 99
71 75
71 77
71 91
72 75
72 77
72 81
72 82
73 75
73 86
73 88
74 96
74 99
74 75
74 78
74 93
76 89
76 90
76 93
78 82
78 86
78 90
78 94
79 89
80 88
80 89
80 94
80 97
80 98
81 94
81 95
82 92
83 98
83 93
84 85
84 94
85 96
85 86
85 94
85 89
85 90
85 93
87 90
88 97
89 91
90 99
91 97
91 98
93 94
94 95
96 98
