100 800
0 1
0 2
0 3
0 4
0 5
0 6
0 7
0 8
0 9
0 10
0 11
0 12
0 13
0 14
0 15
0 16
0 17
0 18
0 19
0 20
0 21
0 22
0 23
0 24
0 25
0 26
0 27
0 28
0 29
0 30
0 31
0 32
0 33
0 34
0 35
0 36
0 37
0 38
0 39
0 40
0 41
0 42
0 43
0 44
0 45
0 46
0 47
0 48
0 49
0 50
0 51
0 52
0 53
0 54
0 55
0 56
0 57
0 58
0 59
0 60
0 61
0 62
0 63
0 64
0 65
0 66
0 67
0 68
0 69
0 70
0 71
0 72
0 73
0 74
0 75
0 76
0 77
0 78
0 79
0 80
0 81
0 82
0 83
0 84
0 85
0 86
0 87
0 88
0 89
0 90
0 91
0 92
0 93
0 94
0 95
0 96
0 97
0 98
0 99
1 64
1 66
1 5
1 6
1 38
1 10
1 49
1 63
1 87
1 58
1 28
1 29
1 95
2 98
2 3
2 38
2 71
2 76
2 17
2 82
2 86
2 54
2 56
2 57
2 27
2 93
2 62
3 33
3 98
3 37
3 41
3 42
3 77
3 17
3 49
3 50
3 85
3 22
3 54
3 27
4 32
4 33
4 75
4 12
4 45
4 14
4 46
4 16
4 17
4 79
4 83
4 87
4 88
4 61
4 30
4 63
5 33
5 68
5 40
5 15
5 16
5 48
5 51
5 52
5 21
5 54
5 90
5 59
6 34
6 37
6 71
6 39
6 74
6 75
6 76
6 53
6 86
6 90
6 59
6 61
6 94
6 95
7 9
7 14
7 19
7 21
7 24
7 26
7 28
7 46
7 48
7 51
7 55
7 56
7 62
7 76
7 79
7 83
7 86
7 89
7 93
8 68
8 38
8 71
8 72
8 42
8 11
8 77
8 13
8 80
8 19
8 21
8 61
9 16
9 26
9 44
9 47
9 50
9 55
9 63
9 66
9 67
9 82
9 86
9 90
9 93
9 94
9 95
9 96
9 98
10 68
10 72
10 40
10 42
10 11
10 87
10 57
10 27
10 62
11 74
11 43
11 81
11 83
11 54
11 25
11 90
11 91
11 93
11 30
12 69
12 51
12 21
12 56
12 25
12 91
12 60
12 94
12 95
13 33
13 73
13 76
13 14
13 50
13 61
13 51
13 86
13 28
13 93
13 62
14 32
14 98
14 26
14 44
14 45
14 78
14 84
14 24
14 89
14 58
14 59
14 60
14 31
15 98
15 67
15 56
15 38
15 41
15 50
15 54
15 87
15 24
15 58
15 60
15 31
16 70
16 42
16 77
16 49
16 17
16 54
16 25
16 93
16 94
16 95
17 22
17 23
17 33
17 37
17 42
17 48
17 60
17 63
17 65
17 78
17 86
17 87
17 89
17 96
18 33
18 98
18 99
18 96
18 69
18 38
18 37
18 43
18 46
18 48
18 84
18 59
18 92
19 65
19 70
19 42
19 76
19 47
19 52
19 85
19 84
19 87
19 57
20 39
20 41
20 74
20 79
20 23
20 25
20 92
20 29
20 95
21 64
21 71
21 46
21 79
21 81
21 85
21 54
21 23
21 89
21 92
21 63
22 96
22 66
22 91
22 76
22 46
22 49
22 82
22 85
22 25
22 59
22 92
22 29
23 36
23 70
23 90
23 92
23 31
24 65
24 97
24 69
24 75
24 43
24 46
24 81
24 50
24 55
24 26
24 60
24 30
24 63
25 27
25 34
25 35
25 38
25 40
25 41
25 44
25 46
25 55
25 57
25 69
25 78
25 83
25 91
25 92
25 97
26 64
26 98
26 38
26 70
26 41
26 75
26 44
26 49
26 84
26 54
26 27
26 61
26 30
27 99
27 68
27 69
27 67
27 40
27 73
27 41
27 74
27 46
27 80
28 34
28 32
28 41
28 44
28 47
28 50
28 56
28 93
28 62
28 63
29 64
29 98
29 68
29 36
29 69
29 43
29 44
29 82
29 51
29 53
29 88
29 58
29 61
29 30
30 64
30 38
30 40
30 43
30 76
30 44
30 45
30 79
30 48
30 47
30 89
30 94
31 97
31 35
31 38
31 72
31 41
31 84
31 52
31 54
31 88
31 85
31 63
32 38
32 39
32 80
32 86
32 89
32 60
32 94
33 41
33 46
33 83
33 88
33 89
33 94
34 98
34 36
34 40
34 73
34 72
34 83
34 86
34 87
35 97
35 99
35 39
35 72
35 74
35 49
35 50
35 82
35 90
35 93
36 98
36 67
36 69
36 73
36 76
36 78
36 79
36 51
36 85
36 87
36 58
36 60
36 62
37 97
37 68
37 99
37 70
37 40
37 71
37 80
37 81
37 94
38 39
38 40
38 49
38 60
38 64
38 73
38 74
38 82
38 90
38 93
38 95
39 50
39 51
39 53
39 57
39 62
39 64
39 70
39 71
39 79
39 84
39 85
39 89
39 96
40 43
40 45
40 46
40 56
40 60
40 64
40 67
40 69
40 72
40 73
40 78
40 82
40 85
40 91
41 45
41 46
41 53
41 55
41 56
41 62
41 77
41 84
41 93
42 43
42 45
42 51
42 52
42 53
42 54
42 55
42 57
42 60
42 67
42 80
42 95
42 97
43 96
43 99
43 68
43 75
43 83
43 86
43 87
43 91
43 61
44 64
44 68
44 74
44 76
44 46
44 91
45 73
45 51
45 87
45 56
45 60
45 95
46 50
46 56
46 57
46 74
46 84
46 90
46 96
47 74
47 89
47 94
48 98
48 71
48 75
48 84
48 56
48 89
48 61
49 65
49 66
49 83
49 86
49 58
49 94
49 95
50 97
50 98
50 71
50 74
50 52
50 61
50 63
51 77
51 86
51 57
52 75
52 78
52 84
52 85
52 93
53 80
53 81
53 86
53 91
53 63
54 66
54 79
54 60
55 60
55 62
55 71
55 77
55 80
55 83
55 86
55 87
55 91
55 94
55 96
55 98
56 72
56 75
56 79
56 86
56 93
56 94
57 97
57 96
57 89
57 65
57 72
57 71
57 79
57 60
58 99
58 68
58 73
58 77
58 86
58 59
58 92
58 93
58 94
58 95
59 68
59 79
59 80
59 88
59 89
59 91
59 95
59 63
60 61
60 66
60 67
60 87
60 89
60 94
61 65
61 72
61 76
61 81
61 93
62 80
62 83
62 91
62 93
62 95
63 91
63 79
63 82
63 84
63 85
64 65
64 79
64 94
65 74
65 80
65 81
65 82
65 87
65 91
66 77
66 80
66 88
67 77
67 79
67 88
68 99
68 71
68 79
68 89
68 90
68 91
69 82
69 83
69 85
70 98
70 80
71 90
71 92
71 94
73 79
73 94
74 76
74 80
74 89
74 90
75 98
75 99
75 82
75 88
76 83
76 87
76 90
77 79
77 80
77 84
77 85
77 88
77 89
77 91
78 98
78 83
78 93
78 95
79 81
79 95
79 96
82 98
82 99
82 93
83 93
83 95
84 98
84 89
84 92
84 94
86 89
87 96
87 88
88 93
89 92
89 98
89 99
90 97
90 91
90 92
92 95
95 98
98 99
