100 800
0 1
0 2
0 3
0 4
0 5
0 6
0 7
0 8
0 9
0 10
0 11
0 12
0 13
0 14
0 15
0 16
0 17
0 18
0 19
0 20
0 21
0 22
0 23
0 24
0 25
0 26
0 27
0 28
0 29
0 30
0 31
0 32
0 33
0 34
0 35
0 36
0 37
0 38
0 39
0 40
0 41
0 42
0 43
0 44
0 45
0 46
0 47
0 48
0 49
0 50
0 51
0 52
0 53
0 54
0 55
0 56
0 57
0 58
0 59
0 60
0 61
0 62
0 63
0 64
0 65
0 66
0 67
0 68
0 69
0 70
0 71
0 72
0 73
0 74
0 75
0 76
0 77
0 78
0 79
0 80
0 81
0 82
0 83
0 84
0 85
0 86
0 87
0 88
0 89
0 90
0 91
0 92
0 93
0 94
0 95
0 96
0 97
0 98
0 99
1 34
1 35
1 98
1 72
1 74
1 43
1 44
1 79
1 48
1 23
1 87
1 24
1 91
1 92
1 29
1 94
1 95
2 99
2 38
2 40
2 74
2 45
2 13
2 50
2 18
2 57
2 30
3 7
3 18
3 20
3 28
3 29
3 31
3 33
3 37
3 40
3 42
3 53
3 59
3 62
3 65
3 73
3 74
3 78
3 80
3 88
3 93
3 96
3 99
4 6
4 17
4 19
4 20
4 23
4 27
4 32
4 33
4 34
4 36
4 39
4 42
4 44
4 45
4 54
4 58
4 62
4 63
4 68
4 77
4 78
4 87
4 88
4 99
5 35
5 68
5 72
5 73
5 77
5 14
5 81
5 19
6 96
6 67
6 70
6 44
6 45
6 79
6 18
6 84
6 56
6 91
6 92
6 30
7 65
7 99
7 37
7 39
7 8
7 42
7 75
7 13
7 46
7 79
7 50
7 87
7 28
7 30
8 9
8 11
8 28
8 35
8 36
8 47
8 49
8 50
8 56
8 58
8 65
8 66
8 69
8 77
8 78
8 87
8 89
8 96
9 89
9 35
9 70
9 39
9 72
9 11
9 45
9 80
9 81
9 61
9 20
9 23
9 25
9 92
9 93
9 30
10 64
10 68
10 70
10 40
10 44
10 45
10 46
10 22
10 57
10 91
10 28
10 29
11 67
11 69
11 70
11 71
11 45
11 20
11 59
12 69
12 70
12 13
12 78
12 79
12 14
12 17
12 20
12 88
12 89
12 58
13 64
13 40
13 87
13 95
13 63
14 70
14 39
14 46
14 16
14 82
14 53
14 22
14 94
15 32
15 99
15 58
15 36
15 70
15 41
15 43
15 76
15 45
15 47
15 83
15 89
15 90
15 59
15 28
16 99
16 68
16 37
16 73
16 42
16 43
16 74
16 44
16 47
16 50
16 91
16 60
16 95
17 97
17 98
17 38
17 43
17 47
17 79
17 49
17 18
17 53
17 87
17 26
17 62
18 33
18 96
18 34
18 32
18 99
18 82
18 61
18 84
18 19
18 21
18 26
18 29
19 97
19 35
19 99
19 73
19 43
19 44
19 46
19 80
19 85
19 86
19 23
19 24
19 93
20 64
20 97
20 34
20 43
20 44
20 83
20 85
20 90
20 27
21 99
21 68
21 74
21 81
21 82
21 56
21 62
22 96
22 33
22 97
22 68
22 76
22 46
22 78
22 50
22 51
22 88
22 24
22 56
22 29
22 30
22 31
23 37
23 38
23 72
23 43
23 85
23 54
23 55
23 25
23 26
23 27
24 64
24 70
24 71
24 59
24 45
24 46
24 79
24 49
24 50
24 81
24 56
24 88
24 29
24 62
25 32
25 66
25 69
25 42
25 43
25 91
25 27
25 28
25 61
25 31
26 64
26 34
26 35
26 67
26 37
26 38
26 42
26 80
26 49
26 86
26 56
26 89
26 54
26 62
27 97
27 66
27 67
27 64
27 38
27 71
27 74
27 47
27 48
27 82
27 88
27 92
27 95
28 64
28 44
28 78
28 49
28 51
28 84
28 60
29 30
29 35
29 37
29 45
29 46
29 54
29 58
29 63
29 67
29 73
29 74
29 89
29 91
29 97
30 96
30 34
30 33
30 97
30 71
30 82
30 85
30 86
30 56
30 31
31 34
31 47
31 51
31 55
31 63
31 68
31 70
31 71
31 72
31 76
31 77
31 78
31 79
31 82
31 83
31 90
31 94
31 99
32 33
32 36
32 38
32 46
32 47
32 52
32 53
32 59
32 61
32 63
32 73
32 76
32 77
32 93
32 94
33 90
33 71
33 74
33 43
33 45
33 46
33 85
33 86
33 58
33 92
34 41
34 45
34 47
34 53
34 62
34 66
34 67
34 69
34 74
34 76
34 80
34 94
34 98
35 41
35 45
35 48
35 54
35 58
35 60
35 72
35 78
35 87
35 89
35 91
36 68
36 37
36 46
36 79
36 55
37 98
37 42
37 75
37 77
37 47
37 54
37 56
38 98
38 42
38 75
38 43
38 92
39 65
39 99
39 45
39 85
39 54
40 65
40 67
40 73
40 75
40 49
40 84
40 85
40 57
40 61
41 66
41 68
41 48
41 53
41 88
41 94
42 97
42 66
42 75
42 78
42 47
42 50
42 55
42 91
42 94
43 65
43 88
43 59
43 95
44 49
44 58
44 60
44 61
44 66
44 69
44 70
44 81
44 89
44 90
44 93
44 95
45 54
45 71
45 82
45 94
45 95
46 73
46 93
46 94
47 65
47 71
47 72
47 53
47 54
47 87
47 57
48 55
48 57
48 61
48 62
48 67
48 72
48 75
48 80
48 83
48 85
48 87
48 92
48 95
48 98
48 99
49 66
49 67
49 80
49 55
49 54
49 87
49 90
50 68
50 73
50 78
50 80
50 54
50 56
50 87
51 96
51 71
51 72
51 74
51 77
51 84
51 87
51 57
51 95
52 65
52 70
52 88
52 57
52 59
53 64
53 88
54 82
54 94
55 97
55 66
55 72
55 81
55 85
55 87
56 64
56 66
56 97
56 83
56 60
57 65
57 74
57 80
57 82
57 89
57 58
57 63
58 96
58 69
58 75
58 94
59 82
59 85
59 61
60 78
60 81
61 68
61 80
61 62
62 64
62 71
62 79
62 84
62 87
62 92
63 65
63 76
63 86
64 98
64 69
64 71
64 75
64 89
64 93
65 97
65 99
65 70
66 98
66 69
66 74
66 79
66 89
66 92
66 93
67 98
67 68
67 81
67 82
67 85
68 71
68 89
69 97
69 99
69 74
69 84
70 72
70 80
70 79
70 93
71 72
71 75
71 78
71 79
71 81
71 83
71 87
72 75
72 76
72 81
72 82
72 87
73 99
73 80
73 93
73 87
73 89
73 90
74 75
74 79
75 96
75 82
75 83
75 91
75 94
76 98
76 78
76 79
76 82
76 95
77 79
77 90
78 96
79 85
79 94
80 98
80 82
80 85
81 84
81 87
81 90
82 83
82 94
82 99
83 88
83 85
83 91
84 85
84 90
85 99
87 90
87 92
87 95
88 98
89 96
89 99
90 91
90 92
91 96
91 99
92 96
92 99
92 97
92 93
93 98
95 97
95 96
98 99
