100 800
0 1
0 2
0 3
0 4
0 5
0 6
0 7
0 8
0 9
0 10
0 11
0 12
0 13
0 14
0 15
0 16
0 17
0 18
0 19
0 20
0 21
0 22
0 23
0 24
0 25
0 26
0 27
0 28
0 29
0 30
0 31
0 32
0 33
0 34
0 35
0 36
0 37
0 38
0 39
0 40
0 41
0 42
0 43
0 44
0 45
0 46
0 47
0 48
0 49
0 50
0 51
0 52
0 53
0 54
0 55
0 56
0 57
0 58
0 59
0 60
0 61
0 62
0 63
0 64
0 65
0 66
0 67
0 68
0 69
0 70
0 71
0 72
0 73
0 74
0 75
0 76
0 77
0 78
0 79
0 80
0 81
0 82
0 83
0 84
0 85
0 86
0 87
0 88
0 89
0 90
0 91
0 92
0 93
0 94
0 95
0 96
0 97
0 98
0 99
1 8
1 13
1 16
1 17
1 19
1 32
1 36
1 39
1 41
1 45
1 47
1 50
1 76
1 77
1 83
1 84
1 94
1 99
2 69
2 11
2 77
2 48
2 51
2 23
2 21
2 85
2 55
2 84
2 89
2 83
2 91
3 13
3 25
3 27
3 35
3 43
3 49
3 54
3 55
3 59
3 61
3 70
3 73
3 77
3 80
3 81
3 85
3 88
3 97
4 65
4 34
4 36
4 72
4 73
4 74
4 11
4 44
4 78
4 79
4 81
4 52
4 87
5 33
5 99
5 72
5 11
5 78
5 81
5 23
5 93
5 95
5 63
6 37
6 40
6 10
6 11
6 76
6 49
6 17
6 89
6 91
6 30
7 32
7 75
7 76
7 13
7 77
7 81
7 86
7 55
7 25
7 61
8 97
8 34
8 72
8 48
8 18
8 83
8 84
8 54
8 59
8 62
9 32
9 35
9 36
9 41
9 42
9 75
9 44
9 14
9 15
9 49
9 52
9 85
9 21
9 55
9 25
10 98
10 35
10 68
10 74
10 42
10 75
10 46
10 18
10 19
10 61
10 85
10 22
10 88
10 27
10 29
11 22
11 23
11 26
11 28
11 29
11 40
11 43
11 48
11 58
11 66
11 68
11 84
11 88
11 90
11 93
12 32
12 33
12 99
12 69
12 38
12 70
12 73
12 77
12 48
12 85
12 88
12 28
12 29
12 62
13 19
13 24
13 25
13 33
13 34
13 35
13 36
13 38
13 47
13 69
13 71
13 75
13 80
13 92
13 93
13 96
14 96
14 99
14 88
14 80
14 83
14 84
14 86
14 87
14 56
14 25
14 26
14 27
14 63
15 34
15 67
15 98
15 68
15 71
15 40
15 43
15 76
15 47
15 81
15 21
15 90
15 91
16 98
16 34
16 39
16 72
16 41
16 79
16 81
16 50
16 85
16 27
16 31
17 64
17 34
17 99
17 71
17 39
17 41
17 74
17 44
17 19
17 84
17 21
17 54
17 88
17 90
17 31
18 34
18 36
18 70
18 73
18 92
18 48
18 54
18 25
18 28
18 62
18 63
19 97
19 33
19 40
19 92
19 84
19 85
19 86
19 55
19 89
19 90
19 91
19 28
19 94
20 97
20 67
20 99
20 38
20 72
20 48
20 83
20 53
20 86
20 87
20 63
21 68
21 69
21 73
21 41
21 76
21 78
21 30
21 91
21 62
22 96
22 66
22 40
22 46
22 47
22 53
22 86
22 27
22 29
22 94
22 63
23 98
23 71
23 39
23 72
23 42
23 82
23 84
23 90
23 30
24 96
24 34
24 66
24 35
24 37
24 70
24 74
24 75
24 46
24 77
24 49
24 83
24 88
24 59
25 27
25 32
25 39
25 46
25 50
25 56
25 57
25 69
25 72
25 74
25 76
25 85
25 90
25 92
25 95
26 36
26 68
26 76
26 79
26 92
26 84
26 54
26 89
26 27
26 28
26 93
27 35
27 76
27 47
27 46
27 83
27 53
27 87
27 91
28 29
28 32
28 34
28 44
28 45
28 53
28 57
28 60
28 65
28 75
28 80
28 83
28 87
28 93
28 99
29 36
29 69
29 46
30 34
30 77
30 46
30 85
30 88
30 94
31 99
31 69
31 71
31 86
31 94
32 74
32 43
32 44
32 60
32 75
32 80
32 84
32 52
32 93
32 61
33 89
33 68
33 69
33 75
33 48
33 50
33 83
33 86
33 57
34 65
34 37
34 44
34 52
34 94
34 90
34 63
35 38
35 41
35 42
35 53
35 54
35 56
35 65
35 74
35 76
35 78
35 86
35 91
35 95
35 97
36 98
36 58
36 39
36 74
36 80
36 52
36 55
36 60
37 67
37 43
37 76
37 77
37 84
37 54
37 90
37 91
37 62
38 39
38 76
38 46
38 49
38 83
38 85
38 86
38 88
38 58
38 92
39 44
39 62
39 66
39 73
39 76
39 77
39 78
39 83
39 86
39 94
39 98
40 41
40 45
40 51
40 53
40 55
40 57
40 61
40 63
40 65
40 79
40 85
40 96
40 97
40 98
41 97
41 68
41 96
41 73
41 79
41 52
41 53
41 63
41 95
42 96
42 79
42 55
42 91
43 45
43 77
43 48
43 49
43 50
43 54
43 91
43 94
43 63
44 99
44 76
44 78
44 50
44 86
44 59
44 95
45 96
45 64
45 98
45 71
45 77
45 47
45 83
45 86
45 93
46 74
46 78
46 83
46 91
46 60
46 93
47 65
47 97
47 78
47 50
47 53
47 57
47 58
48 64
48 69
48 70
48 85
48 60
48 93
49 96
49 72
49 75
49 81
49 84
49 85
49 89
49 57
50 64
50 68
50 70
50 72
50 59
50 79
50 83
50 91
50 62
50 57
51 75
51 80
51 52
51 84
51 86
51 89
51 62
52 68
52 54
52 55
53 59
53 72
53 56
54 55
54 61
54 64
54 79
54 81
54 88
54 91
54 93
54 95
55 64
55 76
55 82
55 86
55 89
55 94
55 95
56 96
56 66
56 99
56 89
56 71
56 86
57 97
57 64
57 96
57 71
57 78
57 83
58 76
58 80
58 82
58 60
59 96
59 98
59 87
59 88
60 70
60 72
60 85
60 86
60 88
60 91
60 93
60 63
61 69
61 70
61 83
61 93
62 65
62 70
62 72
62 75
62 77
62 78
62 92
63 64
63 65
63 66
63 73
63 77
63 79
63 82
63 85
63 87
63 90
64 81
64 89
64 90
64 92
65 96
65 99
65 89
65 93
66 71
66 84
66 86
67 99
67 75
67 79
67 80
67 87
67 89
68 71
68 82
68 87
68 88
69 99
69 71
69 73
69 79
69 87
69 90
69 92
70 71
70 75
70 76
70 93
70 85
70 84
70 88
71 96
71 73
71 80
71 82
71 84
72 81
72 84
72 88
72 89
73 99
73 83
73 85
73 87
74 97
74 86
74 90
75 97
75 86
75 94
76 87
77 86
77 91
77 92
77 94
77 97
78 89
78 82
78 93
79 90
80 89
80 90
81 83
81 94
82 90
82 87
83 89
84 92
86 94
87 90
88 90
88 93
88 95
89 91
89 92
89 98
90 93
91 98
92 99
93 94
94 96
94 95
