100 800
0 1
0 2
0 3
0 4
0 5
0 6
0 7
0 8
0 9
0 10
0 11
0 12
0 13
0 14
0 15
0 16
0 17
0 18
0 19
0 20
0 21
0 22
0 23
0 24
0 25
0 26
0 27
0 28
0 29
0 30
0 31
0 32
0 33
0 34
0 35
0 36
0 37
0 38
0 39
0 40
0 41
0 42
0 43
0 44
0 45
0 46
0 47
0 48
0 49
0 50
0 51
0 52
0 53
0 54
0 55
0 56
0 57
0 58
0 59
0 60
0 61
0 62
0 63
0 64
0 65
0 66
0 67
0 68
0 69
0 70
0 71
0 72
0 73
0 74
0 75
0 76
0 77
0 78
0 79
0 80
0 81
0 82
0 83
0 84
0 85
0 86
0 87
0 88
0 89
0 90
0 91
0 92
0 93
0 94
0 95
0 96
0 97
0 98
0 99
1 96
1 64
1 99
1 38
1 70
1 43
1 78
1 51
1 19
1 25
1 59
1 60
2 64
2 33
2 67
2 3
2 73
2 10
2 18
2 83
2 22
2 56
2 24
2 59
2 93
3 33
3 35
3 37
3 38
3 8
3 41
3 17
3 21
3 58
3 59
3 63
4 32
4 66
4 67
4 36
4 98
4 10
4 75
4 42
4 78
4 15
4 16
4 47
4 22
4 88
4 58
4 92
4 62
5 99
5 6
5 14
5 47
5 49
5 53
5 86
5 27
5 92
5 30
5 95
6 35
6 70
6 7
6 41
6 75
6 43
7 64
7 65
7 39
7 72
7 10
7 11
7 12
7 78
7 14
7 22
7 57
7 59
7 30
7 95
8 69
8 38
8 72
8 41
8 11
8 47
8 92
8 87
8 56
8 28
8 62
8 31
9 65
9 13
9 46
9 28
9 16
9 82
9 22
9 24
9 89
9 27
9 60
9 94
9 63
10 32
10 99
10 12
10 45
10 50
10 19
10 86
10 23
10 30
11 64
11 98
11 34
11 69
11 70
11 72
11 75
11 77
11 78
11 46
11 82
11 18
11 53
11 85
11 94
12 89
12 96
12 38
12 71
12 41
12 76
12 13
12 48
12 82
12 54
12 56
12 25
12 58
12 28
13 99
13 68
13 39
13 71
13 50
13 57
13 92
13 94
13 63
14 65
14 66
14 15
14 79
14 17
14 81
14 61
14 93
14 53
14 88
14 25
14 91
14 57
14 29
14 31
15 40
15 44
15 48
15 81
15 87
15 25
15 58
15 60
15 94
16 64
16 67
16 68
16 73
16 75
16 48
16 80
16 54
17 98
17 36
17 35
17 73
17 47
17 19
17 93
17 53
17 54
17 23
17 86
17 85
17 61
18 36
18 38
18 44
18 46
18 47
18 64
18 69
18 72
18 74
18 75
18 78
18 79
18 80
18 82
18 88
18 92
18 98
18 99
19 26
19 37
19 70
19 38
19 39
19 45
19 79
19 48
19 50
19 24
19 90
20 64
20 99
20 69
20 37
20 76
20 79
20 81
20 52
20 93
20 23
20 90
20 59
20 60
20 61
20 62
20 31
21 32
21 37
21 73
21 74
21 77
21 78
21 47
21 54
21 87
21 26
21 93
22 24
22 27
22 32
22 41
22 44
22 52
22 58
22 62
22 68
22 72
22 73
22 77
22 79
22 87
22 88
22 97
23 67
23 68
23 35
23 41
23 77
23 25
23 93
24 65
24 70
24 39
24 77
24 55
24 87
24 62
24 63
25 98
25 66
25 68
25 75
25 45
25 47
25 76
25 50
25 87
25 26
25 94
26 32
26 51
26 52
26 95
27 35
27 42
27 74
27 76
27 46
27 92
27 79
27 49
27 51
27 87
27 91
27 60
27 61
27 30
28 64
28 65
28 99
28 71
28 77
28 58
29 97
29 96
29 42
29 47
29 81
29 50
29 91
29 92
29 93
30 32
30 35
30 39
30 41
30 42
30 50
30 53
30 54
30 55
30 59
30 62
30 67
30 69
30 78
30 79
30 83
30 94
31 34
31 70
31 72
31 44
31 50
31 61
31 89
31 93
31 94
31 95
32 98
32 39
32 43
32 49
32 83
32 84
32 54
32 87
33 97
33 66
33 35
33 96
33 70
33 74
33 43
33 48
33 50
33 54
33 87
33 91
33 95
34 65
34 64
34 37
34 69
34 39
34 77
34 52
34 85
34 88
34 63
35 72
35 41
35 52
35 86
35 56
35 89
36 96
36 37
36 38
36 40
36 45
36 84
36 88
36 56
37 39
37 41
37 53
37 56
37 59
37 61
37 62
37 64
37 65
37 78
37 86
37 94
38 97
38 98
38 73
38 79
38 49
38 84
38 85
39 69
39 72
39 46
39 51
39 83
39 59
40 65
40 70
40 42
40 75
40 44
40 53
40 87
40 57
40 58
40 92
41 44
41 76
41 80
41 85
41 60
42 66
42 68
42 77
42 81
42 54
42 62
42 87
42 58
42 93
42 94
43 96
43 69
43 64
43 97
43 76
43 47
43 57
44 69
44 70
44 71
44 73
44 46
44 82
44 85
44 53
44 90
45 73
45 77
45 47
45 56
45 89
45 59
45 92
46 70
46 71
46 73
46 76
46 77
46 53
46 86
46 87
47 54
47 56
47 58
47 64
47 67
47 69
47 73
47 90
47 91
48 96
48 98
48 68
48 76
48 77
48 80
48 93
49 98
49 77
49 80
49 83
49 56
49 58
49 92
49 62
50 56
50 65
50 66
50 77
50 81
50 82
50 92
50 94
50 95
50 96
50 98
51 98
51 68
51 90
51 75
51 77
51 59
52 68
52 58
52 70
52 78
52 82
52 55
52 94
52 63
52 62
52 95
53 97
53 72
53 82
53 55
53 88
53 93
53 95
54 70
54 71
54 75
54 78
54 56
54 90
54 59
54 92
55 66
55 90
55 75
55 87
55 58
56 64
56 65
56 77
56 81
56 82
56 84
56 95
57 98
57 80
57 85
57 88
58 65
58 68
58 73
58 75
59 61
59 63
59 66
59 69
59 86
59 88
59 89
59 90
59 91
59 93
59 98
60 69
60 81
60 82
60 88
60 89
61 65
61 66
61 74
61 88
62 69
62 71
62 74
63 98
63 69
63 88
64 72
64 78
64 81
64 87
64 88
64 90
64 95
65 67
65 68
65 77
65 86
66 68
66 70
66 71
66 83
66 84
66 86
66 88
67 89
67 71
67 81
67 94
67 90
68 70
68 80
68 82
68 85
68 94
68 95
68 99
69 74
69 81
69 85
69 89
69 99
70 72
70 76
70 87
70 88
70 91
70 93
71 96
71 77
71 81
71 76
71 86
72 98
72 99
72 78
72 84
73 83
73 87
74 98
74 79
74 81
74 94
74 93
75 76
75 82
75 85
75 86
76 99
76 81
76 82
76 84
76 91
77 78
77 79
77 84
77 92
78 81
78 95
79 80
79 94
81 88
81 91
81 96
82 86
82 87
82 89
82 90
82 93
83 89
84 99
85 88
85 94
85 95
86 98
86 97
86 99
87 90
87 92
87 94
87 96
88 91
88 93
88 95
88 99
89 98
90 97
90 93
93 98
94 98
96 99
