100 843
0 67
0 23
0 80
0 39
0 72
0 46
0 40
0 4
0 98
0 15
0 43
0 87
0 35
0 12
0 28
0 32
0 92
0 2
0 7
0 10
0 81
0 16
0 17
2 99
2 13
2 23
2 80
2 39
2 46
2 50
2 40
2 85
2 98
2 26
2 43
2 66
2 35
2 32
2 92
2 24
2 84
2 7
2 10
2 3
2 61
2 16
2 97
2 17
3 99
3 23
3 38
3 39
3 11
3 6
3 50
3 85
3 26
3 43
3 44
3 24
3 84
3 9
3 10
3 61
3 41
3 97
4 67
4 5
4 20
4 72
4 46
4 40
4 73
4 62
4 15
4 21
4 87
4 37
4 12
4 32
4 94
4 10
4 16
4 17
5 94
5 29
5 8
5 12
5 90
5 73
5 60
5 20
5 21
5 96
6 78
6 59
6 13
6 38
6 65
6 61
6 75
6 95
6 19
6 100
6 91
6 84
6 51
7 99
7 13
7 23
7 80
7 39
7 50
7 40
7 85
7 45
7 98
7 43
7 66
7 35
7 32
7 83
7 92
7 24
7 84
7 51
7 10
7 17
8 94
8 31
8 42
8 60
8 79
8 29
8 47
8 54
8 25
8 41
8 21
8 96
9 11
9 31
9 42
9 99
9 50
9 85
9 44
9 58
9 61
9 54
9 24
9 41
9 26
9 97
10 99
10 23
10 39
10 11
10 46
10 50
10 40
10 85
10 26
10 43
10 31
10 44
10 32
10 92
10 24
10 84
10 41
10 16
10 97
10 17
11 31
11 42
11 99
11 50
11 85
11 44
11 58
11 54
11 25
11 24
11 41
11 26
11 97
12 67
12 20
12 72
12 46
12 40
12 73
12 62
12 15
12 21
12 87
12 37
12 32
12 94
12 90
12 16
12 17
13 56
13 23
13 38
13 65
13 75
13 80
13 39
13 74
13 95
13 45
13 19
13 43
13 66
13 14
13 83
13 92
13 91
13 84
13 51
13 30
13 61
13 100
14 56
14 48
14 80
14 74
14 45
14 77
14 98
14 68
14 33
14 35
14 66
14 52
14 27
14 18
14 22
14 28
14 83
14 92
14 93
14 84
14 81
14 30
15 67
15 72
15 55
15 71
15 40
15 98
15 62
15 87
15 33
15 35
15 37
15 22
15 28
15 32
15 92
15 36
15 81
15 16
15 17
16 67
16 39
16 20
16 72
16 46
16 40
16 73
16 62
16 43
16 21
16 87
16 37
16 32
16 94
16 17
17 99
17 67
17 23
17 39
17 72
17 46
17 50
17 40
17 98
17 43
17 87
17 35
17 32
17 92
18 66
18 56
18 74
18 52
18 30
18 45
18 48
18 83
18 19
18 77
18 93
18 91
19 56
19 38
19 65
19 75
19 48
19 74
19 95
19 45
19 77
19 66
19 91
19 84
19 51
19 78
19 59
19 61
19 100
20 94
20 67
20 71
20 37
20 53
20 90
20 73
20 60
20 62
20 34
20 21
20 96
21 94
21 46
21 60
21 67
21 29
21 90
21 73
21 25
21 96
22 33
22 35
22 89
22 36
22 69
22 88
22 81
22 52
22 30
22 27
22 63
22 64
22 28
22 83
22 98
22 68
23 99
23 80
23 39
23 50
23 40
23 85
23 98
23 43
23 66
23 35
23 32
23 92
23 24
23 84
23 51
23 61
23 97
24 99
24 58
24 39
24 42
24 50
24 85
24 26
24 43
24 31
24 44
24 84
24 61
24 41
24 97
25 94
25 31
25 42
25 46
25 79
25 99
25 50
25 29
25 58
25 47
25 54
25 60
25 41
25 97
25 96
26 31
26 42
26 99
26 50
26 38
26 85
26 44
26 58
26 61
26 41
26 97
27 56
27 89
27 69
27 63
27 64
27 80
27 74
27 45
27 77
27 98
27 68
27 33
27 35
27 66
27 52
27 28
27 83
27 93
27 81
27 30
28 89
28 69
28 63
28 80
28 72
28 55
28 40
28 98
28 68
28 87
28 33
28 35
28 52
28 32
28 83
28 92
28 36
28 81
29 94
29 60
29 47
29 90
29 73
29 96
30 33
30 66
30 56
30 74
30 52
30 45
30 48
30 80
30 77
30 83
30 93
30 68
31 42
31 46
31 99
31 50
31 97
31 85
31 44
31 58
31 54
31 41
32 67
32 80
32 39
32 72
32 46
32 40
32 98
32 43
32 87
32 33
32 35
32 92
32 81
33 89
33 69
33 63
33 64
33 80
33 40
33 98
33 68
33 35
33 52
33 83
33 92
33 36
33 81
34 55
34 71
34 37
34 49
34 53
34 73
34 62
34 72
34 87
35 80
35 39
35 72
35 40
35 98
35 43
35 87
35 66
35 83
35 92
35 84
35 81
36 55
36 98
36 89
36 69
36 81
36 63
36 49
36 57
36 82
36 62
36 72
36 87
37 55
37 67
37 71
37 53
37 62
37 90
37 73
37 72
37 87
38 78
38 59
38 65
38 75
38 61
38 85
38 95
38 100
38 91
38 84
38 51
39 99
39 67
39 80
39 46
39 50
39 40
39 85
39 98
39 43
39 66
39 92
39 84
39 97
40 67
40 80
40 72
40 55
40 46
40 98
40 62
40 43
40 87
40 92
40 81
41 42
41 46
41 99
41 50
41 85
41 44
41 58
41 54
41 97
42 99
42 79
42 50
42 97
42 85
42 44
42 58
42 54
43 99
43 80
43 46
43 50
43 85
43 98
43 66
43 92
43 84
43 97
44 99
44 50
44 97
44 85
44 58
44 54
45 56
45 48
45 80
45 74
45 95
45 77
45 66
45 52
45 93
45 83
45 92
45 91
45 84
45 51
46 99
46 67
46 96
46 50
46 73
46 87
46 94
46 97
47 79
47 86
47 60
47 96
48 66
48 56
48 74
48 52
48 93
48 83
48 77
48 91
49 55
49 69
49 71
49 57
49 82
50 99
50 58
50 85
50 54
50 97
51 56
51 65
51 75
51 80
51 95
51 66
51 91
51 84
51 78
51 59
51 61
51 100
52 56
52 89
52 63
52 80
52 74
52 77
52 68
52 66
52 83
52 93
52 81
53 71
53 76
53 62
53 90
53 73
53 70
54 99
54 79
54 58
54 86
54 97
55 69
55 71
55 81
55 57
55 62
55 72
55 87
56 80
56 74
56 95
56 77
56 66
56 93
56 83
56 91
56 84
57 69
57 82
58 99
58 85
58 97
59 78
59 65
59 75
59 95
59 100
59 91
60 94
60 90
60 73
60 96
61 78
61 65
61 75
61 84
61 85
61 95
61 100
62 67
62 71
62 73
62 72
62 87
63 89
63 69
63 81
63 82
63 64
63 83
63 88
63 68
64 89
64 69
64 82
64 88
64 68
65 78
65 75
65 95
65 100
65 91
66 80
66 74
66 95
66 77
66 98
66 93
66 83
66 92
66 84
66 81
66 100
67 94
67 73
67 72
67 87
68 89
68 69
68 81
68 83
68 88
69 89
69 81
69 82
69 88
70 76
71 72
71 87
72 98
72 87
72 81
73 94
73 90
73 96
74 80
74 77
74 83
74 93
74 91
75 78
75 95
75 100
75 91
77 80
77 83
77 93
77 91
78 95
78 100
78 91
79 86
80 98
80 83
80 92
80 84
80 81
81 89
81 98
81 87
81 83
81 92
82 89
82 88
83 98
83 93
83 92
83 84
84 85
84 95
84 92
84 100
85 99
85 97
87 98
87 92
88 89
90 94
90 96
91 95
91 100
92 98
94 96
95 100
97 99
