100 848
0 1
0 77
0 94
0 57
0 97
0 38
0 6
0 88
0 53
0 50
0 5
0 66
0 74
0 3
0 71
0 14
0 61
0 73
0 27
0 79
0 52
1 12
1 38
1 99
1 26
1 97
1 16
1 74
1 50
1 3
1 71
1 2
1 14
1 5
1 73
1 77
1 52
2 4
2 12
2 21
2 99
2 26
2 50
2 3
2 37
2 71
2 5
2 9
2 56
2 45
2 77
2 52
3 7
3 38
3 99
3 26
3 97
3 16
3 74
3 50
3 71
3 14
3 5
3 73
3 77
3 89
3 52
4 12
4 99
4 26
4 50
4 37
4 5
4 9
4 56
4 45
4 77
4 10
4 52
5 28
5 77
5 57
5 35
5 21
5 26
5 53
5 50
5 71
5 14
5 8
5 61
5 11
5 52
6 85
6 48
6 57
6 79
6 88
6 20
6 53
6 74
6 71
6 98
6 61
6 73
6 94
6 75
6 27
6 66
7 12
7 17
7 38
7 78
7 97
7 99
7 16
7 40
7 14
7 77
7 10
8 13
8 21
8 90
8 28
8 39
8 46
8 65
8 34
8 35
8 59
8 44
8 15
8 61
8 94
8 11
8 33
8 58
9 12
9 21
9 26
9 50
9 37
9 56
9 45
10 12
10 42
10 26
10 78
10 99
10 16
10 37
10 77
10 56
10 93
11 13
11 21
11 90
11 28
11 39
11 46
11 65
11 35
11 59
11 44
11 15
11 34
11 33
11 58
12 78
12 26
12 99
12 16
12 50
12 37
12 56
12 77
12 93
13 90
13 39
13 46
13 65
13 35
13 59
13 44
13 15
13 34
13 58
14 99
14 16
14 77
14 89
14 67
14 97
14 17
14 38
14 70
14 50
14 85
14 74
14 71
14 73
14 52
15 21
15 35
15 59
15 33
16 17
16 38
16 78
16 26
16 97
16 99
16 74
16 40
16 73
16 77
16 89
16 52
17 85
17 19
17 32
17 38
17 99
17 97
17 70
17 69
17 74
17 40
17 73
17 89
17 30
17 18
17 67
18 84
18 19
18 32
18 49
18 81
18 85
18 70
18 69
18 96
18 40
18 83
18 63
18 64
18 43
18 89
18 30
18 67
19 84
19 63
19 64
19 89
19 67
19 81
19 83
19 24
19 96
19 30
19 70
19 43
19 69
19 22
19 85
19 32
19 49
20 25
20 82
20 48
20 79
20 41
20 36
20 60
20 80
20 29
20 98
20 23
20 75
20 51
20 27
20 66
21 35
21 50
21 59
21 45
21 33
22 84
22 32
22 49
22 81
22 60
22 47
22 83
22 24
22 87
22 23
22 63
22 96
22 69
23 84
23 60
23 80
23 47
23 63
23 27
23 64
23 51
23 67
23 81
23 83
23 24
23 87
23 70
23 75
23 43
23 69
23 85
23 32
23 49
23 41
23 25
24 84
24 32
24 49
24 81
24 60
24 47
24 83
24 87
24 63
24 96
24 69
25 82
25 48
25 41
25 36
25 60
25 80
25 47
25 29
25 98
25 75
25 51
26 78
26 99
26 50
26 37
26 56
26 45
26 77
26 52
27 60
27 47
27 63
27 64
27 89
27 51
27 67
27 48
27 81
27 97
27 98
27 30
27 79
27 70
27 43
27 75
27 69
27 85
27 32
27 49
27 41
27 74
27 73
27 66
28 86
28 31
28 95
28 94
28 34
28 57
28 90
28 35
28 39
28 88
28 46
28 68
28 53
28 58
28 65
28 44
28 61
29 82
29 48
29 76
29 36
29 80
29 92
29 98
29 51
29 62
30 84
30 63
30 64
30 89
30 67
30 81
30 97
30 96
30 70
30 75
30 43
30 69
30 85
30 32
30 49
30 40
30 73
31 86
31 39
31 72
31 46
31 65
31 55
31 68
31 88
31 90
31 95
31 44
31 61
31 94
31 34
31 58
32 84
32 60
32 47
32 63
32 64
32 89
32 67
32 81
32 83
32 96
32 70
32 43
32 75
32 69
32 85
32 49
32 41
32 73
33 35
33 59
33 45
34 86
34 95
34 94
34 57
34 90
34 72
34 35
34 39
34 88
34 46
34 68
34 53
34 58
34 65
34 55
34 44
34 61
35 90
35 39
35 46
35 65
35 59
35 44
35 58
36 82
36 60
36 80
36 98
36 51
37 78
37 50
37 56
37 45
37 93
38 99
38 77
38 89
38 67
38 78
38 97
38 70
38 50
38 85
38 74
38 71
38 73
38 52
39 86
39 95
39 59
39 94
39 57
39 90
39 88
39 46
39 68
39 53
39 58
39 65
39 44
39 61
40 78
40 89
41 84
41 60
41 80
41 47
41 63
41 64
41 89
41 51
41 67
41 48
41 81
41 98
41 79
41 70
41 75
41 43
41 69
41 85
41 49
41 73
41 66
42 93
42 78
43 84
43 60
43 47
43 63
43 64
43 89
43 51
43 67
43 81
43 97
43 70
43 75
43 69
43 85
43 49
43 74
43 73
43 66
44 86
44 95
44 94
44 90
44 72
44 46
44 68
44 58
44 65
44 55
44 61
45 50
45 56
46 86
46 95
46 94
46 57
46 90
46 72
46 88
46 68
46 53
46 58
46 65
46 55
46 61
47 84
47 60
47 80
47 63
47 64
47 51
47 81
47 83
47 87
47 75
47 69
47 85
47 49
48 82
48 79
48 60
48 80
48 98
48 54
48 75
48 51
48 66
48 62
49 84
49 60
49 63
49 64
49 89
49 67
49 81
49 83
49 87
49 96
49 70
49 75
49 69
49 85
49 73
50 99
50 77
50 97
50 71
50 52
51 60
51 80
51 64
51 98
51 75
51 66
51 82
51 85
51 79
52 99
52 97
52 74
52 71
52 77
53 57
53 79
53 65
53 66
53 88
53 95
53 71
53 61
53 94
53 58
54 82
54 76
54 72
54 68
54 55
54 95
54 92
54 62
55 86
55 72
55 65
55 68
55 88
55 95
55 94
55 58
56 78
56 93
57 79
57 65
57 66
57 88
57 95
57 71
57 61
57 94
57 58
58 86
58 95
58 94
58 90
58 72
58 88
58 68
58 65
58 61
60 80
60 63
60 64
60 81
60 83
60 98
60 75
60 85
60 66
61 95
61 94
61 88
61 68
61 65
61 71
61 79
62 82
62 76
62 92
62 98
63 84
63 64
63 89
63 67
63 81
63 83
63 87
63 96
63 70
63 75
63 69
63 85
63 73
64 84
64 89
64 67
64 81
64 97
64 70
64 75
64 69
64 85
64 74
64 73
64 66
65 86
65 95
65 94
65 90
65 88
65 68
66 67
66 98
66 70
66 75
66 85
66 74
66 73
66 79
67 84
67 89
67 81
67 97
67 70
67 75
67 69
67 85
67 74
67 73
68 86
68 72
68 88
68 90
68 95
68 94
69 84
69 89
69 81
69 83
69 87
69 96
69 70
69 75
69 85
69 73
70 84
70 89
70 81
70 97
70 75
70 85
70 74
70 73
71 99
71 97
71 88
71 74
71 77
72 76
72 86
72 95
73 89
73 81
73 97
73 75
73 85
73 74
74 99
74 77
74 89
74 97
74 75
74 85
75 84
75 80
75 89
75 81
75 98
75 79
75 85
76 82
76 91
76 92
77 99
77 78
77 97
78 99
78 93
79 88
79 98
79 94
80 82
80 98
81 84
81 89
81 83
81 87
81 96
81 85
82 92
82 98
83 84
83 87
83 96
84 89
84 87
84 96
84 85
85 89
85 97
86 90
86 95
87 96
88 95
88 94
89 97
90 95
91 92
94 95
97 99
