100 867
0 90
0 7
0 12
0 9
0 2
0 72
0 99
0 11
0 68
0 65
0 94
0 85
0 97
0 91
0 86
0 81
0 3
0 54
0 15
0 60
2 4
2 7
2 62
2 39
2 12
2 9
2 26
2 72
2 28
2 6
2 70
2 13
2 37
2 99
2 85
2 91
2 53
2 52
2 3
2 33
2 54
2 18
2 42
2 5
2 50
3 4
3 7
3 62
3 39
3 12
3 9
3 26
3 27
3 72
3 28
3 6
3 70
3 13
3 37
3 8
3 85
3 91
3 53
3 93
3 33
3 54
3 18
3 42
3 5
3 50
4 29
4 30
4 59
4 7
4 25
4 62
4 26
4 72
4 28
4 6
4 20
4 66
4 10
4 70
4 13
4 83
4 8
4 14
4 53
4 17
4 80
4 93
4 52
4 49
4 34
4 33
4 18
4 42
4 50
5 92
5 7
5 53
5 32
5 39
5 85
5 37
5 79
5 23
5 19
5 21
5 45
5 12
5 9
5 100
5 27
6 29
6 30
6 59
6 7
6 25
6 62
6 26
6 72
6 28
6 20
6 66
6 10
6 70
6 83
6 82
6 8
6 14
6 53
6 17
6 80
6 93
6 49
6 34
6 33
6 18
6 42
6 50
7 62
7 12
7 9
7 26
7 72
7 28
7 66
7 13
7 37
7 99
7 85
7 91
7 53
7 52
7 33
7 54
7 18
7 42
7 73
7 50
8 29
8 30
8 59
8 25
8 26
8 72
8 28
8 20
8 66
8 10
8 70
8 83
8 82
8 14
8 53
8 17
8 80
8 93
8 49
8 34
8 33
8 18
8 42
8 50
9 90
9 72
9 68
9 54
9 62
9 85
9 37
9 91
9 99
9 18
9 12
9 81
10 28
10 30
10 52
10 34
10 20
10 59
10 25
10 62
10 66
10 13
10 14
10 42
10 50
11 43
11 16
11 55
11 36
11 24
11 61
11 68
11 35
11 65
11 94
11 97
11 91
11 86
11 84
11 81
11 15
11 60
11 77
11 57
12 72
12 28
12 54
12 39
12 62
12 85
12 37
12 91
12 99
12 18
12 100
12 81
13 90
13 62
13 72
13 28
13 66
13 99
13 44
13 52
13 34
13 54
13 18
13 42
13 73
13 50
14 29
14 83
14 30
14 49
14 34
14 20
14 59
14 25
14 80
14 70
14 82
14 17
14 50
15 90
15 16
15 55
15 96
15 24
15 40
15 99
15 64
15 35
15 65
15 94
15 97
15 78
15 91
15 81
15 60
15 77
15 57
16 43
16 77
16 55
16 56
16 35
16 36
16 96
16 97
16 60
16 64
16 24
16 57
17 29
17 30
17 59
17 25
17 26
17 28
17 20
17 70
17 83
17 82
17 53
17 80
17 93
17 49
17 34
17 33
17 18
17 50
18 29
18 30
18 59
18 25
18 62
18 26
18 72
18 28
18 20
18 66
18 70
18 37
18 53
18 93
18 52
18 34
18 33
18 54
18 42
18 50
19 98
19 69
19 47
19 39
19 51
19 88
19 75
19 58
19 23
19 45
19 21
19 79
19 100
19 92
19 63
19 32
19 89
20 29
20 30
20 59
20 25
20 26
20 28
20 66
20 70
20 83
20 82
20 53
20 80
20 49
20 34
20 33
20 42
20 50
21 68
21 69
21 46
21 39
21 85
21 75
21 58
21 45
21 61
21 79
21 86
21 92
21 22
21 32
21 100
21 89
22 68
22 69
22 46
22 94
22 67
22 58
22 61
22 86
22 95
22 31
22 38
22 89
23 93
23 47
23 33
23 32
23 39
23 88
23 37
23 79
23 45
23 53
23 100
23 92
23 27
24 43
24 48
24 55
24 56
24 35
24 36
24 96
24 97
24 60
24 77
24 57
25 29
25 30
25 59
25 26
25 28
25 66
25 70
25 83
25 82
25 53
25 80
25 93
25 49
25 34
25 33
25 42
25 50
26 29
26 30
26 59
26 62
26 27
26 72
26 28
26 66
26 70
26 37
26 83
26 53
26 80
26 93
26 49
26 34
26 33
26 42
26 50
27 93
27 33
27 47
27 39
27 70
27 88
27 37
27 79
27 45
27 53
27 100
27 92
27 32
28 59
28 62
28 72
28 66
28 70
28 53
28 52
28 34
28 33
28 54
28 42
28 50
29 30
29 59
29 70
29 83
29 82
29 53
29 80
29 93
29 49
29 34
29 33
29 50
30 59
30 70
30 83
30 82
30 53
30 80
30 93
30 49
30 34
30 33
30 50
31 68
31 69
31 46
31 36
31 94
31 67
31 86
31 61
31 84
31 95
31 38
32 47
32 39
32 51
32 88
32 75
32 79
32 45
32 100
32 92
32 63
32 89
33 59
33 72
33 70
33 37
33 53
33 80
33 93
33 49
33 42
33 50
34 59
34 62
34 66
34 70
34 83
34 82
34 80
34 52
34 49
34 42
34 50
35 43
35 77
35 55
35 65
35 36
35 94
35 97
35 60
35 61
35 84
35 57
35 81
36 43
36 48
36 77
36 55
36 65
36 74
36 94
36 97
36 67
36 61
36 87
36 84
37 39
37 45
37 100
37 72
37 70
37 79
37 85
37 53
37 92
37 93
38 69
38 46
38 67
38 58
38 61
38 95
38 89
39 45
39 100
39 47
39 88
39 79
39 85
39 92
39 93
39 75
40 90
40 76
40 44
40 41
40 71
40 96
40 78
40 60
40 99
40 64
40 73
40 57
41 90
41 44
41 78
41 73
42 62
42 72
42 66
42 70
42 99
42 53
42 44
42 52
42 54
42 73
42 50
43 48
43 77
43 55
43 56
43 97
43 84
43 87
43 57
44 90
44 52
44 66
44 54
44 62
44 91
44 99
44 73
45 47
45 88
45 75
45 79
45 100
45 92
45 63
45 89
46 68
46 69
46 67
46 58
46 61
46 86
46 95
46 89
47 88
47 79
47 92
47 63
47 75
48 77
48 74
48 84
48 87
49 59
49 70
49 83
49 82
49 53
49 80
49 93
49 50
50 59
50 62
50 72
50 66
50 70
50 53
50 80
50 93
50 52
50 54
51 98
51 88
51 58
51 63
51 75
51 89
52 72
52 90
52 54
52 62
52 66
52 99
52 73
53 59
53 72
53 70
53 93
54 90
54 62
54 72
54 66
54 99
54 85
54 91
54 73
55 77
55 65
55 94
55 97
55 60
55 61
55 84
55 57
55 81
56 77
56 71
56 96
56 78
56 64
56 57
57 77
57 71
57 96
57 97
57 78
57 60
57 64
58 98
58 69
58 63
58 75
58 89
59 66
59 70
59 83
59 82
59 80
60 90
60 96
60 99
60 64
60 65
60 94
60 97
60 78
60 91
60 81
60 77
61 95
61 69
61 68
61 65
61 94
61 97
61 86
61 84
61 67
61 81
62 90
62 72
62 66
62 99
62 91
62 73
63 98
63 88
63 79
63 92
63 75
63 89
64 76
64 71
64 96
64 78
65 68
65 94
65 97
65 91
65 86
65 84
65 77
65 81
66 72
67 74
67 94
67 84
67 95
68 69
68 94
68 85
68 97
68 86
68 100
68 81
69 94
69 85
69 86
69 100
69 95
69 89
70 72
70 83
70 82
70 80
70 93
71 76
71 96
71 78
72 99
72 85
72 91
72 73
73 90
73 91
73 99
74 87
74 84
75 98
75 88
75 79
75 92
75 89
76 96
76 78
77 96
77 97
77 84
78 96
79 88
79 100
79 92
80 83
80 82
81 94
81 85
81 91
81 86
81 97
81 99
82 83
84 95
84 94
84 97
84 87
85 100
85 91
85 86
85 92
86 94
86 97
86 100
88 92
89 98
89 100
89 92
90 91
90 99
91 99
91 97
92 100
94 97
