100 808
0 81
0 48
0 35
0 55
0 11
0 59
0 65
0 8
0 32
0 24
0 22
0 92
0 7
0 9
0 10
0 2
0 31
2 85
2 59
2 22
2 7
2 81
2 33
2 3
2 34
2 63
2 31
2 30
2 11
2 74
2 32
2 56
2 67
2 23
2 39
2 61
2 73
3 88
3 85
3 59
3 22
3 28
3 6
3 80
3 44
3 81
3 20
3 34
3 63
3 64
3 14
3 30
3 73
3 29
3 74
3 4
3 5
3 56
3 23
3 68
3 39
3 60
3 61
4 44
4 86
4 88
4 13
4 23
4 20
4 29
4 52
4 68
4 19
4 28
4 6
4 5
4 56
4 60
4 64
4 14
5 80
5 44
5 88
5 23
5 20
5 68
5 74
5 19
5 28
5 6
5 56
5 60
5 64
5 14
6 88
6 85
6 28
6 80
6 44
6 81
6 20
6 34
6 63
6 64
6 14
6 30
6 74
6 56
6 23
6 68
6 39
6 19
6 60
6 73
7 35
7 59
7 22
7 81
7 34
7 94
7 63
7 31
7 11
7 74
7 32
7 24
7 55
7 65
7 39
7 8
7 92
7 73
8 48
8 35
8 11
8 65
8 57
8 94
8 24
8 22
8 25
8 76
8 92
8 18
8 9
8 53
9 48
9 35
9 65
9 15
9 75
9 57
9 79
9 24
9 76
9 94
9 92
9 18
9 91
9 42
9 53
10 45
10 12
10 97
10 37
10 70
10 55
10 11
10 75
10 32
10 51
10 83
10 96
10 95
10 31
11 48
11 55
11 59
11 32
11 22
11 92
11 96
11 67
11 31
12 45
12 37
12 93
12 26
12 47
12 75
12 16
12 87
12 51
13 44
13 86
13 84
13 52
13 29
13 68
13 19
13 28
13 66
13 38
14 88
14 85
14 28
14 80
14 44
14 20
14 34
14 63
14 64
14 86
14 30
14 74
14 56
14 23
14 68
14 39
14 19
14 60
14 73
15 89
15 41
15 17
15 46
15 57
15 76
15 27
15 82
15 43
15 18
15 21
15 53
16 26
16 47
16 87
16 51
17 89
17 41
17 46
17 76
17 27
17 43
17 18
17 21
17 71
17 82
18 100
18 35
18 76
18 48
18 94
18 27
18 57
18 24
18 43
18 21
18 53
18 41
18 65
18 90
18 25
18 92
19 44
19 86
19 88
19 52
19 20
19 68
19 28
19 56
19 60
20 88
20 85
20 28
20 80
20 44
20 81
20 34
20 63
20 64
20 86
20 30
20 29
20 74
20 56
20 23
20 68
20 39
20 60
20 73
21 89
21 41
21 46
21 76
21 27
21 43
21 71
22 100
22 35
22 85
22 59
22 28
22 81
22 34
22 94
22 63
22 30
22 73
22 29
22 74
22 24
22 56
22 23
22 65
22 39
22 25
22 61
23 100
23 88
23 35
23 52
23 84
23 85
23 59
23 28
23 81
23 44
23 34
23 63
23 64
23 86
23 73
23 29
23 74
23 56
23 65
23 39
23 68
23 25
23 60
24 100
24 35
24 59
24 76
24 81
24 48
24 94
24 27
24 29
24 57
24 65
24 90
24 25
24 92
25 100
25 35
25 52
25 84
25 76
25 28
25 94
25 27
25 66
25 86
25 29
25 56
25 65
25 68
25 90
25 38
26 45
26 37
26 70
26 93
26 47
26 87
26 51
26 83
26 69
27 100
27 35
27 84
27 76
27 94
27 66
27 29
27 57
27 43
27 41
27 65
27 90
27 38
28 100
28 88
28 84
28 52
28 81
28 44
28 34
28 63
28 66
28 64
28 86
28 29
28 74
28 56
28 65
28 39
28 68
28 90
28 60
28 73
29 100
29 35
29 52
29 84
29 76
29 44
29 94
29 66
29 86
29 56
29 65
29 68
29 90
29 38
30 85
30 59
30 80
30 81
30 34
30 63
30 64
30 77
30 74
30 99
30 39
30 98
30 78
30 61
30 73
31 54
31 95
31 49
31 33
31 83
31 97
31 32
31 96
31 67
31 50
31 55
31 36
31 62
31 61
32 33
32 55
32 36
32 59
32 62
32 95
32 83
32 96
32 67
33 54
33 55
33 36
33 62
33 72
33 98
33 78
33 96
33 61
33 67
33 50
34 85
34 59
34 80
34 81
34 63
34 64
34 74
34 56
34 39
34 98
34 78
34 61
34 73
35 100
35 59
35 76
35 81
35 48
35 94
35 57
35 65
35 90
35 92
36 45
36 97
36 70
36 49
36 54
36 55
36 62
36 83
36 69
36 96
36 95
36 67
36 50
37 40
37 48
37 47
37 75
37 87
37 51
37 42
37 91
38 100
38 84
38 52
38 90
38 76
38 66
39 85
39 59
39 80
39 81
39 63
39 64
39 74
39 56
39 98
39 78
39 61
39 73
40 75
40 79
40 91
40 42
40 53
41 89
41 46
41 43
41 71
42 48
42 89
42 75
42 82
42 79
42 91
42 53
43 89
43 46
43 57
43 76
44 100
44 88
44 84
44 52
44 64
44 86
44 74
44 56
44 68
44 60
45 97
45 70
45 49
45 55
45 93
45 51
45 83
45 69
45 96
45 95
46 89
46 82
46 79
46 71
46 53
47 75
47 87
47 51
48 75
48 57
48 79
48 92
48 91
48 53
49 97
49 70
49 54
49 93
49 62
49 83
49 69
49 96
49 95
49 67
49 50
50 97
50 54
50 62
50 72
50 96
50 58
50 95
50 67
51 55
51 75
51 87
51 83
51 91
52 100
52 86
52 84
52 68
52 90
52 56
52 66
53 89
53 57
53 79
53 92
53 91
53 82
54 97
54 62
54 72
54 96
54 58
54 95
54 67
55 97
55 70
55 62
55 95
55 83
55 96
55 67
56 100
56 88
56 84
56 85
56 59
56 81
56 63
56 64
56 86
56 73
56 74
56 65
56 68
56 60
57 89
57 65
57 94
57 76
57 82
57 92
57 91
58 72
59 85
59 81
59 63
59 74
59 65
59 61
59 73
60 86
60 88
60 68
60 74
60 63
60 64
61 85
61 80
61 81
61 63
61 64
61 77
61 74
61 67
61 99
61 98
61 78
61 73
62 97
62 83
62 96
62 95
62 67
63 85
63 80
63 81
63 64
63 74
63 98
63 73
64 88
64 85
64 80
64 81
64 74
64 68
64 73
65 100
65 84
65 76
65 81
65 94
65 66
65 90
65 92
66 100
66 86
66 84
66 68
66 90
66 94
66 76
67 96
67 95
68 100
68 88
68 84
68 86
68 74
69 97
69 70
69 93
69 83
69 95
70 97
70 93
70 83
70 96
70 95
71 89
71 82
72 77
72 99
72 98
72 78
73 85
73 80
73 81
73 74
73 98
74 88
74 85
74 80
74 81
74 98
75 79
75 87
75 92
75 91
76 100
76 84
76 94
76 90
76 92
77 80
77 85
77 99
77 98
77 78
78 80
78 85
78 99
78 98
79 89
79 82
79 91
80 88
80 85
80 99
80 98
81 85
82 89
82 91
83 97
83 93
83 95
83 96
84 100
84 86
84 90
84 94
85 88
85 98
86 100
90 100
90 94
91 92
92 94
93 97
93 95
94 100
95 97
95 96
96 97
98 99
