100 768
0 35
0 7
0 85
0 24
0 50
0 52
0 53
0 21
0 8
0 5
0 27
0 59
0 6
0 19
0 58
0 40
0 99
0 95
0 2
0 63
0 79
0 93
2 35
2 7
2 74
2 78
2 24
2 13
2 50
2 62
2 9
2 4
2 52
2 53
2 27
2 94
2 19
2 58
2 3
2 40
2 99
2 63
2 93
2 55
3 35
3 7
3 62
3 9
3 4
3 52
3 53
3 21
3 12
3 27
3 15
3 94
3 26
3 73
3 58
3 86
3 38
3 84
3 63
3 93
3 55
4 35
4 7
4 62
4 21
4 12
4 43
4 11
4 15
4 94
4 26
4 61
4 73
4 86
4 38
4 84
4 63
4 55
4 82
5 17
5 52
5 7
5 67
5 21
5 75
5 84
5 25
5 44
5 27
5 60
5 91
5 16
5 83
5 38
5 59
6 96
6 30
6 22
6 85
6 34
6 8
6 95
6 18
6 19
6 20
6 68
6 79
6 40
6 10
6 99
6 14
7 35
7 52
7 53
7 21
7 27
7 16
7 26
7 59
7 17
7 58
7 86
7 38
7 67
7 84
7 63
7 55
8 30
8 85
8 45
8 65
8 24
8 89
8 50
8 51
8 20
8 96
8 90
8 19
8 68
8 58
8 40
8 99
8 41
8 95
8 34
8 79
8 14
9 35
9 48
9 74
9 78
9 73
9 43
9 15
9 11
9 94
9 13
9 93
9 62
9 82
9 66
10 32
10 96
10 22
10 87
10 69
10 36
10 18
10 37
10 14
11 35
11 48
11 12
11 78
11 73
11 43
11 15
11 94
11 62
11 82
12 35
12 61
12 73
12 76
12 43
12 15
12 94
12 26
12 23
12 86
12 55
12 62
12 82
13 52
13 35
13 53
13 74
13 92
13 78
13 56
13 63
13 19
13 24
13 58
13 40
13 50
13 93
13 66
14 96
14 22
14 64
14 85
14 34
14 95
14 69
14 36
14 18
14 37
14 79
14 99
14 20
15 35
15 48
15 61
15 73
15 43
15 94
15 26
15 23
15 55
15 62
15 82
16 42
16 60
16 100
16 75
16 21
16 27
16 26
16 59
16 17
16 54
16 91
16 86
16 38
16 67
16 84
16 25
16 44
16 63
16 83
17 42
17 100
17 21
17 27
17 26
17 59
17 54
17 91
17 86
17 38
17 67
17 84
17 25
17 63
17 83
17 55
18 96
18 22
18 64
18 87
18 69
18 36
18 37
18 46
19 74
19 92
19 85
19 24
19 50
19 51
19 52
19 53
19 27
19 68
19 58
19 40
19 99
19 41
19 95
19 34
19 63
19 79
19 93
20 30
20 22
20 85
20 45
20 65
20 70
20 89
20 47
20 51
20 96
20 98
20 90
20 68
20 99
20 41
20 95
20 64
20 34
20 79
21 35
21 52
21 27
21 26
21 59
21 54
21 86
21 38
21 67
21 84
21 63
21 83
21 55
22 96
22 29
22 64
22 87
22 69
22 36
22 95
22 37
22 70
22 79
22 46
23 61
23 73
23 76
24 74
24 92
24 85
24 56
24 50
24 51
24 52
24 53
24 72
24 68
24 58
24 40
24 99
24 79
24 93
24 66
25 31
25 75
25 54
25 28
25 44
25 42
25 60
25 91
25 100
25 83
25 97
25 33
25 88
25 59
26 35
26 76
26 62
26 94
26 61
26 73
26 86
26 38
26 67
26 84
26 63
26 55
27 35
27 85
27 62
27 52
27 53
27 59
27 58
27 99
27 38
27 84
27 63
27 93
27 55
28 32
28 31
28 75
28 44
28 80
28 60
28 91
28 83
28 33
28 88
29 64
29 39
29 36
29 37
29 70
29 49
29 47
29 71
29 46
30 96
30 98
30 85
30 34
30 45
30 65
30 90
30 95
30 79
30 68
30 70
30 89
30 40
30 51
30 41
31 75
31 54
31 42
31 80
31 100
31 91
31 83
31 97
31 88
32 75
32 87
32 44
32 69
32 60
32 33
33 75
33 87
33 44
33 69
33 60
33 91
34 85
34 45
34 65
34 89
34 51
34 96
34 98
34 90
34 68
34 40
34 99
34 41
34 95
34 79
35 62
35 52
35 53
35 94
35 73
35 58
35 86
35 84
35 63
35 93
35 55
36 96
36 64
36 87
36 69
36 37
36 46
37 96
37 64
37 87
37 69
37 46
38 42
38 100
38 59
38 54
38 86
38 67
38 84
38 63
38 83
38 55
39 47
39 64
39 70
39 49
39 71
39 46
40 92
40 85
40 65
40 89
40 50
40 51
40 53
40 72
40 90
40 68
40 58
40 99
40 41
40 95
40 79
41 72
41 92
41 98
41 85
41 45
41 65
41 90
41 95
41 68
41 79
41 89
41 51
42 67
42 54
42 80
42 100
42 91
42 83
42 97
42 88
43 48
43 73
43 94
43 62
43 82
44 75
44 60
44 91
44 83
44 59
45 98
45 65
45 90
45 68
45 70
45 89
45 47
45 51
46 64
46 70
46 49
46 47
46 71
47 64
47 70
47 49
47 71
48 78
48 73
48 94
48 93
48 62
48 82
48 66
49 64
49 70
49 71
50 74
50 92
50 56
50 51
50 52
50 53
50 72
50 68
50 58
50 99
50 93
50 66
51 92
51 57
51 65
51 89
51 81
51 72
51 98
51 90
51 68
51 95
52 85
52 53
52 59
52 58
52 99
52 84
52 63
52 93
52 79
52 55
53 85
53 62
53 59
53 58
53 99
53 63
53 93
53 79
53 55
54 67
54 84
54 100
54 91
54 83
54 97
54 88
55 62
55 94
55 73
55 86
55 84
55 63
55 93
56 72
56 74
56 92
56 57
56 78
56 93
56 66
57 72
57 74
57 92
57 81
57 98
57 90
57 77
58 74
58 92
58 85
58 99
58 63
58 79
58 93
59 60
59 75
59 91
59 67
59 84
59 63
59 83
60 75
60 91
60 83
61 73
61 76
61 94
61 86
62 94
62 73
62 86
62 63
62 93
62 82
63 94
63 86
63 84
63 93
64 96
64 70
64 71
65 72
65 92
65 98
65 90
65 95
65 79
65 68
65 89
66 74
66 92
66 78
66 93
67 84
67 83
67 100
67 91
67 97
67 86
68 92
68 85
68 89
68 96
68 72
68 98
68 90
68 99
68 95
68 79
69 87
70 89
70 71
72 77
72 74
72 92
72 81
72 98
72 90
73 94
73 86
73 82
74 92
74 78
74 93
75 91
75 83
76 86
77 92
77 81
78 93
78 82
79 85
79 89
79 96
79 99
79 95
80 97
80 88
81 92
81 98
82 94
83 100
83 88
83 97
83 91
83 84
84 100
84 86
85 96
85 99
85 95
86 94
88 100
88 91
88 97
89 96
89 98
89 90
89 95
90 98
91 100
91 97
93 94
95 96
95 99
96 99
97 100
