100 880
0 46
0 5
0 11
0 40
0 82
0 78
0 77
0 75
0 37
0 2
0 59
0 84
0 28
0 34
0 1
0 95
0 6
0 4
0 10
0 55
0 79
0 15
0 3
0 47
1 46
1 11
1 40
1 85
1 12
1 64
1 75
1 2
1 91
1 59
1 84
1 87
1 28
1 97
1 99
1 10
1 80
1 94
1 55
1 44
1 79
1 35
1 25
1 47
1 16
2 46
2 11
2 40
2 82
2 64
2 86
2 31
2 77
2 75
2 60
2 37
2 53
2 59
2 84
2 87
2 28
2 95
2 97
2 4
2 99
2 10
2 55
2 79
2 15
2 3
2 47
3 21
3 28
3 31
3 15
3 75
3 77
3 95
3 82
3 86
3 37
3 36
3 53
3 4
3 76
3 8
4 21
4 77
4 15
4 75
4 9
4 82
4 86
4 95
4 37
4 36
4 53
4 76
4 8
5 54
5 19
5 40
5 73
5 7
5 78
5 75
5 89
5 72
5 59
5 84
5 28
5 34
5 33
5 6
5 10
5 80
5 55
5 79
5 13
5 35
5 47
5 41
6 54
6 19
6 40
6 73
6 24
6 48
6 78
6 62
6 69
6 70
6 93
6 89
6 72
6 84
6 28
6 34
6 33
6 43
6 10
6 79
6 13
6 47
6 41
7 54
7 34
7 63
7 80
7 33
7 13
7 32
7 42
7 30
7 56
7 78
7 88
7 22
7 67
8 21
8 77
8 15
8 95
8 9
8 27
8 66
8 82
8 20
8 86
8 37
8 36
8 53
8 76
9 71
9 27
9 14
9 90
9 76
10 46
10 11
10 40
10 78
10 75
10 59
10 84
10 87
10 28
10 34
10 80
10 55
10 44
10 79
10 13
10 35
10 47
10 41
11 46
11 40
11 82
11 64
11 77
11 75
11 37
11 53
11 59
11 84
11 87
11 28
11 97
11 99
11 55
11 44
11 15
11 79
11 35
11 25
11 47
12 46
12 52
12 85
12 64
12 58
12 91
12 96
12 87
12 26
12 97
12 99
12 94
12 44
12 17
12 61
12 74
12 81
12 92
12 25
13 83
13 54
13 19
13 40
13 73
13 24
13 78
13 63
13 62
13 70
13 89
13 72
13 57
13 84
13 34
13 33
13 80
13 79
13 47
13 41
14 71
14 93
14 39
14 90
14 18
14 43
14 69
14 29
14 48
14 49
15 46
15 82
15 86
15 31
15 77
15 75
15 60
15 37
15 53
15 28
15 95
15 36
15 99
15 21
16 87
16 94
16 44
16 50
16 81
16 85
16 26
16 68
16 35
16 42
16 30
16 25
16 56
16 91
16 96
16 88
16 59
17 23
17 46
17 31
17 52
17 60
17 61
17 82
17 64
17 86
17 92
17 98
17 45
17 53
17 97
17 99
18 71
18 93
18 24
18 39
18 90
18 62
18 43
18 69
18 70
18 29
18 48
18 49
19 83
19 54
19 40
19 73
19 24
19 48
19 78
19 62
19 69
19 70
19 93
19 89
19 72
19 57
19 34
19 33
19 43
19 79
19 47
19 41
20 21
20 27
20 66
20 36
20 65
20 76
21 95
21 27
21 66
21 86
21 37
21 36
21 65
21 76
22 63
22 32
22 56
22 67
23 31
23 51
23 60
23 66
23 86
23 98
23 45
23 36
23 53
23 38
24 83
24 54
24 73
24 29
24 48
24 39
24 62
24 69
24 70
24 93
24 89
24 72
24 57
24 33
24 43
24 41
25 46
25 85
25 68
25 88
25 91
25 59
25 84
25 87
25 50
25 26
25 42
25 80
25 94
25 55
25 44
25 81
25 35
25 30
26 87
26 94
26 44
26 50
26 74
26 81
26 85
26 68
26 91
26 96
27 76
28 46
28 40
28 82
28 78
28 77
28 75
28 37
28 59
28 84
28 87
28 34
28 95
28 99
28 55
28 79
28 35
28 47
29 39
29 90
29 43
29 69
29 48
29 49
30 85
30 68
30 78
30 88
30 91
30 59
30 84
30 87
30 50
30 32
30 42
30 80
30 94
30 44
30 35
30 56
31 46
31 82
31 64
31 86
31 77
31 60
31 37
31 45
31 53
31 95
31 98
31 36
31 97
31 99
31 66
31 38
32 63
32 42
32 56
32 88
32 67
33 83
33 54
33 40
33 73
33 78
33 63
33 62
33 70
33 89
33 72
33 57
33 34
33 47
33 41
34 54
34 40
34 73
34 78
34 75
34 89
34 72
34 59
34 84
34 80
34 55
34 79
34 35
34 47
34 41
35 46
35 40
35 85
35 68
35 78
35 88
35 91
35 59
35 84
35 87
35 50
35 42
35 80
35 94
35 55
35 44
35 79
35 56
35 47
36 82
36 86
36 76
36 77
36 37
36 45
36 53
36 51
36 95
36 66
36 38
37 46
37 82
37 86
37 76
37 77
37 75
37 53
37 95
38 51
38 60
38 66
38 86
38 45
38 53
38 65
39 71
39 93
39 90
39 62
39 43
39 69
39 70
39 48
39 49
39 72
40 54
40 73
40 78
40 75
40 89
40 59
40 84
40 80
40 55
40 79
40 47
40 41
41 83
41 54
41 73
41 48
41 78
41 62
41 69
41 70
41 93
41 89
41 72
41 57
41 84
41 43
41 79
41 47
42 85
42 68
42 78
42 88
42 91
42 59
42 84
42 87
42 50
42 80
42 94
42 44
42 56
43 83
43 54
43 73
43 48
43 62
43 69
43 70
43 93
43 89
43 72
43 57
43 90
43 49
44 46
44 85
44 68
44 88
44 91
44 59
44 84
44 87
44 50
44 80
44 94
44 55
44 81
45 51
45 60
45 66
45 86
45 98
45 53
46 82
46 64
46 86
46 77
46 75
46 60
46 53
46 59
46 84
46 87
46 95
46 97
46 99
46 55
46 79
47 73
47 78
47 75
47 59
47 84
47 80
47 55
47 79
48 83
48 73
48 62
48 69
48 70
48 93
48 89
48 72
48 57
48 90
48 49
48 71
49 71
49 93
49 90
49 69
50 94
50 81
50 85
50 68
50 56
50 91
50 88
51 66
51 65
52 61
52 60
52 64
52 92
52 58
52 98
52 97
52 99
53 82
53 64
53 86
53 77
53 75
53 60
53 95
53 98
53 97
53 99
53 66
54 83
54 73
54 78
54 63
54 62
54 69
54 70
54 93
54 89
54 72
54 57
55 82
55 78
55 75
55 59
55 84
55 87
55 99
55 80
55 94
55 79
56 94
56 63
56 80
56 68
56 88
57 72
57 83
57 93
57 73
57 62
57 69
57 70
57 89
58 61
58 74
58 92
58 96
59 85
59 78
59 88
59 75
59 91
59 84
59 87
59 80
59 94
59 79
60 77
60 61
60 82
60 64
60 86
60 98
60 97
60 99
61 74
61 64
61 92
61 98
61 96
61 97
61 99
62 83
62 73
62 69
62 70
62 93
62 89
62 72
63 80
63 78
63 67
64 97
64 75
64 82
64 92
64 98
64 87
64 99
65 66
66 86
66 76
68 87
68 94
68 81
68 85
68 91
68 88
68 80
69 83
69 73
69 70
69 93
69 89
69 72
69 90
70 83
70 73
70 93
70 89
70 72
71 90
72 83
72 73
72 93
72 89
73 83
73 78
73 93
73 89
73 79
74 92
74 96
75 82
75 86
75 77
75 84
75 87
75 95
75 97
75 99
75 79
76 95
77 82
77 86
77 95
77 97
77 99
78 84
78 80
78 79
79 82
79 84
79 87
79 80
80 88
80 91
80 84
80 87
80 94
81 94
81 85
81 91
81 96
82 86
82 95
82 97
82 99
83 93
83 89
84 87
85 87
85 94
85 91
85 96
85 88
86 95
86 99
87 91
87 99
87 94
88 94
88 91
89 93
90 93
91 96
91 94
92 98
92 96
92 97
92 99
97 98
97 99
98 99
