100 930
0 76
0 77
0 23
0 20
0 15
0 79
0 91
0 57
0 43
0 4
0 8
0 17
0 70
0 62
0 3
0 29
0 39
0 31
0 81
0 10
0 28
0 1
0 87
0 2
0 55
0 83
0 42
0 21
0 94
0 82
0 66
1 54
1 76
1 77
1 23
1 16
1 20
1 15
1 79
1 57
1 41
1 25
1 71
1 8
1 17
1 70
1 62
1 3
1 81
1 39
1 31
1 27
1 28
1 26
1 99
1 55
1 98
1 96
1 94
1 66
2 76
2 12
2 58
2 56
2 50
2 20
2 7
2 15
2 84
2 73
2 40
2 91
2 43
2 4
2 97
2 14
2 17
2 29
2 31
2 28
2 45
2 87
2 5
2 93
2 83
2 42
2 21
2 9
2 94
2 82
2 36
3 54
3 76
3 77
3 23
3 16
3 20
3 15
3 79
3 91
3 57
3 8
3 17
3 70
3 62
3 29
3 39
3 31
3 81
3 28
3 87
3 99
3 55
3 98
3 96
3 83
3 42
3 21
3 94
3 51
4 76
4 13
4 20
4 7
4 15
4 84
4 73
4 40
4 43
4 33
4 8
4 17
4 29
4 31
4 28
4 87
4 5
4 83
4 42
4 21
4 94
4 82
4 36
5 12
5 24
5 58
5 56
5 88
5 13
5 50
5 7
5 84
5 73
5 6
5 40
5 43
5 97
5 29
5 87
5 93
5 83
5 9
5 82
5 36
6 84
6 12
6 24
6 73
6 93
6 40
6 56
6 88
6 59
6 50
7 12
7 58
7 56
7 67
7 50
7 84
7 73
7 91
7 43
7 97
7 14
7 29
7 45
7 87
7 93
7 83
7 42
7 21
7 9
7 36
8 76
8 77
8 23
8 20
8 15
8 79
8 57
8 95
8 17
8 70
8 62
8 29
8 39
8 31
8 81
8 10
8 27
8 28
8 87
8 90
8 26
8 99
8 55
8 21
8 94
8 82
8 66
9 12
9 58
9 56
9 67
9 50
9 84
9 73
9 91
9 43
9 97
9 14
9 29
9 45
9 87
9 93
9 86
9 83
9 42
9 21
10 34
10 77
10 47
10 65
10 38
10 15
10 57
10 95
10 39
10 11
10 35
10 27
10 28
10 90
10 74
10 94
10 82
10 66
11 95
11 90
11 34
11 74
11 66
11 52
11 69
11 22
11 47
11 35
11 27
11 65
11 38
12 58
12 24
12 56
12 67
12 50
12 84
12 73
12 43
12 97
12 14
12 29
12 45
12 87
12 93
12 83
12 42
12 21
13 84
13 73
13 40
13 88
13 29
13 19
13 50
13 33
13 82
13 36
14 58
14 67
14 78
14 32
14 91
14 43
14 97
14 75
14 45
14 93
14 86
14 83
14 42
14 21
14 51
14 46
15 76
15 77
15 23
15 20
15 79
15 57
15 17
15 70
15 62
15 29
15 39
15 31
15 81
15 28
15 87
15 90
15 99
15 55
15 83
15 42
15 21
15 94
15 82
15 66
16 54
16 71
16 60
16 79
16 70
16 77
16 62
16 23
16 55
16 81
16 18
16 41
16 98
16 96
16 25
17 76
17 77
17 23
17 20
17 79
17 91
17 57
17 43
17 97
17 70
17 62
17 29
17 39
17 31
17 81
17 28
17 45
17 87
17 55
17 96
17 83
17 42
17 21
17 94
17 51
17 82
17 66
18 54
18 71
18 60
18 48
18 79
18 26
18 70
18 99
18 62
18 55
18 23
18 81
18 41
18 98
18 96
18 25
19 74
19 92
19 69
19 82
19 47
19 33
19 65
20 76
20 77
20 23
20 79
20 91
20 43
20 97
20 70
20 62
20 29
20 39
20 31
20 81
20 45
20 28
20 87
20 55
20 96
20 83
20 42
20 21
20 94
20 51
21 76
21 58
21 91
21 43
21 97
21 29
21 81
21 31
21 28
21 45
21 87
21 83
21 42
21 94
21 51
22 95
22 30
22 34
22 44
22 52
22 64
22 35
22 27
23 54
23 76
23 77
23 79
23 57
23 41
23 25
23 71
23 70
23 62
23 81
23 39
23 31
23 26
23 99
23 55
23 98
23 96
24 84
24 73
24 93
24 40
24 56
24 59
24 50
25 54
25 34
25 77
25 64
25 60
25 79
25 57
25 41
25 71
25 48
25 70
25 62
25 39
25 27
25 37
25 26
25 99
25 55
25 98
26 34
26 77
26 64
26 30
26 44
26 60
26 79
26 57
26 41
26 71
26 48
26 70
26 62
26 39
26 27
26 37
26 99
26 55
26 98
26 66
27 34
27 77
27 38
27 30
27 44
27 79
27 57
27 95
27 52
27 39
27 35
27 90
27 99
27 55
27 66
28 76
28 77
28 29
28 39
28 31
28 87
28 36
28 90
28 83
28 94
28 82
28 66
29 76
29 58
29 56
29 84
29 73
29 40
29 91
29 43
29 97
29 31
29 45
29 87
29 93
29 83
29 42
29 94
29 82
29 36
30 37
30 34
30 44
30 68
30 52
30 64
30 72
31 76
31 77
31 91
31 43
31 97
31 70
31 62
31 39
31 81
31 45
31 87
31 83
31 42
31 94
31 82
31 66
32 51
32 49
32 91
32 80
32 67
32 75
32 61
32 78
32 45
32 46
33 40
33 88
33 82
33 65
33 36
34 64
34 44
34 79
34 57
34 71
34 95
34 52
34 35
34 90
34 37
34 99
34 66
35 95
35 90
35 44
35 74
35 52
35 47
35 38
36 56
36 88
36 50
36 84
36 73
36 40
36 43
36 87
36 93
36 94
36 82
37 71
37 44
37 48
37 60
37 68
37 99
37 41
37 64
37 72
37 98
38 95
38 90
38 74
38 52
38 69
38 47
38 65
38 66
39 76
39 77
39 79
39 57
39 71
39 95
39 70
39 62
39 81
39 90
39 99
39 55
39 98
39 94
39 66
40 84
40 73
40 93
40 56
40 88
40 50
40 82
41 54
41 77
41 60
41 79
41 57
41 71
41 48
41 70
41 62
41 99
41 55
41 98
42 76
42 58
42 67
42 78
42 91
42 43
42 97
42 81
42 45
42 87
42 83
42 51
43 76
43 58
43 56
43 67
43 50
43 84
43 73
43 91
43 97
43 45
43 87
43 93
43 83
43 82
44 95
44 68
44 52
44 64
44 72
45 76
45 58
45 67
45 78
45 91
45 97
45 75
45 87
45 83
45 51
45 46
46 86
46 80
46 75
46 67
46 78
47 95
47 90
47 74
47 69
47 65
48 71
48 60
48 72
48 98
49 85
49 53
49 80
49 61
49 89
49 51
49 78
50 84
50 73
50 56
50 93
50 88
51 76
51 83
51 97
51 91
51 81
51 80
51 96
51 61
51 78
52 95
53 85
53 63
53 89
53 61
54 71
54 79
54 70
54 77
54 62
54 55
54 81
54 98
54 96
55 76
55 77
55 60
55 79
55 57
55 71
55 70
55 62
55 81
55 99
55 98
55 96
56 84
56 97
56 58
56 73
56 93
56 83
57 77
57 79
57 71
57 95
57 70
57 62
57 90
57 99
57 98
57 66
58 67
58 84
58 73
58 91
58 97
58 87
58 93
58 86
58 83
60 71
60 79
60 99
60 72
60 98
61 85
61 91
61 80
61 96
61 89
61 78
62 76
62 77
62 79
62 71
62 70
62 81
62 99
62 98
62 96
63 85
63 89
64 68
64 72
65 90
65 74
65 92
65 69
65 94
65 82
66 77
66 79
66 95
66 90
66 99
66 94
66 82
67 97
67 93
67 91
67 86
67 75
67 83
67 78
68 72
69 74
69 92
70 76
70 77
70 79
70 71
70 81
70 99
70 98
70 96
71 77
71 79
71 99
71 98
73 88
73 84
73 93
73 83
74 95
74 90
74 92
75 97
75 91
75 86
75 80
75 78
76 77
76 79
76 91
76 97
76 81
76 87
76 96
76 83
76 94
77 79
77 81
77 90
77 99
77 98
77 96
77 94
78 97
78 91
78 80
79 81
79 99
79 98
79 96
81 91
81 98
81 96
82 84
82 87
82 83
82 94
83 84
83 91
83 97
83 87
83 93
84 88
84 97
84 87
84 93
85 89
87 91
87 97
87 94
89 96
90 95
90 99
90 94
91 97
91 96
93 97
95 99
96 98
98 99
