100 819
0 6
0 81
0 15
0 79
0 34
0 78
0 58
0 3
0 70
0 54
0 71
0 51
0 5
0 72
0 31
0 18
0 16
0 38
0 1
0 8
0 74
1 17
1 81
1 2
1 41
1 53
1 9
1 23
1 82
1 58
1 24
1 55
1 63
1 60
1 52
1 10
1 38
1 48
1 74
2 17
2 81
2 41
2 53
2 9
2 23
2 82
2 58
2 24
2 55
2 63
2 51
2 60
2 52
2 10
2 38
2 48
2 74
3 19
3 15
3 79
3 84
3 78
3 99
3 36
3 58
3 7
3 43
3 70
3 95
3 54
3 71
3 28
3 66
3 5
3 72
3 16
3 8
3 45
3 29
3 4
4 19
4 33
4 84
4 99
4 36
4 7
4 43
4 39
4 86
4 70
4 95
4 40
4 66
4 98
4 37
4 69
4 83
4 45
4 29
5 78
5 54
5 16
5 38
5 71
5 81
5 15
5 58
5 8
5 45
5 79
5 70
5 72
6 15
6 20
6 34
6 87
6 25
6 23
6 49
6 58
6 56
6 32
6 51
6 90
6 72
6 31
6 18
6 26
6 16
6 11
6 68
6 27
6 21
6 74
7 33
7 84
7 99
7 35
7 36
7 43
7 70
7 95
7 40
7 93
7 28
7 12
7 66
7 98
7 96
7 13
7 37
7 69
7 83
7 45
7 62
8 10
8 78
8 54
8 38
8 76
8 71
8 19
8 15
8 58
8 75
8 80
8 79
8 61
8 29
8 70
9 10
9 17
9 38
9 24
9 55
9 77
9 53
9 48
9 47
9 63
9 44
9 52
10 44
10 17
10 78
10 54
10 38
10 71
10 81
10 75
10 55
10 77
10 53
10 48
10 47
11 20
11 34
11 87
11 25
11 23
11 49
11 67
11 56
11 32
11 14
11 51
11 60
11 90
11 31
11 18
11 26
11 68
11 22
11 27
11 64
11 21
11 57
11 74
12 40
12 92
12 35
12 28
12 30
12 43
12 65
12 45
12 62
12 13
13 40
13 35
13 28
13 83
13 93
13 33
13 66
13 43
13 45
13 62
13 96
13 37
13 69
14 49
14 82
14 59
14 51
14 67
14 41
14 22
14 27
14 42
14 60
14 64
14 90
14 57
14 87
14 74
14 23
14 94
15 81
15 20
15 79
15 34
15 78
15 58
15 70
15 54
15 71
15 51
15 72
15 31
15 18
15 16
15 38
15 21
16 20
16 79
16 34
16 35
16 30
16 58
16 65
16 32
16 28
16 51
16 72
16 31
16 18
16 68
16 21
17 44
17 82
17 38
17 81
17 24
17 55
17 77
17 53
17 48
17 47
17 63
17 52
18 81
18 20
18 34
18 87
18 23
18 49
18 58
18 32
18 51
18 60
18 90
18 72
18 31
18 68
18 27
18 21
18 57
18 74
19 84
19 78
19 99
19 36
19 43
19 39
19 86
19 70
19 95
19 54
19 66
19 98
19 61
19 37
19 69
19 83
19 80
19 45
19 29
20 79
20 34
20 35
20 30
20 58
20 56
20 65
20 32
20 28
20 51
20 72
20 31
20 68
20 21
21 31
21 92
21 35
21 28
21 30
21 68
21 65
21 79
21 34
21 32
21 72
22 46
22 26
22 49
22 68
22 67
22 27
22 64
22 90
22 57
22 87
22 25
23 81
23 41
23 53
23 87
23 49
23 82
23 58
23 67
23 42
23 51
23 60
23 59
23 64
23 57
23 48
23 74
24 82
24 41
24 55
24 77
24 91
24 53
24 48
24 47
24 63
24 94
24 52
25 46
25 26
25 73
25 50
25 68
25 27
25 90
25 56
25 87
25 32
26 46
26 49
26 50
26 68
26 27
26 90
26 56
26 57
26 87
26 32
27 46
27 87
27 49
27 67
27 56
27 32
27 51
27 90
27 50
27 68
27 64
27 57
28 40
28 35
28 30
28 66
28 43
28 45
28 65
28 79
28 34
28 62
28 72
29 78
29 54
29 76
29 99
29 36
29 95
29 80
29 66
29 98
29 39
29 86
29 61
29 70
29 84
30 73
30 92
30 35
30 56
30 65
30 34
30 32
31 49
31 68
31 51
31 58
31 79
31 34
31 32
31 72
32 46
32 34
32 87
32 73
32 49
32 56
32 51
32 90
32 50
32 68
33 40
33 93
33 83
33 66
33 43
33 98
33 96
33 37
33 84
33 69
34 79
34 49
34 58
34 56
34 51
34 72
34 68
35 40
35 92
35 43
35 45
35 65
35 62
36 84
36 99
36 43
36 39
36 86
36 70
36 95
36 54
36 66
36 98
36 37
36 69
36 83
36 45
37 84
37 99
37 43
37 95
37 40
37 93
37 66
37 98
37 96
37 69
37 83
37 45
37 62
38 44
38 54
38 78
38 71
38 81
38 58
38 55
38 53
38 48
39 54
39 76
39 99
39 95
39 80
39 98
39 86
39 61
39 84
40 96
40 99
40 83
40 93
40 66
40 43
40 45
40 62
40 69
41 81
41 91
41 53
41 82
41 67
41 42
41 63
41 60
41 94
41 52
41 59
41 64
41 97
41 48
41 74
42 82
42 59
42 67
42 60
42 64
42 91
42 97
42 57
42 74
42 94
43 84
43 99
43 70
43 95
43 93
43 66
43 98
43 96
43 69
43 83
43 45
43 62
44 75
44 55
44 77
44 47
44 85
45 79
45 84
45 99
45 70
45 95
45 66
45 98
45 72
45 69
45 83
46 50
46 68
46 90
46 56
46 87
47 55
47 77
47 48
47 63
47 52
48 81
48 53
48 82
48 55
48 63
48 60
48 52
48 77
48 74
49 87
49 67
49 51
49 60
49 90
49 68
49 59
49 64
49 57
49 74
50 73
50 68
50 90
50 56
50 87
51 81
51 87
51 82
51 58
51 67
51 60
51 90
51 68
51 57
51 74
52 82
52 55
52 91
52 97
52 53
52 63
52 94
53 82
53 81
53 58
53 55
53 60
53 63
53 74
54 79
54 78
54 76
54 99
54 70
54 95
54 71
54 75
54 61
54 80
55 82
55 77
55 91
55 63
56 73
56 68
56 87
56 92
56 90
57 68
57 59
57 67
57 64
57 90
57 87
58 81
58 79
58 78
58 70
58 71
58 60
58 72
58 74
59 82
59 67
59 60
59 64
59 91
59 97
59 74
59 94
60 81
60 82
60 67
60 64
60 74
61 89
61 76
61 75
61 80
61 86
61 95
61 88
62 93
62 96
63 82
63 77
63 91
63 97
63 94
64 67
64 90
64 87
64 74
65 73
65 92
66 84
66 99
66 70
66 95
66 93
66 98
66 69
66 83
67 82
67 90
67 87
67 74
68 87
68 90
69 84
69 99
69 86
69 95
69 93
69 98
69 96
69 83
70 79
70 84
70 78
70 99
70 95
70 71
70 98
70 72
71 78
71 81
71 75
71 79
71 72
72 78
72 79
73 92
74 81
74 82
75 89
75 76
75 80
75 88
75 85
76 89
76 80
76 88
78 81
78 79
79 81
80 86
80 95
80 88
81 82
82 91
82 94
82 97
83 84
83 99
83 86
83 95
83 93
83 98
83 96
84 99
84 86
84 95
84 98
85 89
85 88
86 99
86 95
86 98
87 90
88 89
91 97
91 94
93 96
94 97
95 99
95 98
98 99
