100 819
0 54
0 8
0 21
0 59
0 39
0 9
0 22
0 4
0 41
0 67
0 50
0 58
0 40
0 2
0 14
0 94
0 62
0 49
0 78
0 34
0 96
0 80
2 65
2 89
2 12
2 21
2 71
2 25
2 9
2 3
2 98
2 22
2 30
2 27
2 94
2 62
2 78
2 63
2 11
2 18
2 55
2 72
2 97
3 11
3 65
3 30
3 89
3 12
3 94
3 18
3 55
3 23
3 71
3 72
3 88
3 97
3 25
3 63
4 54
4 8
4 21
4 59
4 39
4 9
4 92
4 22
4 67
4 36
4 50
4 60
4 64
4 5
4 40
4 62
4 49
4 78
4 34
4 96
4 80
4 13
5 64
5 54
5 61
5 34
5 44
5 20
5 67
5 80
5 36
5 13
5 6
5 73
5 100
5 10
5 50
5 29
5 60
6 16
6 61
6 44
6 82
6 7
6 70
6 24
6 13
6 73
6 87
7 82
7 87
8 68
8 21
8 42
8 39
8 92
8 22
8 41
8 58
8 40
8 77
8 14
8 28
8 49
8 57
8 83
8 38
8 34
8 96
8 17
9 65
9 89
9 12
9 21
9 59
9 71
9 88
9 76
9 25
9 22
9 30
9 50
9 94
9 62
9 78
9 11
9 34
9 80
10 64
10 61
10 44
10 20
10 67
10 84
10 36
10 13
10 52
10 73
10 100
10 50
10 29
10 60
11 65
11 89
11 12
11 21
11 25
11 98
11 22
11 30
11 27
11 37
11 94
11 63
11 90
11 18
11 55
11 72
11 97
12 65
12 89
12 95
12 74
12 71
12 88
12 76
12 25
12 26
12 30
12 94
12 23
12 63
12 55
12 72
12 97
13 54
13 24
13 92
13 44
13 67
13 36
13 73
13 50
13 60
13 64
13 61
13 70
13 49
13 100
13 34
14 68
14 42
14 39
14 15
14 92
14 41
14 45
14 58
14 40
14 77
14 93
14 28
14 49
14 57
14 43
14 83
14 38
14 96
14 51
14 17
15 68
15 41
15 53
15 33
15 45
15 69
15 58
15 91
15 77
15 93
15 28
15 43
15 83
15 38
15 81
15 47
15 85
15 51
15 17
15 19
16 82
16 70
16 24
16 49
16 92
17 68
17 42
17 92
17 41
17 45
17 58
17 40
17 77
17 93
17 28
17 49
17 57
17 43
17 83
17 38
17 51
18 65
18 30
18 90
18 32
18 94
18 55
18 72
18 97
18 48
18 25
18 63
18 27
19 38
19 81
19 47
19 58
19 69
19 85
19 91
19 41
19 53
19 28
19 33
20 59
20 76
20 84
20 67
20 36
20 50
20 29
20 60
20 64
20 61
20 62
20 52
20 100
20 78
20 99
20 34
20 80
21 98
21 22
21 58
21 65
21 41
21 96
21 94
21 62
21 28
21 33
21 39
21 27
22 65
22 59
22 39
22 41
22 27
22 58
22 94
22 62
22 78
22 34
22 96
22 80
23 30
23 89
23 99
23 86
23 95
23 63
23 55
23 74
23 71
23 88
23 75
23 25
23 46
23 26
24 82
24 70
24 87
24 92
25 65
25 30
25 89
25 94
25 55
25 71
25 72
25 88
25 97
25 63
25 27
26 30
26 89
26 99
26 86
26 95
26 74
26 71
26 88
26 75
26 46
27 98
27 58
27 65
27 41
27 90
27 94
27 33
27 97
27 31
27 37
28 68
28 39
28 41
28 53
28 33
28 69
28 58
28 91
28 77
28 83
28 38
28 47
28 85
28 51
29 59
29 76
29 84
29 44
29 67
29 36
29 73
29 50
29 60
29 64
29 61
29 52
29 100
29 78
29 99
29 80
30 65
30 89
30 95
30 74
30 71
30 88
30 94
30 63
30 55
30 72
30 97
31 98
31 47
31 85
31 35
31 79
31 53
31 90
31 32
31 33
31 66
31 48
31 56
31 37
32 35
32 79
32 90
32 48
32 56
32 37
33 98
33 47
33 58
33 69
33 85
33 91
33 41
33 53
33 66
33 37
34 54
34 59
34 39
34 76
34 44
34 67
34 36
34 50
34 60
34 64
34 61
34 62
34 49
34 100
34 78
34 96
34 80
35 98
35 79
35 90
35 66
35 48
35 56
35 37
36 54
36 59
36 76
36 84
36 44
36 67
36 73
36 50
36 60
36 64
36 61
36 62
36 52
36 100
36 78
36 96
36 80
37 98
37 65
37 79
37 53
37 90
37 66
37 48
37 56
38 68
38 42
38 41
38 45
38 69
38 58
38 91
38 40
38 77
38 93
38 57
38 43
38 83
38 81
38 51
39 68
39 58
39 40
39 41
39 77
39 96
39 62
39 49
39 57
40 68
40 42
40 92
40 45
40 58
40 77
40 93
40 49
40 57
40 83
40 96
40 51
41 68
41 98
41 53
41 69
41 58
41 91
41 77
41 47
41 85
42 68
42 92
42 77
42 51
42 93
42 49
42 57
42 43
42 45
42 83
43 68
43 81
43 77
43 51
43 93
43 45
43 83
44 64
44 54
44 61
44 67
44 84
44 87
44 73
44 100
44 50
44 60
45 68
45 81
45 77
45 51
45 93
45 57
45 83
46 99
46 86
46 95
46 74
46 88
46 75
47 98
47 69
47 58
47 85
47 91
47 53
47 66
48 79
48 90
48 56
49 68
49 54
49 92
49 77
49 70
49 57
49 83
49 96
50 54
50 89
50 59
50 76
50 84
50 67
50 60
50 64
50 61
50 62
50 52
50 100
50 78
50 80
51 68
51 81
51 91
51 77
51 93
51 57
51 83
52 89
52 95
52 59
52 71
52 88
52 76
52 84
52 60
52 64
52 62
52 100
52 78
52 99
52 80
53 98
53 58
53 69
53 85
53 91
53 66
54 59
54 92
54 67
54 73
54 60
54 64
54 61
54 62
54 70
54 100
54 78
54 96
54 80
55 65
55 94
55 72
55 97
55 63
56 79
56 90
56 66
57 68
57 77
57 96
57 70
57 93
57 92
57 83
58 68
58 69
58 77
58 96
59 89
59 71
59 88
59 76
59 84
59 67
59 60
59 64
59 62
59 100
59 78
59 80
60 76
60 84
60 67
60 73
60 64
60 61
60 62
60 100
60 78
60 80
61 64
61 67
61 84
61 87
61 73
61 100
62 89
62 71
62 76
62 67
62 64
62 94
62 78
62 96
62 80
63 65
63 89
63 95
63 94
63 71
63 72
63 88
63 97
64 76
64 84
64 67
64 73
64 100
64 78
64 80
65 98
65 94
65 90
65 72
65 97
66 98
66 69
66 85
66 90
67 76
67 73
67 100
67 78
67 96
67 80
68 77
68 93
68 83
68 96
69 81
69 85
69 91
70 82
70 92
71 89
71 95
71 74
71 88
71 76
71 94
71 78
71 99
71 80
72 90
72 94
72 97
73 87
73 100
73 84
74 89
74 99
74 86
74 95
74 75
74 88
75 99
75 86
75 95
75 88
76 89
76 95
76 88
76 84
76 100
76 78
76 99
76 80
77 92
77 93
77 83
77 96
78 89
78 100
78 96
78 80
79 90
80 89
80 84
80 100
81 91
81 93
82 87
83 92
83 93
84 99
84 100
85 91
86 99
86 95
88 89
88 99
88 95
89 95
89 94
90 98
90 97
92 96
94 98
94 97
95 99
