100 898
0 75
0 32
0 68
0 99
0 54
0 58
0 5
0 39
0 22
0 42
0 89
0 3
0 4
0 85
0 76
0 73
0 19
0 36
0 95
0 2
0 17
0 21
0 71
0 16
0 69
0 87
2 75
2 67
2 81
2 78
2 32
2 68
2 54
2 44
2 39
2 22
2 3
2 4
2 85
2 76
2 73
2 19
2 36
2 71
2 87
2 74
2 77
3 75
3 81
3 49
3 68
3 99
3 22
3 13
3 55
3 85
3 12
3 76
3 73
3 77
3 90
3 36
3 21
3 63
3 16
3 69
3 87
3 70
3 20
3 66
4 75
4 97
4 72
4 32
4 68
4 99
4 54
4 58
4 5
4 39
4 22
4 83
4 42
4 89
4 10
4 85
4 19
4 36
4 95
4 25
4 17
4 71
4 47
4 87
5 80
5 75
5 97
5 40
5 68
5 31
5 11
5 99
5 58
5 84
5 39
5 23
5 98
5 42
5 89
5 10
5 6
5 18
5 35
5 85
5 19
5 95
5 34
5 25
5 17
5 69
5 87
6 80
6 97
6 40
6 7
6 31
6 11
6 58
6 84
6 23
6 98
6 42
6 89
6 10
6 18
6 35
6 25
6 17
6 69
6 86
7 84
7 35
7 23
7 98
7 97
7 26
7 33
7 8
7 9
7 10
7 34
7 31
7 18
7 100
7 25
8 84
8 35
8 23
8 98
8 9
8 34
8 18
8 100
9 84
9 35
9 23
9 98
9 34
9 18
9 100
9 79
10 80
10 97
10 40
10 31
10 11
10 99
10 58
10 84
10 39
10 23
10 98
10 42
10 89
10 18
10 35
10 34
10 25
10 17
11 53
11 80
11 46
11 49
11 97
11 38
11 40
11 31
11 68
11 99
11 60
11 89
11 24
11 62
11 15
11 55
11 85
11 25
11 17
11 16
11 69
11 86
11 87
11 82
11 52
11 66
12 45
12 63
12 13
12 41
12 90
12 14
12 50
12 64
12 94
12 28
12 70
12 20
13 45
13 30
13 63
13 76
13 73
13 81
13 90
13 64
13 65
13 74
13 94
13 70
13 20
13 77
14 53
14 46
14 41
14 38
14 50
14 24
14 55
14 27
14 90
14 29
14 93
14 57
14 21
14 63
14 16
14 52
14 61
14 28
14 70
14 20
14 66
15 27
15 53
15 60
15 46
15 24
15 86
15 38
15 82
15 52
15 93
15 57
15 62
16 53
16 80
16 75
16 46
16 49
16 38
16 40
16 68
16 99
16 60
16 24
16 62
16 55
16 85
16 76
16 73
16 21
16 63
16 69
16 86
16 87
16 70
16 66
17 80
17 75
17 97
17 40
17 32
17 31
17 68
17 99
17 58
17 84
17 39
17 98
17 42
17 89
17 35
17 85
17 19
17 95
17 34
17 25
17 69
17 87
18 84
18 35
18 23
18 98
18 97
18 26
18 33
18 34
18 31
18 100
18 25
19 75
19 32
19 68
19 99
19 54
19 58
19 39
19 22
19 42
19 89
19 85
19 76
19 73
19 95
19 36
19 71
19 69
19 87
20 45
20 55
20 21
20 63
20 41
20 81
20 90
20 50
20 64
20 94
20 28
20 70
21 53
21 80
21 75
21 49
21 38
21 40
21 68
21 99
21 50
21 24
21 62
21 55
21 85
21 76
21 73
21 90
21 63
21 69
21 87
21 70
21 66
22 75
22 67
22 78
22 32
22 68
22 99
22 54
22 39
22 85
22 76
22 73
22 36
22 95
22 71
22 87
23 84
23 35
23 98
23 97
23 26
23 33
23 34
23 31
23 100
23 25
24 53
24 80
24 46
24 41
24 49
24 38
24 40
24 68
24 99
24 60
24 50
24 62
24 55
24 85
24 93
24 57
24 69
24 86
24 87
24 82
24 52
24 70
24 66
25 80
25 97
25 40
25 31
25 58
25 84
25 98
25 42
25 89
25 35
25 34
26 84
26 33
26 100
27 53
27 46
27 41
27 50
27 38
27 82
27 29
27 52
27 61
27 93
27 57
27 28
28 55
28 41
28 90
28 50
28 29
28 61
28 57
28 70
29 41
29 50
29 93
29 61
29 57
30 45
30 96
30 81
30 64
30 65
30 74
30 51
30 94
30 88
30 77
31 80
31 97
31 40
31 58
31 84
31 98
31 42
31 89
31 35
31 34
32 75
32 91
32 72
32 78
32 54
32 58
32 37
32 39
32 83
32 42
32 36
32 95
32 71
32 47
33 84
34 97
34 79
34 58
34 84
34 83
34 98
34 42
34 89
34 35
34 100
34 48
35 97
35 58
35 84
35 98
35 42
35 89
35 100
36 75
36 67
36 81
36 78
36 68
36 54
36 44
36 39
36 85
36 76
36 73
36 71
36 87
36 74
36 77
37 59
37 71
37 83
37 91
37 47
37 72
37 95
37 92
37 78
37 43
37 56
38 53
38 80
38 46
38 41
38 49
38 40
38 60
38 62
38 55
38 93
38 57
38 69
38 86
38 82
38 52
38 66
39 75
39 91
39 72
39 68
39 99
39 54
39 58
39 83
39 42
39 89
39 85
39 95
39 71
39 87
40 53
40 80
40 75
40 46
40 49
40 97
40 68
40 99
40 60
40 89
40 62
40 55
40 85
40 69
40 86
40 87
40 66
41 53
41 46
41 50
41 55
41 90
41 93
41 57
41 63
41 52
41 61
41 70
42 97
42 99
42 58
42 84
42 83
42 98
42 89
42 95
42 48
43 44
43 59
43 91
43 72
43 78
43 56
44 96
44 71
44 67
44 91
44 72
44 78
44 54
45 63
45 81
45 90
45 64
45 65
45 94
45 70
46 53
46 80
46 49
46 60
46 62
46 55
46 93
46 57
46 86
46 82
46 52
46 66
47 83
47 91
47 72
47 95
47 92
47 48
47 79
47 56
48 83
48 98
48 95
48 92
48 79
49 53
49 80
49 75
49 68
49 99
49 60
49 89
49 62
49 55
49 85
49 69
49 86
49 87
49 52
49 66
50 55
50 63
50 90
50 93
50 61
50 57
50 70
51 96
51 65
51 88
52 55
52 53
52 60
52 86
52 82
52 66
52 93
52 57
52 62
53 80
53 60
53 62
53 55
53 93
53 57
53 69
53 86
53 82
53 66
54 71
54 75
54 67
54 73
54 76
54 91
54 72
54 95
54 78
55 80
55 68
55 99
55 60
55 62
55 85
55 90
55 93
55 57
55 63
55 69
55 87
55 70
55 66
56 59
56 83
56 91
56 72
56 92
56 78
57 60
57 62
57 93
57 82
57 61
57 70
57 66
58 75
58 97
58 68
58 99
58 83
58 98
58 89
58 85
58 95
58 69
59 91
59 72
59 78
60 80
60 62
60 93
60 69
60 86
60 82
60 66
61 93
61 70
62 80
62 93
62 69
62 86
62 82
62 66
63 73
63 76
63 81
63 64
63 90
63 94
63 70
64 81
64 90
64 65
64 94
64 70
65 81
65 74
65 94
65 88
65 77
66 80
66 75
66 68
66 99
66 85
66 69
66 86
66 87
67 71
67 96
67 76
67 73
67 81
67 74
67 78
67 77
68 80
68 75
68 99
68 89
68 85
68 76
68 73
68 69
68 87
69 80
69 75
69 97
69 99
69 89
69 85
69 76
69 86
69 87
70 90
71 75
71 91
71 72
71 78
71 83
71 76
71 73
71 95
72 83
72 91
72 95
72 78
73 75
73 81
73 99
73 85
73 76
73 87
73 74
73 77
74 96
74 76
74 81
74 94
74 88
74 77
75 80
75 99
75 89
75 85
75 76
75 95
75 87
76 81
76 99
76 85
76 87
76 77
77 96
77 81
77 94
78 91
78 95
79 83
79 98
79 92
80 97
80 99
80 89
80 85
80 86
80 87
81 96
81 94
82 86
82 93
83 91
83 95
83 92
84 97
84 98
84 89
84 100
85 99
85 89
85 87
86 93
87 99
87 89
88 96
89 97
89 99
89 98
89 95
90 94
91 95
97 99
97 98
98 100
