34 365 413 148 2141 6574 2328 2684 549 310 3327 2126 523 912 262 9522 33335 17957 7282 20765 32928 51184 10559 10925 3575 13622 39756 901 4067 13062 9485 3945 20819 13854 2580 1369 3641 8800 7932 625 11249 11281 9865 2447 1046 261 2526 5626 12000 400 447 1486 1768 4984 1114 1931 29 7171 2334 1740 5174 2283 71 847 1074 174 2749 2716 543 177 418 954 291
31 372 328 137 2108 5780 2602 1772 514 360 3316 1708 518 780 235 8975 27454 18277 6806 23120 31562 36902 12671 5729 3874 14067 34474 755 4008 12604 8945 4921 22140 9096 2413 1412 3237 9190 5903 834 11734 10218 7229 2606 900 270 2457 4559 11229 493 421 1648 1711 4565 1224 1279 34 6703 1739 1898 4734 2042 91 796 1047 229 2613 2273 536 154 416 764 260
42 374 650 211 1516 8987 2060 5338 643 183 4003 4213 529 1560 369 5517 31936 23084 3304 13373 40095 90505 8689 26964 1546 14617 67344 266 3515 12034 18152 2095 21800 36695 2342 710 2613 9406 12245 201 10341 15567 23673 1784 3061 80 1621 8136 19517 389 604 1046 1524 7658 1020 3263 5 9011 4715 940 6885 6091 41 840 1711 68 3069 5000 614 530 334 1538 400
49 342 916 260 1375 10152 1343 9391 726 147 3946 6296 433 2287 450 4893 35861 21925 3209 8585 32191 129962 3702 61342 1238 11793 80047 362 3458 11828 23419 1149 16027 68833 2467 514 2987 8150 17443 131 6496 19235 42084 1635 5176 91 1534 7979 22987 358 809 1064 1268 9631 442 6868 4 9205 6536 735 6873 9808 38 1016 1972 44 2550 7854 617 665 233 2265 445
44 361 720 226 1490 9088 1668 6417 733 184 4013 4567 478 1855 405 5217 33062 22562 3318 11274 32931 98934 5608 36554 1510 13738 67506 311 3537 12325 18234 1758 19148 41622 2262 598 3091 9326 14506 201 8351 18252 28478 1972 3106 64 1613 7285 20653 416 853 1173 1307 8902 568 5159 5 9431 4906 964 6717 6890 66 1137 1905 67 2796 6125 640 536 287 1963 412
20 362 121 69 2163 3035 3664 335 334 520 2183 481 496 211 113 10608 15168 11576 6813 34505 24506 9594 24497 484 6027 13469 12689 861 3176 8307 2718 9732 17503 1277 1525 2108 1872 8311 1911 1670 14412 3004 1070 2108 163 432 2081 2705 4126 513 125 1371 1554 1971 1929 135 93 3818 555 2187 1988 340 110 478 509 409 1929 486 290 32 416 166 137
34 383 417 144 2001 7023 2616 2717 569 328 3408 2172 535 849 246 8114 31683 20692 5476 21737 38066 54842 12780 10936 3217 14527 43173 732 4578 12054 10334 4517 22491 14554 2629 1335 2985 10014 8310 621 12111 10867 9831 2510 1135 232 2193 6011 11963 470 478 1475 1750 5363 1353 1544 37 6887 2313 1707 5243 2257 81 721 1115 196 2788 2569 544 139 423 824 274
45 357 766 224 1606 9391 1579 7105 765 222 3873 4916 457 1791 378 6061 36842 22042 4167 11041 32748 106868 4949 41524 2187 12650 69967 456 4357 12531 19319 1867 18098 48891 2617 631 3533 9195 15934 335 7467 17705 29608 2266 3729 139 1717 7182 19430 422 1010 1556 1439 9242 562 4924 22 8563 4978 1123 6568 6890 110 1144 1760 123 2638 5844 641 454 279 1779 374
40 358 586 194 1833 7949 1903 4604 624 231 3715 3494 525 1468 314 7319 36022 19497 5070 15499 32825 75621 7392 22778 2344 12760 55576 654 3843 13628 14607 2522 20061 27885 2540 955 3223 8796 10965 330 9907 15842 19806 2275 2278 170 2274 6829 17196 379 640 1272 1601 6569 935 3660 24 7614 3354 1289 6677 5199 46 1024 1460 119 2660 4324 750 434 420 1374 298
27 368 229 122 2044 4509 2792 960 405 377 3203 1100 523 645 220 9713 21265 15816 6794 24967 26347 22380 14227 2397 4500 16128 23832 715 3329 12316 6184 5324 22111 4168 1801 1553 2265 7856 3694 898 12726 8935 4078 2646 501 256 2397 3334 10102 421 216 1290 1725 3269 1355 1038 41 6645 1126 1897 4338 1380 77 520 1019 243 2668 1766 455 139 435 720 237
30 349 323 112 2408 5464 2427 1825 514 449 2723 1495 453 579 161 11846 32423 14954 9759 24132 29796 36184 11956 6345 5701 11104 30205 1508 4935 11878 6960 5899 18980 8569 2488 1750 4024 8444 6113 1391 9947 7908 5891 2853 723 608 2642 4202 8093 455 473 2053 1497 4011 1153 866 138 4660 1397 2176 3765 1428 147 799 736 355 1781 1506 515 95 369 448 137
29 357 287 119 2259 5201 2587 1397 483 434 2873 1461 478 636 160 10542 27530 15864 8980 24257 29874 29929 12846 3850 5865 11825 29135 1278 4428 12134 7851 5595 19587 7248 2386 1600 3250 9041 4968 1335 10488 8038 5555 2706 881 572 2666 4004 9482 503 317 1896 1496 4153 1220 871 131 4530 1213 2096 4153 1851 134 704 980 379 1776 1515 581 175 369 468 124
26 348 234 91 2352 4383 2783 1111 453 482 2491 933 460 417 139 12180 25652 12834 8867 27758 26949 24115 15276 3285 6103 11123 21276 1308 4181 10770 4310 7206 18967 4212 1994 1922 3278 8653 4241 1508 11158 6546 3303 2751 355 541 2406 3217 5825 564 359 1880 1472 3120 1360 686 125 4195 880 2198 3205 682 160 750 546 360 1892 1005 388 21 400 386 135
24 359 203 73 2574 4249 2893 893 532 533 2044 752 450 283 96 12666 24263 15348 11002 29870 26214 21368 16375 2379 7345 9963 17413 1502 4028 8471 4131 7881 15513 3319 2375 2111 4474 9869 4529 1736 10917 4256 2275 2133 261 749 2720 3169 4483 623 579 2503 1257 2773 1390 324 182 2919 654 2313 2415 488 220 847 459 421 1308 622 512 12 379 214 78
36 388 497 133 2173 7930 2460 3748 824 440 2958 2410 522 834 148 9289 37629 21896 6798 20300 38925 70627 11186 17947 4321 10275 43918 914 6110 10501 11476 5655 19158 19254 3094 1256 4768 13518 12996 1173 10453 10546 11463 2987 1580 379 2354 6474 10128 800 983 2899 1247 7157 1223 1925 119 3803 1645 2100 5271 2489 223 1494 1064 429 1636 1863 862 141 383 508 90
27 341 264 87 2567 4825 2542 1346 498 535 2203 1074 421 414 91 13182 30200 13518 11376 26404 28752 28750 13545 4162 7512 9137 22250 1767 5237 10099 5545 7061 15973 5596 2466 1998 4464 8449 5167 1792 9734 5834 3812 2550 548 849 2518 3629 5946 439 501 2556 1363 3209 1153 652 239 2727 688 2265 3038 966 213 772 544 438 1211 772 483 52 303 242 60
18 312 108 45 2359 2598 2982 343 287 582 1398 271 367 157 45 13968 16438 9704 10603 32816 19083 9518 19174 678 8906 7287 7279 1787 3355 6361 1428 9419 11609 752 1514 2420 2207 6433 1872 2432 9705 2478 721 1763 25 968 2156 1663 2599 448 153 1590 1015 1023 1484 208 300 1436 155 1930 1705 160 131 327 246 497 721 234 338 9 260 93 25
17 303 92 44 2268 2298 2928 236 251 599 1370 268 339 136 40 13772 14411 9193 10341 32016 16819 6825 18877 323 9245 7191 6787 1667 3271 6360 1690 9889 11515 656 1375 2430 1813 5872 1400 2658 9024 2170 575 1882 77 972 2044 1438 2378 383 92 1317 932 1070 1426 125 331 1300 146 1872 1529 184 116 235 276 505 647 176 273 16 230 85 17
21 306 157 53 2763 3355 2176 583 416 594 1375 528 279 178 41 15902 23273 11880 16813 26511 19249 14659 10265 1230 11309 6759 11252 2709 4265 7406 3303 6377 8890 2045 2198 2120 4355 7413 3159 2254 5902 2099 1336 1588 245 1496 2461 1888 3131 463 348 2633 955 1986 570 148 447 1297 277 2010 1358 340 292 512 352 400 451 251 339 23 138 75 15
22 302 177 54 2626 3584 2384 720 393 617 1428 595 272 190 35 15514 25521 10965 14341 27431 22721 17168 12844 1687 9815 5639 12943 2538 5060 7612 3496 8104 10995 2589 2236 2212 3610 7598 3330 2715 6206 2553 1577 2170 291 1331 2089 2022 3062 536 259 2556 870 2132 736 177 449 1120 255 1847 1511 394 246 521 325 416 458 256 254 29 140 43 17
16 299 80 40 2310 2013 3083 196 228 610 1304 213 356 106 45 12795 13146 7012 10314 34728 16156 5492 21093 277 9323 7507 5978 1501 2872 5738 989 10684 11221 463 1199 2537 1881 5235 1194 2700 9945 1656 446 1600 20 886 2085 1448 1904 334 74 1345 1010 798 1510 68 279 1505 165 2071 1256 102 109 282 213 522 786 172 201 14 270 62 31
26 314 262 63 2937 4765 1948 1443 513 567 1481 843 289 273 41 17240 35579 14331 17089 23969 23686 31591 8358 4984 10512 5538 16268 3244 5751 8341 4615 5493 9644 5021 3151 2147 5674 7672 5959 2041 5626 3436 2827 1919 275 1597 2469 2688 3946 413 591 3168 929 2523 623 384 431 1128 346 1891 1917 601 290 637 382 433 499 353 401 47 131 102 10
17 281 94 42 2270 2083 2886 255 219 594 1323 261 326 123 41 13399 14787 5732 10342 32611 17298 6269 19896 393 8535 6218 7098 1810 3170 6671 1068 10885 11881 669 1043 2557 1959 4799 1160 2856 8744 2006 569 1930 45 904 1913 1423 1972 303 104 1266 921 912 1424 91 319 1339 155 1924 1423 165 91 245 194 516 681 203 217 4 228 64 22
11 214 40 15 2362 1016 1802 68 198 573 454 65 137 26 6 14052 7553 4351 16552 27087 6457 1909 9373 58 11942 2520 1579 2594 1480 2482 442 7106 3366 110 928 2298 2702 3648 575 2525 3235 400 79 537 10 1912 1477 352 449 297 124 1519 372 301 360 13 543 213 15 1108 259 18 240 174 60 303 76 21 126 0 40 6 0
18 258 115 38 2639 2344 2028 362 289 568 1042 317 211 120 17 16443 19228 7050 16224 26140 14864 8476 11391 645 10167 4318 7156 3256 3334 6267 1803 7416 8099 1009 1696 2388 3526 5075 1707 2505 4732 1727 732 1586 116 1565 1908 1169 1947 289 214 1981 744 1148 564 100 530 556 90 1639 943 217 221 333 223 337 233 105 238 18 74 26 2
25 312 232 68 2670 4239 2202 1141 447 582 1719 819 318 275 65 16361 29741 12018 14105 24282 23901 24932 11319 3449 9032 6981 17159 2577 5382 8942 4147 7203 12464 4192 2314 2115 4654 7297 4291 2464 6952 3828 2576 2455 336 1048 2247 2611 4063 375 508 2677 1040 2393 742 346 369 2001 512 2210 1920 553 189 671 382 433 790 496 349 22 208 125 43
14 240 67 24 2348 1632 2138 150 206 573 714 151 181 52 11 14740 12732 5634 13833 28294 11793 4181 12643 178 11289 3739 3670 2464 2703 4379 927 7610 5316 339 1235 2393 2137 4230 910 2727 4529 697 237 1039 43 1573 1428 850 939 349 83 1425 582 704 614 23 547 350 50 1224 535 72 216 172 129 313 184 43 136 3 53 12 1
12 277 39 27 2193 1186 3064 52 174 634 941 94 286 46 28 11583 6918 5619 11070 36648 10336 1750 20618 32 10633 6687 2765 1498 1685 3997 555 10692 7620 109 833 2638 1448 4548 450 2935 8160 633 112 985 10 1198 1899 757 1026 366 37 1224 877 479 1154 10 392 1022 73 1870 566 43 137 197 149 468 483 59 157 2 181 30 15
26 268 285 40 3328 4450 1248 1762 585 572 808 721 136 112 5 21795 43965 10547 22382 18752 17224 32802 3996 6915 11992 2227 11814 5091 6181 6507 3726 3842 4285 5540 3482 2063 8022 6766 7148 1854 1935 1250 1687 1379 354 2440 1728 1647 1376 379 968 4097 550 2368 116 99 624 134 67 1067 596 235 595 646 184 193 51 42 144 8 12 3 0
10 195 28 17 2153 754 1653 33 106 505 527 49 131 27 11 13627 6088 3523 14256 25288 4943 1019 8766 17 10961 3049 1267 2475 1166 3252 347 6018 3889 52 740 2349 1389 2065 246 2280 3068 377 49 718 2 1714 1430 272 537 128 25 880 502 217 328 10 530 386 22 1035 243 22 111 97 50 262 163 23 66 0 47 10 3
13 263 53 25 2174 1448 2826 99 226 628 784 113 236 60 14 12847 9362 5386 11176 32835 12724 2983 19968 96 10344 4568 2921 1912 2386 3995 710 10866 6287 195 832 2411 1974 5345 781 3133 6580 759 184 951 12 1221 1437 821 1233 416 119 1519 651 547 1072 32 494 460 42 1424 637 73 204 226 170 424 254 52 179 9 100 17 3
13 277 50 28 2113 1439 3210 83 189 685 937 123 285 55 25 11280 8780 5972 9287 36277 13191 2596 23679 68 10030 5120 3391 1244 2447 4255 899 13329 8549 184 919 2737 1456 4991 642 3477 8125 893 164 1342 28 905 1607 957 1018 347 43 1296 635 595 1485 26 348 836 81 1791 637 55 134 250 119 538 485 69 94 6 206 18 16
22 265 179 52 2651 3112 1889 756 333 586 1339 555 224 202 27 16705 26418 7708 15678 23590 17509 15259 9746 1909 10014 4592 11684 3195 4717 8356 2685 7143 10355 2449 1887 2174 3859 5407 2775 2686 4826 3052 1587 2414 219 1395 1938 1550 2868 271 278 2208 781 1733 515 243 515 861 168 1759 1417 433 215 383 290 389 336 227 262 25 90 51 4
16 217 95 25 2720 1952 1258 280 232 487 603 215 118 60 5 19235 18588 6787 19763 20183 9303 6851 4763 449 11071 2489 4238 4242 2873 4648 1491 4088 3465 717 1853 2115 3477 3320 1417 1738 2118 708 371 888 76 2122 1466 699 1014 144 168 1865 566 721 188 39 497 153 29 975 439 99 189 196 100 163 54 30 114 7 12 3 0
13 245 55 23 2231 1444 2473 114 180 617 730 104 203 55 13 13351 10437 5808 12201 30879 11664 3403 16631 135 10628 3592 2804 2126 2438 3918 662 10132 6384 189 1027 2444 1736 4191 796 3210 5165 845 180 1127 14 1272 1557 643 976 328 66 1317 523 422 808 42 530 419 33 1414 674 46 155 140 117 399 196 55 167 2 82 17 2
11 247 28 27 2021 826 2730 24 116 598 890 61 261 58 22 11846 5377 3741 10129 33237 6899 792 19024 5 10335 5312 1568 1529 1308 4491 463 10310 7471 41 544 2519 1021 2931 219 2993 7181 874 64 1234 14 1171 1724 388 1132 194 19 751 711 269 1215 26 429 736 22 1591 741 46 93 98 156 455 384 64 147 10 148 31 7
12 181 55 11 2329 1209 1216 129 172 456 328 73 55 17 1 17008 11668 4500 17256 18924 6350 3305 6001 173 9989 1474 1766 3875 1870 2310 511 4840 2664 186 1240 1940 2683 2656 743 1966 1224 302 89 617 15 1905 624 237 277 171 127 1383 286 325 70 8 517 40 5 592 130 14 185 100 38 92 11 4 33 1 2 0 0
15 254 77 28 2357 1828 2300 205 221 598 880 158 203 70 22 14665 13843 6268 13574 29062 13224 5606 13817 325 10683 4830 4168 2446 2944 4632 853 8752 7228 398 1201 2429 2310 4590 1243 2860 5304 1155 302 1329 14 1380 1561 840 1192 303 115 1482 663 619 624 62 492 748 84 1571 701 50 137 187 138 386 339 88 154 2 88 34 6
12 246 46 20 2182 1218 2763 88 191 659 674 78 216 40 14 12529 8375 4066 11640 32925 11095 2565 20097 100 10404 3599 2322 1884 1973 3190 334 11945 6251 116 786 2512 2012 4409 644 3482 5864 620 134 979 4 1218 1439 586 715 323 106 1532 511 329 1064 26 461 484 37 1409 556 19 195 206 73 483 232 37 134 0 104 18 4
13 238 54 24 2195 1371 2402 106 164 606 767 110 195 56 14 13890 10219 4887 12177 29422 10978 3132 16262 111 10140 3721 2909 2250 2343 4157 646 10027 6837 197 1002 2478 1697 3826 636 3161 5165 908 191 1263 13 1262 1403 608 1030 224 69 1255 551 460 785 31 530 451 34 1403 638 56 127 137 90 377 251 58 137 3 79 18 3
16 262 89 31 2374 2075 2276 255 195 583 1011 209 227 63 33 15270 15944 7041 13555 28165 14321 6994 13322 431 10500 6081 5841 2389 3324 5032 921 8179 8182 604 1355 2461 1882 4036 1197 2714 6031 1080 339 1463 28 1334 1750 1228 1112 182 71 1246 838 763 603 44 467 1216 177 1738 654 46 111 169 99 376 497 96 120 0 130 32 23
12 224 43 23 2051 1117 2279 67 133 564 739 93 171 43 17 13787 8544 3855 11127 28037 9323 1989 15763 49 9737 4024 2527 2246 2013 4241 514 9234 6207 131 773 2335 1175 3179 427 3082 4708 583 130 1219 16 1270 1166 534 912 186 35 1005 666 366 640 15 530 603 49 1211 437 33 75 123 112 303 276 38 74 5 64 25 4
14 231 69 22 2255 1624 2151 164 183 588 691 145 161 46 9 15359 13030 5296 13139 26445 11942 4459 14127 207 10196 3177 3735 2644 2785 3948 938 8913 6277 366 1176 2308 2008 3775 880 3059 4333 825 215 1254 46 1389 1163 681 711 230 77 1488 484 556 588 29 538 303 37 1187 570 47 132 175 78 333 154 44 101 2 50 7 1
12 227 45 21 2093 1157 2439 71 144 601 706 102 173 33 14 12641 8780 4162 11766 30190 9855 1962 17217 53 9649 3388 2806 2180 2111 3782 674 11006 6848 147 863 2517 1394 3400 436 3275 4748 635 122 1207 35 1257 1338 628 559 254 36 1051 462 505 735 11 518 487 52 1296 300 30 103 124 65 370 258 24 78 0 88 17 4
9 183 22 14 1840 588 1867 23 81 524 508 31 103 23 7 12470 4726 2766 11362 24337 4244 659 12771 11 9630 2585 932 2204 953 2747 221 8593 5193 24 587 2123 897 1851 168 2907 2756 478 37 1046 0 1378 891 147 395 111 15 653 448 162 335 9 576 256 9 948 237 11 72 50 59 224 122 15 33 2 33 7 1
11 187 44 11 2154 1112 1548 84 155 487 322 65 63 14 2 14988 9585 4285 14955 22422 7799 2475 8965 82 9975 1759 1551 3228 1908 2140 498 6299 2351 138 985 2108 1986 3118 628 2374 1506 157 66 553 14 1693 611 260 308 157 73 1358 370 293 196 2 548 78 10 553 134 11 156 84 54 93 17 4 33 2 2 1 0
9 196 22 14 1955 668 1927 19 112 512 478 36 99 25 4 12889 4615 3470 12411 26318 5215 633 11711 5 10032 3096 989 2587 1034 2726 296 7379 3822 25 653 2261 1147 2743 198 2521 2680 327 40 725 3 1568 925 186 612 237 24 930 525 220 241 4 525 157 6 869 229 21 112 62 112 157 52 14 58 6 16 2 0
12 204 48 18 2164 1119 1761 87 175 544 581 93 97 33 7 14652 9223 4115 14217 23750 7512 2252 10590 80 10326 2935 2426 2897 1825 3533 598 7410 5201 164 819 2094 2139 3280 565 2742 2520 574 125 1037 21 1671 873 311 634 243 96 1421 480 448 186 10 579 283 26 1005 230 37 170 138 96 178 83 23 77 2 18 7 0
13 208 65 13 2394 1561 1525 165 213 516 345 101 82 18 2 16472 13404 6117 16368 23341 9584 4671 6819 232 11417 1715 2161 3345 2554 2495 780 5183 2160 304 1391 2322 2715 4019 1110 2169 1737 202 109 523 25 1981 840 460 349 218 146 1750 298 450 182 5 541 62 12 591 169 21 235 132 43 152 26 6 38 0 13 1 0
10 190 27 18 1924 719 1789 29 98 532 565 43 115 43 5 12804 5646 3071 12118 24471 5289 876 10764 13 10357 2695 1112 2211 1288 3786 330 7599 4660 36 580 2051 1016 2250 194 2767 2904 600 54 1046 4 1471 991 184 838 156 20 882 469 232 343 25 579 171 3 890 402 37 108 52 121 233 76 22 73 11 20 5 0
12 238 41 25 2103 1103 2314 60 139 571 855 87 191 56 17 13360 7996 4745 11577 29838 8234 1801 13991 42 10601 5436 2495 2093 1809 4409 539 8470 7120 103 744 2292 1182 3265 417 2742 5207 907 142 1280 11 1369 1497 471 1092 234 33 886 771 392 580 24 510 634 29 1454 595 50 95 103 170 331 277 62 106 7 84 19 6
12 193 48 18 1998 1060 1807 102 122 560 579 63 120 48 7 13591 9493 3097 12601 23156 7778 2591 12058 136 9923 2362 1590 2412 2138 3628 379 8815 5488 96 662 1953 1385 2458 578 3221 3081 1003 117 1217 8 1318 978 280 644 125 58 944 382 230 411 65 593 234 13 1099 480 26 99 42 62 282 124 18 92 0 30 16 0
15 232 82 23 2540 1813 1798 228 254 596 645 165 141 52 10 15724 15303 5955 17132 25165 11430 5823 9543 366 11925 2938 3833 3023 2888 4018 944 6938 4863 481 1353 2276 3179 4547 1383 2753 3094 691 285 1047 28 1769 1462 672 941 318 157 2077 473 707 301 25 595 311 53 1228 444 65 268 249 117 284 111 47 126 6 35 8 1
12 182 54 12 2281 1142 1418 125 172 504 338 73 89 19 3 16134 11099 3385 16464 19995 7370 2992 8755 166 10052 1195 1719 3394 1938 2318 329 6459 2741 182 985 1970 2501 2830 734 2562 1933 255 90 630 5 1748 955 385 336 150 120 1523 260 297 212 7 565 89 15 749 188 21 171 116 36 181 40 6 61 0 13 3 0
9 171 29 7 1874 757 1654 45 117 538 241 31 68 6 2 12210 6243 2725 12219 22790 5820 1291 10943 36 10592 1234 885 2240 1549 1337 169 7932 2362 52 669 2045 1487 2442 366 3049 1888 108 21 451 2 1437 540 207 107 139 44 1042 176 146 221 1 644 79 8 626 95 3 141 72 10 177 30 2 21 0 10 1 0
10 230 25 20 1959 710 2655 28 93 598 728 42 223 32 18 11397 4986 2683 10170 32888 6288 884 19017 15 10188 4828 1319 1611 1150 3369 154 10633 6597 36 382 2569 986 2209 200 3115 6485 614 48 1028 0 1210 1494 366 554 144 20 696 659 166 1014 16 451 635 22 1538 433 9 70 79 72 415 355 42 88 0 125 13 9
10 196 33 12 1895 872 1968 56 98 550 454 37 121 22 5 12889 7096 3335 11365 25590 6463 1709 12985 55 9938 2777 1179 2174 1619 2165 128 8756 4481 52 678 2243 1058 2172 346 3019 3514 502 49 859 0 1320 899 304 346 120 25 757 343 179 421 19 588 189 10 1081 298 5 58 50 26 259 98 17 58 0 34 2 1
14 169 77 14 2310 1398 1156 219 197 416 317 123 44 21 1 17947 15250 3371 17293 16831 8174 4646 6558 356 8157 686 2311 4718 2342 2871 814 5070 2410 415 1263 1863 2885 3093 1088 2076 801 244 149 655 35 1693 602 258 286 230 162 1601 208 467 45 6 491 24 8 392 100 29 166 128 48 43 4 3 19 0 0 0 0
9 186 27 9 1989 758 1701 34 150 530 280 40 75 7 3 12700 5416 3511 13593 24848 5489 1068 9433 17 11176 1697 957 2392 1210 1634 356 6799 2104 56 602 2221 1807 3207 330 2565 1820 109 24 370 9 1800 790 197 137 272 78 1301 264 233 222 0 563 103 11 635 77 4 218 102 21 144 45 3 28 0 16 2 0
10 170 35 10 2016 853 1461 53 134 484 277 55 66 11 1 13578 7401 2897 14212 21491 6277 1494 8831 32 10028 1227 1214 2929 1507 2116 409 6321 2060 100 660 2067 1854 2553 377 2521 1465 127 41 494 16 1636 648 221 216 153 67 1238 269 249 244 2 572 21 5 527 143 11 156 86 40 139 9 2 33 1 1 0 0
10 166 35 10 2026 831 1242 62 130 444 291 39 56 16 3 14854 7465 3348 14969 19368 5048 1710 6097 62 9645 1363 874 3172 1284 2071 316 4744 2198 64 733 1912 1890 2263 449 2095 1213 276 48 508 1 1757 646 117 249 112 73 1141 243 182 116 10 529 100 8 533 159 6 160 69 23 105 33 9 29 0 4 2 0
12 202 49 17 1942 1159 2113 95 126 550 529 87 141 31 7 13734 9585 3086 11101 25155 10235 2560 15749 98 9093 2325 2309 2358 2403 3116 421 9971 4839 165 673 2246 1268 2854 518 3218 3755 469 119 920 17 1180 1006 516 573 125 40 950 391 294 655 14 552 233 22 1035 384 27 73 105 45 298 118 27 73 0 47 5 1
14 209 74 17 2350 1679 1528 199 183 477 494 129 89 33 3 17358 15062 6234 15923 22411 9973 5396 7345 304 10016 2376 3107 3729 2602 3374 891 5351 3597 382 1430 2116 2233 3388 1071 2019 2040 491 190 901 34 1781 907 458 560 227 86 1396 427 531 206 19 489 97 15 724 318 40 121 106 74 168 44 14 50 1 14 2 0
8 219 10 18 1818 354 2702 3 61 594 659 15 199 21 17 10490 2104 2280 9101 33698 3162 109 19847 0 9908 4476 424 1443 554 3120 141 11145 5888 2 363 2614 435 1808 41 3190 5846 314 9 946 0 1185 1345 126 467 173 4 459 674 113 932 2 510 603 5 1409 286 8 43 31 78 352 337 22 60 0 98 15 7
9 154 26 10 1914 635 1213 31 88 434 297 37 62 15 1 13139 5891 2661 13962 19926 3917 842 5973 18 9523 1224 877 2747 1049 2243 337 5107 2375 36 623 1988 1302 1677 192 2080 1329 260 34 603 11 1627 733 141 231 75 28 824 244 165 128 8 514 31 3 550 148 13 107 58 24 116 14 3 35 0 1 0 0
10 170 35 10 2110 898 1233 58 121 435 282 46 54 14 2 14952 8012 3941 15551 20343 5541 1780 5442 50 10277 1480 1037 3137 1486 2168 364 4249 1753 75 961 2033 1627 2275 450 1719 1100 165 50 425 9 1928 723 165 304 143 40 1060 333 207 71 6 481 72 5 462 118 7 127 66 38 114 20 7 21 0 7 1 0
12 187 55 11 2170 1246 1455 134 148 465 357 64 79 20 2 15882 11508 4163 15433 21180 7727 3577 7712 198 9634 1937 1725 3573 2011 2075 310 5553 2988 153 1111 2080 1982 2713 716 2180 1897 371 94 691 6 1663 769 354 324 141 75 1197 330 298 199 14 514 68 9 706 199 12 112 82 33 143 40 7 44 1 9 1 0
9 191 25 11 2036 680 1837 33 114 529 386 31 117 14 6 12326 5378 2863 13669 26681 4900 989 10954 23 10951 2524 949 2205 1084 1910 128 7422 3242 33 602 2284 1493 2343 279 2544 3103 240 34 516 0 1725 1087 229 243 172 40 904 373 137 382 6 529 237 13 986 181 1 122 87 27 249 92 11 61 0 36 4 1
11 168 40 15 1960 900 1347 60 112 450 400 79 78 22 4 14309 8513 2641 13552 19764 6078 1519 7549 38 9536 1794 1725 2935 1767 3127 582 5630 2824 122 613 1880 1450 2106 358 2341 1778 277 78 643 29 1431 784 298 395 126 34 931 335 302 216 6 558 125 17 665 164 27 76 84 51 171 54 11 27 0 16 2 0
14 255 67 24 2222 1709 2736 160 164 633 802 137 238 50 17 13163 12539 5411 11217 32531 15130 4714 19858 215 10142 4473 3945 1862 3071 3808 649 11330 7412 325 1064 2664 1600 3702 843 3201 6714 853 224 1203 14 1209 1508 1082 903 145 59 1289 685 427 1160 26 439 528 67 1536 657 44 91 168 96 474 369 64 89 3 134 10 9
11 212 36 19 1988 977 2332 52 107 580 579 70 175 28 15 12210 7452 2936 11340 28759 9280 1632 17474 37 9806 2968 1858 1975 2047 3310 351 10810 4790 91 605 2418 1031 2722 343 3225 4654 303 80 831 7 1240 1412 555 619 128 23 827 491 254 809 6 492 490 42 1213 300 15 66 88 68 375 229 34 53 2 99 10 6
8 149 22 6 1760 566 1291 26 107 448 179 24 42 6 0 12261 4513 2355 13172 19280 3990 784 7407 14 9383 827 551 2634 951 1209 204 5870 1533 27 463 1773 1528 2002 179 2367 940 97 19 315 5 1569 500 102 107 176 52 964 109 148 110 1 561 0 0 434 52 4 147 66 11 89 0 0 16 0 0 0 0
10 201 32 13 1962 863 2132 49 97 579 474 47 139 15 9 12280 6964 3111 11492 27701 7164 1469 15020 40 10352 2764 1525 1925 1676 2319 192 9743 4585 65 716 2376 1081 2140 314 3252 3867 318 49 794 0 1363 1060 398 255 109 22 822 382 182 607 4 544 304 28 1075 196 3 74 77 19 348 176 11 41 0 61 8 2
8 152 21 7 1680 585 1406 22 84 432 225 27 43 6 1 12029 4838 2482 10865 21123 4560 716 8263 8 8915 1339 686 2324 1173 1487 244 6177 1817 32 520 2071 996 1806 163 2265 1193 99 13 388 5 1460 392 110 144 127 31 709 242 143 106 1 499 28 4 426 71 6 72 33 20 92 6 1 19 0 0 0 0
9 139 31 5 1797 765 976 54 75 293 159 25 19 5 0 15725 7659 3232 12677 16374 4537 1623 4418 52 6789 891 679 3599 1183 1269 185 3082 1153 47 920 1904 984 1487 318 1137 437 72 21 281 2 1335 248 82 122 75 20 587 187 110 22 1 292 0 0 183 28 3 39 7 15 16 0 0 8 0 0 0 0
8 141 19 9 1615 470 1348 18 65 413 275 23 56 14 1 12197 4252 1446 11285 18106 3817 507 9524 6 7837 1248 581 2468 958 1967 137 6589 2365 20 417 1594 871 1317 115 2500 1435 185 22 557 1 1255 482 102 275 66 20 567 247 109 185 4 547 31 0 485 133 11 48 25 36 114 24 5 20 1 4 0 0
8 218 10 18 1792 315 2668 4 53 601 669 15 218 18 19 10595 2159 1623 8410 33059 2537 139 19828 0 10187 4688 443 1310 494 3006 81 11144 6035 4 259 2549 417 1362 40 3276 6500 352 8 916 0 1128 1460 126 320 110 5 369 642 85 1011 4 445 687 9 1454 270 2 41 30 55 446 354 20 63 0 134 13 10
8 182 19 9 1740 587 1851 19 94 580 333 22 83 13 2 11496 4075 3064 10445 24536 4636 624 11564 10 11194 2273 666 1694 1162 1673 194 8445 2905 13 467 1984 933 2255 205 3315 2301 242 23 608 4 1406 657 138 265 148 24 872 353 114 282 6 639 70 2 740 155 5 119 43 49 220 38 6 38 0 16 1 0
8 164 20 8 1761 575 1519 21 97 456 259 22 60 13 0 12816 4378 2868 11699 21554 4234 686 9018 9 9213 1433 586 2475 966 1619 158 6171 2055 20 551 1925 1116 2242 201 2434 1454 156 25 472 1 1469 563 105 298 152 28 829 284 130 172 4 544 0 0 473 136 8 100 41 46 126 0 0 39 3 0 0 0
8 140 20 8 1709 503 1161 19 87 363 219 26 42 11 0 13020 4336 2190 12888 17974 3352 582 6273 6 7688 793 530 3035 793 1795 193 4803 1702 23 497 1756 1170 1778 159 1739 889 127 22 416 5 1425 532 78 245 137 27 670 192 139 66 3 417 0 0 380 80 10 80 42 33 61 0 0 26 1 0 0 0
8 196 18 10 1749 612 2208 16 83 574 354 25 120 10 5 11206 4036 3651 9672 28289 5237 630 15417 5 10307 2165 754 1669 1159 1792 203 9707 3123 20 634 2412 620 2352 151 3301 3316 148 20 580 0 1296 866 227 218 175 12 684 300 137 539 0 572 168 9 891 141 5 68 57 26 284 95 8 34 0 44 2 1
10 108 42 3 1904 693 369 96 102 221 63 24 6 0 0 16041 9257 1964 17208 8646 2036 1923 625 129 6385 222 409 4545 863 775 137 856 229 78 744 1069 2176 909 429 500 65 0 0 106 3 1663 135 31 0 40 86 787 74 95 1 0 224 0 0 59 0 0 84 17 0 3 0 0 0 0 0 0 0
8 168 17 11 1810 454 1541 15 71 468 392 22 94 13 6 12226 3764 2073 12325 22817 2906 445 8762 5 9977 2529 634 2331 705 2158 127 6146 3373 17 407 2051 925 1393 113 2291 2503 272 16 619 1 1564 940 125 211 85 18 577 385 113 221 5 496 246 8 857 146 2 58 39 26 201 80 12 42 0 30 3 1
8 125 26 2 1738 634 816 44 86 251 57 12 6 0 0 15488 6376 2729 12995 14366 3519 1288 3359 41 6191 268 269 3879 890 550 99 2213 333 28 876 1859 1270 1545 317 750 129 0 0 97 1 1388 61 27 0 86 36 611 88 73 7 0 155 0 0 39 0 0 60 9 0 0 0 0 0 0 0 0 0
9 132 27 9 1836 608 761 35 73 255 244 35 29 14 0 16157 6519 2537 13573 13894 2793 933 2606 23 6597 1145 768 3774 769 2305 288 1903 1416 37 770 1746 1023 1189 195 716 520 198 38 385 8 1506 443 80 252 68 14 527 311 175 17 6 221 0 0 243 69 14 36 32 24 22 0 0 11 0 0 0 0
10 158 35 10 2081 807 1071 56 116 400 273 51 55 10 3 15069 7976 3094 15872 18671 4438 1501 4357 42 9543 1207 1136 3418 1264 2245 354 3739 1717 92 806 1925 1729 1998 390 1576 1066 131 37 442 12 1857 742 165 166 102 38 942 276 243 108 3 433 90 12 460 91 5 127 70 16 119 37 5 25 0 9 2 0
8 171 17 11 1661 500 1910 11 73 542 355 27 98 15 3 10820 3827 1864 9733 24303 4622 373 14252 0 9688 1827 657 1797 1102 2112 226 9467 3211 19 378 2019 741 1775 95 3275 2574 221 12 684 6 1236 739 166 295 128 10 663 298 131 466 5 595 106 6 713 197 12 71 48 52 245 46 7 34 2 21 1 0
8 156 18 10 1722 480 1482 16 66 475 320 23 80 14 3 11879 4210 1794 11103 21319 3703 478 9227 6 9432 1658 614 2179 984 2152 150 6779 2594 15 403 1943 796 1399 112 2745 1976 205 22 585 2 1318 708 129 243 77 12 567 299 119 274 4 555 113 3 713 166 8 63 30 33 175 38 8 36 0 15 2 0
9 190 24 12 1954 713 1838 24 105 534 391 39 103 18 3 12606 5226 3667 12559 25572 5274 835 11440 7 10489 2141 979 2299 1144 2318 346 7793 3375 37 693 2152 1231 2421 205 2771 2642 278 37 644 8 1530 861 226 380 160 30 969 335 203 336 5 582 97 6 879 205 15 125 66 52 193 58 6 53 2 20 3 0
11 175 42 13 2021 982 1402 76 122 452 394 66 65 18 5 14659 8894 3369 14011 20945 6597 2050 7158 71 9933 1980 1694 3114 1725 2852 422 5121 2904 128 824 2071 1528 2469 463 2065 1510 255 60 697 12 1696 669 240 365 157 42 1036 394 297 113 8 516 164 20 598 132 14 132 70 48 100 62 16 24 0 11 0 1
9 150 29 7 1729 676 1296 46 84 477 232 28 62 9 1 12428 6560 2111 11457 18763 4676 1193 7735 39 9802 1085 802 2222 1539 1445 107 6290 2070 44 510 1753 1002 1589 289 2715 1511 159 30 504 0 1400 593 187 146 71 22 748 155 118 190 2 564 37 2 559 114 5 60 39 13 173 13 4 24 0 11 0 0
8 153 14 14 1804 346 1323 12 61 459 421 13 91 22 9 11535 2925 1221 13178 20551 2640 342 7188 5 10103 2362 338 2198 671 2980 60 5730 3008 6 234 1806 983 1067 83 2315 2062 296 14 653 0 1577 1092 62 421 75 23 519 375 55 167 14 529 328 2 836 168 1 73 34 43 194 105 17 48 0 27 9 2
8 151 20 8 1756 520 1452 22 60 450 275 22 71 10 2 11823 4798 2120 12383 20895 3844 632 9455 11 8897 1219 662 2406 955 1618 131 7073 2759 22 550 1962 845 1237 138 2477 1788 193 19 543 0 1420 736 136 172 44 12 579 190 80 224 3 539 70 4 655 132 6 48 31 9 161 30 4 35 0 9 1 0
9 127 28 8 1690 558 932 42 68 352 240 28 41 14 0 12814 5911 1619 13151 14910 3395 975 4836 33 7792 973 715 3056 959 1958 145 4046 1956 41 434 1447 1162 1007 179 1865 898 251 27 544 2 1411 536 80 220 40 33 630 164 92 60 11 464 0 0 429 121 12 45 32 15 82 0 0 27 0 0 0 0
8 191 18 10 1823 569 2039 13 107 564 346 29 104 11 3 11028 3921 3040 11099 27775 4446 446 13068 2 10738 2212 758 1821 992 1763 249 8915 2998 16 534 2279 963 2744 149 3087 2805 167 24 489 9 1419 921 190 234 283 17 851 249 210 357 1 597 123 6 892 144 3 113 77 31 249 44 5 47 2 25 2 0
8 133 21 7 1624 498 1029 23 62 366 231 25 39 7 1 13000 5143 1904 11024 16560 2834 620 5196 11 7981 1145 638 2448 887 1667 165 4392 1945 25 482 1590 720 1207 141 1833 973 155 19 541 6 1335 436 92 104 64 7 482 193 139 58 2 470 43 2 414 71 2 53 25 10 66 9 3 11 0 5 0 0
8 164 22 6 1876 646 1370 27 110 413 220 22 31 7 0 13811 4983 3498 12685 21371 4303 891 6821 15 9531 1614 642 2849 916 1500 193 4371 1630 28 765 2146 1379 2273 266 1745 922 103 17 406 2 1807 235 75 160 172 46 967 339 150 59 2 424 0 0 246 74 6 153 29 44 25 0 0 4 0 0 0 0
8 192 17 11 1731 544 2263 12 72 587 384 28 136 10 6 9929 3857 2186 9079 29614 5236 440 16371 2 10838 2523 834 1385 1211 1949 173 10118 3192 18 416 2476 616 1919 92 3425 3908 139 16 535 3 1298 1002 263 216 151 7 527 377 131 642 0 558 211 13 962 147 8 86 54 34 351 104 5 46 0 52 4 1
8 163 20 8 1627 548 1751 22 75 515 281 22 81 10 2 10386 4516 1893 10316 23666 4684 674 11965 11 9753 1539 663 1766 1218 1569 89 8585 2656 22 364 1928 717 1774 166 2988 2205 163 19 515 0 1354 744 164 182 152 15 610 196 120 317 3 576 74 4 652 137 6 75 33 19 230 36 4 34 0 16 1 0
8 141 22 6 1656 527 1344 27 76 412 196 23 56 5 1 12188 5048 1816 11462 18882 3863 703 9361 16 7929 679 586 2471 975 1218 155 6579 2111 27 444 1742 1047 1471 167 2414 1399 135 15 421 5 1309 485 155 43 68 29 622 121 105 214 2 530 34 3 510 68 0 58 39 2 120 16 2 17 0 8 0 0
