32 363 353 143 2078 5966 2368 2016 497 315 3345 1850 474 842 252 9800 29634 18138 6674 21508 30011 41029 11064 6981 3588 14638 35598 810 3922 13179 9144 4165 21673 10490 2370 1345 2883 8547 6241 608 10567 10767 8085 2562 913 274 2226 4718 12083 433 345 1332 1898 4597 872 1475 37 7257 1994 1519 4438 2200 66 656 1240 149 2553 2466 485 196 295 896 264
43 364 715 188 1970 9399 1848 6574 781 275 3425 4117 451 1359 291 7413 43638 21744 5367 15473 37807 106121 7283 38847 2456 10754 62759 818 5426 12850 16835 3053 18239 40436 3303 984 4557 10850 16086 422 8158 13461 23558 2386 2655 232 2015 7430 15826 584 1001 1927 1602 8310 697 3142 31 6801 4118 1371 5520 4817 95 1217 1529 125 2214 4084 659 318 264 1151 284
37 368 509 157 1983 7577 2149 3809 705 314 3309 2670 476 1048 243 9274 35955 20316 6058 17810 34263 67825 9473 18083 3166 12577 46555 825 4873 12776 11299 3868 19932 20562 2498 1176 3562 10841 11520 585 9488 11989 13825 2598 1304 277 2156 6020 13447 579 774 1769 1491 6675 841 2225 48 6302 2481 1474 5190 3142 129 1009 1469 166 2214 3063 671 241 295 879 240
30 363 291 144 1947 5255 2632 1382 455 309 3386 1576 488 850 252 8743 24409 16565 5630 22376 30515 29798 14327 3795 3131 15028 31178 686 3542 13272 8274 4814 22313 7164 1917 1270 2253 8943 4700 656 11491 9684 6529 2345 793 212 2176 4134 13531 529 258 1084 1735 4122 1004 1277 34 7313 1623 1536 4497 2342 68 590 1397 159 2346 2441 567 303 321 906 232
25 354 211 89 2359 4242 2916 884 476 440 2370 916 466 369 131 11810 23312 13081 9400 29057 28037 20746 17038 2139 5506 12290 20297 1277 3778 10089 4464 6972 17081 3811 1765 1917 3801 9396 3948 1184 11766 4669 2906 2093 393 538 2620 3574 6438 594 422 1882 1492 2813 1258 364 85 4049 918 1977 2554 780 138 794 810 277 1676 832 523 76 358 296 135
51 368 1026 249 1291 11745 1595 11313 962 159 3715 7153 508 2029 330 3884 35195 25220 2527 9087 41412 160359 5127 78577 1053 10475 88973 230 3896 9443 27564 1462 16183 89152 2732 488 3442 11866 24058 179 7743 15852 45440 1488 7196 60 1491 11266 20985 583 1521 1437 1156 12052 690 4972 4 6459 6442 833 7001 10187 75 1798 2014 73 2187 5676 855 679 310 1297 282
30 369 292 143 1873 5298 2650 1404 430 300 3557 1569 493 826 261 8620 23805 17296 4866 22185 29824 30316 13345 3929 2749 17120 32443 643 3298 13015 7966 4435 23920 7237 1832 1279 1892 8427 4534 555 11829 10681 6519 2591 735 195 1929 4220 13185 441 181 981 1858 4110 984 1199 28 7873 1705 1494 4534 2167 45 498 1398 123 2710 2462 459 288 308 888 276
39 381 572 169 1880 8511 2236 4524 764 300 3439 3228 500 1136 251 7465 35794 22688 4740 17682 39596 81495 9373 22408 2736 12483 53635 527 5142 11946 15043 3484 20401 27191 2875 1103 3728 11783 13273 501 10090 12939 16428 2252 2137 188 1956 6966 14226 679 947 1924 1567 7750 870 2422 30 6338 3116 1524 5742 3918 120 1166 1391 159 2277 3238 681 280 329 885 228
36 388 455 175 1679 7520 2505 2932 668 248 3696 2755 514 1164 289 6256 27680 22747 3734 17671 38661 59237 11704 11165 1896 15265 47661 428 3751 11410 14581 3310 22724 18296 2329 896 2844 11873 9617 378 11177 12551 13307 1970 2021 135 1798 6003 16711 687 593 1397 1553 6850 933 2197 17 7702 2749 1230 5582 3937 75 1052 1682 91 2495 3504 680 361 328 1094 274
43 377 716 187 1754 9640 2013 6485 878 298 3416 4269 511 1363 224 6871 39114 22853 4441 14368 41079 105491 8186 36903 2627 11258 64127 544 5944 11360 17922 3161 18638 42414 2785 889 3972 12295 17761 533 9468 13297 23920 2416 3298 209 1830 8610 16030 619 1223 2015 1295 9224 914 3040 42 5217 3358 1415 6291 5745 155 1459 1649 208 2029 3336 777 448 336 763 185
29 358 292 114 2280 5291 2601 1533 495 390 2829 1335 457 615 171 11277 28564 16268 7713 24869 30078 32935 13855 4953 4544 12535 27396 1323 4272 11955 6750 5455 20000 6850 2419 1816 3413 8849 5605 881 10973 8040 5360 2449 488 544 2288 3981 9301 432 423 1663 1789 3810 1032 986 97 5170 1255 1840 3808 1523 117 675 856 231 1968 1527 475 134 319 518 157
26 344 227 98 2542 4332 2378 1000 463 423 2472 991 435 466 143 12801 26071 14823 11987 26020 22795 22288 11446 2608 6471 11655 20495 1689 3691 11332 5248 5182 16507 4272 2393 1902 3984 8074 4223 1165 9472 6059 3441 2155 360 718 3206 3234 7376 448 364 1813 1549 3077 853 583 101 4330 950 2070 3034 998 134 665 849 289 1435 1081 541 133 330 419 105
30 375 335 100 2629 6198 2503 1951 828 498 2157 1517 432 493 99 11751 31484 19740 12678 24628 34054 42984 11890 6844 7365 8630 26775 1583 5084 9285 9335 5578 12703 9531 2932 1734 7479 13828 9142 1379 8430 5012 5536 1680 940 836 3266 4382 7573 911 1448 4003 1054 4781 875 703 156 2563 1065 2007 2729 1465 449 1649 819 385 875 940 800 100 287 228 53
32 345 398 98 2800 6456 1944 2719 687 490 2147 1649 359 485 107 15226 42573 17990 13968 21006 28581 52666 8502 11731 7569 8024 29970 2225 6281 10863 7752 5096 13073 12375 3552 1816 6553 9644 9986 1485 6776 5524 6508 2495 686 1050 2728 4370 6963 508 944 3182 1270 4456 587 669 238 2872 1254 1976 2743 1273 299 1042 759 329 984 1003 493 101 215 297 63
14 271 54 37 2286 1389 2698 96 178 573 1200 130 289 100 38 12880 9522 5444 11397 33838 10419 2801 17490 93 9447 7007 3431 1594 1983 5945 722 9488 10124 181 950 2701 1545 4095 635 2358 7898 1606 240 1555 21 1035 2163 757 1829 349 49 990 1004 579 920 82 323 1371 70 1937 999 76 109 153 233 383 571 142 236 14 172 61 21
24 325 217 59 2890 4354 2231 1026 532 575 1465 740 296 216 42 15481 29830 14385 16593 27606 24398 24205 10084 2891 10318 6658 15057 2618 5156 7608 4524 6176 9291 3833 2783 2295 5535 9175 5189 1997 6069 2646 2080 1599 371 1364 2611 2614 3568 591 563 3130 1096 2605 599 236 318 1235 348 1852 1494 437 344 707 416 400 456 312 391 20 153 85 13
24 318 207 69 2653 4078 2349 889 479 557 1680 803 299 281 51 14672 27376 12403 13736 26862 24273 20795 12552 2149 8645 7204 15672 2355 5168 9103 4904 7424 11508 3686 2222 2131 4611 8791 4248 2094 6791 3382 2393 2093 458 1152 2204 2478 4695 634 437 2546 1094 2745 698 308 352 1544 381 1732 1754 663 274 656 555 362 566 404 367 60 130 105 19
15 273 68 37 2494 1742 2502 136 199 542 1100 200 291 76 43 13681 12071 6705 14470 33075 13137 4073 14675 136 10143 6651 5127 2091 2347 5784 1229 7681 7960 378 1177 2767 2251 4382 776 2137 7231 917 310 1078 55 1219 2562 1191 1539 278 84 1344 967 709 881 22 255 1405 166 1803 733 86 116 249 171 392 603 134 181 0 215 48 30
20 299 128 62 2487 2728 2479 373 318 532 1669 473 324 239 55 14748 18538 9194 12612 28709 17740 9170 14427 547 8434 7707 10061 2168 3341 8683 2914 7460 12919 1365 1651 2360 2982 6172 1949 2001 7874 3270 1208 2001 210 1063 2416 1662 4118 400 171 1742 1138 1680 798 215 274 1805 236 1916 1855 476 153 379 445 401 644 395 379 61 178 112 20
16 291 80 40 2515 1978 2571 198 260 528 1247 208 310 110 44 14865 13314 8309 13436 32424 13131 5570 14823 278 9419 7477 5305 2290 2310 6114 1168 7260 9638 467 1441 2626 2613 5271 1300 1872 7993 1700 441 1209 26 1173 2304 1186 1941 330 134 1561 1102 856 936 87 270 1500 134 1816 1142 91 149 298 247 363 660 200 239 6 192 61 29
22 306 171 60 2573 3388 2366 717 363 540 1690 510 311 249 64 15173 23842 10533 12596 27926 19983 16714 12609 1884 8602 7828 11525 2162 4119 8890 2668 7263 13141 2052 2010 2325 3372 6637 3148 2031 7461 4178 1537 2294 139 1035 2120 1934 3614 442 293 1969 1225 1788 790 446 277 2126 302 1878 1905 293 177 375 386 363 794 464 309 10 198 151 37
20 285 139 51 2592 2786 2331 468 392 567 1327 460 259 178 34 15544 20487 8186 13614 27851 17923 10837 14094 859 8978 5212 9449 2452 3654 7697 2629 8462 10600 1604 1682 2399 4062 7170 2412 2215 6162 2355 1166 1897 196 1281 1979 1465 2938 573 394 2212 853 1753 644 146 390 1123 190 1700 1322 351 306 541 316 349 418 224 311 33 98 70 6
20 291 134 56 2544 2862 2287 420 315 560 1527 476 255 200 44 15587 20025 9929 13477 26984 17724 10488 12936 699 9091 7051 10614 2443 3801 8388 3130 7735 11695 1500 1921 2307 3061 6151 2027 2228 6051 2736 1180 2146 216 1242 1967 1480 3550 400 194 1936 1150 1683 516 164 393 1474 249 1789 1419 427 174 352 412 310 488 267 262 39 109 92 12
18 253 114 39 2673 2259 1786 358 319 557 1004 319 200 112 27 17031 18508 6893 17425 24718 12785 8157 8512 631 10997 4290 6624 3031 3178 6460 1773 5888 6877 1046 1532 2312 4137 5124 1895 2279 4018 1479 665 1448 109 1502 2004 1020 1780 340 277 2241 758 1203 439 89 419 819 148 1370 847 171 281 387 201 335 306 141 200 9 80 44 7
28 327 311 67 2751 5417 2312 1919 559 576 1666 1026 314 277 54 16063 38355 13853 12942 25634 30588 39479 12371 7548 8252 6299 20862 2323 6960 8503 5063 7521 12853 7039 3160 2300 5086 9016 7491 2087 7143 4057 3312 2411 392 1073 2005 3452 3804 586 649 2912 1064 3009 826 393 318 1630 572 1877 2197 584 313 693 362 383 673 496 339 20 157 97 22
16 257 88 32 2319 1926 2442 249 223 573 1055 193 214 99 19 14357 14706 5976 11924 30596 13994 6252 15691 407 9096 4957 5055 2231 2865 5675 984 9359 9996 553 1155 2620 2315 4607 1207 2555 5925 2035 366 1846 46 1267 1460 832 1452 316 126 1427 832 839 738 137 410 672 56 1453 1068 99 152 184 159 350 312 121 171 4 86 27 4
23 310 207 46 2814 4189 2116 1007 519 596 1167 586 213 154 24 17707 29510 14337 16190 25401 22913 24178 10087 3039 10167 5052 12089 3326 5466 6454 3742 6668 8142 3147 2814 2310 5271 8965 5155 2397 4570 1963 1553 1760 204 1403 1663 1926 2510 542 627 3195 865 2265 439 137 467 713 236 1523 1103 317 300 547 296 284 298 162 208 25 61 29 6
16 262 89 31 2505 2113 2386 233 283 589 851 228 200 91 8 14697 15761 7341 14290 30533 15496 6472 15246 312 9945 3682 4856 2497 3190 5049 1614 9334 7061 628 1478 2590 3001 6034 1506 2516 5001 1173 460 1296 77 1463 1624 1030 1657 497 165 1911 650 990 602 65 466 281 34 1348 835 163 245 261 225 300 109 52 224 20 39 9 0
13 215 59 19 2397 1337 1661 138 195 523 573 96 140 43 9 15966 11625 4765 16119 24737 7921 3541 8472 190 11123 3004 2366 2842 2030 3494 479 5780 4299 209 1074 2355 2548 3411 897 2129 3205 701 164 811 10 1658 1427 482 703 214 111 1467 496 417 334 38 467 302 27 1088 423 29 165 153 79 275 115 35 113 0 47 12 1
16 238 92 28 2483 1990 1923 274 258 552 776 193 144 80 13 16418 16417 6690 15111 25586 12877 6865 11765 484 10198 3122 4386 2839 3106 5131 1252 7658 6427 578 1528 2443 2875 4827 1567 2436 3374 1124 378 1319 43 1615 1393 633 1281 319 185 1785 590 881 351 92 455 449 56 1140 678 94 220 185 108 245 138 69 131 5 40 20 1
17 249 105 31 2801 2191 1682 333 316 524 779 249 191 78 20 17330 18195 7405 19033 25773 11955 8181 7082 621 10941 3607 5185 3481 2841 5391 1410 5198 4674 823 1655 2548 4616 4970 1771 2001 3773 871 492 1009 47 1644 1947 1053 1316 337 318 2207 679 911 433 40 422 548 123 1229 623 107 258 398 155 291 251 85 153 10 78 28 4
16 241 90 30 2460 1960 1880 257 206 508 903 200 170 89 14 16470 16201 6739 15038 26428 12132 6549 9577 430 9771 4505 5032 3127 2860 5594 1154 6276 6852 569 1443 2485 2380 3907 1152 2055 3991 1431 385 1397 43 1566 1498 828 1484 258 107 1438 890 746 401 98 419 462 66 1245 812 123 106 173 198 234 193 76 121 12 44 16 2
17 266 104 32 2507 2375 2202 323 277 558 969 245 179 101 11 16990 18022 9159 13926 27164 14825 8740 13197 577 9132 4472 5803 3013 3266 5318 1669 8080 8638 791 1837 2565 2842 5435 1753 2474 4706 1736 525 1632 63 1396 1320 882 1727 367 178 1830 762 1039 447 107 446 419 43 1420 968 168 151 239 184 239 160 81 167 10 34 15 0
12 238 48 18 2118 1297 2557 90 180 605 641 87 160 36 7 13381 9151 4960 10985 31161 10724 2728 18707 88 9624 3789 2441 2027 2200 3087 531 10910 6377 158 960 2616 1712 4246 649 2959 4958 671 124 1059 15 1278 994 560 692 303 78 1349 570 448 608 18 484 280 20 1239 453 35 142 144 95 262 142 29 86 2 43 5 1
15 235 76 29 2273 1690 2158 182 187 525 914 185 156 72 16 15661 13585 5372 12515 27018 11987 4661 14268 232 8592 4321 4611 2843 2585 5401 1118 8588 8591 444 1264 2570 2053 3798 923 2403 4434 1327 318 1685 59 1422 1096 633 1249 206 91 1231 798 744 495 50 426 599 69 1183 696 91 114 136 119 219 246 71 100 8 39 20 3
18 257 125 28 2557 2695 2204 459 327 604 754 272 133 79 6 16491 21173 8173 14572 27043 19525 11838 14300 1019 9657 2988 5843 3005 4507 4744 1922 9485 6361 1073 1880 2505 3517 6474 2404 2931 3386 1158 594 1355 85 1448 1062 916 1390 487 306 2385 599 1120 374 69 538 181 38 1051 607 124 270 272 138 215 75 44 108 10 14 4 0
15 230 76 29 2375 1751 1777 175 214 500 779 192 131 79 9 16842 14532 6287 14755 24183 10900 4734 9194 210 9455 3955 4105 3316 2719 5191 1499 6322 5651 426 1332 2438 2279 4202 1048 2306 3087 1025 356 1102 74 1453 1251 629 1477 271 94 1463 633 850 248 52 430 320 38 1074 511 138 122 162 162 199 85 54 116 9 28 8 0
18 246 120 33 2655 2342 1811 427 284 525 898 269 187 101 19 17575 20551 7079 16688 24926 13425 9658 9837 935 9590 3581 6015 3394 3295 5704 1389 6893 7172 975 1690 2426 3750 4640 1988 2231 4136 1590 615 1510 36 1461 1714 1064 1523 222 244 1845 668 881 485 100 428 567 107 1391 855 135 152 305 168 290 222 120 165 13 72 19 5
14 230 67 24 2271 1558 2142 161 173 521 756 133 165 55 15 15293 12474 5261 13171 27779 11288 4393 14255 221 9052 3570 3425 2669 2376 4368 770 8343 6985 310 1153 2513 2000 3697 850 2343 4416 992 227 1262 19 1450 1344 649 877 221 72 1206 642 504 509 40 419 559 53 1197 566 46 109 154 94 257 205 62 104 1 66 19 3
11 227 34 21 2020 941 2500 44 130 593 719 68 175 38 15 12138 6721 3421 10171 31718 8467 1377 17983 25 9749 4419 1952 1692 1775 3866 356 10880 6508 77 658 2536 1148 3219 308 3064 4980 583 90 1082 3 1109 1253 440 833 309 36 862 657 322 604 8 437 533 34 1319 400 30 107 85 153 339 213 36 109 6 73 17 4
13 210 59 19 2037 1390 1980 137 152 520 638 92 94 54 3 14913 11310 5239 11038 25131 9999 3831 13391 190 8751 2761 2485 2573 2401 3904 616 8620 6552 196 1084 2330 1397 3454 724 2766 2735 1047 153 1435 11 1240 707 253 957 229 64 1074 502 455 281 65 506 100 11 776 545 64 126 55 114 151 27 17 77 7 0 1 0
9 194 21 15 1927 566 1959 18 118 557 510 33 120 27 6 12026 4274 2476 11344 26684 3909 525 12992 6 10671 2962 738 1782 909 2826 279 8524 4855 20 439 2315 1281 2519 183 2788 3315 515 31 807 8 1415 1052 134 471 192 33 879 442 219 345 13 505 253 3 1009 292 17 161 82 75 265 82 21 86 1 26 6 0
17 241 115 21 2626 2522 1719 414 284 534 548 220 109 43 3 19095 21306 8996 16675 23473 14846 10927 8949 882 10416 2228 4711 3688 3931 3790 1565 6139 4005 945 2243 2494 3345 5156 2255 2222 2335 542 354 893 68 1769 995 809 768 265 205 2130 434 857 316 24 454 96 22 756 382 64 205 194 70 212 43 16 75 3 19 2 0
10 180 34 11 2029 895 1528 49 132 436 325 54 68 17 0 14291 7512 4108 13318 23441 5895 1490 8492 32 9121 1423 1237 2886 1396 2385 483 5731 2575 73 891 2297 1504 2886 350 2022 1548 235 63 552 19 1544 731 234 315 245 51 1069 266 327 179 6 423 0 0 511 167 15 105 75 42 93 0 0 34 2 0 0 0
9 173 24 12 1811 642 1676 24 100 419 384 39 79 18 3 13663 5285 2843 10655 23509 4624 707 11381 7 7838 1895 944 2521 1004 2603 324 7040 3517 40 587 2321 1058 2248 216 2039 2235 304 30 694 8 1273 653 150 373 164 23 675 358 195 228 6 408 100 7 613 188 16 82 61 49 101 41 9 49 2 5 1 0
14 211 72 19 2385 1592 1651 194 179 438 567 119 113 44 7 17273 14523 5454 15723 23945 9817 5095 8971 313 8698 2693 2943 3876 2149 3700 680 5695 4626 319 1432 2475 2262 3362 1011 1803 2690 712 206 877 15 1588 1117 499 708 193 86 1265 507 479 291 38 368 254 29 881 404 40 106 130 69 155 100 32 71 2 27 6 1
8 184 18 10 1746 551 1941 15 107 506 363 25 80 13 3 12107 3899 2872 9564 26316 4211 479 12801 4 9320 2439 689 1909 905 2035 199 8045 3345 18 496 2357 967 2629 174 2655 2412 205 22 577 2 1321 650 132 308 244 26 803 304 201 251 1 473 118 5 651 140 7 123 55 46 180 51 8 33 2 12 1 0
12 192 57 9 2206 1338 1468 143 191 514 266 66 63 9 2 15541 11572 4855 15299 22137 8442 3935 7275 210 11083 1280 1611 2877 2338 1742 402 5643 1921 196 1065 2146 2463 3599 926 2415 1404 122 53 448 9 1632 628 325 186 217 131 1656 247 323 174 2 530 64 14 490 84 8 189 115 14 172 28 2 24 0 10 1 0
15 229 88 17 2313 2030 2076 277 213 539 546 137 102 39 2 16311 16822 6819 13685 26291 14792 7600 13917 529 8644 2521 3521 3236 3393 3107 889 9165 5468 473 1620 2544 2264 4515 1483 2671 2919 753 225 1208 25 1407 687 612 681 327 120 1545 467 565 358 37 493 63 15 832 455 47 149 87 109 135 13 9 78 5 1 0 0
14 195 72 19 2357 1500 1351 183 177 455 483 137 99 41 3 17255 14286 4831 16638 20761 8626 4445 6745 262 9711 1921 2889 3507 2456 3772 908 4915 3220 357 1284 2098 2408 3036 902 2035 1961 502 229 802 42 1551 1131 529 669 156 99 1356 423 539 204 22 451 85 13 735 335 55 108 127 69 175 26 18 63 2 15 1 0
13 264 50 28 2126 1339 2905 96 163 618 1007 97 248 68 25 12363 9078 5077 9522 34749 11276 2882 20442 99 9535 6242 2792 1479 2131 4512 550 11074 9667 180 823 2753 1283 4034 669 2822 7495 1426 127 1459 10 1055 1556 675 1226 283 45 1065 897 410 911 77 353 940 49 1739 749 33 115 157 126 396 458 103 139 3 137 19 15
14 221 72 19 2429 1565 1837 196 232 535 578 114 133 48 6 15619 13675 4885 15749 26829 10063 4836 10191 322 10121 2585 2799 2986 2445 3616 565 7044 4868 305 1192 2538 2972 4227 1199 2348 3277 809 214 1018 8 1583 1186 518 739 360 176 1633 469 497 363 44 493 212 19 1015 509 45 209 173 89 213 86 37 125 3 20 3 1
13 190 62 16 2286 1403 1349 145 165 437 411 110 68 27 4 16607 12929 5218 16266 21320 8373 3908 6399 186 9457 1735 2358 3635 2222 3281 902 4697 2750 278 1239 2264 2254 3085 848 1822 1404 316 141 674 27 1588 833 328 482 176 80 1344 331 434 112 9 452 141 24 564 187 36 124 108 41 96 32 10 36 1 7 3 0
13 192 60 18 2313 1298 1406 136 152 458 484 107 109 38 5 16177 12503 4169 16436 22004 7710 3467 6939 169 9748 2184 2374 3250 2135 3448 635 5234 3420 247 1068 2239 2155 2598 712 2063 2354 510 170 734 20 1545 1258 476 670 166 73 1129 421 344 229 20 441 165 19 872 310 39 111 119 79 202 59 21 80 5 25 5 0
9 155 27 9 1985 693 1100 35 116 377 225 35 45 14 0 14644 6206 3107 14840 19360 3986 1026 4637 20 8780 943 660 3172 1076 2050 341 3671 1218 43 795 2054 1531 2235 321 1441 825 137 38 342 8 1600 609 126 270 188 42 913 258 202 80 6 376 0 0 325 91 8 122 50 39 58 0 0 24 3 0 0 0
9 194 27 9 2017 812 1853 36 151 494 278 37 80 7 4 13299 5742 4337 12816 27058 6012 1233 11081 22 10243 1613 909 2436 1184 1711 326 6812 2102 53 812 2417 1597 3693 386 2250 1935 69 22 323 4 1591 808 221 165 334 60 1191 226 214 207 0 485 129 14 606 64 4 173 107 36 151 63 6 27 0 17 0 1
10 192 27 18 2060 688 1677 31 119 486 524 45 139 33 11 13093 5338 2886 13893 25643 4654 885 8880 15 10621 2727 1027 2362 1063 3475 344 5927 3722 47 506 2299 1499 2423 247 2154 3114 454 41 686 7 1472 1465 224 550 206 49 859 454 197 384 22 443 355 14 1020 330 18 113 96 85 260 150 33 84 1 48 9 3
9 171 29 7 1931 731 1669 45 126 489 251 30 67 8 1 12795 6187 2786 12624 23812 5385 1248 11776 37 9077 1095 897 2508 1246 1427 173 8205 2677 46 665 2264 1655 2579 317 2553 1875 172 28 528 3 1417 579 181 115 174 69 1035 210 154 244 2 477 36 3 581 113 4 127 80 15 134 16 3 29 0 7 0 0
10 141 35 10 1985 746 853 54 107 308 235 53 37 12 1 16440 7636 2660 15648 15266 3963 1368 3393 38 7405 1028 1058 3867 1094 2222 430 2594 1208 89 750 1908 1818 1629 302 971 619 117 44 321 16 1529 608 123 208 74 58 834 264 210 55 4 229 32 5 293 46 12 76 66 18 39 12 2 20 0 3 0 0
9 164 32 4 1975 863 1266 57 146 377 105 26 26 1 0 15377 7174 4253 13588 20924 5429 1773 5866 53 8494 480 535 3341 1210 860 267 4044 657 62 990 2368 1832 2980 523 1415 532 17 6 118 5 1613 305 108 15 221 79 1133 98 141 44 0 317 0 0 183 8 0 144 58 1 42 0 0 4 0 0 0 0
11 176 39 16 2151 934 1232 64 104 342 458 67 80 25 9 16793 8690 3965 15381 20730 5371 1878 5228 53 7945 2490 1602 3799 1192 3599 443 3347 2876 106 886 2258 1549 1914 343 1127 1693 323 82 609 5 1617 904 267 517 110 35 753 609 250 123 6 264 307 26 572 175 19 67 70 69 80 90 24 29 0 20 7 2
8 186 16 12 1911 483 1886 10 86 518 405 26 121 14 6 11565 3574 2556 11985 27437 3470 323 11931 2 10453 2562 687 1837 782 2094 216 7689 3457 12 503 2429 944 2068 91 2554 3109 236 15 519 4 1457 1227 170 291 178 13 646 373 157 371 3 467 224 10 969 163 11 104 63 35 251 71 8 68 0 41 4 1
10 172 26 19 2020 630 1357 30 77 441 536 40 114 38 12 13447 5755 2337 14287 22459 4032 872 6274 17 9717 2597 940 2522 1089 4140 219 4932 3524 34 504 2193 993 1568 193 2018 2419 494 52 819 1 1463 1345 186 710 101 11 600 561 147 234 22 423 360 18 879 303 12 59 36 102 232 138 26 69 10 37 16 2
11 187 39 16 1940 950 1855 62 104 508 500 69 106 27 7 13320 8184 3021 11734 24621 7732 1771 13293 48 8841 2220 1843 2323 1813 3203 397 8962 4626 108 691 2419 1112 2350 311 2713 2848 384 82 986 8 1303 929 342 525 121 34 876 413 270 376 6 468 249 23 847 270 25 71 67 64 208 99 21 55 3 22 6 0
8 145 19 9 1687 498 1233 19 72 373 311 21 31 15 1 13104 4483 2400 11296 18918 3074 586 6946 8 7839 1610 505 2627 735 2243 198 4822 2869 18 562 1871 828 1569 140 1812 777 312 20 729 1 1249 367 46 296 142 16 585 324 157 29 7 426 41 0 336 90 10 85 16 44 28 12 5 11 1 0 0 0
11 190 38 17 1996 914 1734 61 112 481 550 64 106 31 9 13925 7984 3494 12248 24489 6039 1696 10914 50 8951 2553 1614 2488 1484 3464 400 7515 5263 96 811 2372 1216 2370 366 2352 2750 595 83 1150 3 1373 937 278 512 160 33 807 450 312 299 13 439 319 25 877 308 22 60 58 61 186 127 23 54 3 25 12 0
10 185 37 8 1976 1004 1805 68 151 510 239 40 60 12 0 13176 7801 3868 12924 24791 8344 2094 12148 70 9698 1224 949 2473 1819 1696 365 8030 1897 72 832 2295 1750 3400 577 2675 1606 169 47 412 5 1469 485 225 220 286 74 1304 207 217 213 5 525 0 0 435 124 11 187 63 32 123 0 0 34 0 0 0 0
9 192 25 11 1889 744 2136 28 103 504 422 40 82 11 5 12275 5419 3439 11032 28460 6490 948 15528 13 8549 2558 1234 2369 1234 2351 291 9471 4304 43 772 2649 1106 2660 221 2563 2662 213 28 794 8 1352 576 208 239 194 21 815 444 270 292 2 467 206 15 731 129 7 91 55 32 138 90 7 25 0 14 2 1
9 183 26 10 1887 720 1849 32 127 521 326 37 82 12 3 12080 5512 2804 12095 25578 5940 954 12046 17 9976 1877 945 2215 1342 1971 278 8126 2675 45 531 2292 1359 2985 307 2709 2186 178 32 497 6 1452 707 209 257 241 42 1017 356 217 262 2 457 108 7 690 125 7 137 87 32 174 51 9 33 0 12 1 0
10 154 32 13 1923 769 1131 41 81 370 321 57 67 19 3 14431 7380 2762 14140 18714 4910 1175 5375 21 8470 1498 1178 3021 1324 2735 490 3995 1953 72 670 1957 1212 1443 238 1724 1401 189 55 420 16 1360 801 224 366 77 17 718 300 205 159 4 399 90 10 508 149 21 47 49 28 133 28 9 28 1 10 1 0
9 145 26 10 1746 559 1244 31 92 370 329 38 44 13 2 13676 5623 1987 12081 17928 3144 737 8607 16 7220 1248 896 2767 804 2462 231 5911 3429 42 490 1794 1241 1731 188 1925 1224 304 34 839 10 1260 411 90 185 127 28 626 269 233 85 4 409 82 4 435 107 8 92 46 29 36 26 8 18 0 1 0 0
9 143 25 11 1710 565 1331 33 70 407 331 27 54 22 2 12921 5519 1559 11455 18272 4300 843 9837 23 7785 1332 698 2465 1157 2522 186 6725 3168 30 452 1920 973 1369 174 2086 1481 344 29 630 0 1354 529 99 386 50 23 630 299 114 115 17 417 81 3 503 153 14 76 38 30 92 28 7 27 2 2 1 0
9 192 26 10 1814 706 2152 35 124 556 386 31 98 15 3 11374 5396 2711 10058 28279 5750 1026 15780 24 9522 2140 967 1816 1275 1992 141 10125 4148 37 496 2422 1215 2871 304 2994 3035 327 34 747 0 1298 669 190 236 328 38 910 315 205 378 6 532 102 6 824 212 9 146 74 46 200 66 8 51 0 14 2 0
9 215 23 13 1868 713 2597 22 113 583 483 43 149 9 10 11270 4850 3011 9165 32442 6634 741 20062 7 9738 3265 1289 1556 1248 2230 272 11227 4598 42 531 2645 1003 3063 199 3021 4665 176 20 684 7 1237 992 357 192 249 21 815 480 252 659 0 460 378 28 1037 120 5 142 108 24 298 186 12 37 0 66 0 5
9 175 20 16 1811 536 1678 16 55 440 514 34 120 24 10 12300 4457 2147 11475 24582 4159 494 10295 4 9135 2952 939 2163 952 3338 202 6286 4121 22 380 2242 621 1314 88 2174 2998 354 30 753 2 1307 1179 192 481 75 6 444 494 127 341 6 437 373 12 901 253 18 20 32 43 215 129 20 45 0 48 10 2
9 172 26 10 1782 696 1943 28 111 490 314 44 72 10 2 11743 5543 2195 10918 25276 6519 854 15516 10 8109 1230 1040 2260 1358 2143 346 9947 3060 48 501 2356 1212 2722 210 2745 2073 165 31 624 16 1297 588 200 189 286 25 858 261 291 299 1 481 56 7 588 132 8 129 71 24 117 28 5 35 0 1 0 0
9 173 24 12 1964 602 1521 31 97 467 382 25 103 25 3 12958 5192 2384 13496 23451 3798 905 8437 20 9859 2009 601 2392 990 2314 166 6088 3150 33 559 2217 1322 1817 210 2183 2475 465 15 556 1 1491 1093 149 386 176 32 763 328 116 288 25 444 103 4 839 251 13 91 61 53 203 39 12 82 2 19 1 0
9 201 25 11 1855 731 2355 29 115 581 399 37 124 14 4 11246 5219 2802 10102 29812 6804 925 18298 15 9661 2433 1101 1730 1385 1900 216 11279 3876 38 506 2627 1166 2875 249 3067 3789 246 35 596 6 1272 868 286 283 190 29 920 357 184 558 3 477 156 8 1007 197 8 112 105 31 258 81 12 44 0 37 0 1
10 200 33 12 1984 908 2022 53 133 536 428 40 99 25 2 12513 6996 3937 11865 28104 6998 1641 12840 49 10144 2408 1146 2094 1538 2383 299 8241 4076 49 744 2464 1388 3185 421 2635 2713 481 58 765 4 1438 843 213 423 301 33 989 376 245 312 19 534 77 2 786 302 17 179 95 55 194 41 10 54 1 11 1 0
10 166 39 6 1962 975 1342 80 140 398 181 32 29 8 0 14985 8567 3741 13744 20584 6743 2366 7352 95 8408 1151 800 3275 1649 1413 244 5083 1182 72 857 2093 1769 2837 576 1784 770 100 32 265 1 1460 319 121 170 224 82 1112 216 170 49 4 383 0 0 244 46 6 115 43 31 41 0 0 11 0 0 0 0
10 162 40 5 1870 972 1553 86 115 456 170 28 43 6 0 13778 9032 2953 12475 21048 7750 2428 11476 110 8128 717 789 2656 2034 1045 133 7911 1759 66 866 2151 1368 2502 565 2534 1330 107 28 355 0 1356 316 200 114 151 39 985 155 141 167 2 470 0 0 358 80 4 81 36 11 105 0 0 14 0 0 0 0
8 207 12 16 1897 396 2367 3 74 561 563 22 171 19 12 10656 2520 2126 10541 31971 3381 118 16528 0 10496 3969 621 1576 623 2746 179 9412 4768 3 353 2614 772 1868 26 2751 4982 254 7 639 3 1290 1353 162 449 138 4 563 615 132 647 2 401 464 13 1264 204 12 93 83 51 326 217 15 57 4 82 6 5
8 196 13 15 1724 408 2448 4 56 530 548 25 152 16 11 10217 2872 1681 8774 31713 3854 148 19040 0 8858 3400 702 1505 812 2921 178 10658 5378 4 352 2659 493 1558 33 2726 4740 279 12 811 6 1214 1089 168 319 118 2 342 500 136 685 0 407 435 11 1065 237 9 41 39 43 299 190 18 40 0 66 7 3
9 135 34 2 1656 814 1060 70 93 344 68 14 6 0 0 14339 7825 3033 11536 15773 5417 2044 6551 85 7070 304 392 2968 1529 512 96 4652 717 40 767 1639 1128 1972 439 1722 140 0 0 188 1 1187 66 32 0 114 36 811 57 84 3 0 368 0 0 64 0 0 77 10 0 3 0 0 0 0 0 0 0
9 163 28 8 1672 707 1760 42 75 426 313 32 67 6 4 12607 6247 2421 10233 22798 5887 1181 13957 33 7192 1588 1090 2395 1336 1745 128 8472 3559 49 585 2121 807 1804 249 2462 2148 154 22 706 0 1110 473 214 80 83 14 524 281 144 258 0 442 153 14 568 91 1 28 36 11 109 75 6 7 0 13 0 1
9 179 21 15 2076 537 1575 15 118 523 413 37 123 28 4 11815 4172 2070 14826 25625 3714 423 8135 2 11204 1991 782 2118 856 2925 295 6516 2891 21 413 2340 1640 2305 113 2507 2580 323 32 573 6 1554 1408 177 498 233 31 938 368 228 322 8 493 133 4 915 235 33 181 108 70 270 48 14 106 3 27 3 0
8 130 21 7 1769 462 911 25 70 368 220 22 44 7 2 12571 4780 1553 14041 16103 2457 636 3971 14 8719 1100 582 2666 748 1596 94 3578 1638 25 418 1693 1247 1067 140 1686 927 126 18 427 0 1498 574 91 112 67 25 642 238 101 77 1 423 70 5 411 55 3 66 38 13 108 26 3 15 0 8 1 0
8 187 15 13 1739 473 2321 7 71 564 436 25 129 19 5 10358 3119 1536 9598 29503 5096 246 18528 0 9238 2675 661 1574 966 2370 245 11290 4125 9 294 2594 855 1757 55 3136 3899 277 14 640 5 1201 937 175 406 100 12 629 433 112 585 3 461 196 4 1017 217 15 56 66 42 292 95 17 49 2 41 0 1
10 205 30 15 1922 843 2281 38 110 585 518 51 132 24 7 11724 6297 2955 10663 29184 7882 1205 17137 23 9762 3107 1488 1706 1716 2824 291 10832 4637 54 552 2517 1079 2751 283 3124 3877 358 59 868 8 1273 992 320 510 185 20 863 497 254 506 7 470 265 14 1074 294 18 94 80 61 278 115 21 62 0 41 5 1
8 170 19 9 1802 538 1692 20 96 466 334 21 63 12 3 11999 4335 2480 11117 25485 3821 612 10298 8 8964 1978 582 2206 911 2025 170 7128 3084 24 555 2443 987 2229 212 2263 1814 259 12 651 3 1422 539 77 214 244 28 747 396 152 204 8 446 122 3 553 138 0 103 30 33 97 45 12 35 0 6 0 0
9 153 30 6 1786 736 1380 48 97 462 186 32 54 2 2 12202 6708 2348 12383 20668 5647 1350 8508 39 9448 949 830 2263 1573 1206 186 6427 1577 61 562 1951 1319 1919 308 2501 1353 33 10 311 5 1356 496 217 39 83 39 877 148 134 189 0 498 74 10 447 27 0 82 57 1 162 28 0 5 0 13 1 0
8 132 22 6 1752 552 890 27 85 301 166 22 18 7 0 14052 5274 2451 13372 16218 3155 782 3508 15 7342 865 465 3211 839 1577 208 2783 911 27 660 1824 1178 1572 233 1031 352 88 20 273 2 1453 250 48 143 110 29 635 217 129 10 1 273 0 0 168 33 4 82 15 25 14 0 0 6 1 0 0 0
8 130 23 5 1607 552 1035 29 75 341 156 24 26 3 0 13110 5422 2148 10917 16311 3331 824 5894 16 7261 566 570 2576 962 1250 197 4415 1441 34 555 1797 925 1519 163 1702 640 80 12 390 7 1216 251 85 24 102 25 608 131 148 55 1 377 0 0 245 32 0 75 29 1 16 0 0 5 0 0 0 0
8 175 15 13 1779 405 1804 11 62 474 450 19 123 19 7 11655 3206 1559 11087 25681 3109 325 11692 3 9547 2776 582 1971 635 2585 86 7222 3900 9 325 2278 762 1290 82 2314 3261 327 19 645 0 1346 1090 109 323 74 12 519 445 87 460 6 418 259 3 899 234 7 54 36 44 256 107 16 51 0 50 6 1
8 169 19 9 1717 508 1805 20 85 475 355 20 75 14 2 11838 4168 2307 10462 24070 3499 585 13513 10 8403 1828 605 2133 790 1963 111 8649 3982 16 481 2198 934 1939 157 2538 2373 331 22 853 0 1271 562 101 206 150 20 644 304 147 271 6 454 85 1 682 182 7 77 38 39 101 40 7 31 0 9 1 0
8 148 21 7 1726 575 1234 25 79 401 197 21 53 9 1 12718 5040 2520 11794 19485 4029 771 6476 14 8817 1015 492 2416 1059 1559 171 4745 1231 23 551 2008 861 1751 223 1925 1105 94 21 289 0 1375 593 123 196 131 22 707 188 95 130 2 427 31 1 390 91 5 67 23 16 114 13 4 28 0 4 0 0
8 153 20 8 1737 529 1549 20 95 473 230 25 61 10 1 11429 4557 1835 11704 21816 4205 586 11396 8 8944 832 549 2052 1063 1536 179 8132 2204 22 405 2048 1136 2191 206 2588 1483 121 22 436 4 1382 724 124 221 224 28 761 132 127 156 2 486 36 1 511 87 7 132 43 26 138 15 4 41 0 5 0 0
8 123 20 8 1705 434 842 22 52 333 217 23 53 8 3 12272 4767 1434 13614 15864 2355 551 3419 11 7887 894 530 2619 794 1882 119 3426 1410 23 424 1721 868 800 105 1460 985 115 19 383 0 1367 725 127 113 31 18 432 188 88 141 1 391 84 7 444 69 3 34 20 14 105 38 4 11 0 14 2 0
8 153 20 8 1819 535 1363 18 87 381 236 30 63 6 2 12676 4621 2224 12922 21711 3733 546 8030 5 8135 1143 684 2656 820 1846 225 5402 1718 28 549 2283 1147 1891 147 1668 1477 70 14 371 8 1449 622 157 103 141 17 650 252 184 220 0 375 55 7 476 89 5 85 49 21 90 32 3 21 0 3 0 0
8 188 17 11 1823 533 2015 15 105 517 381 19 96 19 3 11355 3511 2904 10703 28246 4305 537 13183 6 9944 2245 488 1942 807 2269 170 8059 3214 11 522 2471 1049 2693 169 2572 2687 290 21 617 0 1412 761 94 396 256 26 832 393 159 347 8 480 111 1 699 215 9 128 50 64 204 49 10 60 2 16 2 0
