30 358 286 149 1880 5078 2548 1320 392 306 3454 1594 533 860 286 8287 23567 15766 4972 22274 28904 28412 12239 3468 2844 15210 30701 569 3352 13410 8284 4480 22148 6971 1727 1269 1950 7505 3952 551 12081 10120 6605 2575 868 197 2209 4253 12912 407 192 941 1634 3755 1220 1221 19 8033 1756 1562 5014 2254 58 510 1155 164 2857 2638 518 260 418 1064 300
37 369 490 176 1784 7484 2149 3371 593 293 3566 2933 524 1171 295 7401 31478 20867 4741 16696 34910 62573 8894 13947 2680 13765 49304 530 4457 12397 14223 3583 20088 21001 2399 924 2832 9327 9321 562 10323 12649 14566 2598 2050 186 2043 6588 15448 468 522 1404 1447 6030 890 2258 28 7481 3028 1503 5748 3921 93 889 1386 200 2624 3462 674 329 381 1196 287
27 375 234 117 1984 4703 3029 991 445 376 3021 1155 568 567 212 8561 21650 15377 5271 26277 30327 23266 16772 2422 3371 15537 25180 585 3658 11148 6007 6186 20612 4663 1773 1324 2306 9243 4051 780 14216 6747 4132 2444 471 192 2273 4466 9495 583 254 1246 1531 3424 1595 638 34 6350 1354 1774 3896 1325 83 630 1040 244 2628 1534 588 142 468 638 231
35 349 420 175 1860 6362 1997 2608 436 274 3610 2414 511 1208 315 8526 29925 17557 5421 17235 28853 48283 7878 9844 2806 14322 41528 624 3782 14266 11397 3071 20086 14743 2165 1107 2253 6652 6244 460 10123 13645 11974 2595 1400 223 2289 5298 15650 271 277 1053 1566 4347 821 2620 28 8097 2434 1450 5977 3581 69 540 1315 149 2757 3750 571 379 383 1322 313
43 371 709 194 1757 9528 1853 6353 782 309 3458 4296 516 1418 274 6619 38447 23256 4458 13717 38656 104783 6515 35928 2668 11306 63934 558 5898 11447 18694 3203 17225 41411 2996 734 3939 10329 15861 570 8788 13460 24317 2686 3383 196 1916 8462 16400 547 998 2063 1278 8333 867 3269 44 6098 3945 1579 6381 5557 138 1347 1458 238 2349 3903 722 385 391 1068 244
43 354 706 197 1843 9056 1782 6311 678 255 3478 4312 489 1389 329 7500 41665 20158 4854 14040 36561 99887 6716 35451 2227 11007 63683 917 5023 12851 17074 2658 17864 42010 3037 934 3546 9178 14012 417 8707 13304 23776 2429 2950 243 2033 8073 15786 441 707 1528 1398 7734 826 2840 33 7448 4805 1334 6001 5182 68 985 1319 130 2626 4329 642 389 360 1343 335
40 365 585 195 1800 8126 1805 4489 791 252 3471 3680 528 1403 308 7173 32381 21964 5836 13743 32312 75790 6301 20976 2598 12238 54712 806 3881 11736 16869 2515 16697 29760 2235 806 5152 10353 12273 423 8701 12847 19636 1898 2941 250 2726 6979 17339 504 1390 1947 1182 7276 662 3033 35 7064 3586 1546 5639 5312 112 1884 1460 166 2095 4222 1111 395 415 1264 265
39 373 538 203 1510 8008 2097 3844 596 195 3904 3460 535 1454 381 5344 28471 22626 3098 14445 36200 70513 8322 16583 1472 14927 55551 229 3343 11997 16900 2434 20823 25358 2174 686 2213 9619 9795 196 10374 14535 18243 1873 2669 58 1725 7073 18686 501 444 953 1371 6957 834 3093 6 9162 3922 993 6540 5007 41 821 1658 83 3002 4902 668 408 341 1686 380
37 365 494 172 1880 7314 2094 3492 617 296 3508 2819 542 1176 283 7429 32613 19534 4808 17582 33279 62207 8340 15244 2572 13201 47899 531 4423 12662 12318 3538 19575 20486 2411 913 3449 9256 9419 460 10472 12920 14305 2534 1658 166 2275 6526 15191 433 671 1539 1506 5932 968 2475 28 7027 2844 1584 6028 3800 92 1056 1358 196 2560 3500 761 351 426 1125 257
46 364 802 233 1485 9936 1600 7489 873 203 3648 5484 525 1853 354 4910 33821 23857 3416 10491 35526 114586 4900 43272 1624 11380 71721 348 4066 10488 23606 1753 15625 55765 2348 566 4282 10655 17535 258 7798 15267 32780 1683 5223 103 2119 8871 20116 557 1525 1726 1045 9503 641 4629 18 7220 5259 1202 6648 8148 102 2009 1665 127 2110 5757 1116 530 410 1541 281
26 340 218 107 2222 4078 2552 889 385 437 2662 1017 495 531 163 11111 22832 12809 8152 26174 23871 19626 13069 2051 5580 11546 20920 1202 3804 12107 5287 6000 18148 4015 1699 1714 2643 7066 3146 1196 11203 6965 3463 2596 507 519 2794 3125 7783 482 209 1434 1401 2928 1274 750 110 4633 883 2103 3873 1217 132 600 748 362 1846 1324 591 92 418 525 123
34 338 423 138 2413 6353 1936 2746 551 398 2787 2251 456 796 191 12033 37712 15468 9989 19703 29674 50246 7881 10677 5043 10147 37695 1865 5259 12893 10433 4371 15801 15677 2825 1397 5095 7457 7487 970 8520 8829 9685 2665 1562 719 2881 5197 10428 360 710 2227 1549 4355 858 1379 126 4908 2005 2097 4092 2387 140 1068 856 303 1714 2020 668 183 395 654 147
24 328 208 68 2508 4064 2620 972 408 536 1824 690 420 280 82 13588 26448 11881 10921 28653 25805 22137 14178 2852 7357 8063 15864 1889 4619 8659 2980 7789 13423 3183 2159 2148 3535 7667 4022 1846 9851 3796 2319 2250 85 923 2442 3234 4278 444 321 2126 1050 2006 1313 319 240 2390 558 2079 2514 460 164 548 433 463 1114 552 456 51 306 188 59
29 344 309 97 2521 5518 2300 1727 509 510 2244 1343 426 476 108 12807 33812 15789 11340 23658 29804 37334 10896 5801 6992 9221 25591 1949 5938 10391 6870 6220 14192 8053 2679 1730 4152 8722 6196 1616 8910 5657 4900 2457 659 888 2749 4433 7154 449 427 2384 1273 3493 937 692 241 3011 989 2295 3082 1219 190 769 709 413 1257 971 526 116 303 278 73
20 309 141 49 2603 3049 2342 512 427 634 1372 417 298 168 43 14656 19486 11318 13477 27835 18004 12804 11794 1121 10513 6784 9641 2262 3793 6704 2491 7393 9837 1478 1823 2152 4311 7596 2778 2392 6751 2432 1100 1778 113 1399 2271 1630 2750 481 452 2812 828 1739 674 164 409 1382 230 1989 1346 261 389 578 281 448 515 269 376 11 181 80 18
17 286 86 50 2271 2004 2495 209 215 609 1504 250 319 163 58 13525 13203 7565 10701 29254 13405 5624 13913 295 9703 7900 6290 1603 3035 7503 1398 8612 11658 513 1257 2137 1711 4618 1035 2569 7979 2448 562 2211 35 1061 2169 1235 2835 267 76 1250 1040 941 863 158 355 1922 195 2026 1410 197 136 223 340 475 832 231 235 38 205 119 37
21 335 151 59 2477 3456 2792 550 402 610 1682 512 379 195 73 12885 20424 12983 11279 30202 22458 14716 15377 1182 8758 8877 12073 1614 4389 7360 2996 8661 12433 1854 2035 2030 3168 8419 3057 2264 9388 2623 1321 2007 128 926 2366 2479 3399 538 246 2137 1114 2012 1033 143 290 2338 457 2253 1684 303 234 531 424 473 1010 377 345 29 269 142 49
26 336 248 77 2683 4768 2185 1231 542 577 1874 951 337 357 61 14364 29886 15656 13618 23909 24648 28233 9442 3669 8632 8173 18754 2758 5408 9117 5521 6322 11822 4933 2891 1691 5057 8917 5620 2015 6898 4415 3298 2421 429 1282 2355 2871 5640 521 551 3001 1168 3185 649 473 403 1760 475 2129 2363 860 296 707 659 437 683 550 477 95 170 147 21
21 289 151 59 2490 3054 2279 523 287 570 1522 538 315 224 45 14297 22298 9042 12491 27518 19367 12492 12191 1007 9082 6513 11306 2286 4386 8336 3216 7555 11170 1862 1674 2258 2781 5388 2141 2327 7317 3037 1426 2162 274 1227 2241 1990 3599 259 165 1711 1041 1525 910 236 405 1345 254 1981 1918 462 134 328 316 446 587 326 320 37 174 87 14
13 232 51 27 2381 1220 1886 91 192 577 792 108 194 72 15 14102 9144 4772 15041 27030 7534 2492 9591 84 11237 4165 2590 2601 1773 4496 678 6889 5670 165 891 2180 2526 3617 577 2382 4389 1046 196 1071 17 1763 1967 477 1327 236 102 1484 611 453 475 48 503 499 25 1458 602 70 206 207 145 363 180 75 217 12 78 21 2
18 285 108 45 2345 2333 2546 322 268 603 1294 314 341 134 46 13724 16347 6757 11738 30077 16437 7907 14793 546 9351 6217 7673 1773 3489 6627 1312 9247 9902 922 1163 2309 2424 5363 1551 2521 8224 1886 702 1855 54 1051 2367 1745 2162 463 139 1612 725 1117 1215 100 322 1380 220 1921 1346 193 186 333 230 501 707 200 307 13 237 85 25
18 291 109 44 2274 2481 2696 342 226 615 1374 290 320 138 46 13542 16681 8094 9877 30774 18437 9062 16342 650 9046 7325 7798 1656 3998 6555 1353 9718 11328 854 1343 2370 1778 5030 1441 2616 8425 2227 682 1969 28 1062 1891 1753 2365 229 103 1296 1021 964 1077 140 357 1576 211 2060 1351 154 94 246 215 472 735 225 195 20 215 65 31
22 281 176 55 2852 3249 1778 724 394 554 1294 584 285 180 52 16507 26353 9460 17348 24526 16675 15645 7431 1739 10334 5310 11429 3185 4214 8043 2924 5537 7742 2592 2014 2090 4945 5726 3201 1921 5321 2026 1486 1696 203 1620 2694 2073 2733 321 393 2525 900 1762 616 130 403 1413 391 1865 1370 328 265 584 278 402 576 299 292 23 171 99 25
15 267 78 27 2336 1960 2515 200 251 652 798 178 239 58 19 13350 13685 7259 11974 31490 14691 5786 15172 283 10829 3992 4397 1902 3293 4135 1070 10083 6322 476 1293 2362 2309 5489 1319 3134 5860 751 293 1277 27 1274 1704 1166 1044 466 133 1695 555 692 958 23 486 552 95 1467 665 72 242 264 149 456 336 61 176 5 108 24 6
17 264 92 44 2362 2001 2106 246 197 559 1251 255 289 132 47 14641 15174 7091 12747 27332 12317 6214 10815 374 9959 6049 6080 2151 3044 7173 1311 7094 9080 636 1166 2278 1855 3729 1106 2331 6592 1967 566 1811 36 1285 2313 1252 2079 171 69 1151 871 832 818 110 387 1453 163 1884 1258 154 102 209 191 425 647 225 201 7 189 83 26
17 289 97 39 2297 2356 2796 261 291 660 1076 286 305 100 33 12898 15101 7437 10994 31487 19054 7346 17967 370 9966 5458 6636 1645 3982 5468 1787 10900 8025 789 1221 2312 2399 6649 1598 2940 7626 1077 540 1405 103 1048 2027 1681 1937 542 180 1799 618 1014 1149 56 387 1035 170 1854 929 145 240 352 218 520 482 134 291 8 183 51 14
24 303 220 56 2758 4105 1995 1080 481 608 1372 694 265 212 38 16343 30592 12529 15043 24528 21431 23635 8779 3244 10004 5211 13599 3062 5770 7726 3850 6510 9282 3714 2576 2034 4693 7736 5053 2416 5316 2874 2012 2182 280 1449 2084 2280 3026 459 457 2838 884 2430 601 264 487 1105 297 1804 1619 404 298 561 329 397 447 303 277 20 123 77 11
23 314 204 49 2618 4227 2457 956 446 618 1231 629 279 158 28 15303 28392 12758 13476 27373 28063 23454 13587 2692 9650 5555 13183 2839 6317 6479 3874 8214 8101 3315 2503 2211 3854 8743 4646 2503 6407 1771 1600 1520 275 1396 1901 2752 2733 478 346 2683 876 2097 892 122 465 831 262 1774 1302 337 245 516 289 406 377 190 264 16 128 38 8
15 266 65 40 2222 1605 2528 119 174 602 1221 191 275 106 39 12911 10646 5852 11167 30733 12373 3403 15322 104 9411 6540 4862 1927 2602 6461 1218 9463 9704 311 1006 2373 1713 3792 599 2619 7111 1561 333 1767 59 1222 1914 893 1983 231 68 1158 894 730 975 57 407 1269 110 1789 1064 137 112 180 200 444 587 164 169 10 171 63 17
12 245 35 31 2113 905 2538 39 135 628 1002 85 259 63 33 11316 6396 3322 10599 33021 7013 1145 16010 14 10024 5389 2174 1583 1512 5204 499 10643 8474 81 582 2347 1248 3017 250 3032 6782 1052 99 1513 22 1137 1952 468 1120 335 42 884 723 382 981 34 406 1141 50 1749 650 40 142 142 157 483 497 87 151 6 177 44 18
11 188 38 17 2184 944 1338 58 125 488 486 69 100 30 8 14894 8203 4151 14522 21477 5415 1718 5663 42 10448 2594 1669 3051 1514 3436 516 4918 3088 100 827 2129 1650 2272 355 1994 1993 397 87 781 8 1792 1152 267 594 146 45 1038 493 304 160 9 512 245 21 919 217 29 121 100 65 193 88 25 66 2 32 5 2
15 218 75 30 2395 1503 1628 185 181 540 835 171 176 78 21 15660 13338 4356 15649 22952 8891 4261 8306 259 10125 3762 4102 3156 2478 5301 732 6665 6183 394 1014 2101 2548 2911 845 2321 3697 1110 349 1411 20 1659 1883 689 1274 159 98 1334 607 541 396 47 491 685 78 1453 568 85 126 192 132 316 258 82 157 10 89 36 5
14 242 66 25 2257 1613 2252 142 203 621 725 156 201 54 12 13771 11995 5174 12599 28823 12410 3956 13459 158 10664 3676 3681 2229 2919 4064 1001 9118 5523 332 1087 2368 2031 4347 862 2905 4948 732 243 1078 52 1503 1531 905 995 291 78 1525 528 657 733 23 514 387 51 1403 575 77 189 217 99 385 178 51 150 1 79 11 2
15 240 80 25 2503 1897 1865 213 241 584 677 168 152 65 9 15052 14952 7035 15559 26760 12173 5941 9193 319 10858 3278 3680 3032 3231 4480 1234 7384 4513 457 1549 2297 2844 4555 1369 2553 3305 803 322 993 32 1784 1359 738 1186 305 149 1846 600 665 477 44 544 287 36 1060 566 88 215 189 147 308 115 46 127 8 38 13 0
14 256 55 36 2121 1345 2564 92 144 593 1171 150 262 84 38 13042 9523 4439 9981 30559 10584 2488 16376 74 8957 6696 4055 1884 2294 5941 808 9806 10091 217 805 2414 1276 3287 499 2683 7214 1421 245 1814 31 1188 1776 782 1552 188 34 842 879 529 890 37 398 1355 99 1795 850 91 68 152 158 414 599 123 136 5 163 60 19
14 220 69 22 2323 1582 1712 171 201 524 648 133 114 49 11 15869 13466 5984 14198 23814 9460 4572 9305 241 9398 2893 3250 3552 2500 4313 812 6886 5036 335 1270 2021 2103 4040 1043 2537 2646 679 225 1224 10 1530 1090 528 880 327 86 1424 544 591 210 22 595 385 51 982 353 55 205 133 169 136 118 40 85 7 22 15 0
15 229 89 16 2418 1991 1848 286 247 560 489 133 116 33 3 16701 16408 6673 14576 24361 13039 7581 10939 561 9897 2343 3285 3535 3192 2801 755 7442 4255 475 1578 2360 2999 4398 1563 2494 3054 586 212 899 24 1805 858 663 553 217 215 1982 414 522 346 26 550 102 15 963 399 31 198 169 55 204 56 19 88 1 15 1 0
16 255 88 32 2254 2037 2181 232 230 606 934 223 197 90 15 15078 14880 7236 11604 26563 13669 6220 12563 330 9837 4457 5271 2532 3583 5265 1456 8682 7473 599 1344 2229 1961 4885 1287 2917 4880 1331 434 1572 63 1375 1418 982 1650 302 100 1532 626 886 602 64 544 499 66 1435 821 151 139 207 171 345 223 81 162 10 67 20 2
16 212 99 21 2605 1962 1353 322 240 453 542 187 98 46 5 18124 19090 6400 17638 21236 9894 7590 5863 623 9399 2055 3808 4806 2603 3946 1283 4612 4018 670 1721 2208 3400 3754 1526 1641 1873 790 315 903 61 2001 1193 609 610 237 186 1847 374 720 141 39 434 164 30 816 314 51 188 208 60 125 54 25 80 1 9 5 0
11 243 29 26 1959 833 2657 30 92 598 909 65 252 41 29 11659 5748 3518 8578 33003 7089 962 17677 12 9434 5983 1918 1458 1544 4468 316 10404 7690 54 539 2583 642 2303 195 2869 7316 676 75 1282 3 1175 1571 504 814 113 13 514 819 289 973 9 424 1032 45 1718 522 26 32 77 79 429 532 63 72 0 163 24 19
20 250 161 29 2530 3018 1926 726 297 554 852 315 143 90 9 18063 26142 8305 13737 23431 18889 16238 11178 2085 8419 3275 7532 3982 4766 5012 1646 8131 7653 1580 2088 2275 3173 5254 2854 2617 3560 1781 689 1862 81 1492 1022 1104 1273 257 268 1959 587 1035 362 153 564 294 68 1217 800 118 141 210 121 220 152 53 112 3 28 14 1
10 175 30 15 1960 741 1466 38 91 447 470 49 91 28 5 13555 6525 3082 12973 22199 4795 1077 8073 21 8731 2376 1273 2996 1214 3206 328 5849 3749 56 612 1957 1228 1741 244 2191 2311 437 59 830 5 1522 910 181 541 87 21 760 431 198 212 11 511 176 7 787 256 26 68 62 50 148 83 20 49 2 16 2 1
9 175 20 16 1894 498 1573 17 74 509 520 33 117 23 11 12051 4155 2095 12063 23010 3258 460 9142 5 9951 2693 886 2345 803 3276 196 6874 4329 23 424 2044 1049 1350 121 2495 2849 405 29 986 1 1536 1086 135 403 60 15 641 460 142 339 7 550 365 14 1042 231 14 79 60 37 221 182 20 53 0 35 10 3
11 212 31 24 2092 794 1961 35 87 557 764 66 194 42 22 12856 6298 2821 12503 27323 5689 989 11486 17 10612 4632 1787 2126 1470 4062 360 7794 6117 62 570 2244 1055 1702 209 2403 4770 686 71 1034 5 1577 1878 433 805 78 17 672 674 211 588 17 447 788 43 1534 361 35 83 67 77 347 305 43 101 3 126 23 11
12 178 53 13 2211 1168 1246 112 184 452 330 87 46 20 1 15962 10642 4337 15387 19483 6756 2938 6270 121 9391 1043 1742 3885 1760 2812 694 4984 2316 209 980 1926 2554 3232 706 1948 872 248 97 675 27 1893 610 192 358 201 134 1585 294 426 64 9 504 32 5 406 94 22 229 112 54 44 6 4 28 1 0 0 0
12 197 51 15 2172 1156 1600 118 149 522 497 59 108 38 5 14710 10228 4359 13762 23068 6838 3096 8881 172 10156 2208 1605 3024 1815 2994 348 6438 4632 106 984 2065 1927 2629 660 2417 2691 813 118 999 0 1710 1012 290 506 162 87 1266 318 274 243 44 553 173 9 922 387 16 139 84 38 231 75 24 89 0 22 6 0
13 220 45 33 2054 1016 1945 64 130 575 952 107 206 89 26 12959 8156 3453 11039 26076 6766 1603 10950 42 10325 4073 2572 1897 1805 6239 631 8145 7332 127 557 2035 1117 2817 343 2878 4635 1283 156 1826 22 1282 1696 400 1433 265 36 822 640 435 630 62 512 788 38 1411 782 99 136 94 189 382 365 104 167 12 97 47 6
11 224 36 19 2090 1037 2233 46 147 606 585 75 162 36 8 12242 7204 4389 11820 29834 8392 1497 13619 23 10667 3355 1898 2109 1964 3242 590 9401 4472 88 840 2400 1385 3603 385 2866 4189 411 94 792 15 1513 1330 476 797 278 36 1163 474 367 559 6 547 276 22 1233 375 42 144 118 108 310 119 26 119 6 44 8 0
14 219 75 16 2320 1679 1805 218 210 571 510 109 119 28 9 15379 14390 5510 13931 24808 11156 5557 10301 393 10751 2532 2913 3050 3113 2888 568 7489 4367 320 1315 2165 2341 3964 1267 2666 2876 535 161 882 15 1659 1045 647 391 243 128 1568 439 483 308 25 565 326 51 1034 283 0 179 150 43 234 121 24 43 2 47 8 2
16 256 80 40 2147 1788 2472 200 136 589 1228 206 276 108 46 13144 13395 4842 10003 29906 14445 5178 15513 294 9065 6207 5698 1751 3281 6756 818 9991 9985 450 948 2273 1054 3072 796 2771 7100 1652 437 1930 16 1089 1851 1190 1853 210 33 786 896 502 1029 87 385 1480 154 1770 1015 99 89 87 203 445 727 180 130 4 195 66 33
9 137 23 13 1948 477 786 25 77 336 331 33 67 20 6 14203 5036 1712 15303 15021 2031 607 2601 11 8496 1516 658 3464 654 2818 222 2545 1837 32 458 1615 1381 1026 149 1055 1176 294 32 460 6 1823 1064 93 301 38 30 591 370 120 71 10 371 185 6 593 118 4 88 47 31 107 50 20 55 0 17 5 0
9 164 24 12 1803 572 1519 29 84 505 370 30 101 21 4 11933 5013 1725 11666 21731 4307 771 9383 17 9661 1697 781 2300 1085 2376 135 7210 3063 30 416 1846 1067 1625 199 2584 2411 334 32 680 1 1535 980 156 347 72 23 752 262 117 301 14 565 144 6 833 237 14 99 57 26 246 50 6 63 0 27 6 0
10 170 32 13 1979 791 1248 44 97 446 369 51 88 22 3 13738 6925 3549 13487 20530 4551 1291 5515 27 9437 1749 1214 2881 1288 2677 423 4705 2520 70 702 1911 1359 1780 238 2092 1795 322 50 689 9 1565 973 212 387 101 39 819 288 175 192 10 522 84 8 746 224 23 70 78 34 166 36 11 56 1 14 1 0
11 172 40 15 2055 933 1262 66 110 434 411 66 78 30 3 15107 8849 3643 13622 19541 5201 1827 6420 54 8800 1661 1421 3321 1607 2987 517 5184 3209 105 934 1989 1418 2014 398 1966 1716 431 85 749 12 1628 838 243 525 105 36 844 390 243 135 17 494 112 8 710 238 32 91 63 64 124 29 12 51 3 9 2 0
10 204 23 22 1907 605 2023 19 89 587 713 40 170 47 14 11388 4736 2329 10518 27470 4369 573 12074 6 10567 3814 1025 1716 1139 4099 235 8830 5989 22 399 2099 778 2100 129 3008 4281 736 47 1216 3 1346 1491 215 861 254 7 586 518 193 480 18 573 502 11 1370 457 30 141 36 153 345 193 37 144 11 57 25 0
9 138 31 5 1861 741 829 53 94 255 129 27 23 4 0 15574 7655 3271 14137 15455 3545 1515 2874 48 6484 652 547 4125 978 1152 222 1975 721 54 892 1688 1275 1687 363 732 407 47 17 139 4 1555 339 100 78 109 31 622 148 132 27 1 178 0 0 151 30 2 50 29 11 25 0 0 1 0 0 0 0
10 157 38 7 2015 910 1228 71 143 410 161 42 28 7 0 14484 8131 3362 14593 18836 6449 1994 7114 69 8270 568 772 3726 1617 1594 394 5424 1005 94 944 1864 1985 2714 551 1917 492 47 32 259 7 1693 389 126 129 168 83 1259 151 217 28 1 464 0 0 213 32 7 148 48 22 23 0 0 9 0 0 0 0
10 177 38 7 2062 1005 1348 72 139 458 198 41 56 6 1 13902 8612 4669 14230 22312 6181 2228 5979 74 10050 1043 942 2966 1734 1265 320 5007 1329 89 949 2076 1707 2841 561 1975 1183 70 30 249 6 1817 735 250 125 194 56 1107 153 208 105 0 499 32 5 486 47 4 139 65 17 134 12 2 28 0 6 0 0
11 178 37 18 2001 836 1376 54 101 485 496 70 123 31 10 13984 7513 2904 13740 20363 5251 1384 7196 37 10120 2249 1673 2708 1532 3425 374 5562 3438 93 542 1764 1365 1811 294 2261 2526 388 92 814 8 1599 1323 339 555 81 27 832 398 235 286 6 523 297 27 984 279 26 85 85 57 259 119 25 72 3 47 12 1
10 182 34 11 1817 873 1718 55 122 534 365 42 78 23 0 12882 7202 3247 9910 23450 6460 1600 10325 46 9682 1822 1095 2217 1779 2230 260 7737 3231 65 681 2125 1087 2731 404 2882 2114 378 56 836 2 1440 566 219 442 223 39 985 307 228 240 15 604 0 0 654 253 22 131 52 73 145 0 0 50 4 0 0 0
11 156 46 9 2106 980 944 98 143 397 210 55 42 10 2 15854 9839 3553 15691 16084 5061 2459 3854 116 9220 834 1072 3851 1605 1863 412 3435 1299 135 901 1673 2247 2025 610 1574 763 88 49 343 5 1838 560 169 179 86 98 1228 174 199 60 1 408 62 10 366 70 9 156 78 14 58 21 4 14 0 4 1 0
14 180 77 14 2114 1548 1291 226 147 445 378 112 60 22 4 16881 15257 4444 13902 18102 9346 5557 7268 398 8411 1600 2586 3782 2881 2894 610 5671 2872 371 1152 1720 1863 2606 973 2302 1493 274 148 807 14 1404 475 373 435 115 66 1151 309 367 118 4 542 138 26 582 162 23 92 79 44 90 37 14 24 1 7 2 0
10 211 27 18 2019 769 2031 33 88 565 614 48 170 21 18 12586 5630 3692 11517 27763 5784 1092 11986 21 10643 3911 1463 2115 1268 3245 303 8040 4985 44 621 2278 1049 1879 205 2710 4465 369 52 821 0 1453 1319 364 373 82 27 755 571 156 501 7 514 639 40 1421 232 1 76 81 41 334 295 22 59 0 90 14 9
10 175 34 11 1792 926 1676 46 110 515 317 62 56 10 2 13031 7325 3613 10814 21665 7515 1474 11307 20 8850 1430 1437 2500 2055 2132 635 8486 2750 101 821 1995 1027 2658 335 2833 1479 138 40 617 24 1437 505 240 216 171 29 996 222 306 170 0 589 68 10 525 81 11 107 58 21 114 21 4 15 0 6 0 0
11 166 40 15 1966 886 1277 65 82 450 426 70 92 25 5 13899 8600 2958 13485 19840 5627 1695 6392 54 9018 1840 1645 2855 1667 3052 467 5520 3182 105 711 1910 1209 1395 257 2140 1952 414 82 877 20 1599 979 306 392 51 23 704 368 231 256 12 493 151 16 770 256 21 60 55 27 181 63 16 44 0 20 4 0
9 113 31 5 1567 595 696 54 64 296 137 25 22 5 0 13980 7012 1570 11285 11114 2865 1248 3331 51 6195 507 558 3229 1100 1073 119 3183 1137 50 563 1321 884 985 251 1397 439 87 19 327 1 1215 281 83 89 48 17 538 103 83 23 1 356 0 0 251 33 4 43 22 11 33 0 0 8 0 0 0 0
10 205 30 15 1868 818 2251 39 111 631 527 50 139 23 8 11090 6136 2937 9818 28886 7003 1146 15440 24 10185 2735 1494 1739 1739 2774 281 10994 5072 57 596 2216 950 2692 297 3543 3922 394 56 996 5 1248 1019 354 398 288 22 889 382 226 497 7 616 306 20 1119 270 13 145 60 87 323 127 18 92 3 39 5 2
12 214 43 23 1934 1046 2163 71 122 594 736 85 164 47 17 12067 8061 3690 9851 27752 8158 1968 14115 60 9620 3112 2320 1872 2043 4420 433 9940 6779 123 652 2156 1037 2869 402 3293 4307 760 135 1540 1 1230 1200 461 828 269 30 867 487 351 571 18 576 587 42 1174 433 37 123 81 113 332 254 45 102 5 69 25 4
9 157 23 13 1860 553 1263 25 64 470 363 34 106 18 7 11721 5260 1961 12879 20781 3506 695 6087 12 10121 1569 829 2240 1095 2637 180 5535 2528 32 473 1910 825 1257 147 2357 2141 238 32 648 0 1556 1231 196 283 64 8 548 253 119 272 6 549 205 14 871 204 12 46 49 23 253 87 10 37 0 44 7 1
11 155 47 8 1951 1034 1041 106 113 389 218 49 36 7 3 15740 10298 3743 13801 16372 5711 2889 4711 140 8314 870 1116 3663 1771 1687 322 4105 1656 125 904 1659 1648 1945 530 1727 800 94 38 484 1 1501 391 166 137 96 65 981 161 186 53 0 435 101 17 336 53 4 102 49 6 57 34 3 2 0 6 2 0
11 193 37 18 2011 857 1741 56 112 513 585 67 132 31 11 13457 7272 2914 12106 24093 5822 1445 10578 42 9778 2890 1773 2656 1394 3551 367 7189 5182 93 635 2076 1404 2050 304 2395 3366 611 78 1055 10 1585 1100 317 495 103 48 930 504 251 392 16 518 379 27 1071 328 21 101 101 43 239 176 31 64 0 46 9 3
9 203 21 15 1760 621 2290 18 90 617 529 36 147 21 9 10484 4346 2547 8781 29390 5427 578 15844 5 10123 3169 1047 1447 1421 2766 205 10799 4720 27 460 2215 701 2281 154 3441 4134 325 30 935 3 1221 1042 261 441 259 17 593 430 189 620 4 602 328 15 1109 274 14 125 47 68 314 155 17 74 1 48 9 1
13 199 59 19 2021 1329 1668 134 122 540 579 106 118 35 11 14371 11543 4120 12176 22575 9027 3595 9327 174 9803 2959 2711 2529 2715 3520 558 7283 4784 233 865 2066 1373 2300 616 2747 3029 564 159 1120 15 1450 898 531 627 119 43 959 459 348 319 19 563 393 47 1040 333 25 75 84 55 248 163 25 26 1 45 15 2
8 188 15 13 1774 463 2026 11 63 491 465 17 131 23 5 11411 3473 2627 9818 27768 3375 390 13529 3 8668 2780 485 1986 702 2570 134 8388 4169 9 474 2371 602 1600 89 2475 3704 391 14 818 0 1448 988 104 406 123 8 440 431 106 544 11 493 174 1 945 347 12 39 21 57 227 101 12 60 2 31 6 0
9 135 26 10 1755 568 970 32 63 345 288 37 49 12 3 13546 6007 1940 12616 16245 3180 810 4526 16 7361 1175 857 3174 974 2388 232 3890 2162 48 571 1779 911 1105 176 1499 1041 200 29 575 5 1498 552 126 187 42 10 482 303 142 94 3 394 100 8 489 102 9 45 26 22 75 42 6 19 0 3 2 0
9 171 27 9 1745 734 1680 37 92 476 314 33 68 12 2 12336 5811 3400 10451 22854 5464 1164 11060 24 8229 1407 926 2553 1331 1920 244 7882 3172 46 636 2156 1063 2200 260 2592 1904 237 29 724 3 1336 515 165 227 132 27 775 219 164 218 5 526 77 5 588 155 8 64 45 17 131 32 5 32 0 5 1 0
10 180 38 7 2025 1002 1492 72 156 493 210 40 48 8 0 13828 8014 4572 13796 21999 6829 2232 8076 74 10100 1062 972 3012 1675 1317 326 6124 1732 85 840 1959 1975 3215 559 2235 1100 107 36 358 6 1789 544 176 185 173 95 1417 176 199 103 2 556 0 0 407 74 7 179 80 18 111 0 0 27 0 0 0 0
9 158 23 13 1586 580 1650 23 54 460 406 35 85 22 4 10921 5012 1916 9306 22202 4973 665 11534 9 7883 1617 918 2076 1255 2769 247 8155 3762 30 383 1982 529 1397 100 2666 2268 343 35 916 3 1246 724 174 395 92 6 429 264 141 308 7 527 141 5 678 234 20 48 24 40 153 53 13 31 1 16 3 0
8 142 22 6 1742 547 1139 29 87 361 189 19 42 7 1 12815 4953 2426 12645 18260 3206 806 6183 20 7890 883 474 2999 830 1216 154 4465 1719 22 561 1731 1280 1672 225 1538 1000 148 19 334 0 1600 549 85 106 116 32 657 101 101 72 2 395 34 2 386 61 2 79 38 3 81 11 3 21 0 5 0 0
10 195 32 13 1804 859 2084 43 125 587 420 54 113 19 4 11251 6447 3018 9663 26700 7434 1288 14494 25 9886 2014 1413 1910 1783 2476 382 10116 3796 73 518 2172 1180 2953 305 3166 3031 287 51 873 11 1402 769 311 337 228 40 976 303 291 543 4 578 132 12 797 259 18 170 90 43 257 68 14 61 1 18 1 0
8 158 23 5 1719 642 1443 32 92 468 180 19 50 4 1 12418 5242 2939 11016 20663 4461 1011 8623 23 8950 969 570 2465 1199 1021 105 6635 1709 27 669 1894 1051 2049 264 2430 1364 75 14 359 0 1439 406 140 68 119 25 814 124 112 140 0 581 34 3 456 62 1 98 42 6 126 19 2 11 0 5 0 0
9 188 23 13 1849 669 1774 21 100 510 429 39 103 20 4 12340 4915 3346 11285 24890 4808 664 10158 7 9849 2637 1008 2187 1225 2441 321 7184 3460 29 644 2046 933 2367 207 2528 2645 305 33 661 9 1568 1007 210 437 192 14 731 346 214 264 7 550 140 10 845 220 19 85 55 69 224 48 6 58 2 24 4 0
8 197 16 12 1747 516 2209 11 81 617 441 22 130 19 4 9975 3447 2830 9144 29057 4224 393 15034 3 10558 2857 645 1424 980 2131 170 10309 4034 9 472 2232 694 2056 103 3495 3709 317 20 790 2 1316 973 163 371 247 3 594 356 152 473 5 637 153 3 1067 270 12 141 39 66 303 68 11 78 2 28 3 0
8 177 13 15 1829 385 1648 5 66 527 470 21 126 21 9 11226 2709 2148 11557 24476 2723 157 9226 0 10794 2635 567 1857 601 2895 199 6872 3507 6 345 1975 764 1540 44 2537 2930 275 9 697 3 1595 1305 85 437 102 4 597 384 110 316 4 546 309 6 1006 226 14 108 51 51 286 105 17 77 1 45 9 1
10 131 39 6 2025 763 690 79 112 291 146 34 23 7 0 15757 8975 2386 16122 13892 3314 1819 2206 91 7316 595 665 4404 1078 1407 222 2117 843 78 874 1650 1986 1482 449 839 353 95 31 204 2 1725 367 83 115 83 70 869 154 136 26 2 269 0 0 212 42 6 104 41 10 24 0 0 9 0 0 0 0
8 158 17 11 1854 417 1269 14 83 498 323 24 100 12 6 11252 3510 1716 12928 20972 2454 377 5856 4 10950 1697 586 2180 641 2088 152 5345 2293 17 330 1819 1227 1428 100 2452 2066 191 16 477 1 1591 1113 125 188 90 26 744 206 104 231 4 590 195 11 884 116 6 124 73 15 246 71 5 55 0 35 5 1
9 121 25 11 1592 535 724 32 51 283 265 30 33 19 3 13615 5847 2058 11585 12622 2560 860 2840 20 6691 923 618 3111 869 2602 228 2519 1577 34 481 1287 651 901 148 1231 602 207 33 554 1 1226 448 65 323 42 11 406 211 101 34 11 328 93 4 299 101 10 26 16 33 42 23 10 10 1 2 2 0
8 200 21 7 1896 685 2048 23 164 598 243 24 72 9 0 10897 4083 4452 11342 28485 4976 796 12269 11 11424 1538 613 1918 999 1232 244 8695 1986 24 688 2092 1532 4130 309 3011 1882 130 21 416 3 1677 630 143 182 419 57 1307 195 226 262 2 679 0 0 560 105 9 304 100 36 148 0 0 42 0 0 0 0
10 166 32 13 1845 781 1355 41 94 478 357 58 84 17 4 12748 6970 2706 12145 20493 5333 1187 6737 20 10008 1621 1302 2385 1660 2602 400 5620 2410 77 584 1751 1075 1907 250 2463 1805 193 52 621 15 1495 845 276 324 145 21 731 300 233 225 1 566 115 14 694 163 18 108 55 56 190 53 10 40 1 15 2 0
8 108 23 5 1493 487 705 33 55 284 131 17 14 5 1 12319 5123 1819 11611 12104 2731 855 3083 26 6446 327 341 3158 851 1283 178 2843 960 22 441 1232 960 905 158 1221 249 114 15 374 0 1274 173 33 30 37 22 507 126 76 8 2 314 33 3 138 27 0 49 11 4 10 5 2 4 0 0 0 0
8 117 24 4 1478 553 893 34 64 298 122 20 8 2 0 12742 5616 2069 10491 13450 3418 957 5276 23 5945 432 487 2982 974 1034 149 4134 1187 35 510 1315 833 1263 204 1506 197 38 8 346 3 1132 75 27 49 91 17 569 100 99 2 0 373 0 0 91 9 1 48 12 6 5 0 0 0 0 0 0 0
8 114 22 6 1680 479 629 27 61 245 153 22 22 7 0 13746 5324 1824 13364 12524 2157 727 2032 16 6242 752 412 3653 658 1467 160 1843 860 25 534 1374 1097 877 153 696 373 109 17 236 5 1491 356 54 137 53 17 445 167 98 15 4 215 0 0 216 39 3 59 25 7 21 0 0 7 0 0 0 0
8 150 20 8 1788 511 1296 20 95 435 233 24 58 12 0 12387 4319 2059 12557 19630 3458 599 7466 8 8834 1001 531 2753 819 1653 171 5683 1886 21 497 1728 1310 1858 164 2146 1306 160 21 392 4 1595 615 91 231 147 37 829 172 130 135 5 504 0 0 527 124 10 97 45 31 142 0 0 44 1 0 0 0
8 181 19 9 1739 593 1905 17 96 539 310 26 86 11 2 10685 4223 2781 10105 26480 5000 584 12093 5 9986 2107 717 1863 1239 1665 205 8404 2474 22 521 2139 892 2421 178 2971 2426 145 20 455 2 1460 674 182 257 181 20 748 315 154 326 1 590 78 4 733 132 11 86 54 42 213 35 4 34 0 15 1 0
9 159 27 9 1701 652 1494 38 78 470 310 31 77 13 2 11954 5912 2069 10257 21323 4753 1034 9313 27 8957 1490 905 2211 1347 1931 114 6809 2786 41 499 1914 872 1654 215 2549 2063 238 34 694 0 1387 631 199 213 87 21 625 252 151 261 4 530 66 4 632 171 9 59 32 22 172 39 6 31 0 12 1 0
9 198 23 13 1850 677 2064 21 117 589 445 40 114 18 5 11614 4848 3001 9755 27427 5392 688 13528 6 10189 2700 1058 1845 1348 2471 296 9409 3733 34 549 2247 1031 2863 182 3138 3130 263 31 803 8 1443 834 242 379 234 26 910 421 265 463 3 600 178 12 901 221 15 146 88 72 229 83 12 46 2 24 3 0
8 134 21 7 1578 531 979 25 76 341 205 22 25 7 2 12789 4800 2512 10538 16193 3044 713 4132 14 7589 920 483 2699 849 1728 219 3523 1472 26 534 1633 871 1506 208 1513 539 127 15 516 0 1346 256 56 129 114 21 602 165 134 32 2 394 60 6 264 48 4 53 14 16 25 15 2 7 0 1 1 0
8 175 14 14 1696 388 1851 9 41 548 455 20 150 17 10 10103 3054 1456 9641 25987 3201 288 11761 2 10177 2381 573 1588 838 2639 85 8681 3826 6 253 2149 485 856 43 2840 3780 279 22 761 0 1350 1219 180 300 29 11 369 378 51 618 3 517 329 10 1140 212 2 32 24 21 332 168 10 50 2 72 11 2
8 134 25 3 1721 627 946 39 90 346 91 16 20 1 0 13158 5959 2715 12647 16573 3618 1135 3905 32 7837 491 403 3048 1132 678 131 3588 629 31 685 1697 1258 1620 285 1381 437 18 5 146 2 1567 218 79 14 116 41 707 99 77 43 0 390 0 0 183 8 0 81 23 4 46 0 0 5 0 0 0 0
8 195 16 12 1894 508 2100 12 103 581 411 20 120 20 4 10707 3108 2759 11106 28686 4292 419 13955 3 10637 2664 561 1966 777 2114 164 9319 3455 11 484 2308 1127 2498 124 2874 3225 271 20 518 0 1622 1061 120 476 189 32 975 379 132 426 6 553 149 1 959 225 11 152 63 52 267 64 13 88 2 24 3 0
