40 359 616 164 2130 8531 1777 5271 701 341 3192 3228 438 1139 242 10090 43787 21312 6716 15865 33742 88885 6110 29220 3710 11019 53358 1016 6117 13077 13475 3189 16339 28949 3382 1129 4155 9371 13613 707 7663 11998 17540 2768 1687 362 2068 6415 14000 421 738 2085 1655 6964 673 2709 79 5722 3086 1601 5080 3646 154 1059 1191 210 2036 3160 538 261 326 910 222
30 376 304 131 2088 5717 2548 1591 494 312 3185 1509 507 721 239 9859 26689 20174 6617 22605 30804 35842 11885 5088 3523 15292 31100 848 3576 12411 8330 3786 19627 7609 2505 1360 2741 9065 5821 587 11404 8700 6223 2102 633 296 2199 4467 11280 438 295 1357 1837 4283 1058 1164 43 6712 1680 1531 4493 1681 79 610 1123 162 2477 2145 500 122 383 806 254
38 368 535 168 2027 8029 2008 4053 666 273 3311 2996 472 1109 278 8929 37992 22080 6467 17178 35036 74592 7693 19219 3102 12234 49344 944 4541 12993 14296 2817 17699 23815 3134 1111 3731 10026 11562 484 8885 11433 15063 2004 1758 291 2087 6348 14174 523 619 1690 1544 6736 802 2286 40 6864 3266 1332 5194 3516 100 973 1278 167 2299 3242 597 308 328 1073 269
28 377 266 112 2215 5308 2786 1248 516 359 2849 1345 495 482 201 10363 25816 18609 7794 25470 31522 29489 13954 3333 4354 14784 28459 1094 3797 11130 7526 4797 18523 6498 2558 1587 3181 9886 5312 827 11851 5740 4415 1991 753 382 2345 4620 8276 521 404 1611 1687 4186 1199 457 58 5962 1744 1706 3193 1153 103 703 907 191 2371 1249 393 87 399 556 230
44 351 715 231 1622 8931 1539 6131 740 153 3736 4899 473 1839 375 6217 34630 21901 4329 11121 31799 93750 4944 32367 1497 12031 66992 553 2917 12690 20987 1233 16182 44250 2690 625 4060 8984 13933 135 7330 15242 29101 1284 4276 134 2084 7609 20668 377 1027 1326 1324 8697 564 4302 13 7808 5030 784 6187 8101 75 1388 1848 59 2286 5761 745 608 302 1618 337
41 372 625 195 1649 8834 1998 5078 726 250 3608 3854 493 1433 295 6503 33988 22974 3904 14033 38865 87271 7685 25653 2176 12668 60273 399 4679 11998 17789 2688 18341 32962 2593 780 2992 11085 13480 431 8885 13512 21243 2015 2890 128 1723 7498 18083 561 746 1527 1284 8055 811 3185 27 6790 3733 1263 6039 5551 86 1098 1671 172 2158 4181 674 455 362 1186 231
38 364 534 169 2080 7896 1910 4068 663 284 3322 2931 462 1158 279 8737 38224 21866 6851 16879 33171 73249 7039 19690 3210 12240 48880 956 4669 13324 13693 2760 17263 22850 3070 1090 3891 9712 11430 481 8310 11858 15349 2131 1584 311 2528 6032 14698 443 625 1700 1627 6670 664 2571 44 6642 3007 1480 5200 3665 100 932 1395 164 2177 3500 634 224 341 1121 254
37 363 505 161 1936 7558 2164 3706 631 296 3274 2753 487 1051 260 9102 35403 19891 5412 18149 36288 67240 9231 17161 2969 11887 47284 710 4864 12971 12103 3612 18817 20695 2525 1214 3124 10266 10274 570 9647 11048 13917 2252 1503 226 2026 6372 13816 493 523 1574 1483 6350 950 2053 31 6427 2902 1432 5102 3323 90 997 1282 177 2262 3014 616 270 360 952 255
32 364 335 161 1831 5699 2404 1761 474 233 3633 1894 502 979 326 7970 25187 17872 4744 20224 30172 35690 10962 5542 2188 16081 36161 473 2922 13887 9523 3104 21824 9489 1970 1098 2161 8859 5399 298 10883 11010 8412 2014 880 111 1967 4653 14545 432 296 955 1715 4772 961 1511 13 8952 2335 1106 4962 2722 35 605 1455 78 2858 3155 496 270 330 1306 338
30 348 312 123 2353 5449 2136 1672 497 383 2803 1535 423 650 203 12412 30551 17388 10065 21608 26726 35044 8955 5401 5735 12015 29337 1452 4419 12907 8217 3800 16352 8223 2585 1546 3725 8029 5885 980 8423 7583 6190 2235 689 574 2582 3844 9485 392 383 1881 1632 4175 815 904 103 5571 1582 1850 3595 1640 123 686 915 238 1877 1837 420 108 334 631 200
30 331 315 120 2484 5193 2030 1705 483 407 2610 1532 415 641 182 13292 32627 14231 11228 21710 25933 33711 8521 5569 5805 10425 27896 1562 4493 12905 7561 4497 15277 8362 2606 1694 4333 7433 5510 1195 8099 7191 6111 2408 730 589 2834 3901 9040 369 435 2017 1456 3756 695 924 116 4882 1491 2029 3346 1667 128 778 874 300 1574 1691 523 139 325 576 145
28 336 267 111 2455 4676 2137 1309 477 445 2612 1198 415 619 150 12577 28377 14545 10476 23524 23312 26976 8968 3938 6158 10901 23453 1416 4319 12660 6218 4909 15928 5518 2328 1641 3935 7748 4810 1259 8301 7678 4885 2606 503 629 2854 3082 8981 437 401 2031 1483 3472 768 1052 149 4228 902 2017 3498 1497 178 743 899 343 1449 1432 532 148 318 492 108
37 362 528 138 2527 7928 1853 4036 807 416 2584 2769 453 834 131 12139 43992 21283 10748 18038 33294 73417 6704 19003 5801 8542 42864 1766 6233 11718 13885 3385 13221 23411 3902 1461 6637 10510 12931 1017 7349 8067 12978 2073 2068 778 3206 6528 10430 499 1219 3361 1222 6657 668 1412 157 3101 1763 1967 4007 3084 282 1577 993 389 1080 1639 853 222 319 404 61
26 342 229 96 2482 4457 2473 996 459 450 2323 1020 426 468 116 12333 26030 15234 10701 27039 26149 22790 11613 2527 6482 9602 20538 1727 3950 11480 6452 5637 14852 4349 2453 1889 3720 8860 3991 1289 8930 5741 3384 2262 612 810 2762 3221 6928 512 309 2027 1352 3410 1005 718 194 3119 787 1939 3184 1106 183 730 759 353 1227 973 469 105 308 324 65
17 316 80 56 2290 2086 2984 154 248 528 1690 277 392 184 65 12469 11901 9427 9357 34105 15582 4594 17865 128 7889 9800 6904 1340 2439 7807 1928 8164 12685 479 1314 2342 1748 5977 958 1884 10166 2438 575 1643 82 778 2530 1385 3716 401 82 1245 1234 1172 1266 111 232 2098 186 2035 1768 290 116 265 454 427 905 304 360 50 279 140 35
27 305 263 88 2709 4478 1817 1302 436 506 1922 1131 329 407 85 16520 32389 12500 14498 21908 21858 26527 7395 3763 8439 7186 20422 2490 5326 11242 6112 4954 11111 5925 2566 1956 4755 6389 4537 1694 6164 4622 3837 2297 635 1069 2634 3077 5930 292 431 2401 1214 2840 568 509 296 2326 738 2064 2252 1075 154 644 549 380 806 716 393 95 220 221 36
20 294 135 55 2707 2841 2087 463 326 513 1465 432 314 177 68 16323 20943 10336 14974 27393 15651 11367 9471 934 9329 7153 9543 2350 3242 8243 2484 5756 9731 1443 2054 2357 3391 5613 2321 1744 6698 2397 1093 1614 100 1248 2643 1778 2773 304 210 1868 1126 1511 676 156 278 2108 361 1951 1411 229 148 433 266 388 795 331 274 14 229 136 48
34 349 459 102 2721 7218 1867 3430 760 509 2037 1923 371 552 79 15887 46558 19237 12591 19309 31024 64906 6988 16306 7407 6674 31026 2538 7502 10358 9848 4584 11181 15977 3938 1732 6245 10535 12610 1525 6369 6057 8036 2430 1184 972 2409 4929 6764 589 1018 3495 1099 5303 662 1116 306 1912 955 2000 3297 1529 291 1085 621 394 807 928 562 93 210 221 31
17 270 93 43 2277 2119 2404 245 193 570 1277 267 269 126 42 14975 15191 6729 11213 28667 15705 6471 13837 359 9133 6919 6809 1965 3338 6865 1418 8128 9731 661 1272 2309 1723 4106 1146 2436 6874 1783 585 1832 54 987 1724 1332 2374 283 61 1182 981 776 741 87 389 1389 172 1794 1092 165 105 173 255 382 625 184 189 19 145 72 22
25 317 241 59 2807 4654 2219 1231 457 525 1456 824 292 202 43 16596 33485 14191 14391 26343 27093 28459 11162 3799 8714 6376 16941 3094 5606 8113 4664 6086 9623 4732 2997 2292 4454 7897 5108 1729 6401 2428 2253 1646 406 1419 2159 3105 3379 391 378 2567 1141 2543 730 169 347 1220 444 1701 1507 460 210 578 335 330 576 282 235 17 160 66 22
14 264 58 33 2467 1549 2154 99 246 582 953 158 219 83 24 14831 10169 7923 13954 29148 9727 3099 10961 73 11258 5244 3609 2154 1967 5552 1348 6734 6472 252 1288 2311 2518 5074 758 2416 4989 1018 263 1163 40 1418 1924 666 1682 345 133 1767 821 822 525 30 472 743 76 1481 733 114 250 276 230 344 304 92 191 18 89 38 5
12 240 37 29 2218 1036 2202 41 150 543 842 91 231 65 23 13880 7140 4964 12145 30098 7409 1311 12303 19 10214 4641 2068 1967 1540 5022 794 7399 5900 78 851 2532 1444 3428 296 2254 5515 794 114 985 21 1310 1854 542 1284 226 38 1072 737 486 759 23 418 700 42 1392 636 75 121 140 145 371 334 75 179 8 100 35 5
15 288 71 34 2251 1897 2991 148 242 585 1053 199 299 81 27 13266 11913 6936 9802 34813 16280 4479 19750 153 8626 6568 5119 1733 2752 5148 1272 10208 8165 393 1151 2569 1964 5856 1011 2484 8323 1000 345 1197 63 924 1688 1359 1674 412 114 1418 886 786 1213 33 346 887 117 1657 840 111 149 280 246 434 502 87 201 15 168 36 12
17 233 98 38 2427 1892 1725 291 197 510 1034 245 204 107 37 16803 17040 5405 14066 24025 11099 6523 8652 518 9432 4396 5697 2672 2931 6911 1097 6096 7570 676 1261 2222 2286 3211 1208 2199 4446 1599 569 1650 28 1321 1743 918 1546 140 99 1214 820 778 497 81 396 1109 147 1447 867 102 127 214 137 332 466 183 107 2 127 54 20
19 267 140 31 2652 2896 1981 548 391 621 818 324 155 88 9 17231 22389 9358 15182 25720 17741 13242 10161 1298 10435 3186 7009 3058 4547 5065 2122 7531 5872 1394 2060 2385 4202 7160 3024 2603 3213 1198 705 1451 112 1601 1377 1028 1383 441 411 2772 534 1329 395 83 544 279 63 1164 679 144 326 368 153 296 123 61 172 7 31 8 1
15 269 71 34 2396 1771 2380 159 227 573 1053 179 244 88 29 14519 12684 7314 12491 30700 11908 4525 13403 195 9661 5892 4488 2072 2480 5507 1179 8060 8299 368 1335 2536 2106 5013 1026 2326 6080 1366 322 1389 42 1291 1872 909 1571 304 102 1470 815 807 706 70 402 1018 100 1627 879 98 145 218 179 383 409 104 197 4 121 52 10
18 273 111 42 2504 2432 2162 335 282 593 1181 322 232 127 32 15204 18333 8523 13237 28045 15079 8520 11164 567 10264 5375 7374 2137 3650 6780 1999 7454 8871 982 1710 2359 2635 5544 1764 2499 5340 1855 699 1838 94 1217 1827 1232 2146 359 143 1744 854 1299 601 94 459 1009 169 1659 1063 209 219 281 245 376 398 167 213 17 104 52 10
19 296 121 50 2460 2653 2614 378 315 569 1405 373 320 177 41 13899 18076 8729 11596 31673 19187 9527 15013 671 8654 6626 8645 1720 3577 7370 2153 8645 10735 1128 1443 2392 2882 6635 1916 2186 7687 2504 929 1743 117 1044 2314 1667 2973 418 187 1698 992 1395 986 179 324 1277 176 1874 1562 296 216 415 310 459 564 266 343 25 182 71 18
20 252 160 30 2809 3083 1523 698 363 521 763 355 108 76 11 19781 27564 9788 17541 22115 14993 16106 6271 1889 9744 3079 7381 4212 4369 5450 2188 5292 4977 1765 2396 2232 4389 5777 3366 1973 2192 1062 722 1337 116 1865 1041 882 1196 322 334 2412 688 1371 177 58 514 324 102 917 462 115 282 274 164 150 112 61 83 5 16 12 0
18 258 114 39 2601 2393 1985 368 251 532 1035 305 228 110 33 16376 19749 7767 14983 27178 14887 9103 10156 679 9280 4515 6651 2785 3431 6380 1824 6989 7523 1048 1726 2540 2951 4511 1781 2260 4984 1596 607 1525 74 1347 2077 1278 1802 238 143 1611 726 923 682 101 389 986 173 1517 940 139 104 298 126 376 414 172 161 5 132 49 13
17 256 102 34 2488 2092 1974 319 298 579 990 234 209 105 22 17181 16577 6742 13493 25587 12229 7363 10195 615 9817 4332 5684 2593 2914 5934 1147 7272 7749 671 1506 2237 3091 5242 1669 2429 4698 1689 570 1615 32 1379 1631 931 1571 337 218 1988 659 1019 496 94 479 681 97 1535 886 127 261 354 199 345 276 121 221 12 82 37 4
14 254 65 26 2314 1709 2181 142 204 534 795 150 195 54 18 15726 12352 7603 12208 28868 11677 4374 11929 167 10107 4850 3758 2420 2602 4510 1097 6677 5614 327 1338 2440 1804 4456 906 2263 4930 763 203 902 45 1380 1473 865 1038 275 79 1268 726 675 563 37 433 613 79 1270 553 55 126 187 139 324 243 63 117 1 86 20 4
14 214 71 20 2447 1547 1549 188 188 496 585 125 137 38 13 17043 14048 5232 15801 23766 9000 4734 7175 298 10080 2999 3167 3199 2367 3830 652 5368 4113 326 1376 2327 2466 3065 1002 1903 3035 592 202 814 14 1713 1387 617 629 147 117 1402 523 425 315 22 431 423 59 1027 333 20 156 181 47 263 171 46 69 0 68 9 5
18 253 115 38 2450 2450 1948 363 246 534 993 318 183 115 20 16727 19262 8118 13941 25327 15640 9202 10275 653 9071 4152 6921 2938 3743 6715 2174 7057 6868 1019 1639 2354 2668 4845 1676 2459 4183 1482 706 1636 118 1329 1347 1116 1970 243 135 1629 751 1063 547 89 463 581 117 1234 910 190 123 223 206 295 243 117 140 19 52 31 1
21 252 178 32 2779 3271 1574 830 348 507 849 400 112 92 8 20153 29663 9814 16419 21836 16425 18249 7042 2443 9356 3101 8704 4429 4543 5856 2310 5010 6268 2072 2637 2288 4004 5550 3393 1891 2307 1469 935 1554 146 1954 1032 1008 1350 300 305 2376 703 1583 165 89 465 256 75 933 592 161 241 247 146 126 80 55 81 2 13 7 0
16 232 94 26 2462 2094 1787 270 260 550 654 219 106 68 3 16555 17144 7071 15433 24568 13971 7172 9204 436 9992 2761 4397 3394 3526 4851 1748 6685 4373 640 1593 2283 2944 5078 1593 2303 2253 820 431 1071 103 1738 965 626 1238 318 161 2043 554 946 247 55 525 81 21 780 457 107 254 197 137 161 21 16 87 10 3 1 0
11 241 36 19 2160 1039 2477 53 182 594 611 64 198 37 11 12797 6741 4639 11613 32335 8627 1724 15458 40 10562 4098 1701 1877 1474 3058 398 8955 4529 82 803 2535 1738 4416 446 2663 5054 470 81 675 4 1341 1504 501 799 346 85 1390 524 296 726 19 479 389 28 1273 417 31 210 176 125 354 159 24 164 3 67 18 0
13 241 53 25 2175 1385 2285 101 150 568 831 113 188 54 18 14185 10144 5871 11019 29641 10092 3025 13830 98 9614 4594 3109 2073 2312 4505 774 8669 7068 211 1111 2478 1388 3504 593 2736 5032 951 159 1357 22 1164 1321 620 967 201 51 1007 746 518 661 37 493 607 48 1312 617 43 82 98 97 332 310 72 93 0 79 20 5
15 226 81 24 2392 1794 1792 222 210 532 684 166 133 55 12 16482 15341 5935 14299 24938 11695 5819 9394 345 9819 3149 3776 3054 2911 4643 1043 6562 5066 495 1363 2285 2451 3970 1194 2379 3179 852 245 1153 35 1536 1020 639 943 227 132 1626 600 659 362 49 506 382 62 1010 554 66 162 139 111 212 135 54 92 2 26 10 2
18 259 127 26 2570 2804 1927 478 307 580 699 269 143 60 9 17785 22431 9957 14669 25096 17348 12526 9879 1099 10450 3279 5997 3075 4515 4441 1923 6890 5008 1109 2047 2388 3106 5805 2589 2668 3236 801 514 1171 99 1470 1042 1103 978 273 199 2154 594 1065 408 42 528 276 66 1086 542 71 201 241 98 266 126 53 81 0 38 6 1
12 215 51 15 2138 1299 1967 104 179 535 474 86 117 26 4 15083 10320 5039 12176 26650 9415 3022 11530 113 9525 2442 2234 2627 2217 2904 522 7830 3772 180 1032 2292 1794 4047 738 2480 2917 356 116 840 17 1388 852 474 485 343 67 1241 416 451 400 8 505 120 15 865 308 27 177 122 88 184 67 15 68 1 21 3 0
16 215 94 26 2464 1991 1471 280 198 436 612 205 113 66 9 18634 18006 6604 16113 21508 11988 7235 7062 481 8795 2624 4106 4139 3058 4856 1548 4720 3443 641 1594 2117 2605 3503 1312 1621 2271 695 389 716 53 1716 1173 715 1145 162 119 1465 565 614 268 45 383 269 48 759 389 102 118 143 116 153 77 45 87 4 28 12 0
11 179 45 10 2154 1033 1348 95 153 444 309 51 71 18 1 15874 9636 3854 14543 21088 5989 2501 6603 117 9190 1386 1292 3242 1511 2113 289 5026 2467 107 977 2086 2049 2739 611 1840 1629 307 66 548 3 1652 638 246 287 169 79 1273 293 250 159 12 465 31 5 604 174 16 134 97 38 118 13 3 47 1 5 0 0
9 211 23 13 1955 723 2213 24 127 562 457 35 127 19 6 12202 4784 4003 10766 30233 5647 828 13865 11 9857 2956 964 1931 1130 2435 289 8955 3756 31 740 2398 1138 3258 240 2702 3519 290 30 713 4 1371 890 249 385 330 28 953 473 270 432 8 532 205 11 986 230 13 150 86 63 207 117 13 60 0 29 4 1
10 189 28 17 1952 765 1683 30 104 475 514 53 107 28 9 13882 6067 3455 11951 24179 5417 957 9589 14 9179 2782 1281 2481 1287 3439 479 6412 3827 44 640 2119 1066 2423 213 2166 2578 396 56 804 16 1428 1067 216 551 160 25 814 433 298 291 10 478 298 14 836 260 17 91 68 52 176 115 31 58 0 27 7 1
13 227 64 14 2307 1689 2010 164 171 510 453 97 120 18 7 15703 13419 7136 13477 28082 12240 5184 11889 245 9387 2675 2688 2995 2684 2475 646 7395 3618 275 1523 2558 1835 3833 983 2278 3143 271 104 618 14 1455 1014 649 326 203 59 1266 426 411 440 6 461 251 40 928 230 10 83 115 38 229 104 16 42 0 46 3 2
13 214 62 16 2368 1492 1655 143 222 531 420 117 106 19 7 15569 12425 5557 15203 25281 9865 4011 7816 175 11040 2258 2498 2771 2519 2888 884 5729 2481 305 1212 2292 2508 4373 1000 2277 2167 192 117 528 39 1750 1198 540 334 312 131 1620 411 562 175 3 523 234 43 825 148 14 228 204 39 212 74 13 40 1 40 3 2
8 159 21 7 1812 588 1414 23 104 429 219 24 49 9 0 12563 5033 2702 11682 22351 4012 700 7849 10 8673 1245 558 2439 1047 1491 209 5819 1733 26 626 2048 1168 2265 240 1981 1260 130 21 328 3 1476 463 121 197 180 32 823 211 151 134 2 452 0 0 401 82 7 104 39 33 98 0 0 26 1 0 0 0
12 177 56 10 2196 1259 1214 132 160 401 274 78 47 8 2 17136 12200 4843 14475 19872 7196 3531 5409 167 8425 1223 1752 3621 1947 2215 583 4204 1869 238 1140 2088 2130 2825 773 1601 1044 120 42 467 19 1611 529 250 164 133 102 1237 262 327 77 2 421 57 15 382 73 9 131 79 16 58 19 3 20 0 3 0 0
11 207 44 11 2135 1150 1926 89 186 570 346 55 101 19 2 13838 8792 4575 12995 26921 8606 2667 11391 104 10616 1718 1399 2425 1921 2001 371 7748 2812 105 916 2291 2099 4044 658 2729 2430 291 76 554 6 1488 867 353 316 283 114 1581 262 310 401 10 592 74 6 688 227 14 261 132 36 217 30 8 64 0 13 1 0
8 201 15 13 1868 476 2264 11 82 568 433 23 167 11 11 10951 3152 2328 10077 31197 4178 366 14927 3 10062 2864 652 1443 778 2160 164 9663 3424 13 425 2566 848 2022 115 2912 4430 172 14 450 0 1279 1288 237 205 140 14 698 408 109 757 3 427 379 16 1128 126 0 76 83 22 385 180 13 38 0 100 3 5
9 208 18 18 1859 546 2271 14 76 561 612 25 177 34 11 11541 3919 2390 9456 30435 4635 477 14935 5 9881 3893 745 1495 1052 3397 125 9244 4972 9 437 2350 583 2023 127 2764 4822 474 33 840 0 1197 1304 199 699 194 4 525 566 110 664 13 478 377 5 1251 412 13 81 33 119 329 189 25 98 7 70 14 2
11 167 46 9 2047 1042 1166 100 122 395 280 50 52 14 1 16270 10147 4133 14013 18600 5558 2677 5491 125 8025 1232 1262 3258 1632 1954 315 4594 2316 117 1073 1903 1659 2212 569 1829 1184 267 59 659 3 1425 531 212 230 113 50 842 243 213 82 7 446 37 4 515 127 10 91 55 28 60 12 4 28 1 2 0 0
9 155 27 9 1878 717 1123 34 88 338 267 37 40 13 0 15163 6548 3413 12670 19101 4181 1073 4923 18 7650 1509 891 3163 1116 2110 331 3458 1738 47 870 1927 1007 1816 237 1170 895 159 35 414 6 1509 515 130 286 131 19 646 315 207 46 3 338 0 0 306 93 17 71 33 37 40 0 0 12 0 0 0 0
11 191 41 14 1972 1022 1704 72 110 471 452 66 108 21 6 14502 8896 3679 11312 24202 7285 2081 9982 65 9029 2612 1793 2579 1827 2785 371 6331 3699 117 800 2212 1138 2343 418 2335 2859 336 76 674 8 1294 872 395 395 139 35 772 396 255 288 6 485 223 20 855 225 17 60 59 44 231 97 16 50 0 32 4 1
12 227 42 24 2204 1120 2034 60 132 533 717 101 198 38 21 13846 8573 4478 12640 28933 8329 1816 11135 37 10654 4481 2560 2093 1881 4124 670 6774 4981 138 871 2424 1284 2874 396 2268 4664 473 110 803 21 1426 1813 659 797 176 31 933 681 381 587 6 405 649 69 1316 380 38 100 125 113 365 291 46 87 3 117 17 10
12 225 50 16 2039 1365 2318 93 157 569 508 101 144 19 7 13669 9992 5078 10482 29453 11670 2929 15592 80 9183 3030 2613 2186 2567 2770 751 9744 4200 210 931 2510 1440 3799 630 2941 4001 277 94 811 37 1163 915 680 380 239 50 1168 464 436 675 3 500 245 36 999 241 16 78 128 49 279 134 13 49 1 53 3 2
9 190 17 19 1981 461 1784 7 69 487 571 38 175 22 17 12212 3819 1775 11965 27308 3363 205 10075 0 10153 3444 944 1882 768 3448 254 6418 4094 9 341 2303 797 1436 54 2234 4143 286 23 577 10 1442 1779 240 396 88 9 491 514 151 530 1 405 587 23 1228 230 16 63 61 51 353 214 23 78 0 108 14 7
11 210 40 15 2093 1116 1981 60 159 532 450 78 108 24 3 13319 8341 4940 12403 27849 8527 1936 11703 35 9518 2406 1846 2350 2003 2955 688 8138 3447 125 963 2441 1617 3834 481 2587 2724 287 85 677 26 1460 870 387 503 275 63 1198 380 427 364 5 527 101 10 776 284 28 115 98 73 218 34 14 65 2 13 0 0
8 141 23 5 1730 628 1048 31 87 346 153 20 16 5 0 14125 5464 3135 11679 17548 3968 1006 4872 21 7487 851 509 2854 1041 1288 204 3800 990 27 726 1817 1128 1755 246 1492 383 58 16 289 2 1350 184 47 119 100 36 781 191 108 20 1 397 0 0 119 26 3 92 19 20 4 0 0 2 0 0 0 0
10 206 21 24 2063 547 2034 12 88 515 745 44 193 44 20 12719 4139 1703 11981 29025 4507 374 12300 0 9866 4534 1122 1999 854 4375 243 7341 5728 20 332 2388 1189 1742 72 2196 5011 605 33 882 4 1407 1727 236 900 97 22 666 746 154 562 11 411 726 20 1399 350 41 81 100 96 336 290 44 116 8 112 20 9
10 193 33 12 2037 852 1767 48 146 552 359 53 117 14 5 13220 6749 3144 12615 25492 6217 1352 10042 32 10534 1940 1280 2146 1481 2031 349 7502 2813 81 698 2253 1712 2884 398 2806 2823 204 43 516 9 1418 1007 350 239 189 62 1175 320 235 394 3 526 162 18 904 164 12 150 132 41 296 70 9 44 0 44 2 1
8 212 13 15 1801 447 2480 5 84 599 535 20 167 23 8 10665 2615 2549 8778 32066 3966 192 16983 0 9985 3852 564 1302 781 2709 162 10512 4373 5 409 2418 690 2338 55 3149 4769 297 12 725 1 1166 1120 158 533 250 7 670 518 134 707 3 508 286 6 1139 317 15 100 46 104 339 144 14 98 4 47 10 0
13 223 59 19 2224 1396 2054 137 163 538 610 102 172 34 13 14523 11473 4564 12705 28084 10372 3707 12520 186 9921 3392 2909 2418 2294 3379 407 7774 5090 229 870 2476 1886 3280 750 2411 4304 542 152 826 3 1316 1466 717 600 196 76 1204 478 328 605 16 463 455 58 1232 357 22 135 152 57 315 204 28 126 2 70 16 3
11 184 43 12 1960 1041 1661 84 120 486 395 56 82 23 2 14262 9045 3749 11830 23208 7584 2360 10258 92 9054 1965 1554 2551 2005 2547 334 7025 3513 106 826 2080 1362 2524 481 2445 2067 389 78 759 5 1337 672 264 391 137 52 975 338 262 324 14 512 69 4 637 284 18 81 48 45 161 29 12 40 1 11 0 0
11 154 47 8 2048 1014 1098 105 125 339 214 48 31 12 0 16425 10324 3411 14318 17599 6160 2740 5806 136 7086 803 992 4021 1599 1870 403 4071 1592 118 1097 2004 1798 2216 550 1323 656 227 50 357 8 1566 418 149 138 140 69 969 215 255 38 10 257 0 0 261 57 8 74 41 15 28 0 0 16 0 0 0 0
9 191 22 14 1764 638 1987 21 97 519 474 30 111 31 2 11949 4672 3201 9179 27159 4971 665 12558 9 9063 2442 828 1792 1165 2865 251 8408 4152 19 548 2257 733 2604 166 2718 2917 465 37 896 1 1223 881 156 620 236 15 691 376 193 390 15 532 72 0 808 349 27 102 48 94 194 33 10 85 7 7 1 0
9 169 29 7 1833 831 1541 43 114 411 199 34 47 6 1 14011 6671 3841 11134 22712 6356 1451 9256 31 7988 1098 772 2779 1438 1520 344 6004 1382 55 786 2184 1216 2768 353 1996 1186 62 24 261 6 1303 431 180 136 164 42 908 179 191 154 0 429 31 4 341 62 4 82 49 16 88 7 2 14 0 1 0 0
9 191 24 12 1896 722 1896 24 131 501 350 40 97 16 4 12715 5070 3705 11007 26680 5877 809 11612 8 9481 1848 955 2305 1158 2230 394 7277 2627 37 610 2246 1241 3241 249 2410 2313 152 36 462 8 1436 928 196 388 266 37 1032 305 248 289 2 499 112 11 668 167 11 159 99 41 185 41 7 70 3 12 3 0
11 201 39 16 2031 1013 1797 65 114 491 507 65 131 26 9 14994 8292 4162 11272 24869 7056 1928 10438 58 9090 2842 1740 2531 1699 3061 401 6894 4104 97 916 2470 1172 2529 432 2241 3253 403 85 754 6 1337 1116 406 484 117 27 783 380 253 397 9 438 309 27 1006 306 15 82 72 49 252 129 21 67 1 44 10 1
9 197 24 12 1768 766 2184 22 92 544 400 44 113 14 4 11806 5272 3493 9144 28264 7206 811 15082 5 9129 2611 1169 1824 1594 2257 412 9334 3217 40 646 2488 755 2496 172 2950 3257 195 31 559 13 1178 744 316 344 153 13 741 375 238 495 1 514 135 11 834 189 14 75 59 34 237 66 9 43 0 25 2 0
10 153 34 11 1920 750 1137 53 96 349 341 49 47 15 3 15266 7570 2779 13207 17754 4353 1330 6214 41 7562 1591 1258 3434 1064 2589 297 3856 2770 79 735 1859 1340 1718 293 1511 1102 250 45 608 6 1489 567 148 273 89 30 784 315 229 56 4 355 115 12 423 104 14 79 48 39 52 28 7 21 1 2 1 0
8 201 13 15 1887 427 2138 5 74 531 484 25 174 13 13 11363 2807 2498 10291 30223 3410 174 13627 0 10273 3211 649 1700 675 2641 198 7982 3488 7 449 2498 706 1874 60 2503 4534 135 11 543 2 1304 1421 222 275 141 4 557 458 155 689 0 437 414 17 1136 175 9 75 62 43 328 233 12 50 0 84 6 6
10 156 38 7 1942 910 1168 72 112 411 174 40 48 8 0 14708 8624 3268 13498 18955 5891 2049 5598 73 8552 760 827 3021 1721 1353 310 4650 1046 87 905 1931 1544 2101 465 1953 970 73 36 283 6 1425 515 216 163 115 49 971 148 135 137 2 489 0 0 306 75 5 100 53 23 109 0 0 20 1 0 0 0
10 184 32 13 1849 863 1753 45 120 492 377 51 88 19 5 13863 6698 3089 10459 23616 7161 1395 11102 30 9075 2262 1252 2362 1620 2511 443 7150 2792 69 622 2216 1243 2657 336 2344 2319 216 54 560 5 1343 686 259 416 139 46 953 338 211 285 3 478 165 15 701 159 17 121 93 51 176 57 12 38 1 20 4 0
14 188 84 7 2194 1811 1207 285 186 388 193 75 34 3 1 19128 17270 6682 13728 18806 9728 7488 5193 607 7907 903 1746 3993 2865 1516 553 4138 1337 338 1561 2045 2092 3468 1479 1645 744 55 31 363 14 1439 287 294 43 133 113 1250 175 291 74 0 430 33 10 256 24 0 86 59 3 69 15 1 2 0 4 0 0
10 201 31 14 1950 831 1974 45 119 549 468 45 136 23 7 12805 6641 3242 10892 27342 6266 1360 11938 34 10142 2678 1284 1947 1469 2614 183 8218 3836 54 663 2324 1066 2825 338 2823 3421 351 64 801 0 1248 1067 351 435 238 32 891 404 200 471 7 528 215 16 1004 265 7 122 78 90 266 124 17 72 4 42 6 1
9 131 25 11 1766 577 851 25 79 354 237 44 38 12 3 13572 5707 2144 13254 15124 3376 698 3330 8 8104 744 765 2867 1079 2558 420 3188 1217 42 518 1534 1182 1316 177 1510 671 89 32 406 15 1431 486 120 201 60 21 739 225 196 54 2 451 82 10 302 47 11 77 38 29 76 25 4 12 0 4 2 0
10 136 37 8 1803 824 908 66 75 275 196 45 27 8 1 15608 8707 3284 12668 15458 4904 1787 4259 61 5882 691 952 3614 1367 1914 385 3263 1233 91 941 1817 1020 1298 341 1088 529 81 35 324 8 1252 338 130 156 60 18 472 160 147 44 1 222 32 5 216 51 7 26 19 14 22 4 2 6 0 0 0 0
8 194 9 19 1814 264 1982 1 63 520 626 15 171 21 19 11681 1815 1518 9935 27946 1739 29 11800 0 9893 3921 359 1541 328 3699 136 7749 4812 0 234 2199 569 1523 8 2484 4456 320 4 914 1 1249 1358 71 424 176 1 442 591 107 496 1 472 634 8 1238 206 9 94 45 86 265 290 21 84 3 82 13 10
11 198 37 18 1948 950 1869 56 80 501 604 69 133 27 13 13450 7819 3294 10696 26157 7340 1694 11202 42 9329 3735 2034 2170 1868 3562 357 7086 4988 99 706 2325 851 1838 250 2502 3598 440 76 903 3 1308 1082 438 562 81 13 591 584 218 382 6 476 487 41 1062 258 22 37 56 56 256 199 23 45 1 52 14 3
8 146 24 4 1742 639 1295 36 106 429 117 16 27 4 0 12527 5464 2498 11841 19330 4887 1105 7935 29 8684 640 388 2509 1241 882 117 5710 907 25 596 1813 1323 2160 313 2131 693 35 13 154 0 1443 282 84 98 133 48 948 115 84 76 1 505 0 0 268 26 2 133 34 18 63 0 0 9 0 0 0 0
8 165 23 5 1785 691 1409 33 117 458 162 17 34 5 1 13217 5187 3865 10865 21847 4707 1149 7037 26 9412 1031 443 2295 1211 1089 162 5426 1142 22 694 1988 1243 2704 329 2206 790 65 15 266 0 1367 336 78 98 190 48 982 179 129 70 2 547 39 3 333 40 0 144 38 14 63 13 2 10 0 5 0 0
10 145 37 8 1791 864 991 65 75 344 211 46 40 9 0 14719 8679 3409 12166 16646 4956 1867 4528 57 7570 945 1030 2842 1596 1791 377 3647 1446 93 808 1694 910 1450 321 1551 781 113 39 369 10 1293 479 174 170 52 16 564 180 148 91 2 426 0 0 331 86 9 36 26 14 82 0 0 17 0 0 0 0
11 132 47 8 1946 881 619 107 96 254 199 47 24 8 3 17257 10579 2871 14367 12482 3442 2440 1648 145 6487 879 999 3804 1163 1988 269 1602 1015 116 862 1489 1530 1235 489 663 372 98 43 324 0 1412 353 105 117 48 43 666 255 157 15 1 283 103 16 227 50 3 49 33 19 31 14 4 4 0 2 2 0
9 149 33 3 1839 801 1100 65 120 420 105 17 23 2 0 13782 7553 3120 12476 18243 4831 1812 5180 75 9124 659 500 2533 1564 659 79 4498 809 40 698 1778 1603 2213 486 1913 603 30 10 200 0 1512 219 95 43 119 62 971 130 96 53 0 519 0 0 229 24 1 128 30 6 70 0 0 6 0 0 0 0
8 144 27 1 1781 706 1154 50 118 407 28 6 19 0 0 13321 6459 2890 12056 18641 4645 1468 5932 55 8519 166 147 2615 1292 154 26 4803 170 15 722 1873 1469 2306 457 2026 411 0 0 21 0 1388 144 83 0 176 56 1021 21 21 97 0 518 0 0 121 0 0 123 31 0 74 0 0 0 0 0 0 0
8 153 18 10 1676 477 1440 15 60 456 326 25 74 13 3 11678 4209 1932 10642 21146 3379 457 8703 4 8402 1527 659 1979 900 2186 161 6967 2832 19 448 1918 743 1385 93 2582 1816 216 18 729 2 1198 647 130 254 88 7 513 259 125 246 3 525 98 5 630 142 11 68 26 30 142 44 6 39 0 8 2 0
9 146 33 3 1800 798 1065 63 127 336 94 21 11 0 0 14575 7629 3297 12218 18014 4711 1744 4925 66 7500 524 513 2974 1250 808 157 3621 656 57 720 1792 1547 2457 506 1280 280 0 0 211 3 1423 97 57 0 192 66 919 125 145 16 0 341 0 0 66 0 0 117 20 0 4 0 0 0 0 0 0 0
9 135 29 7 1821 668 930 44 87 331 194 31 22 9 0 14260 6804 2487 13488 16149 3960 1225 4364 34 7374 899 700 3279 1126 1721 219 3574 1301 47 670 1570 1323 1543 285 1381 454 105 30 331 6 1443 286 70 212 73 35 759 249 122 18 4 370 0 0 228 44 4 74 28 35 28 0 0 6 1 0 0 0
8 159 20 8 1721 560 1420 19 79 464 255 28 70 7 2 12342 4750 2408 10466 21621 4031 589 7770 6 9572 1619 739 2050 1141 1565 205 5747 1881 27 443 1896 872 1741 158 2347 1695 96 17 345 5 1308 661 178 157 113 15 665 268 130 183 0 527 71 6 579 74 6 67 47 24 192 24 2 23 0 17 1 0
8 163 19 9 1778 527 1679 18 87 473 260 24 90 12 2 11836 4086 1826 11218 24024 4583 574 11334 7 9010 1312 591 2209 898 1610 167 7319 2151 18 453 2197 1145 1827 143 2408 2266 122 24 349 2 1415 850 169 243 83 30 796 200 91 380 2 475 73 4 658 131 6 104 64 25 201 32 4 45 2 18 1 0
8 146 18 10 1708 431 1307 17 67 400 321 19 68 19 1 11774 3816 1717 11555 20449 2885 442 7477 9 8192 1489 528 2359 730 2289 123 5308 2770 10 333 2043 1036 1370 97 1864 1550 310 17 587 2 1450 785 62 319 83 19 542 227 97 204 12 427 36 2 547 194 12 64 34 34 133 14 3 49 3 2 0 0
8 113 24 4 1535 546 777 34 53 242 107 20 16 2 0 13829 5967 1935 11046 12872 3234 949 3940 23 5497 541 446 3096 876 963 159 2776 745 35 566 1453 769 945 180 922 395 30 8 203 3 1162 187 63 45 35 13 382 123 68 25 0 194 0 0 143 15 1 33 12 4 12 0 0 3 0 0 0 0
8 115 21 7 1661 452 645 25 65 241 179 21 22 9 1 14180 5053 1695 12554 12799 2073 645 2103 14 6246 834 415 2977 566 1860 147 1829 910 23 498 1400 1032 973 164 667 413 112 21 335 0 1346 285 39 155 57 16 433 237 100 16 2 284 38 2 177 52 4 70 25 23 18 3 3 5 1 1 0 0
8 145 23 5 1681 605 1202 30 99 391 152 23 30 2 1 12750 5278 2560 10851 19137 3953 926 6344 18 8110 811 535 2423 1119 1139 182 4981 1102 35 528 1804 1161 2131 244 1987 720 31 8 314 4 1247 325 94 40 178 43 740 156 144 76 0 423 35 4 270 19 0 72 35 5 75 16 1 2 0 4 0 0
8 151 19 9 1740 497 1254 18 66 376 288 26 70 8 4 13302 4510 2169 11287 20024 3199 537 6422 6 7961 1738 716 2618 813 1970 151 4649 2059 25 451 1939 873 1323 113 1686 1679 106 16 451 1 1345 673 149 160 76 20 510 313 108 183 0 355 139 10 570 98 5 35 37 24 109 54 4 17 0 16 3 0
8 122 24 4 1571 569 887 33 69 326 117 22 15 1 0 12695 5659 2169 11213 14515 3415 932 4316 20 6884 514 521 2737 1072 1024 191 3717 960 40 554 1482 952 1369 202 1516 307 28 5 286 5 1226 182 59 11 64 19 612 89 108 15 0 386 0 0 148 6 0 66 23 0 16 0 0 1 0 0 0 0
8 161 18 10 1700 529 1474 13 88 457 320 33 51 3 7 12038 4084 2662 10142 22141 3688 433 8277 2 8878 1678 823 2110 964 2338 316 6304 2587 24 510 2067 836 2129 135 2325 1328 28 9 633 9 1294 476 115 86 180 10 727 315 242 113 0 536 255 21 477 25 0 133 53 9 66 80 0 6 0 7 3 2
8 181 19 9 1822 574 1830 19 86 510 297 27 112 3 7 11528 4343 2655 10329 26779 4589 635 11368 8 10172 2022 766 1799 1022 1556 120 7395 2197 27 521 2358 848 2012 191 2508 2864 24 9 307 0 1386 1000 266 89 130 10 732 289 125 444 0 479 232 21 807 40 0 100 70 11 251 114 0 19 0 48 3 2
