41 367 625 195 1746 8536 2031 5155 659 241 3800 3736 513 1438 331 6949 36096 21080 4458 14646 37307 85281 8568 26867 2082 13006 61175 426 4233 12612 15459 3002 21505 31937 2716 861 3258 9628 12300 407 9948 15587 21124 2399 2445 102 1795 7180 17135 468 618 1350 1479 7473 958 3424 16 7926 3836 1286 6681 4996 58 923 1564 128 2791 4566 664 314 368 1434 327
37 367 484 182 1706 7276 2287 3247 558 256 3762 2977 529 1245 301 8123 30370 19475 4816 16402 35611 58950 10718 13097 2467 13871 51096 495 3829 12625 13960 3375 23112 20249 2229 983 2369 9183 8371 522 11258 14036 15163 2472 2244 155 1936 6283 16060 476 415 1135 1432 6253 1108 2349 20 7747 2997 1354 6123 4338 45 801 1436 168 2850 3751 623 390 404 1191 276
42 368 650 211 1516 8740 2015 5305 646 211 3974 4237 541 1611 327 6082 32264 21725 3474 13052 38123 86802 8256 26437 1677 13509 66390 262 3869 11856 17855 2505 21903 36706 2402 717 2497 9403 11845 342 10314 16862 24018 2204 3491 70 1686 7878 19210 418 603 1060 1312 7862 1018 3717 13 7688 4004 1182 7378 6482 40 960 1705 128 2805 4855 699 568 407 1357 295
38 371 525 178 1855 7738 2271 3844 611 261 3717 3089 525 1190 313 7560 33937 20035 4954 17333 37435 68357 10444 17348 2267 13689 53865 467 4121 12721 13588 3402 22780 23570 2729 1016 3301 9664 9980 430 11062 13733 15587 2427 2003 135 2009 6604 15051 461 545 1292 1593 6551 1082 2421 14 8110 3430 1421 6043 3885 74 934 1367 124 2941 3729 595 267 396 1252 323
50 354 982 243 1512 10819 1489 10708 924 186 3665 6467 507 2078 347 5269 40162 22018 3350 9745 36732 144228 4661 75124 1402 9746 81367 465 4081 11047 23503 1635 15964 76886 3056 588 4115 10294 22370 224 7659 17287 42814 1870 5669 113 1767 9759 19607 453 1666 1644 1127 11038 703 6194 16 6736 5721 1105 7580 9216 97 1642 1741 110 2400 6278 921 568 371 1505 325
39 366 560 181 1832 7936 2105 4329 606 283 3730 3224 515 1285 301 7857 35330 20133 5005 16315 35816 74180 8668 21064 2557 13235 55286 404 4524 13058 13836 3484 21843 25726 2621 992 3047 9164 10298 547 10193 15446 17019 2800 2094 117 1929 6631 15357 486 505 1400 1536 6761 1001 3117 18 7505 3245 1562 6338 4203 77 909 1420 157 2763 4057 610 255 398 1175 296
46 341 795 240 1557 9091 1586 7425 708 176 3944 5369 447 1967 419 5606 37310 18912 3530 11339 33627 103349 5552 43588 1310 11486 73336 416 3551 12966 19808 1857 19190 53161 2442 593 3497 8721 14925 198 7716 18496 33564 2066 4266 91 1567 7224 20633 399 950 1133 1357 8791 659 5037 11 9115 5798 930 6632 8190 50 1110 1750 70 2711 6579 616 599 253 1986 417
32 368 340 156 1833 5739 2570 1814 471 288 3647 1894 540 970 282 8537 25422 17249 5030 20406 31196 36426 12703 5667 2851 15565 36482 473 3352 13147 9369 4070 24170 9875 1956 1171 2306 8460 5534 580 12494 12315 8456 2642 1061 141 1955 4599 13759 420 327 1056 1651 4464 1255 1732 23 7983 1915 1462 5609 2684 39 664 1255 169 2995 2907 568 281 399 1086 296
40 361 592 188 1782 8039 2022 4757 616 248 3778 3430 515 1365 328 7798 35759 19411 4674 15565 35205 77664 8350 24444 2221 13309 57690 407 4227 13264 13611 2944 21741 27890 2485 990 2965 8942 11000 412 10324 15759 19153 2532 2113 96 1955 6928 15919 391 550 1208 1549 6956 932 3300 12 8144 3773 1359 6511 4406 45 864 1447 128 2894 4241 627 338 373 1403 329
21 352 128 82 2136 2906 3225 371 313 471 2500 508 504 303 148 11698 15290 10832 7934 30141 20289 9537 19932 604 5991 14672 13066 812 2697 9746 2459 7805 19522 1304 1297 1844 1916 6890 1842 1512 13813 4539 1409 2479 91 368 2413 2333 5341 474 112 1181 1529 1883 1519 245 106 4909 565 2193 2582 452 74 399 655 361 2211 755 433 44 395 360 156
18 307 96 57 2301 2192 2943 263 197 550 1799 279 417 189 85 13239 14444 7497 10247 32321 15895 6844 18740 445 8284 9623 7485 1282 2792 7907 1336 9246 15322 629 1240 2417 1577 4198 1146 2145 11272 3399 675 2140 30 713 2599 1604 2959 225 68 961 1272 884 1447 232 187 2829 244 2429 1884 157 76 200 232 438 1326 411 286 7 362 150 80
21 345 135 75 2314 3024 3111 448 341 475 2222 461 486 299 122 12230 16724 11537 9389 31696 20612 11611 18503 899 6805 11889 11354 1265 2670 9221 2559 7334 17746 1346 1531 2112 2654 7226 2259 1521 12760 4757 1356 2059 69 643 2798 2130 4726 472 205 1516 1337 1599 1466 420 130 3992 430 2179 2659 327 154 482 510 384 1681 674 532 30 406 322 112
17 317 76 60 2146 1921 3307 151 208 540 1905 253 415 181 95 12084 11025 7180 8377 34006 15724 4366 22595 150 7244 11015 6608 1193 2310 8345 1567 9887 16256 429 985 2327 1492 5020 893 2067 12188 2838 516 2202 48 690 2060 1273 3349 257 70 986 1376 940 1605 140 206 3313 225 2154 1720 205 66 243 336 428 1492 375 255 19 329 181 92
28 366 285 93 2509 5515 2653 1536 551 500 2345 1174 460 454 112 12489 30435 18298 11947 25394 32179 35199 13422 5146 7322 10622 24881 1548 5089 9452 6514 6309 15956 6366 2772 1803 4661 9748 6334 1732 10388 5818 4440 2277 476 695 2751 4243 7090 469 526 2573 1309 3509 1211 644 168 3259 914 2297 3330 1045 197 819 681 435 1322 1002 586 81 358 280 81
25 320 219 81 2687 3996 2245 993 454 539 1986 832 395 394 81 14652 27070 11873 14994 25326 21867 21114 10743 2746 8636 7682 16857 2178 4330 9881 4374 6682 13632 3644 2211 1979 4878 7514 3962 1980 8045 5246 2977 2423 321 916 3172 2732 5449 437 422 2489 1077 2594 974 597 244 2388 455 2372 2644 834 206 746 553 455 880 745 575 81 311 209 41
19 299 113 58 2421 2439 2663 319 275 585 1665 377 364 210 63 13829 16325 7863 12252 29739 17039 7920 16398 501 9063 7914 8900 1652 3165 8115 2033 9045 13553 972 1303 2304 2754 5334 1449 2464 9046 3163 941 2151 120 936 2526 1584 3490 366 163 1677 1028 1267 1115 215 287 2049 226 2239 1834 339 167 396 311 482 884 370 367 27 252 124 41
23 306 182 71 2484 3426 2404 764 305 520 2004 623 346 284 100 15329 24474 10454 11710 26461 20199 16907 13271 2005 7858 8571 14471 2051 3950 9973 3128 7280 16450 2459 1949 2207 2681 5640 2691 2070 8355 5099 1936 2931 158 969 2333 2093 3767 259 170 1428 1318 1876 863 406 284 3221 559 2211 2194 363 78 376 297 382 1271 635 279 8 258 249 77
23 305 195 58 2955 3680 2030 863 521 606 1400 634 294 238 36 15958 26772 11257 18301 25849 20065 19201 9102 2287 11144 5677 12479 2860 4356 7915 3533 6372 8890 2943 2150 2001 6634 7786 4012 2212 5795 2917 1909 1771 256 1603 2713 1973 3589 453 775 3453 915 2135 609 317 424 1058 226 2046 1639 480 428 824 382 425 422 314 439 44 146 68 11
27 352 269 82 2662 5017 2433 1420 630 571 2053 1035 411 395 75 13464 29621 16283 13875 25320 27314 30729 11602 4643 8617 8565 21346 1759 5075 8994 5594 6714 13949 5557 2475 1847 6054 10211 6304 2014 8632 5263 3789 2424 462 902 2846 3366 5682 568 860 3345 1066 3521 1008 605 264 2178 583 2370 2890 930 319 1060 603 497 899 691 622 65 272 187 38
26 318 257 68 2724 4623 2343 1365 461 564 1747 896 329 281 58 15824 33214 12406 13917 25554 27536 28961 12969 4485 8628 7033 19073 2567 5708 8727 4453 7426 13430 5092 2582 2141 4836 7418 5071 2181 7633 4120 2910 2405 378 1278 2246 3086 4203 374 522 2578 1089 2422 905 361 356 1773 505 2075 2112 553 241 629 392 426 774 471 355 47 195 117 31
22 319 185 46 2588 3967 2655 830 455 646 1310 523 256 164 23 15064 26435 13622 13530 28118 25769 21072 15363 2276 9921 5284 11772 2532 5437 6259 3285 9276 11295 2535 2475 2169 3694 9484 4253 2893 6167 2702 1392 2201 201 1303 1681 2010 2496 793 328 2739 709 2338 727 204 537 742 166 1797 1494 298 315 480 275 381 331 185 290 17 75 39 2
13 293 50 28 2054 1531 3378 82 228 700 969 121 280 62 21 11775 8349 6890 8979 35066 13983 2826 24972 63 10055 6758 3414 1189 2593 3960 821 13442 8245 178 901 2322 1447 6333 761 3585 8437 828 185 1198 25 953 1479 915 1383 561 70 1445 726 662 1208 27 416 753 61 1788 736 70 167 222 240 521 411 61 191 8 138 30 7
15 299 69 36 2190 1863 3253 151 202 634 1251 182 334 80 42 12669 11350 7293 9423 34599 16109 4617 23296 182 9101 7958 5418 1277 2819 5252 904 11868 11059 362 1186 2540 1579 4954 909 2929 9902 1312 317 1725 27 874 1700 1284 1562 324 67 1152 985 753 1435 43 345 1461 150 2006 1058 67 91 231 144 496 819 134 157 3 212 50 30
20 290 148 42 2707 3038 2293 587 383 577 1176 375 265 153 25 16924 22840 10148 15246 26954 18369 13939 13414 1454 9852 4630 8483 3042 3646 6176 2119 7822 10060 1466 2105 2302 4186 6765 2970 2410 6169 2507 1033 1704 84 1564 2045 1581 2212 356 353 2439 753 1372 746 198 445 767 142 1800 1399 223 270 469 238 417 339 169 317 24 116 47 5
15 267 71 34 2374 1677 2478 155 248 620 1089 184 238 90 26 14261 11850 6089 13411 29469 12055 4076 15652 177 10622 6059 4737 2141 2391 5346 1024 9248 9369 377 1019 2302 2647 4792 953 2795 6342 1520 337 1577 47 1393 1839 838 1666 333 155 1713 780 808 734 61 478 915 84 1757 808 107 239 290 210 382 424 126 208 13 106 21 15
13 255 51 27 2139 1329 2650 98 195 622 889 98 226 71 19 13361 9149 5324 11114 30571 10525 2891 18435 106 10299 4597 2621 1809 2026 4500 554 10379 7898 156 858 2329 1707 4558 719 3237 6259 1161 182 1537 7 1176 1432 536 1238 401 81 1276 635 517 879 62 509 642 30 1479 843 53 168 160 166 405 311 80 180 4 92 30 5
13 255 55 23 2240 1407 2594 110 235 661 759 109 212 57 10 13254 9743 5219 12391 30792 11030 3029 17624 117 11090 4187 2929 1845 2395 3578 553 10754 6672 201 945 2287 2241 5155 871 3447 5741 886 196 1208 14 1275 1492 684 1055 465 117 1564 577 565 800 34 532 332 26 1485 654 58 218 215 174 422 181 46 194 11 70 10 2
18 297 112 41 2404 2639 2629 367 260 587 1286 283 302 125 41 14861 17987 10039 12436 30557 18416 10007 14814 732 10095 6943 7549 1983 3773 6045 1647 8389 10161 889 1741 2463 2081 5644 1908 2645 7772 2146 642 1862 51 1141 1962 1586 1974 304 118 1366 995 1055 1046 157 353 1335 182 1912 1350 113 83 238 187 450 656 207 180 1 214 59 27
22 299 180 51 2594 3517 2472 801 347 603 1468 504 300 189 46 15459 25933 10199 13461 27864 23050 18315 14867 2248 9262 5769 12423 2260 4916 7405 2351 8963 12392 2254 2112 2362 3381 6717 3191 2639 7147 3096 1463 2381 107 1132 2094 2074 2666 387 249 2072 913 1646 916 256 374 1437 293 2064 1743 265 157 421 247 458 661 305 267 9 189 92 23
10 227 26 19 2054 728 2509 24 146 614 645 52 189 32 12 12050 4805 2768 11752 31057 6342 722 17886 7 10789 4033 1477 1862 1056 3218 278 10238 5501 41 479 2367 1549 3348 201 3279 5316 437 50 871 5 1370 1370 327 680 331 48 1141 576 261 706 8 535 412 26 1374 350 33 189 159 127 353 220 18 117 5 74 14 3
21 267 171 39 2869 3230 1756 770 363 554 1034 405 175 129 26 18371 27672 9952 18849 23885 17277 17314 8012 2218 10532 4086 9099 4013 4334 6591 2172 5884 7285 1873 2332 2164 4836 5612 3296 2239 3630 1881 1086 1775 85 1866 1661 1238 1916 263 374 2558 764 1401 395 156 506 796 182 1373 914 158 250 373 176 270 305 170 156 6 61 44 7
22 290 193 38 2701 3748 2297 953 384 582 1112 438 231 125 24 17320 29414 10795 15113 26471 23994 21784 13776 3046 9460 4502 11100 3276 5141 5870 1894 7911 9440 2298 2421 2321 4038 6825 3991 2690 5772 1949 1213 1910 38 1512 1500 1956 1922 383 341 2516 719 1442 720 114 489 759 203 1565 1246 194 189 411 208 356 349 151 194 14 90 37 7
22 282 189 42 3003 3584 1860 871 461 598 1012 519 202 129 21 17869 29257 10784 19909 24399 19643 19447 8388 2445 11219 3668 10234 3898 4758 6347 3096 6175 6816 2702 2594 2259 6159 7035 4156 2466 3932 1628 1260 1579 187 1832 1917 1685 1942 395 590 3338 632 1830 422 105 532 601 181 1517 906 253 345 539 169 338 266 140 217 8 70 29 5
18 236 125 28 2688 2385 1543 476 283 489 835 242 113 88 10 19553 22461 8066 17729 21323 11556 10679 7411 1143 9236 3435 5515 4770 2974 5210 1485 5281 7150 939 2059 2113 3747 4195 2170 2184 2616 1921 554 1820 70 1781 1026 598 1141 202 267 1829 698 969 155 136 499 372 45 1136 671 73 142 181 131 135 108 83 95 6 20 11 0
18 237 120 33 2603 2365 1682 418 217 504 890 290 170 86 22 18128 21688 7237 17748 22655 13396 9838 8637 870 9928 3606 6583 3793 3477 5684 1591 5966 6743 1061 1846 2172 2795 3701 1665 2268 3636 1308 599 1470 77 1659 1747 1105 1319 160 103 1455 628 869 399 69 471 697 137 1392 671 106 103 211 106 284 288 99 101 5 81 27 10
14 257 59 32 2239 1453 2472 115 165 579 1036 146 261 71 32 13903 10462 5046 12666 30051 10996 3212 15454 123 10277 5938 4013 1995 2177 5348 702 8835 8322 242 918 2402 1682 3512 639 2740 7016 1152 243 1497 32 1257 1806 851 1214 187 48 1101 846 584 958 46 411 1089 98 1692 817 60 100 178 135 430 526 94 122 0 172 46 17
10 231 29 16 2009 920 2582 36 129 632 565 52 168 20 12 12043 5871 4897 10789 31111 8014 1309 19022 20 10891 3464 1534 1682 1607 2605 387 11264 5091 60 829 2463 1151 3452 303 3426 4783 296 47 846 4 1326 1176 415 425 248 39 1013 496 301 701 5 539 420 30 1288 272 11 98 105 55 369 223 22 46 0 79 6 5
15 265 78 27 2382 1970 2577 195 258 625 792 180 216 69 11 14446 13678 6956 13834 30054 15940 5672 17364 261 10755 4114 4320 2404 3025 4136 1227 9799 6458 461 1333 2338 2651 5587 1317 3024 5705 871 329 1087 46 1458 1503 1032 1344 377 165 1961 583 707 817 45 509 373 48 1433 743 103 231 250 157 391 190 46 178 9 79 15 2
16 236 94 26 2345 2039 2029 294 194 595 781 183 166 68 15 15641 16962 6147 14767 25057 14490 7551 12216 563 10240 3523 4693 2791 3631 4601 1017 8710 6512 564 1383 2276 2125 3942 1322 3200 4137 1135 363 1546 37 1313 1330 883 1011 200 89 1491 512 639 477 79 571 514 68 1421 657 51 102 154 83 316 235 71 97 1 67 18 5
13 266 51 27 2205 1404 2800 91 166 616 958 116 249 56 23 13072 9571 5981 11358 33026 11225 2813 18934 84 10025 5952 3416 1795 2101 4339 670 10431 8589 193 1031 2507 1505 4052 597 3125 7296 1020 156 1445 20 1216 1542 742 1025 263 35 1088 818 571 956 32 459 802 66 1670 788 52 110 152 114 434 433 80 135 0 118 22 10
10 171 34 11 2093 868 1283 49 121 383 305 55 62 15 1 16166 7710 3842 15548 19767 5339 1449 6178 29 8664 1581 1197 3794 1211 2307 469 4133 2058 86 1013 2170 1639 2236 386 1619 1336 186 51 436 16 1726 727 213 319 162 34 955 300 271 127 4 388 31 4 507 123 16 85 74 31 84 17 3 30 1 3 0 0
17 215 118 18 2644 2150 1556 466 256 499 542 161 118 50 3 19158 21843 5662 17914 20990 11896 9945 9545 1197 9330 1628 3974 4295 3209 3308 726 6611 5461 657 1835 2196 3948 3687 1927 2270 2850 1081 357 1178 17 1840 1037 730 569 171 286 1840 315 533 330 65 516 91 14 1043 518 47 166 187 37 191 59 22 111 1 18 3 0
9 210 25 11 1855 801 2465 28 121 618 405 37 116 17 2 11699 5295 3882 10387 28980 7195 995 18862 13 10213 2438 1057 1792 1519 1918 314 11610 4035 36 732 2248 1051 3278 283 3553 3498 298 38 696 8 1322 725 267 336 270 27 1001 354 240 587 6 613 66 3 902 256 13 145 60 63 268 46 7 60 1 21 1 0
11 214 38 17 2039 982 2264 58 150 595 576 68 141 32 7 12640 7410 3627 11891 28372 8059 1672 15925 42 10379 2703 1890 2131 1656 3096 386 10228 5628 98 735 2316 1547 3474 398 3231 3709 535 88 1124 8 1460 1075 353 586 306 56 1195 453 367 579 12 559 241 19 1069 377 32 175 120 78 278 128 19 99 3 31 9 0
13 226 59 19 2306 1461 1982 133 185 568 607 105 137 40 8 15154 11736 5762 14760 26061 9924 3856 11929 164 10915 3228 2599 2755 2297 3255 723 7664 5525 250 1232 2308 2142 3677 870 2849 3506 769 138 1006 19 1613 1179 514 669 247 80 1403 483 464 329 36 572 320 30 1206 413 38 191 141 67 261 110 32 112 1 35 5 2
14 245 59 32 2163 1496 2308 109 136 597 971 152 223 77 26 13817 11050 5147 12092 28777 11837 3189 13782 101 11007 5439 3864 1915 2820 5351 1095 8741 7386 247 990 2312 1166 3168 581 2968 5807 1136 246 1431 54 1250 1670 854 1439 173 27 914 759 495 730 55 470 899 72 1634 716 79 78 107 139 403 395 96 122 2 120 39 10
12 211 44 22 2223 1121 1836 67 142 549 632 96 142 47 10 13424 9076 4366 15046 26184 8046 1975 10043 44 11246 3144 2253 2426 1942 4049 732 7084 4673 139 843 2241 1674 3068 442 2719 3297 597 129 927 23 1652 1506 433 954 176 44 1186 486 418 380 20 556 338 27 1124 421 60 139 113 95 291 107 35 107 4 44 14 0
9 197 24 12 1910 648 2068 30 119 545 430 31 130 16 7 12405 4863 2709 12047 26883 4868 871 13688 20 10195 2502 918 2190 938 2158 136 8672 3995 29 519 2205 1357 2595 256 2950 3604 325 35 727 0 1434 971 223 235 218 43 897 338 198 523 7 532 241 13 992 213 2 118 86 20 285 137 15 58 0 45 3 2
13 209 62 16 2266 1408 1692 152 196 546 524 94 92 38 2 15975 12325 5226 14559 23084 8344 4037 9624 214 10868 2273 2290 3042 2309 3291 602 6659 4946 243 1189 2084 2278 3524 921 2699 2346 819 133 1147 20 1690 735 305 551 323 106 1519 412 511 249 45 586 71 6 829 406 38 213 133 81 161 32 14 59 2 6 0 0
12 223 46 20 2110 1180 2305 78 167 619 611 93 164 40 9 12747 8892 3969 12374 28627 9896 2298 16109 63 11079 2702 2219 1910 2162 3493 600 10101 5433 151 768 2351 1730 3754 555 3236 4334 582 126 1072 26 1447 1199 511 727 232 64 1348 458 450 737 22 560 290 28 1167 476 33 183 147 78 347 169 29 101 6 45 10 1
10 158 34 11 2040 729 1168 53 111 424 327 49 72 15 3 14642 7430 2683 15765 17884 3927 1269 6266 41 9632 1194 1110 3193 1105 2316 327 4721 2843 77 697 1670 1785 1680 294 1959 1586 325 44 647 13 1707 806 196 160 113 53 878 248 229 125 9 502 100 9 664 161 6 125 77 18 136 35 10 34 0 13 1 0
13 203 69 9 2335 1650 1449 200 202 495 288 74 47 11 1 17849 14668 6842 15668 21583 9675 5675 6784 354 10512 1547 1926 3678 2712 1819 542 5085 2257 252 1501 2198 2453 3707 1300 2165 1177 222 73 545 14 1852 460 264 211 196 125 1641 281 352 90 7 495 37 7 502 99 5 180 73 19 90 12 3 30 0 3 0 0
16 172 111 9 2560 2000 759 443 182 300 184 108 16 9 0 22220 23528 6167 20322 13642 7964 10183 2171 1138 7697 700 1898 6018 2559 1997 786 1701 790 552 2059 1760 3144 2275 1701 816 206 90 101 244 22 1859 302 143 135 72 146 1341 195 308 3 2 246 0 0 134 33 5 99 44 11 12 0 0 2 0 0 0 0
10 202 29 16 2012 833 1939 36 96 512 543 51 125 22 11 13223 6334 4076 12574 26884 6287 1183 11491 20 10224 3274 1431 2320 1342 3066 394 7272 4577 60 827 2270 1048 2214 267 2743 3419 367 46 884 2 1541 1099 287 446 128 19 735 483 239 349 6 524 413 28 1059 286 17 59 59 43 235 148 19 44 0 44 9 3
11 208 39 16 2106 1006 1987 64 134 576 506 67 150 25 9 12949 7943 3594 13561 26889 7867 1872 12158 54 11418 2894 1819 2120 1852 2759 379 8310 4072 103 712 2253 1604 2838 422 2985 3841 378 81 724 9 1542 1367 446 459 141 54 1051 366 252 485 9 530 304 26 1209 286 15 119 123 37 343 150 24 87 0 57 7 2
8 202 20 8 1845 664 2267 22 123 592 300 22 102 10 2 10993 4034 3986 11191 29204 5504 820 15418 11 11011 2052 681 1797 1006 1315 161 9870 2744 22 610 2230 1292 3233 233 3371 2964 160 19 460 0 1415 701 179 202 261 42 1045 270 149 451 3 613 70 4 775 166 6 159 76 26 270 45 4 52 0 14 1 0
9 181 22 14 1868 589 1758 20 94 545 455 37 108 20 7 12232 4571 2213 12660 23419 4685 596 11162 6 10291 2602 1024 2177 1094 2716 215 8185 3650 29 383 1966 1158 2044 152 3085 2769 267 34 795 4 1404 995 197 418 145 22 849 387 182 313 4 588 248 12 962 179 15 98 73 65 232 111 14 47 1 34 6 1
9 157 24 12 1858 623 1215 23 80 406 359 43 57 13 5 13750 5657 2913 12980 19414 3812 715 5780 9 9477 1737 1008 2728 949 2840 395 4157 2633 32 613 1909 945 1588 143 1877 1247 215 36 680 15 1589 674 136 232 92 16 750 331 246 128 2 500 174 13 491 97 7 112 38 25 77 51 9 22 0 11 2 1
10 189 31 14 1970 793 1851 40 128 546 442 51 105 26 3 12963 6458 2929 12890 24186 5796 1126 12736 23 10211 1829 1254 2338 1385 2664 348 8637 4205 60 702 2062 1359 2879 310 2962 2579 399 57 843 8 1578 939 256 455 248 32 1068 332 289 352 11 577 103 8 876 266 29 168 83 81 203 53 9 82 3 6 2 0
9 177 22 14 1892 548 1735 22 84 520 452 36 124 16 10 11962 4886 1987 12725 23963 4058 574 11100 9 10310 2159 1004 2049 1003 2599 153 7768 3958 30 393 2039 1061 1723 162 2880 3137 259 35 782 0 1441 1220 231 288 101 19 654 335 148 401 1 538 348 22 979 156 5 74 67 27 297 150 10 60 2 48 10 2
9 187 25 11 1905 693 1949 30 108 516 383 33 102 19 2 12571 5563 3157 11850 26010 5217 910 13723 17 9568 1764 910 2269 1163 2168 231 8709 3836 34 703 2217 1096 2546 248 2768 2755 344 37 696 2 1519 846 205 293 224 18 782 284 209 395 7 537 64 3 869 251 15 121 60 63 188 38 9 62 2 12 0 0
11 216 38 17 2148 1058 2124 55 141 564 530 78 145 21 11 13493 7775 4532 13938 27986 8378 1769 13440 33 10676 2826 1948 2416 1774 2900 594 8660 4463 116 950 2358 1593 3195 434 2885 3792 311 73 773 21 1569 1272 493 420 212 46 1150 446 363 494 3 518 391 37 1133 211 13 113 104 60 292 152 25 66 1 71 3 5
14 192 72 19 2215 1542 1451 184 148 447 498 138 80 36 6 17009 14756 4742 15119 20484 10057 4780 7706 259 9227 2336 3072 3586 2679 3731 920 5347 3576 386 1186 2035 1752 2718 870 2273 1924 423 201 836 35 1547 858 456 708 127 63 1187 420 454 167 15 501 216 32 689 218 44 72 76 65 138 58 20 46 2 20 7 0
14 218 74 17 2172 1715 1997 206 169 558 537 116 122 38 4 15435 14473 5533 12850 25118 12399 5655 13045 343 9972 2273 3006 2671 3212 3167 682 8556 5147 334 1304 2337 1700 3604 1062 2943 3333 689 198 1128 14 1437 817 615 625 256 59 1270 368 467 483 28 549 131 17 948 454 43 114 101 45 234 81 19 75 1 21 4 0
11 235 42 13 1990 1252 2671 77 176 640 468 63 139 21 4 12161 8292 5721 10386 31401 11238 2549 19997 73 10375 2743 1855 1762 2343 2072 440 12020 4641 122 940 2382 1428 4660 689 3682 4131 363 72 785 5 1264 886 473 436 386 53 1248 362 347 634 8 609 138 14 1056 328 22 167 130 48 317 74 10 81 0 28 4 0
9 169 20 16 1823 523 1388 18 68 406 503 31 95 24 11 13804 4521 2429 11992 21211 3241 519 6857 7 9132 2957 810 2500 821 3399 221 4616 3590 19 491 1889 694 1407 148 1929 2258 356 34 823 2 1436 1039 132 470 117 14 474 485 132 187 8 460 395 12 772 209 7 38 25 61 141 138 22 43 1 25 12 2
9 228 24 12 1955 802 2655 22 150 664 418 47 152 8 7 10899 4598 4215 11090 32573 7434 784 18564 6 11455 3082 1305 1551 1361 1775 418 11815 3338 43 632 2449 1431 3965 226 3752 4467 89 22 482 15 1343 994 433 191 322 49 1285 391 317 696 0 567 254 25 1086 79 7 177 146 29 372 145 3 39 0 61 3 2
9 188 24 12 1791 698 2086 27 81 532 424 34 110 19 4 12118 5344 2839 10376 26117 6260 889 15591 13 9342 2457 984 2054 1375 2276 235 9548 4053 34 590 2206 798 2087 198 3058 3128 339 34 765 4 1339 806 232 394 116 14 670 392 149 464 8 544 145 5 866 251 12 58 44 40 232 71 13 50 0 24 3 0
9 201 16 20 2055 468 2046 9 74 568 612 27 190 31 17 11266 3368 2252 13490 28801 3634 303 12970 2 11560 3256 699 1747 701 3388 214 8446 4987 8 400 2365 1020 1562 82 2827 4693 398 23 765 2 1552 1903 167 605 82 9 676 489 117 664 7 453 598 9 1384 323 14 95 67 57 414 217 37 101 3 118 14 7
10 168 34 11 2006 817 1339 54 108 499 301 47 89 16 3 13244 7693 2839 14615 20691 5260 1510 6821 43 11050 1343 1042 2485 1565 2083 298 5593 2224 75 657 1844 1457 1943 358 2499 1938 217 51 538 4 1665 986 275 287 119 38 958 199 170 224 5 593 94 10 722 155 13 151 77 17 203 49 5 51 1 18 3 0
8 150 23 5 1743 628 1250 33 84 419 164 17 45 5 1 12663 5470 3029 12470 19655 4200 1052 6423 26 9096 854 476 2565 1084 1036 108 5199 1320 22 614 1724 1060 1734 258 2056 1080 80 15 330 0 1438 454 113 83 95 24 752 131 80 113 2 518 37 3 425 67 0 79 36 9 92 13 2 13 0 5 0 0
10 140 37 8 2079 736 857 68 126 374 196 41 38 10 1 15208 7972 2129 16943 15117 4008 1598 3589 68 8936 815 829 3830 1218 1835 237 3409 1092 81 675 1715 2282 1643 369 1540 698 106 35 280 8 1806 507 131 194 79 107 1161 235 150 57 7 436 31 4 345 45 4 126 61 25 55 13 3 21 0 4 0 0
8 187 16 12 1670 485 2217 11 81 548 430 24 116 15 6 10813 3573 2048 8921 27756 4211 353 16707 2 9442 2454 680 1646 951 2270 139 10257 4252 13 385 2280 638 2055 115 3203 3477 221 19 772 1 1248 779 167 313 221 9 582 373 166 541 2 550 226 9 915 203 9 67 41 47 241 115 7 49 1 24 7 0
9 209 18 18 1832 555 2379 12 65 545 655 30 166 30 12 11925 3977 2752 9922 29192 4597 416 17521 2 9519 4158 881 1810 967 3339 221 9793 6239 13 491 2333 599 1688 96 2959 4970 518 28 995 3 1288 1154 200 621 110 7 476 586 130 659 10 524 477 11 1204 387 17 56 28 76 303 212 19 76 4 61 17 2
9 151 31 5 2067 731 1026 56 129 405 147 21 36 7 0 14250 7021 3062 16548 17950 4004 1514 4488 59 10196 697 483 3278 1027 1105 136 3590 1069 36 746 1723 2169 1986 420 1573 789 113 24 257 0 1979 431 96 107 114 85 1121 133 119 66 4 488 0 0 331 76 3 167 40 9 85 0 0 20 0 0 0 0
8 200 19 9 1668 626 2504 22 79 583 362 18 127 12 4 10628 4310 3052 8210 30232 5850 795 19519 13 9665 2526 616 1456 1305 1445 96 11381 3716 18 514 2351 588 2239 204 3456 4039 282 12 573 0 1219 749 233 186 145 11 576 350 100 697 10 571 137 7 943 198 0 35 41 19 307 98 9 36 0 40 0 1
9 156 29 7 1853 758 1254 46 84 390 240 28 41 9 1 14536 6896 3492 13434 18508 4770 1444 7023 39 8117 1245 806 3174 1193 1560 202 5072 2145 44 826 1859 1182 1691 288 1980 1092 165 30 509 0 1418 375 120 175 83 24 720 223 128 84 2 461 42 3 436 89 4 67 31 22 64 12 3 16 1 1 0 0
8 221 9 19 1799 283 2857 2 46 624 696 15 238 18 21 9831 1834 1095 8888 34247 2739 68 22383 0 10245 4734 483 1158 495 3058 46 12414 6396 0 211 2613 446 1216 18 3297 7182 300 9 868 0 1128 1566 141 371 78 3 348 636 53 1155 1 423 751 12 1635 245 4 55 32 58 456 403 13 74 2 153 18 11
8 112 23 5 1705 526 660 30 59 238 112 22 14 4 0 13770 5999 2032 14319 12794 2759 844 2522 20 6270 412 393 3570 780 1234 233 1932 567 26 642 1422 1006 970 178 794 202 57 17 144 6 1438 270 46 54 54 17 497 123 91 7 1 222 0 0 123 16 0 54 14 2 7 0 0 4 0 0 0 0
8 144 21 7 1690 538 1140 23 77 346 226 25 45 7 1 13715 5016 2377 11482 18408 3355 671 5524 9 8064 1390 646 2666 860 1672 175 3865 1619 32 505 1747 918 1524 168 1494 1106 115 13 390 3 1453 461 110 138 87 24 522 238 122 101 2 391 31 3 376 74 6 57 31 24 80 18 2 14 0 3 0 0
9 149 27 9 1784 627 1190 37 87 425 283 33 54 12 2 12788 6097 2231 13236 18157 3744 990 6150 24 8839 1294 784 2826 1075 2039 195 5359 2407 46 575 1660 1127 1611 241 2329 1298 236 29 715 3 1406 543 143 194 120 22 738 191 174 110 5 503 72 5 526 99 8 82 43 23 91 34 5 19 0 7 1 0
8 201 17 11 1642 590 2437 15 77 559 433 20 115 17 4 11305 3772 3611 7878 28706 5279 586 18775 5 9078 2930 601 1538 1183 2038 201 10867 4342 15 553 2321 531 2276 162 3455 3738 343 16 788 1 1126 650 152 362 144 14 508 438 116 568 9 580 151 3 832 259 8 42 25 44 259 92 9 48 0 22 4 0
8 163 17 11 1788 492 1635 10 76 500 313 29 92 14 3 11154 3726 1813 12556 23106 4400 340 10685 1 10188 1588 682 2190 959 2119 266 7492 2297 11 362 1963 1025 1633 81 2687 2251 137 22 422 9 1519 937 169 305 84 16 759 270 121 348 2 572 97 6 724 132 10 94 63 39 224 46 5 41 2 20 2 0
11 160 44 11 2047 878 1292 90 109 437 364 54 70 18 3 14705 9479 2319 15399 18932 5519 2033 7584 105 8753 1484 1464 3385 1467 2388 214 5923 3489 111 780 1811 1768 1690 415 2299 1758 413 67 870 4 1449 668 239 241 70 61 915 284 211 162 11 558 102 10 688 184 10 81 56 24 134 49 10 36 0 10 2 0
12 190 50 16 2147 1200 1536 100 113 456 484 85 90 30 5 15260 10849 4298 14859 22574 8042 2856 7998 108 9506 2596 2186 3203 2006 3177 642 5849 3677 170 1062 2197 1522 2283 532 2192 2218 470 106 841 21 1610 905 332 540 109 40 935 458 266 229 22 506 191 18 762 284 28 90 51 48 146 73 19 62 0 12 2 1
9 113 33 3 1692 703 529 64 63 190 65 19 5 1 0 16186 8337 2773 13508 10433 2915 1725 1411 71 5288 291 364 3813 920 736 180 993 279 47 843 1327 1039 889 307 521 81 6 6 63 2 1203 61 27 24 32 24 432 59 52 2 0 173 0 0 27 3 0 39 5 0 0 0 0 0 0 0 0 0
8 169 20 8 1693 582 1740 22 72 493 295 22 81 10 2 11543 4687 2499 10655 23913 4724 732 11148 11 9807 1927 697 1933 1144 1595 100 7465 2602 22 497 1972 732 1757 160 2747 2239 166 19 544 0 1379 661 167 192 105 13 610 270 128 324 3 571 69 4 639 157 6 51 28 24 206 39 4 25 0 15 1 0
8 157 21 7 1749 596 1388 25 68 438 245 22 61 7 2 12367 5182 2730 11826 21642 4228 833 7254 14 9493 1588 658 2271 1108 1460 126 5607 1898 25 611 2002 780 1491 175 2194 1549 114 18 457 0 1469 577 159 146 105 11 572 271 108 170 1 526 76 5 551 78 3 69 24 19 120 31 3 25 0 8 1 0
8 175 18 10 1776 526 1773 15 81 512 355 25 91 13 3 11565 4084 2472 11444 24747 4078 488 11069 4 10023 2210 699 1988 935 1956 175 7821 3043 18 481 2042 893 1853 128 2916 2531 231 18 665 4 1438 787 144 266 137 18 658 331 150 316 5 564 106 5 750 171 9 74 44 29 214 56 4 37 0 19 3 0
8 155 23 5 1747 640 1416 29 123 426 145 25 27 1 1 13011 5143 3146 12177 20238 4647 894 8606 16 8478 536 534 2780 1061 1087 275 6303 1291 38 587 1870 1403 2766 285 2320 614 29 5 322 6 1383 285 95 7 239 59 987 101 191 58 0 517 28 5 260 10 0 143 40 1 33 6 0 4 0 1 0 0
8 168 21 7 1718 646 1798 24 74 499 244 24 69 6 2 11953 4929 3097 10756 23279 5556 849 13563 12 9244 1319 682 2139 1230 1275 214 8426 2527 28 662 2082 789 1850 187 2943 2017 112 15 449 2 1431 578 198 107 102 14 760 193 118 216 1 547 88 6 618 73 3 63 37 9 155 33 2 14 0 15 1 0
8 121 24 4 1562 557 873 36 62 323 124 16 21 4 0 12806 5957 2125 11337 14207 3218 997 4435 29 7528 516 401 2566 1009 923 110 3445 1096 25 527 1416 795 1147 215 1597 476 83 13 320 0 1302 249 66 65 60 13 551 84 71 27 1 422 0 0 193 29 2 45 17 6 49 0 0 7 0 0 0 0
9 144 29 7 1873 682 1023 48 80 345 230 23 40 13 0 14896 6788 2907 14056 16867 3701 1369 4819 46 7898 1089 624 3343 947 1616 151 3582 1930 31 738 1788 1288 1415 259 1504 876 263 32 519 0 1497 510 87 200 69 27 627 227 112 62 10 394 0 0 427 106 6 59 29 21 61 0 0 29 1 0 0 0
8 175 16 12 1783 481 1745 10 67 504 396 26 107 14 6 11369 3665 2103 11451 25029 3933 339 10548 2 10265 2599 707 1999 927 2313 196 7358 3003 12 374 2175 720 1564 82 2717 2835 184 15 564 4 1435 1000 182 304 100 8 583 410 132 340 3 541 214 10 912 145 11 55 46 38 216 108 8 34 0 31 4 1
8 160 19 9 1686 528 1692 20 53 457 332 21 77 12 3 11806 4649 2313 10763 22707 4088 645 12447 10 8391 1600 667 2266 940 1819 125 8072 3540 17 513 2018 607 1379 116 2676 2175 248 21 775 0 1337 664 140 203 58 5 454 315 100 273 5 504 107 5 682 146 5 37 26 14 137 69 4 21 0 13 3 0
8 203 15 13 1825 495 2511 9 80 605 464 23 151 17 7 10207 3027 2036 10265 31324 5217 347 19370 2 10379 3184 688 1563 922 2226 156 11401 4010 7 406 2518 870 2177 78 3366 4459 236 20 573 3 1401 1112 193 398 157 23 729 440 110 700 3 527 269 6 1137 226 8 88 56 51 349 125 15 60 1 62 3 2
8 180 18 10 1831 493 1887 16 95 579 353 24 112 12 4 10913 3645 2023 11805 25411 3989 483 12458 5 11094 2104 723 1721 869 1811 114 9023 3159 19 374 2083 1294 1866 113 3292 3105 211 20 587 1 1411 881 151 239 124 39 788 278 105 421 2 624 144 6 919 169 6 167 81 14 278 72 8 59 0 27 3 0
8 169 18 10 1735 516 1803 17 66 510 349 24 93 9 6 11020 4112 2213 10861 24237 4290 548 13109 7 9883 1799 732 1849 992 2013 152 8363 3312 18 468 2123 730 1635 125 2845 2458 162 20 654 0 1443 813 169 147 93 9 579 301 121 370 1 554 209 12 817 108 1 53 45 15 211 107 6 18 0 31 4 1
8 168 21 7 1755 626 1842 22 99 489 234 26 59 8 0 11312 4713 2787 11314 24442 5641 726 13858 9 8958 1095 695 2241 1152 1497 226 8702 2211 25 601 2096 1111 2434 216 2911 1624 101 23 484 6 1437 447 146 175 208 26 874 227 141 284 1 547 0 0 429 117 5 125 51 37 117 0 0 20 1 0 0 0
8 106 23 5 1624 495 565 30 53 188 121 22 10 4 0 14388 5940 1856 13354 11388 2287 794 1883 18 5168 579 457 3831 650 1332 183 1347 614 32 593 1391 888 788 156 518 192 38 13 146 4 1155 187 35 82 30 18 378 147 83 7 1 117 0 0 88 12 2 20 7 8 7 0 0 3 0 0 0 0
