29 389 281 125 2020 5537 2876 1315 604 348 3091 1494 528 654 191 8757 23814 20068 5914 24025 32278 30328 14363 3429 3695 15251 30135 489 3578 10936 8909 4889 20403 7025 2275 1337 3124 11700 5940 699 12429 7789 5619 2096 916 196 2186 4584 10761 657 515 1716 1599 4995 1202 805 29 5615 1455 1726 4086 1940 111 989 1190 203 2146 1647 660 173 377 552 190
36 356 497 133 2346 7456 2081 3742 659 379 2774 2448 456 776 174 12164 42153 19041 8662 20023 35154 67523 8762 17713 4806 9890 42451 1131 6014 12438 10819 4300 16350 20047 3186 1663 4594 9687 10995 942 8802 8934 11129 2518 1376 392 2569 6268 9980 497 732 2118 1434 5607 924 1411 80 4444 2087 1835 4256 2338 144 1016 943 246 1690 1991 633 130 336 534 149
40 362 596 184 1912 8330 1843 4799 672 239 3520 3462 462 1327 292 8511 37790 21896 5686 15077 33980 81483 6678 24416 2503 12619 56036 851 4126 13241 15339 2471 17971 28874 3067 1012 3761 9526 12233 403 8306 13459 19111 2158 2162 234 2042 6548 16444 409 700 1433 1580 7091 638 3040 31 6947 3432 1204 5763 4654 74 984 1528 126 2279 3872 616 366 250 1176 287
35 344 437 158 2222 6555 1826 2874 572 306 3193 2389 402 1021 261 11319 35541 18080 9016 17398 27768 52065 6804 11608 4230 11939 40185 1493 4232 14416 11621 2846 16887 16011 2949 1318 4061 8171 8533 599 7406 11150 11363 2365 1443 484 2448 4321 13196 367 576 1782 1686 5457 559 2151 62 6636 2348 1521 4397 2915 108 718 1219 144 2062 3054 503 245 254 969 253
39 383 566 175 1756 8545 2166 4412 711 251 3611 3265 488 1176 286 7177 34227 24160 4432 16142 38602 80847 8575 21469 2365 14416 56621 469 4433 11977 15023 2859 19960 26876 2692 921 3023 11335 12498 390 9665 12710 16753 2111 2123 157 1709 6959 15686 563 646 1441 1529 7684 810 2451 14 7205 3476 1177 5520 3929 80 987 1610 108 2523 3504 603 307 287 1068 295
44 346 723 223 1615 8955 1700 6343 660 197 3747 4786 428 1765 350 6032 36741 19973 3628 12843 36813 97158 6192 34507 1629 11703 68099 547 4060 13304 19317 2070 17735 44579 2543 715 2972 9293 13193 268 7307 15546 28471 1933 4103 133 1647 7002 20440 456 661 1225 1451 8282 520 4406 17 7743 4608 949 5949 7246 80 945 1786 72 2227 5398 586 586 227 1522 325
20 338 107 83 2273 2545 2960 242 263 408 2399 456 476 288 154 11861 13951 10415 9373 32222 17770 6515 16500 285 5731 14124 11189 969 2227 10538 2869 6407 16786 879 1440 2143 1836 5894 1229 999 12282 3710 1017 2025 152 371 2904 2088 5400 360 61 1019 1683 1670 1394 199 48 4955 565 1953 2149 472 45 336 607 219 2115 713 373 83 378 290 190
41 342 600 220 1689 7846 1619 4567 551 183 3900 3986 416 1727 380 6955 33820 19694 4666 12843 29951 73653 5468 21279 1781 13423 59609 503 3214 14230 17461 1739 18630 30753 2531 778 2760 7396 9587 196 7185 16492 22988 1998 3095 110 1901 5688 20904 303 423 1023 1607 6929 496 3936 6 8831 4138 889 5774 6821 36 733 1728 62 2391 5550 510 671 206 1702 337
26 359 218 107 2312 4408 2644 919 453 371 2727 980 467 515 186 11568 23244 16469 8919 26478 25429 21963 12836 2320 5046 13178 20964 1147 3285 11941 5835 4954 17893 3828 2363 1764 3028 8878 4027 873 10730 6385 3527 2093 322 389 2660 3148 8262 504 292 1504 1641 3286 1081 674 59 5468 1026 1727 3334 1038 127 643 893 206 2055 1388 504 91 340 540 196
33 366 397 131 2167 6605 2429 2555 562 333 3021 1953 481 736 212 10233 33941 18687 7230 22239 35265 51149 11371 10225 3849 13010 38376 882 4695 12425 8782 4372 19017 13005 2569 1460 3327 9893 7909 732 10379 8661 8595 2291 791 302 2405 5427 10710 527 467 1560 1608 4809 1060 1145 35 5744 2087 1600 4326 1959 83 817 1124 172 2186 2047 545 167 355 685 214
32 349 381 115 2591 6198 2007 2467 648 406 2503 1685 411 659 149 13959 37683 17725 11302 20970 27919 47656 8075 10098 5947 9583 30382 1945 4978 11919 8321 4145 14493 11214 3407 1676 5565 9474 9124 991 7749 7735 7432 2267 717 694 2800 4161 8728 488 776 2544 1393 4622 803 1291 107 3828 1267 1845 3684 1634 200 958 868 276 1406 1636 582 82 319 469 120
23 347 171 82 2276 3651 2953 610 409 463 2265 715 450 331 115 12469 20176 12573 8062 29984 24472 15207 16425 1204 5967 11635 16100 1039 3456 9790 4148 7110 16731 2470 1820 2156 2719 8738 2846 1346 11475 4663 2076 2198 328 453 2293 2767 5630 518 284 1615 1433 2539 1257 368 92 3686 641 1961 2466 649 163 670 537 315 1529 675 475 57 356 282 105
30 351 356 79 2944 6287 2151 2324 706 513 1786 1335 347 326 75 15642 41607 18534 14538 24513 31212 48884 9279 9547 8024 6955 24851 2664 6209 9015 7215 5227 10892 9865 4032 2113 6938 10697 9859 1500 6822 3803 4430 1882 641 1168 2545 4212 4599 614 934 3539 1126 4102 764 400 236 2103 922 1933 2144 769 312 1055 476 345 774 587 419 31 231 168 45
41 385 666 154 2216 9708 2079 5928 910 368 2898 3608 487 974 150 9408 45974 24410 7354 16995 42821 104679 8251 33081 3766 9598 55999 1189 6792 10725 17040 3940 15568 36571 4261 1231 5765 12739 18254 857 8824 9491 17949 2277 2863 414 2194 8475 12164 634 1365 2879 1385 8357 970 1849 112 3550 2322 1852 5196 3779 163 1437 1177 297 1435 2088 733 214 328 463 91
33 355 408 120 2421 6787 2164 2689 587 435 2595 1933 402 715 119 12550 38723 19330 9894 20629 34115 54267 9380 11010 5993 9988 35136 1773 6155 11838 10288 4717 15184 13370 3436 1678 4127 9675 8768 1294 7878 7909 8494 2658 1173 758 2393 4770 10088 484 486 2144 1437 4949 714 1396 194 3125 1237 1981 4038 2218 143 752 976 348 1107 1423 542 200 237 343 56
30 330 334 101 2746 5598 1972 1926 556 467 2144 1518 358 538 78 14873 37617 15619 13672 22118 27238 38776 8465 6640 7339 7458 26742 2624 5644 11730 8243 4759 12595 9349 3378 1937 5231 8544 6793 1341 6601 5804 5907 2110 981 1124 2898 3773 7625 428 540 2666 1333 4175 677 837 253 1978 752 1941 3032 1690 240 839 751 351 696 914 551 138 194 174 23
13 266 45 33 2335 1263 2455 60 183 582 1013 117 275 81 28 13780 8057 6506 12788 32018 8908 1803 13741 38 10600 6045 2940 1654 1741 5289 981 8192 7342 118 1110 2543 1819 4137 483 2461 6719 1066 178 1187 29 1068 2125 682 1621 270 56 1227 823 565 907 34 319 893 57 1693 869 95 144 192 197 424 418 101 216 12 144 45 8
26 353 260 65 2683 5202 2644 1413 600 535 1679 868 372 265 54 14740 31243 17157 12342 27946 31573 33063 13700 4818 7560 7473 18774 2136 5349 7788 4817 7046 11486 5063 3050 2180 5281 11139 6773 1909 8482 3293 2785 1810 294 922 2258 3603 4188 633 687 3019 1040 3043 1077 316 236 1502 502 1767 2331 581 273 808 462 442 723 424 445 29 191 118 20
18 298 109 44 2476 2529 2540 334 310 585 1317 298 300 146 38 15031 16943 9362 12299 30458 16915 8857 14164 601 9343 7329 7538 1758 3317 6362 1715 8351 9893 878 1613 2420 2862 6458 1927 2350 7336 2143 696 1749 56 931 2088 1426 2604 418 190 1780 963 1104 871 154 309 1223 170 1955 1368 193 161 376 312 411 551 202 295 26 163 69 15
22 309 172 59 2827 3526 1987 701 460 531 1507 547 268 243 49 16856 24818 13252 15987 25384 17869 16700 8014 1754 9749 7105 11340 2865 3709 8530 3658 4958 9257 2159 2614 2225 4783 7584 3799 1828 5359 3192 1638 1791 199 1400 2289 1616 3824 408 463 2679 1117 2171 421 347 362 1472 256 1734 1639 416 288 544 400 331 519 403 353 24 112 102 17
16 270 86 34 2345 2029 2458 224 247 580 1065 216 231 100 20 14637 14250 7301 11751 30624 14584 6071 14380 329 9819 5578 5690 2000 2831 5707 1280 8383 8733 528 1269 2520 2360 5415 1189 2477 5918 1577 460 1529 54 1187 1656 972 1764 386 119 1632 758 956 724 80 385 684 76 1500 972 145 232 274 204 372 299 98 204 11 103 35 4
27 313 288 63 2946 5052 1988 1642 575 568 1392 1017 272 240 26 17826 38088 14019 16067 23749 26300 33927 8940 5673 9044 4414 18424 3119 6408 8354 5853 6277 8967 6716 3442 2224 6160 8992 6951 2240 5049 2741 3025 2070 612 1244 2164 3077 3377 527 674 3324 839 3153 663 259 401 666 315 1620 1730 654 301 773 360 372 291 225 343 31 81 38 2
17 283 92 44 2485 2124 2428 248 241 536 1266 248 328 140 44 14978 15488 7753 13008 31176 13892 6521 13300 391 9174 6352 5999 1811 2768 6682 1415 7669 9388 587 1522 2595 2255 4837 1402 2109 7845 2025 604 1554 37 956 2492 1319 2177 322 95 1364 921 936 1121 130 217 1345 132 1846 1434 157 100 259 204 422 648 232 270 12 240 70 28
14 248 62 29 2308 1607 2208 115 217 540 829 165 177 69 15 15268 11398 6741 12591 28658 11826 3431 12828 96 9944 4429 3748 2389 2354 5111 1405 7435 6066 290 1194 2518 2119 4843 838 2310 4429 873 267 1041 68 1449 1378 721 1389 304 98 1528 685 791 466 34 433 488 58 1215 566 100 174 190 167 267 199 55 134 10 60 20 3
15 253 74 31 2379 1787 2240 166 223 557 861 197 224 70 22 15043 13324 6186 13366 29614 13064 4636 12790 186 10079 4463 4513 2212 2676 4997 1291 7890 6276 445 1195 2519 2327 4649 1031 2521 5347 827 328 1005 66 1217 1808 1047 1405 312 120 1552 653 668 700 30 354 727 107 1467 635 83 155 272 146 394 286 67 150 15 124 31 7
18 277 120 33 2772 2666 2081 412 385 574 927 300 173 84 20 16728 20256 9583 16066 28041 16258 10516 10500 826 10679 4905 6865 3020 3560 5423 1838 6656 6591 1116 2146 2455 4274 6978 2668 2117 4032 1044 606 1181 72 1725 1527 1084 1662 426 354 2584 834 1312 333 38 446 681 140 1299 605 131 330 372 222 237 247 86 152 13 52 27 5
18 289 114 39 2435 2633 2493 376 300 590 1150 288 265 120 32 14996 18264 9474 12271 30286 17916 10065 13988 746 9894 5821 7087 1903 3930 6123 1673 8255 8892 926 1662 2523 2522 6358 2103 2368 6593 1755 708 1458 29 1104 1801 1523 2094 422 168 1849 796 1123 889 96 330 1034 157 1597 1096 150 194 309 239 404 472 165 213 19 138 49 15
17 279 99 37 2400 2308 2446 293 246 569 1176 249 244 108 30 15477 16583 8701 11702 30162 15546 7815 14004 514 9169 6172 6594 2140 3357 6047 1432 8406 9759 699 1710 2496 2087 5305 1565 2427 6358 1847 549 1787 44 1074 1642 1213 1843 326 105 1384 902 1055 758 99 384 1007 134 1704 1078 141 87 193 194 349 487 130 175 5 113 52 13
17 254 107 29 2622 2327 1791 353 310 528 827 237 145 72 18 17730 18834 8648 16216 25283 13077 8853 7854 698 10058 4247 5559 3366 3309 5286 1421 5713 5564 812 1876 2370 3509 5528 2129 2125 3255 1003 467 1273 59 1523 1268 832 1283 335 235 2007 705 1038 281 59 466 574 103 1109 555 69 190 242 182 185 226 77 112 3 32 30 3
21 266 169 41 2745 3163 1747 744 339 495 1071 425 204 129 32 19122 27200 9689 16048 23893 15951 16442 7901 2072 9061 4096 9156 3588 4093 6900 2330 5412 7615 1935 2429 2445 3862 5515 3154 1933 4203 2052 1080 1693 112 1403 1707 1465 1633 316 295 1909 758 1456 512 154 367 924 231 1379 1070 147 134 338 132 279 409 185 138 2 106 54 13
14 232 62 29 2421 1454 1857 119 225 509 816 156 148 75 14 15721 11330 5701 14764 26577 9196 3198 9598 109 10026 3989 3507 2874 1987 5462 1122 6188 5957 280 1158 2324 2560 4507 776 1916 3299 948 276 1163 46 1681 1563 507 1437 328 137 1523 754 776 263 37 451 474 47 1088 522 108 231 206 185 197 168 63 140 15 31 18 2
9 240 17 19 1916 612 2814 9 117 628 686 30 194 32 13 10609 3406 3873 8664 35345 5438 340 19243 1 10539 5243 796 1132 1000 3154 332 10967 5684 10 605 2698 771 3477 135 3023 5739 439 23 864 3 1133 1285 215 781 316 18 821 656 257 771 7 423 485 8 1313 406 24 146 71 131 367 226 30 100 3 80 14 3
16 254 98 22 2578 2317 2049 320 293 536 655 183 126 46 11 17232 18195 9151 14802 27875 15234 8908 11275 632 9996 3263 4416 3281 3337 4001 1171 6994 5093 648 1961 2536 3109 5869 2049 2077 3221 646 312 993 26 1722 1066 792 903 373 197 1964 634 888 286 24 455 385 70 970 391 53 212 199 107 176 148 39 69 1 32 13 2
11 208 39 16 2241 1013 1790 58 172 548 473 76 125 25 6 14403 7600 4649 14514 26124 6860 1676 9792 37 10712 2270 1831 2438 1525 2966 589 7240 3583 115 934 2295 2189 3496 448 2543 2749 319 79 743 21 1518 1258 365 468 233 78 1408 371 393 373 7 495 181 22 932 269 27 190 155 66 246 82 16 97 2 20 3 1
15 249 84 21 2549 1971 1993 247 271 565 619 152 177 47 9 16416 15618 7436 15234 28100 12175 6664 10467 429 10954 3064 3679 2602 2921 3413 871 7067 4655 478 1625 2444 3155 5109 1576 2442 4181 723 258 856 20 1501 1509 909 742 334 191 1808 540 650 557 34 412 288 44 1189 512 50 219 241 92 349 129 40 150 2 70 8 2
13 224 49 29 2182 1105 2004 82 148 544 879 114 204 65 25 14534 8917 3327 12438 27239 7940 2032 11268 70 9853 4583 2930 2067 1848 5365 542 7657 6730 167 682 2338 1687 2766 427 2603 4982 989 174 1290 14 1111 1641 567 1100 186 66 1035 716 419 629 32 372 857 61 1415 570 67 100 157 135 370 344 85 135 3 112 32 10
16 281 85 35 2276 2168 2659 209 221 573 1093 239 256 85 27 14660 14379 9009 10710 31527 16172 6182 16125 266 8966 5776 6064 1867 3268 5654 1741 9268 8955 601 1581 2647 1710 5352 1154 2643 6744 1378 396 1630 92 959 1581 1290 1542 309 75 1234 810 1030 1022 55 343 859 132 1509 982 119 84 197 159 393 446 111 132 5 135 32 11
13 203 60 18 2369 1335 1455 131 208 500 489 115 98 37 3 15907 11961 4965 15650 23425 7359 3363 6800 144 10821 2021 2341 2840 2032 3653 827 5209 3534 278 1103 2255 2631 3606 855 2004 2005 580 153 810 35 1733 1148 399 605 283 111 1500 428 573 195 25 497 108 11 694 278 49 310 187 74 172 29 17 79 2 9 1 0
12 236 44 22 2163 1234 2181 66 196 560 684 98 143 46 10 14354 8401 6294 11242 29299 8893 2092 12493 41 10046 3814 2387 2042 1936 4122 896 8076 5278 139 1067 2491 1707 4760 584 2726 3510 610 135 1152 29 1222 1147 408 944 337 83 1328 583 597 438 17 514 324 25 934 452 50 170 140 143 235 153 43 107 6 21 9 1
11 240 33 22 2130 1000 2431 44 146 579 700 64 204 37 20 12433 6622 5132 11219 32588 8046 1503 14678 30 10744 4383 1731 1564 1633 3779 481 8763 5195 66 789 2636 1213 3910 405 2746 5201 449 88 814 3 1232 1699 467 831 253 45 980 604 329 726 12 374 645 37 1309 397 16 140 113 105 387 307 49 114 0 108 21 8
9 182 19 17 2078 514 1581 10 95 467 482 39 135 25 10 13274 4226 2157 13597 25388 3537 285 8354 1 10008 2743 848 2218 874 3246 323 5717 3152 11 519 2368 1206 1908 104 2095 3057 294 30 526 13 1502 1585 221 492 167 14 629 479 197 330 4 386 330 14 945 195 18 105 82 79 276 118 22 79 3 57 8 2
12 205 52 14 2218 1302 1787 115 174 494 445 73 80 29 3 15686 10793 5113 13446 25341 9159 3397 10411 146 9450 2243 1841 3062 1980 2845 528 6797 3763 161 1286 2499 1981 3815 781 2117 2056 482 105 840 9 1582 690 295 553 242 96 1325 384 376 190 24 470 114 9 753 248 24 172 90 69 96 51 14 46 1 8 2 0
12 200 51 15 2217 1298 1634 105 165 426 434 82 69 31 2 16201 11014 5598 13943 24732 8316 3173 8650 117 8678 1972 1862 3401 1856 3200 706 5600 3424 170 1330 2460 1851 3737 747 1637 1627 422 120 751 13 1693 660 293 633 312 73 1196 393 432 123 17 333 67 6 509 215 39 136 62 83 51 27 10 45 2 1 1 0
14 213 71 20 2306 1612 1835 174 193 493 561 144 105 42 4 15789 13986 5148 14092 25662 11691 4696 11085 226 9258 2467 3323 3125 2625 3944 935 6978 4449 384 1204 2401 2241 3900 968 2140 2737 525 225 842 41 1596 953 531 871 250 115 1485 476 544 289 17 464 138 20 815 346 61 154 138 111 167 50 20 72 5 17 2 0
15 188 92 13 2487 1833 1045 306 197 368 329 130 38 18 1 20239 19058 6143 17509 17997 8642 7377 3726 618 8327 1401 2743 4693 2596 2913 932 3010 1889 518 1875 2126 2817 2997 1510 1270 754 252 156 557 39 1785 455 292 323 135 124 1401 413 466 39 8 296 37 8 326 75 14 105 84 33 31 13 4 12 0 2 0 0
16 205 94 26 2548 1838 1169 275 217 399 627 211 88 69 5 19126 18499 6187 17717 19855 8383 6409 3973 458 8905 2480 4160 4220 2464 5360 1457 3273 3550 634 1590 2170 2895 3363 1333 1369 1589 867 417 922 83 1792 1061 462 1064 203 126 1402 579 806 122 58 348 144 24 709 380 103 147 168 113 97 60 31 72 7 6 5 0
12 199 49 17 2191 1147 1662 96 128 468 554 87 116 28 9 15257 10428 4048 13860 24377 7588 2567 9033 100 9111 3096 2392 2818 1781 3525 457 6134 4415 172 972 2359 1634 2440 526 2240 2969 491 110 977 12 1365 1004 425 480 122 39 909 542 345 313 10 458 305 33 935 303 23 77 95 61 196 153 26 41 0 34 7 2
14 195 80 11 2440 1716 1233 253 206 402 285 92 61 17 2 19271 16708 6204 16637 20091 9164 6570 5278 498 9129 1395 1930 4119 2504 2303 593 3728 1693 333 1621 2183 2837 3367 1372 1280 1239 226 111 403 14 1781 628 393 295 153 170 1484 302 363 130 14 346 49 14 449 148 10 125 83 32 68 35 6 29 0 5 1 0
15 198 84 21 2365 1723 1225 235 192 414 497 168 84 51 1 18879 16560 5878 15457 19600 8970 5860 4935 371 9236 2097 3256 3588 2683 4119 1147 3790 2850 497 1466 2169 2378 3105 1156 1521 1573 539 308 758 55 1601 959 509 887 198 112 1269 462 591 128 34 410 29 5 632 321 82 109 118 121 118 14 7 56 6 6 0 0
10 210 28 17 2033 783 2098 31 125 525 579 50 139 31 8 13331 5748 3340 11608 28881 6054 960 12649 13 9682 3692 1323 2115 1154 3277 360 7863 4717 49 667 2418 1386 2875 268 2407 3830 519 54 909 8 1362 1034 269 609 209 37 936 586 276 494 13 439 282 11 990 342 27 116 87 103 252 137 25 68 1 47 8 1
10 198 27 18 1971 677 1877 35 106 543 603 39 145 33 13 12930 5444 2745 11836 26149 4635 966 10946 24 10117 3230 1100 1960 996 3330 224 7874 5176 35 528 2260 1244 2239 249 2767 3693 634 58 1078 0 1195 1266 195 529 170 31 797 434 199 405 21 467 463 16 1224 320 5 105 88 50 291 191 29 81 2 68 17 3
13 232 50 28 2086 1205 2348 91 112 530 929 111 213 55 29 14383 9197 3503 10753 29241 9992 2524 15410 89 8299 5350 3241 2079 2045 5105 407 9118 8009 179 733 2513 1199 2455 417 2550 6016 906 169 1321 4 1041 1449 709 1045 93 32 814 838 328 759 27 366 1050 78 1478 527 39 49 116 94 302 489 86 65 0 124 25 19
11 203 40 15 2143 1000 1781 72 136 483 518 60 120 24 9 15319 8268 3821 12996 25529 6706 2020 9791 73 9294 3285 1767 2753 1459 2895 302 6506 4331 96 991 2472 1640 2711 483 2101 3084 467 78 766 3 1440 997 351 424 171 55 992 508 260 318 14 406 324 28 1003 237 9 88 100 52 217 144 18 64 0 40 9 2
15 198 83 22 2389 1698 1401 228 179 414 572 169 72 57 1 18031 16264 5420 16027 21011 10066 5627 7129 352 8290 2442 3604 4175 2477 4571 1175 4937 4272 479 1446 2165 2593 3092 1018 1564 1654 758 330 980 54 1756 753 425 1073 171 120 1386 514 590 94 40 336 38 6 613 317 85 110 96 123 60 7 6 44 13 1 0 0
11 229 37 18 2036 1016 2445 56 138 591 636 67 181 31 11 12920 7291 3681 10464 31497 8582 1691 15923 44 10039 4134 2002 1762 1810 3160 318 9665 5453 88 745 2595 1265 3356 394 2848 5139 537 85 899 6 1121 1226 508 613 249 32 1020 575 336 711 11 434 389 28 1267 371 26 103 123 72 354 203 30 98 0 76 9 3
13 181 67 11 2268 1443 1237 185 163 381 311 83 46 16 2 17693 14515 5095 15668 19961 7959 4773 6252 305 8196 1364 1917 3910 2157 2379 558 4238 2459 263 1402 2148 2168 2836 1004 1350 1104 251 97 529 11 1741 520 270 289 168 92 1177 290 339 75 7 327 73 12 385 118 12 112 58 38 50 17 6 20 1 1 1 0
10 153 35 10 1815 831 1151 58 93 370 264 47 48 12 3 15034 7949 3233 12162 17972 5243 1656 5875 50 7685 1098 1022 2880 1467 2075 380 4506 1846 79 745 1796 1051 1864 363 1796 1012 152 45 448 8 1211 589 173 235 120 31 694 205 170 77 3 420 104 10 437 77 5 49 35 22 93 26 9 26 0 7 1 0
14 223 76 15 2219 1730 1930 217 250 574 485 117 92 27 3 15584 13896 6010 12559 26068 11858 5683 11021 366 10133 2148 3073 2483 3123 2969 663 8014 4288 372 1187 2289 2536 5250 1324 2861 2252 466 166 1085 21 1353 690 485 477 420 197 1742 364 630 301 13 548 93 17 686 270 32 215 162 68 198 58 12 63 0 1 2 0
11 157 40 15 1906 846 1234 61 99 422 400 76 63 25 3 14330 8426 2582 13176 18282 5196 1487 7062 44 8196 1320 1657 2705 1490 3233 559 5805 3309 105 676 1852 1352 1911 285 2238 1316 359 93 987 29 1278 731 220 383 111 30 875 272 323 193 9 479 97 12 464 149 26 86 62 32 116 56 8 37 2 2 2 0
11 150 47 8 2098 962 939 101 129 367 200 56 40 8 0 15947 10507 3160 15595 16697 4881 2429 4051 116 8575 686 1106 3453 1530 1677 399 3510 1513 150 938 1818 2067 1947 576 1518 743 144 40 362 14 1548 557 174 125 99 67 1022 142 200 54 4 432 0 0 366 71 6 115 81 5 80 0 0 17 0 0 0 0
11 199 44 11 2042 1129 1831 91 143 538 339 52 118 19 3 14686 9295 4114 12135 25015 8475 2639 10753 110 9887 1795 1378 2273 2171 1971 250 7707 2537 102 947 2334 1516 3086 643 2780 2842 259 75 553 0 1230 881 456 353 175 54 1172 261 201 510 9 482 86 9 772 253 12 94 93 30 262 58 11 65 0 24 2 0
9 156 34 2 1946 889 1172 70 138 368 47 14 18 0 0 15252 8074 3990 12954 19828 5486 2123 5431 85 8314 242 260 3055 1406 356 131 4022 262 40 1003 2260 1743 2728 596 1515 396 0 0 44 1 1484 189 97 0 187 81 1077 37 69 65 0 368 0 0 117 0 0 107 29 0 43 0 0 0 0 0 0 0
11 212 41 14 2016 1110 2169 68 158 565 484 71 105 23 3 13480 8203 4227 11160 28223 9292 2083 14232 56 9594 2905 1988 2190 1939 2666 497 9437 4246 114 831 2421 1551 3851 497 2842 2999 382 84 894 20 1293 774 352 491 268 56 1239 437 391 383 8 514 106 12 866 262 23 168 116 72 188 52 10 62 2 13 1 0
11 214 45 10 2084 1304 2080 91 202 532 320 58 56 16 0 13924 9347 6018 11753 28614 10201 3021 12783 100 9844 1868 1445 2477 2256 2068 559 8212 2582 125 1197 2485 1815 5212 882 2518 1555 209 73 551 9 1554 435 235 361 473 96 1458 308 399 152 5 497 0 0 457 137 16 219 82 60 80 0 0 25 2 0 0 0
9 165 26 10 1968 637 1425 32 117 425 313 36 68 14 2 13464 5498 2444 13468 22460 4251 886 8057 19 8937 1635 917 2689 884 2124 231 5557 2601 37 523 2130 1674 2261 218 1792 1591 208 39 474 6 1648 800 141 261 196 50 939 303 204 152 3 424 76 5 583 125 10 143 87 36 117 22 5 37 1 9 1 0
9 149 29 7 1887 673 1138 43 104 447 185 35 63 4 2 14046 6528 2179 13609 17669 4212 1121 5927 30 9389 778 755 2572 1330 1299 202 5237 1289 61 645 1761 1490 1722 303 2229 1283 49 16 299 6 1345 653 229 68 110 40 922 122 144 189 0 511 56 9 527 34 2 93 68 8 156 34 1 17 0 14 1 0
8 160 19 9 1699 576 1455 16 79 380 292 28 47 10 2 13399 4467 3095 10060 22288 4394 561 7938 3 7781 1823 712 2415 985 2117 302 5291 2122 24 600 2183 754 1982 153 1704 1197 142 19 454 5 1313 456 105 239 126 16 617 351 176 119 1 337 69 4 370 87 9 62 26 33 55 25 4 12 0 5 1 0
8 191 18 10 1738 611 2109 13 89 559 332 28 108 13 2 11322 3928 3327 9237 28289 5402 489 13973 3 10051 2071 748 1485 1280 1869 282 9295 2525 15 559 2324 772 2592 132 3004 2878 150 21 478 7 1147 772 219 300 176 10 738 332 178 507 2 507 56 4 761 196 11 103 51 38 225 41 6 54 1 11 0 0
11 204 39 16 2113 1006 1828 64 131 523 518 64 127 31 6 14336 7991 3805 13124 26106 7393 1835 10113 56 10316 3147 1773 2339 1736 3060 377 6762 3923 94 876 2356 1522 2742 431 2377 3124 455 85 701 7 1454 1095 386 612 162 37 1070 512 289 387 15 478 210 17 999 322 26 127 100 79 235 89 23 69 4 36 2 1
10 188 36 9 1993 971 1696 62 125 469 301 48 85 6 4 14514 8033 4144 12088 24555 7034 1916 9809 55 9034 1861 1365 2518 1617 1739 300 6605 2378 96 905 2342 1399 2766 433 2329 2158 80 21 459 6 1339 676 334 112 165 41 956 296 229 299 1 460 154 21 657 96 6 97 88 11 169 58 3 28 0 16 0 1
10 208 33 12 1973 915 2101 54 153 555 435 40 108 22 4 13332 6737 4048 11042 27872 7015 1683 13089 48 9996 2722 1146 2071 1456 2250 250 8530 3984 60 802 2444 1468 3587 464 2690 3059 451 47 775 4 1357 735 231 418 284 74 1134 365 247 348 19 504 144 7 896 253 7 152 87 40 215 73 15 77 0 22 3 0
11 166 48 7 1900 1108 1314 112 123 347 228 43 39 10 0 16354 10392 4323 11989 19736 6985 3039 7542 155 6913 953 1174 3246 1657 1614 286 4886 2104 112 1015 2088 1366 2543 655 1458 1024 185 47 467 2 1255 371 178 173 136 52 824 184 198 106 5 266 0 0 298 111 9 61 36 13 51 0 0 13 0 0 0 0
8 152 18 10 1740 468 1317 15 62 421 314 27 79 9 5 13027 4204 1838 11535 19946 3111 454 7234 4 8645 1731 724 2259 855 2054 171 5436 2401 21 443 1867 831 1257 92 2081 1934 133 17 524 2 1285 780 154 166 61 14 508 310 91 197 0 433 173 11 686 85 6 42 54 24 145 79 6 15 0 24 2 1
9 179 24 12 1735 651 1873 28 74 520 383 33 125 18 5 11834 5262 2368 10005 25403 5548 864 12063 15 9316 1835 893 1770 1360 2298 179 8412 3168 35 519 2201 744 1724 177 2906 3172 274 29 730 2 1045 906 249 295 86 18 608 279 140 600 9 490 153 10 816 291 11 43 36 18 280 86 10 57 0 33 5 0
9 184 24 12 1820 651 1862 32 84 502 441 25 106 22 5 12276 5449 2805 10619 26069 4834 985 11691 23 9344 2579 760 1860 1109 2339 124 7934 4116 25 543 2162 860 1952 228 2641 2898 467 32 883 0 1211 875 170 355 149 20 594 385 157 399 18 487 164 5 852 271 4 56 28 42 233 99 13 45 0 28 6 0
9 203 20 16 1827 575 2316 16 70 572 557 37 176 18 13 11030 4201 2038 9550 30573 5354 504 15903 4 9764 3451 1144 1358 1159 2879 168 10219 4769 25 438 2460 711 1706 90 3114 4889 281 28 849 2 1030 1288 295 355 74 17 544 469 142 831 2 413 448 22 1180 270 11 48 63 24 374 241 20 57 0 83 6 6
10 167 36 9 1752 867 1526 65 89 459 314 40 72 13 2 13331 7813 2882 10505 21477 6134 1824 9358 65 8664 1524 1220 2120 1706 1892 163 7014 2929 72 663 1957 890 2034 349 2488 1835 240 47 702 0 1210 610 238 220 113 18 685 252 183 288 4 468 66 6 548 165 9 63 40 19 182 37 6 27 0 14 1 0
11 149 42 13 1886 862 1036 78 86 348 368 60 44 24 3 15798 9146 2752 13421 16042 4956 1870 4939 80 7348 1621 1448 3405 1471 2973 362 3808 2700 105 789 1738 1156 1520 381 1533 954 358 82 714 6 1265 529 164 435 78 20 626 351 200 37 12 374 114 10 465 121 21 46 28 56 56 26 10 21 2 5 2 0
8 162 19 9 1913 517 1398 17 99 428 293 26 63 11 2 12789 4149 2409 13130 22909 3415 502 7104 6 9409 1755 632 2504 753 1885 217 5149 2255 22 593 2214 1311 2047 153 1700 1501 185 10 408 7 1735 744 112 205 173 24 813 345 199 111 7 397 74 6 558 98 8 121 54 25 111 28 4 37 0 4 0 0
8 146 20 8 1665 561 1257 19 77 363 225 27 41 9 1 12922 4928 2634 10669 19730 3927 612 6827 6 7708 1014 634 2418 1006 1897 275 4827 1638 25 564 1973 736 1852 169 1727 946 83 19 337 6 1247 442 107 199 142 13 600 203 145 76 2 383 33 2 340 62 7 64 31 31 65 8 3 16 0 2 0 0
8 126 23 5 1678 559 861 32 64 261 151 19 22 4 1 14179 5578 2414 12047 15530 3112 950 3623 23 6207 763 497 3141 763 1314 138 2595 1087 27 688 1779 991 1162 181 979 498 52 14 242 0 1298 245 66 83 61 26 507 152 78 23 0 186 35 3 195 26 1 37 16 11 23 13 2 4 0 1 0 0
9 136 31 5 1763 740 963 55 83 320 134 23 24 6 0 14352 7488 2832 12517 16469 4444 1579 4437 55 7147 661 530 3011 1302 1121 189 3475 909 43 789 1775 1129 1570 351 1409 545 68 22 217 0 1296 270 83 112 77 26 690 116 86 41 2 322 0 0 197 48 4 47 23 13 30 0 0 7 0 0 0 0
9 172 24 12 1728 638 1749 31 66 460 432 26 87 23 4 12476 5355 2502 10001 24367 5177 948 11179 20 8284 2540 724 2051 1265 2648 155 7618 4015 30 508 2083 699 1548 200 2411 2490 484 27 852 1 1140 657 173 448 89 10 476 431 104 292 19 445 155 2 755 238 8 44 24 44 122 72 16 36 0 10 3 0
8 133 25 3 1590 635 1091 40 73 356 104 15 23 0 1 12932 5964 2660 10584 16959 4271 1211 6071 35 7477 486 450 2393 1262 700 80 4681 1006 30 614 1619 888 1520 263 1817 590 0 0 204 0 1160 229 91 0 76 19 582 89 70 49 0 414 38 5 244 0 0 42 24 0 58 14 0 0 0 3 0 0
10 172 36 9 2004 893 1528 65 128 440 285 40 57 13 2 13825 7886 3293 13422 23068 6517 1874 9319 65 8853 1433 1070 2744 1471 1990 237 6313 2439 71 748 2184 1733 2657 461 2052 1491 177 50 479 0 1580 558 179 269 183 62 1024 273 195 141 3 424 79 7 512 108 6 137 66 29 100 34 5 21 2 9 1 0
10 169 36 9 1845 863 1562 65 103 463 302 41 75 11 3 13217 7686 2836 11627 22453 6433 1811 9674 65 8887 1484 1191 2273 1612 1838 184 7068 2735 75 635 2048 1367 2084 362 2459 1956 199 42 630 1 1274 631 258 197 115 51 808 223 154 310 3 469 104 11 561 132 5 87 50 20 191 48 6 35 0 14 2 0
9 147 28 8 1828 673 1061 37 110 388 217 38 33 9 0 14061 6366 2799 12894 17658 3866 1010 5010 21 8753 866 814 2632 1122 1838 329 3984 1528 52 606 1699 1394 2010 297 1643 696 106 32 402 11 1533 434 101 170 156 47 904 194 194 38 2 440 0 0 260 59 8 133 45 35 75 0 0 13 0 0 0 0
9 176 26 10 1899 682 1670 36 100 499 326 30 100 14 4 13129 5787 2617 12000 23963 4910 1059 10148 27 9394 1700 822 2238 1180 1916 174 7430 2771 33 636 2148 1291 2110 270 2631 2565 246 34 641 0 1198 779 222 203 115 38 783 228 121 387 8 499 128 11 838 178 6 82 65 25 193 80 1 40 0 25 6 0
8 185 17 11 1912 518 1923 11 106 549 373 28 96 13 4 11181 3442 2666 11737 28292 4214 368 11803 2 10558 2231 733 1759 807 2110 269 8254 3179 12 524 2432 1249 2554 121 2734 2526 203 20 546 8 1494 900 130 285 214 28 925 367 184 280 3 502 146 7 827 130 9 147 81 36 222 68 5 49 0 23 4 0
8 141 19 9 1808 481 1145 18 72 397 234 22 64 16 0 12042 4408 1743 13297 19413 3452 545 5836 6 9089 1087 504 2351 800 1822 165 4659 1482 19 376 1924 1121 1375 130 1726 1290 166 21 281 1 1570 923 103 327 95 21 660 207 62 113 7 438 0 0 512 107 13 110 36 36 153 0 0 69 3 0 0 0
8 169 16 12 1647 475 1775 9 55 470 408 26 95 17 4 11822 3717 2059 9485 24000 3984 301 11588 0 8543 2465 675 1892 916 2446 230 7635 3565 13 408 2117 580 1380 64 2556 2682 290 15 754 5 1144 721 158 359 86 3 444 373 127 321 4 468 155 5 758 183 15 36 26 40 173 67 9 38 1 20 3 0
9 168 21 15 1894 540 1451 20 52 399 500 34 100 19 11 13732 5047 1947 12028 23186 3689 608 7581 7 8643 3234 956 2485 855 3240 190 4937 3850 32 520 2275 659 1050 112 1636 2485 349 17 678 3 1409 1031 180 356 39 3 384 597 121 228 11 386 414 19 867 167 8 25 37 32 179 155 21 16 0 43 3 5
8 164 18 10 1671 538 1705 14 66 454 326 25 76 16 1 11386 4313 2302 9763 24466 4623 486 11009 3 8755 1830 668 1831 1046 2164 206 7128 2760 15 469 2227 639 1692 116 2416 2146 209 24 522 4 1264 644 134 382 115 4 532 302 116 242 4 492 38 1 580 178 12 81 42 39 168 20 4 29 3 8 0 0
8 138 21 7 1691 504 1189 23 72 394 238 26 40 5 2 12144 4865 1553 11516 19004 3618 614 7001 10 8384 1391 734 2275 933 1704 132 5106 1963 31 434 1878 1017 1277 160 1809 1149 79 13 487 3 1495 375 105 100 71 18 633 300 126 87 0 410 81 7 383 42 4 82 33 21 79 32 1 5 0 6 1 0
8 154 22 6 1675 582 1577 28 77 456 204 21 69 6 1 11474 5058 1921 10606 22710 4968 828 10572 17 8681 1084 624 2017 1150 1175 84 7440 1767 27 479 1988 962 1597 189 2456 1829 92 18 400 0 1240 547 185 116 85 26 673 172 86 354 0 481 29 2 499 94 3 84 40 7 151 24 3 22 0 9 0 0
8 161 19 9 1745 543 1484 17 81 388 306 26 58 11 2 12950 4525 2690 10956 22650 3744 551 8301 5 7814 1871 669 2484 844 1946 224 5488 2559 22 571 2164 871 1967 145 1803 1516 196 18 522 4 1338 604 113 227 155 17 536 302 182 146 3 395 71 4 512 114 9 69 24 33 82 22 4 27 0 7 1 0
8 135 20 8 1676 485 1091 22 63 302 252 21 41 12 1 13769 4909 1842 11190 17922 2965 601 5961 11 6506 1323 524 2896 760 1977 125 4039 2057 20 536 1922 778 1215 160 1219 1076 191 22 408 0 1257 418 87 243 77 11 438 286 108 85 4 227 38 0 372 89 8 26 16 28 42 17 5 17 0 1 0 0
8 177 20 8 1737 645 1791 20 78 495 276 25 81 10 1 11986 4702 3610 10033 25361 5239 747 10713 7 9263 1754 727 1860 1194 1572 230 7590 2246 25 648 2294 745 2029 170 2710 2131 143 20 450 3 1209 656 177 214 116 14 693 246 126 330 2 511 30 1 602 155 8 62 36 25 201 19 4 33 0 11 0 0
8 133 21 7 1677 512 1156 24 48 305 245 23 39 8 1 13054 5112 2042 11668 18566 3546 682 7027 12 6478 1229 687 2881 798 1764 147 4564 2297 26 532 1947 817 911 115 1339 1068 168 18 454 2 1275 418 87 156 36 9 390 295 89 99 2 264 35 2 349 78 5 17 19 7 55 20 3 12 0 2 0 0
8 158 21 7 1736 607 1575 22 83 413 219 26 57 8 0 12012 5215 2594 10852 23868 4873 720 10224 9 8221 1160 634 2256 1122 1400 248 6484 1878 26 622 2323 823 2102 186 1951 1558 121 20 344 6 1369 575 153 155 144 17 648 200 137 163 2 405 0 0 449 102 7 68 39 22 96 0 0 24 0 0 0 0
