37 378 506 160 1878 7871 2342 3693 666 333 3377 2806 514 1019 252 7604 33964 21530 5030 18464 38798 69305 10345 16694 3031 12865 49219 573 5261 11734 13312 4314 20517 21624 2597 1034 3208 11057 11055 687 10496 11565 13570 2631 1723 226 2119 6750 13410 611 571 1757 1313 6632 1111 1968 33 6559 2850 1679 5380 3318 107 993 1269 223 2384 2938 655 216 391 898 246
38 370 527 176 1940 7854 2058 3894 666 274 3478 3049 513 1192 301 7438 34387 21543 5832 17003 34715 70841 8417 17856 2552 13084 50049 663 4212 12434 14300 3255 19223 23394 2812 934 4161 9831 10849 470 9715 12445 15578 2295 1892 178 2414 6723 15338 470 782 1616 1476 6407 861 2500 21 7718 3256 1617 5524 3871 51 1153 1326 148 2456 3693 742 281 376 1195 299
33 373 371 157 1837 6304 2432 2172 515 296 3580 1998 511 989 297 7941 26942 19687 4593 19485 32396 44672 11113 7814 2684 15666 37840 521 3852 12759 10075 4059 22096 11379 2179 986 2515 9086 6817 531 11318 11873 9100 2485 1052 145 1874 4952 14322 428 346 1193 1625 4918 1036 2046 25 8275 2225 1504 5312 2495 62 674 1334 157 2812 3109 510 222 357 1168 310
28 354 267 111 2427 4882 2349 1282 554 443 2652 1281 458 534 179 11306 26272 15879 11084 24008 25713 27457 10763 3608 6377 12305 25461 1275 4067 11459 6720 5141 16494 6198 2204 1506 4951 8798 5247 1208 9646 6266 4604 2252 567 613 2997 3661 8424 457 674 2422 1431 3686 929 618 123 5207 1371 2210 3191 1319 204 1031 820 301 1802 1402 567 107 363 511 170
42 362 662 199 1712 8870 1895 5605 647 240 3658 4105 510 1455 315 6876 37172 21229 4098 14083 37297 92526 7262 29504 2062 12655 62802 567 4589 12734 17538 2761 19238 37310 2659 851 2916 9294 12570 367 9260 14778 22383 2347 3308 159 1882 7883 16943 404 640 1193 1442 7432 899 3576 16 7373 4071 1295 6589 5384 60 957 1431 148 2695 4496 613 356 350 1225 317
29 378 275 131 1887 5287 2923 1290 446 322 3305 1435 550 685 244 8270 23043 17539 4636 23981 32669 29752 15731 3479 2860 16399 30217 583 3523 11933 7426 5119 22637 6598 1897 1244 2071 9187 4688 650 13669 8443 5510 2401 686 201 2105 4638 11246 476 247 1013 1547 3751 1365 918 27 7287 1695 1607 4527 1672 50 592 1174 186 2843 1921 504 183 414 814 275
39 370 536 205 1506 7899 2075 3795 565 201 4005 3472 513 1503 369 5497 28447 22232 2947 14154 35228 68887 8527 16182 1512 15230 56653 254 3405 12319 16645 2393 21973 25092 2188 636 2064 8962 9183 228 10175 15539 18607 2029 2510 67 1608 6616 19532 396 386 928 1408 6826 860 3101 7 9145 3797 998 6590 5664 55 726 1698 84 2910 4835 588 502 321 1596 365
45 366 762 228 1381 9756 1796 6916 719 190 3898 5107 506 1804 363 4557 32696 23583 2496 11106 38522 109292 6617 39059 1192 12662 73552 276 3997 11083 21512 2168 19042 49670 2380 525 2489 10130 15121 262 8794 16273 30533 2036 4349 79 1439 8701 20882 468 704 1061 1172 8927 800 4363 9 8072 5186 964 6895 7764 50 1145 1754 101 2580 5606 713 574 337 1555 336
22 328 146 85 2301 3080 2789 452 262 463 2376 625 454 314 149 12156 18518 9778 9201 29562 20802 11200 16217 763 6061 12699 14820 1267 3179 10825 3148 7395 17819 1796 1521 2000 2081 5353 1725 1493 11597 4240 1706 2456 206 542 2600 2604 5380 231 102 1102 1626 1698 1268 238 114 4908 726 2220 2348 546 60 347 497 323 1992 777 320 59 383 332 166
49 336 929 247 1573 10087 1305 9638 750 208 3643 6333 449 2083 370 5565 41185 20169 3611 9867 31536 129738 3701 63356 1705 9939 78597 511 4874 12673 23228 1748 14872 71697 2924 603 3478 8000 17881 298 6480 16919 40778 2076 5726 148 1814 8559 20723 326 1067 1528 1270 9307 550 5752 17 7261 6027 1146 6650 9468 63 1288 1596 117 2196 6447 689 649 344 1679 297
35 370 443 152 2012 7112 2320 2921 555 356 3314 2452 522 952 220 8347 33051 20226 6121 19855 35262 56744 10402 11720 3527 12676 44750 690 5111 12511 12077 4633 20328 16681 2712 1180 3032 9329 7972 794 10659 11261 11498 2829 1677 262 2519 6195 12836 464 403 1643 1444 5688 1187 1732 58 5654 2235 1789 5446 3067 109 810 1190 257 2216 2559 636 247 429 765 179
38 360 553 150 2202 7977 2025 4444 683 378 3007 2785 485 1006 201 10051 42095 19142 6993 18401 35768 77896 8275 22729 4107 10279 46373 1144 6116 12311 12078 4433 17136 24093 3158 1230 4480 9927 12217 894 9002 11433 13756 2758 1686 371 2492 6456 12253 542 800 2206 1337 5885 1004 2682 88 4895 2170 1928 5367 2862 172 1139 1049 317 1810 2799 759 148 390 747 143
19 314 112 59 2287 2608 2919 301 266 577 1756 409 378 183 76 12375 15916 9089 9631 31911 19373 8094 18048 422 8230 9551 10096 1342 3483 7984 2422 9360 14117 1055 1323 2223 2090 5888 1471 2255 10086 2647 903 2113 153 839 2224 1924 3344 335 125 1397 1196 1379 1204 115 249 2603 353 2203 1695 296 134 329 345 461 1074 365 294 23 272 133 58
22 348 159 72 2280 3561 3063 588 363 526 2121 560 450 296 96 12074 19696 13025 8002 30351 24285 15276 18239 1291 6534 11449 13738 1268 3890 8860 3028 8370 16670 1970 1923 2016 2321 7920 2940 1800 11862 4379 1676 2268 130 618 2209 2614 5104 388 197 1579 1323 1902 1405 392 180 3157 440 2193 2760 451 118 450 536 440 1386 606 391 37 336 255 67
22 305 167 64 2577 3325 2319 653 343 547 1678 561 358 259 67 14492 23276 10820 13130 27959 19357 15356 11849 1521 9119 7044 12150 2097 4057 8842 3041 6987 12490 2174 1913 2174 3363 6276 2744 1938 7742 3674 1649 2197 146 1147 2819 2175 3814 397 228 1947 931 1761 1020 326 274 1971 350 2000 2143 456 174 459 353 469 848 467 400 33 245 158 35
24 309 203 73 2507 3891 2337 860 337 543 1822 801 360 284 79 14240 26888 10920 12358 26912 23878 19824 12002 2080 8575 7855 16404 1938 5186 9781 4364 7116 12820 3553 2053 2156 2879 6314 3177 2084 8253 3762 2327 2339 422 962 2462 2864 4403 275 189 1710 1164 2155 968 307 267 2376 553 2166 2182 575 116 442 329 428 1003 564 302 30 275 159 56
21 332 141 69 2519 3175 2654 454 398 528 1869 523 400 271 82 12735 18519 12886 12174 29811 19568 11919 14166 812 8299 9302 11726 1902 3243 8808 3402 7277 13126 1597 1889 1982 3456 7999 2493 1786 9115 3431 1450 1924 184 987 2995 2044 4754 553 306 2025 1110 2000 1083 280 234 2504 361 2128 2129 489 195 580 507 425 1009 523 484 48 290 186 55
28 321 292 86 2731 4985 2019 1620 486 515 1998 1159 356 414 83 14946 35021 13543 14121 23649 24939 33044 8615 5506 7957 7587 22164 2772 5467 10728 5790 5811 12715 6819 2949 1875 4737 7576 5784 1623 6951 5341 4199 2616 524 1180 2765 3309 5744 392 436 2518 1224 3123 774 639 298 2294 686 2120 2725 1007 201 737 537 391 924 771 410 57 247 225 42
21 316 152 58 2450 3307 2670 548 359 593 1603 519 346 206 57 13806 21395 11359 11241 29381 21858 13975 15985 1132 8770 7284 11789 1813 4381 7822 3009 8754 12546 1886 1920 2118 2836 7318 2694 2450 8644 2798 1378 2190 172 965 2197 2297 3496 427 223 2008 954 1890 1090 186 314 1762 355 1961 1708 380 193 444 372 467 855 301 308 43 218 119 33
21 309 153 57 2539 3205 2463 572 351 567 1627 487 323 217 54 14416 22071 10936 12268 28480 19457 13915 13649 1270 8879 7705 11490 2301 3944 8157 2580 7702 12668 1791 1894 1997 3159 6715 2749 2167 7802 3299 1410 2268 107 1177 2186 1931 3545 381 214 1967 1084 1711 928 224 342 1692 290 1939 1799 365 186 428 413 425 780 336 298 44 201 123 25
17 276 94 42 2424 2159 2445 245 243 588 1235 278 268 119 38 14125 15391 7214 12696 29660 15195 6554 14763 342 9916 6333 6761 2168 3105 6561 1634 8439 9880 711 1348 2264 2496 4956 1263 2462 6793 1728 563 1765 79 1340 1990 1255 2114 246 121 1665 928 1040 902 77 407 1237 170 1643 1058 175 192 276 220 423 591 168 207 14 142 65 16
22 310 181 50 2723 3735 2322 777 450 612 1299 558 288 173 32 15561 25995 12408 14535 27510 21944 18752 12133 2019 9969 5425 11727 2663 4890 6789 3514 7844 9702 2501 2309 2173 4654 8117 3955 2317 6475 2420 1507 1799 248 1415 2114 2239 2610 454 413 2803 802 2024 808 178 409 961 248 1838 1419 320 322 595 276 439 443 210 316 19 144 55 10
17 268 100 36 2445 2287 2205 287 267 574 1013 271 227 97 25 14943 17161 8216 13360 28574 14755 7679 11861 451 10573 4953 6111 2529 3425 5798 1725 7498 7674 809 1531 2251 2474 5508 1633 2555 5393 1377 527 1504 86 1401 1809 1260 1667 353 134 1570 699 1064 622 69 455 788 131 1565 869 136 188 256 215 372 362 113 179 12 100 39 7
18 255 116 37 2624 2364 1829 377 288 565 957 312 219 101 26 15853 19649 7264 16861 25752 13511 8915 8636 704 10822 4330 6572 3013 3582 5955 1713 6520 6457 1059 1449 2134 3556 4885 1959 2420 4628 1344 647 1381 103 1571 2094 1282 1616 288 210 1852 674 1048 518 74 425 786 142 1606 850 141 197 297 172 395 311 148 205 3 118 28 11
22 287 186 45 2853 3489 1968 858 431 583 1156 497 260 152 33 16910 27782 10221 16635 26068 19096 18908 9252 2466 10360 4607 10378 3123 4592 6727 2523 6471 8163 2501 2176 2248 5253 6631 3824 2281 5422 2327 1222 1653 145 1570 2251 1919 2127 341 523 2852 728 1619 667 214 417 945 249 1736 1308 216 292 575 172 413 400 238 286 6 142 46 12
21 286 153 57 2492 2934 2185 600 297 533 1576 437 308 233 60 15792 22088 8600 12693 26143 16999 13541 11598 1464 8468 6824 9839 2530 3717 8627 2065 7102 12032 1659 1771 2154 2928 5092 2395 2108 7249 3835 1231 2336 65 1188 2137 1673 3216 282 193 1644 961 1414 882 395 352 1905 273 1887 1929 300 127 325 298 411 735 407 307 20 192 142 29
16 235 91 29 2596 1963 1600 252 253 544 756 219 150 80 9 17502 16761 7103 16915 23059 10652 6322 7501 380 10736 3298 4619 3556 2964 5179 1462 5808 5071 631 1718 2098 3096 4091 1466 2177 3138 1000 438 1226 69 1874 1564 764 1401 240 158 1920 582 839 284 56 511 285 41 1160 595 129 207 230 156 238 124 52 147 13 31 10 1
13 225 53 25 2195 1251 2067 103 166 559 797 114 160 46 23 14044 9863 4493 13030 26787 8853 2766 13084 107 9837 3931 3063 2497 1984 4660 583 8451 6936 206 857 2106 1843 3443 644 2704 4156 748 177 1369 6 1453 1361 513 819 255 71 1216 597 475 453 13 525 827 77 1285 392 30 163 144 123 264 311 59 83 3 78 27 10
13 241 51 27 2197 1288 2278 97 144 565 886 103 215 64 22 13924 9626 5300 11750 29364 9085 2778 14244 106 10127 4828 2852 2176 2010 4649 618 8411 7767 159 952 2300 1452 3028 580 2562 5618 1121 183 1335 6 1345 1658 574 1055 189 41 981 719 409 730 45 478 760 46 1546 752 50 97 122 100 357 358 84 128 0 101 27 9
16 261 85 35 2430 1975 2249 225 230 587 1052 206 214 103 26 15217 14615 7790 13397 28161 12776 6134 13342 352 9611 4666 4988 2662 2686 5788 1432 8651 9289 484 1556 2298 2468 4635 1238 2650 5327 1745 457 1826 47 1445 1686 818 1624 273 121 1651 675 848 581 92 475 898 83 1626 946 108 166 209 157 342 361 143 196 6 90 40 8
22 281 193 38 2943 3670 1771 930 456 608 933 472 193 126 12 18225 30326 11262 18178 23824 18361 20998 7830 2818 11036 3436 9356 3698 5257 5778 2712 6413 6334 2504 2604 2110 5499 7113 4426 2367 3721 1727 1245 1542 165 1840 1918 1641 1797 430 489 3183 545 1773 401 145 524 351 96 1384 920 214 360 515 178 341 151 94 246 15 47 19 0
12 199 47 19 2285 1175 1423 80 160 499 492 99 101 32 9 15434 9861 5153 15703 22647 6815 2393 6147 64 11012 2184 1997 3097 1876 3669 884 4943 3078 167 1148 2044 1903 3067 577 2047 1915 392 121 752 30 1801 1282 355 613 223 59 1254 412 492 166 9 530 268 34 861 230 33 197 134 41 176 93 27 45 2 36 6 2
12 197 52 14 2297 1217 1408 113 173 513 408 77 98 27 3 15610 10809 4773 15573 22328 6768 3034 6191 138 11101 1984 1815 3078 1947 2670 499 5200 2904 171 1161 2070 2176 3038 745 2248 2036 420 106 692 10 1827 1053 363 470 163 85 1456 376 347 208 17 550 95 11 800 256 27 176 134 45 198 36 12 70 1 17 2 0
16 252 90 30 2430 1951 2173 266 231 612 927 192 220 78 24 15468 15766 6096 13491 27468 12957 6603 13105 477 10216 4374 4983 2429 3190 4831 885 8946 8117 544 1356 2207 2523 4420 1319 2989 5429 1387 397 1595 14 1270 1730 1041 1190 238 154 1588 648 653 598 65 471 833 107 1751 792 67 131 255 133 397 327 103 157 4 117 33 9
17 249 104 32 2470 2223 1871 327 240 535 889 242 196 95 16 17085 18453 7814 14091 24897 12552 8249 9844 604 9904 3780 5293 3130 3311 5212 1612 6702 7163 771 1827 2284 2428 4307 1589 2346 4434 1599 512 1478 74 1524 1583 1024 1373 201 158 1514 621 793 539 108 489 513 64 1423 938 115 115 231 123 302 234 104 159 4 65 20 4
12 220 38 28 2081 893 2223 53 104 546 887 80 216 61 26 12742 7350 2668 11400 29443 6935 1392 14431 36 9410 4336 2117 2092 1547 5210 347 8986 7741 91 576 2342 1135 2250 274 2595 5491 1043 116 1468 7 1274 1754 439 1000 152 25 684 653 289 866 35 419 857 38 1411 620 41 67 90 105 381 417 82 117 3 120 35 11
14 244 68 23 2163 1773 2298 162 179 623 711 139 165 52 11 14561 12757 7083 11396 27473 13579 4979 15024 217 10164 3687 3564 2126 3301 3805 1091 9926 6044 323 1273 2255 1528 4234 953 3279 4455 799 239 1259 29 1285 1102 770 989 224 55 1336 548 573 557 29 563 383 40 1319 564 59 116 126 86 326 153 51 119 0 43 13 1
14 191 71 20 2395 1529 1136 174 182 417 454 146 68 38 6 17846 14639 5620 17088 19061 7629 4563 4091 226 9555 1767 2718 4269 2266 3997 1173 3447 2488 393 1507 2019 2523 2945 1007 1471 1246 350 205 736 50 1934 862 366 683 152 98 1395 378 540 78 19 424 179 32 564 189 45 135 116 75 95 55 24 36 3 6 3 1
13 232 61 17 2127 1531 2286 156 164 570 597 82 164 39 9 14410 11867 5579 10880 28859 11540 4549 15013 248 9708 3157 2494 2357 2713 2927 379 9186 5794 187 1179 2391 1489 3751 916 2787 4519 803 149 1027 3 1391 1059 608 576 203 69 1155 499 314 711 45 512 291 29 1123 553 7 102 116 42 309 179 35 93 0 54 11 1
10 196 28 17 1991 773 1895 28 94 545 541 57 131 26 9 12732 6044 3145 12077 26059 6042 892 11963 10 10186 3080 1478 2131 1460 3153 426 8394 4551 48 642 2161 1033 2083 185 2748 3375 363 54 819 15 1511 1217 329 534 114 19 811 490 254 388 6 531 351 22 1147 254 25 68 70 55 266 135 19 61 2 46 7 2
12 210 53 13 2114 1284 1882 124 200 571 432 64 97 30 2 14802 10546 4990 12578 24442 8181 3362 11733 178 10220 1649 1625 2707 2163 2502 425 8296 4410 133 1069 1978 1968 4121 934 2937 2610 609 110 966 4 1472 690 284 405 396 107 1473 224 420 294 28 623 72 5 831 380 23 236 109 32 188 32 13 75 1 5 0 0
15 238 78 27 2408 1816 1960 199 193 532 784 173 173 71 12 15993 14706 6509 14665 26290 12024 5449 10966 283 9866 3895 4080 3143 2773 4791 1155 7233 5968 437 1448 2224 2294 3672 1074 2270 4262 1068 321 1260 49 1586 1405 805 1249 208 93 1431 630 623 549 61 501 392 43 1230 690 86 136 150 118 241 197 63 115 5 59 15 2
12 181 51 15 2209 1170 1216 103 148 431 387 87 69 27 3 16624 11020 4475 15284 19721 6495 2827 5074 106 9486 1690 1812 3623 1885 3172 615 4109 2353 189 1123 2040 1883 2577 664 1665 1413 285 116 613 17 1840 796 293 545 152 68 1214 367 365 117 9 446 92 12 555 180 29 130 67 69 107 38 11 44 4 8 2 0
10 157 40 5 2079 966 1012 82 134 383 117 37 31 0 1 15591 9338 4172 15447 17768 5137 2354 4233 91 9077 426 705 3662 1515 928 332 3634 760 105 1034 1852 1960 2298 591 1479 515 0 0 171 7 1817 467 162 0 143 68 1131 82 145 56 0 391 29 7 228 0 0 143 66 0 58 14 0 0 0 2 0 0
9 191 26 10 1852 755 1929 33 139 525 345 35 75 13 3 12667 5470 3870 10489 25598 5424 1075 12738 19 9637 1658 908 2289 1223 2093 331 8335 3329 43 706 2160 1298 3362 310 2792 2049 246 33 664 4 1421 567 145 222 345 59 1042 251 275 289 3 593 95 6 567 158 7 225 77 27 127 58 10 30 0 9 1 0
12 190 48 18 2093 1088 1532 93 114 461 576 79 99 43 5 15624 9803 4326 13411 21351 6422 2434 8809 108 8744 2497 2023 3388 1576 3796 584 6344 5243 115 997 2058 1478 2060 438 2246 2391 872 136 1213 21 1432 858 290 639 117 35 909 460 351 251 39 475 175 10 929 375 37 65 65 58 157 81 21 58 1 21 7 0
11 202 39 16 2136 995 1810 62 138 521 503 69 123 27 7 14097 7974 3909 13663 25666 7207 1813 10366 48 9879 2761 1813 2792 1575 3064 433 7314 3930 105 843 2198 1776 2823 413 2519 3060 391 86 835 12 1580 1079 337 547 156 58 1121 433 295 384 8 510 226 19 939 308 20 131 125 47 239 118 25 63 2 31 4 1
15 255 78 27 2177 1903 2488 202 203 624 853 172 204 64 17 14296 13380 6733 10922 28907 15088 5725 16601 301 9779 4262 4612 2142 3327 4454 1028 10413 7586 432 1194 2375 1784 4579 1079 3049 5533 989 317 1449 32 1218 1299 969 1172 236 100 1481 559 674 787 39 507 582 72 1491 679 76 129 195 80 365 325 70 116 1 84 19 6
12 197 49 17 1962 1141 1921 95 133 492 522 89 119 27 9 14326 9529 3541 11428 24169 9140 2519 13496 96 8165 2276 2286 2782 2100 3354 431 8550 4712 176 842 2148 1411 2812 545 2704 3311 380 112 971 13 1296 823 474 528 145 50 939 362 370 433 7 514 302 34 884 288 24 66 84 50 193 142 23 47 0 36 8 2
13 209 55 23 2243 1288 1766 102 151 506 630 126 144 47 11 14711 11082 4542 14142 25589 8552 2849 9988 89 9857 2461 2756 2875 2016 4384 893 6934 4899 236 1002 2195 1811 3046 569 2280 3393 648 170 1082 41 1625 1379 507 788 217 55 1148 449 517 434 22 483 324 42 1020 471 59 137 122 63 266 164 40 103 3 38 12 1
11 208 43 12 2202 1150 1877 81 195 599 328 63 106 18 3 13300 8299 4524 14359 26542 8819 2554 10739 81 11972 1787 1434 2319 2001 2015 516 7748 2216 123 873 2146 2379 4187 629 2858 2378 187 74 415 8 1763 1109 366 360 308 131 1686 258 271 277 4 627 97 12 782 155 17 311 169 42 242 40 8 82 1 20 2 0
14 179 72 19 2090 1398 1337 193 126 435 535 119 71 47 5 16969 13874 4049 13356 17895 8351 4515 8044 308 8018 1953 2878 3786 2428 3944 603 5868 4585 317 1145 1746 1657 2228 744 2309 1773 700 223 1273 10 1388 643 330 811 103 48 932 416 399 119 34 482 180 18 698 304 52 58 55 75 104 59 31 40 5 8 3 0
9 193 22 14 1752 619 2140 23 74 539 497 31 140 23 7 11575 4669 2615 9127 27666 5107 719 15277 11 9406 2658 973 1748 1149 2756 169 9393 4779 23 487 2256 657 1836 156 2836 3978 420 38 894 0 1283 1003 232 406 120 12 563 372 118 590 10 510 228 12 990 284 11 72 38 55 286 146 6 77 3 42 12 0
13 193 62 16 2263 1329 1414 157 154 472 485 89 97 33 7 15680 12557 4656 15535 21595 7417 3995 7152 239 9664 2195 2206 3475 2087 3239 487 5603 4017 223 1024 1972 2233 2632 789 2102 2226 634 140 975 5 1723 1030 368 475 127 78 1169 380 347 211 28 483 238 28 857 313 17 118 114 38 170 87 26 58 1 23 8 0
9 183 23 13 1797 617 1848 23 84 555 461 36 109 20 5 11921 5069 2684 10201 24271 4317 660 12540 8 9927 2407 957 1885 1204 2447 277 8801 4679 35 555 1988 854 1794 180 3150 3082 446 27 930 7 1290 885 180 323 163 7 632 317 180 293 9 608 209 7 1006 265 13 105 58 32 229 64 17 59 0 26 3 0
11 142 46 9 1981 917 851 99 91 306 257 52 32 13 1 16232 10194 3193 15284 14703 4327 2389 3626 123 7029 906 1213 4334 1325 2235 357 2803 1998 117 989 1681 1517 1384 396 1177 647 258 59 520 8 1510 422 144 177 47 45 720 243 208 30 7 294 34 4 319 83 8 55 28 13 33 11 4 11 0 0 0 0
13 231 60 18 2115 1536 2259 134 171 577 608 115 143 28 9 14495 11539 5669 11087 28172 11863 3958 14867 160 9681 3332 3217 2473 2758 3253 716 9364 5553 277 1174 2322 1519 4055 811 2861 3919 498 139 1104 27 1417 988 668 486 294 48 1198 486 535 565 7 524 318 43 1056 352 26 136 121 71 268 162 29 78 0 38 5 2
10 212 24 21 1990 724 2199 21 108 572 630 45 169 39 15 12052 4820 3292 11454 28554 6199 699 14833 8 10340 3295 1136 1961 1239 3713 405 9392 4945 27 605 2272 1033 2825 207 2880 4208 411 47 880 5 1363 1555 302 869 229 19 877 450 222 578 14 531 487 16 1214 339 30 141 81 112 328 227 39 104 3 65 17 4
10 205 33 12 1794 946 2378 52 95 591 447 44 131 20 4 11874 6842 3428 8915 28271 9084 1694 18299 43 9310 2777 1449 1809 2048 2163 194 11320 4379 63 689 2301 816 2450 328 3339 4023 343 60 782 0 1227 782 392 421 113 20 786 393 183 620 6 560 134 6 995 299 13 68 55 28 286 107 18 51 0 31 0 1
14 211 77 14 2419 1688 1540 223 243 523 399 115 85 25 1 16866 14467 5959 16504 22467 10129 5732 7580 378 10393 1827 2658 3693 2596 2667 728 5846 2987 383 1340 2013 3368 4112 1280 2335 1940 369 164 768 24 1924 824 462 456 234 225 1960 299 498 192 11 542 35 4 691 240 28 254 184 46 138 18 7 49 2 6 0 0
13 201 62 16 2190 1421 1700 142 179 541 439 114 97 28 2 15109 12234 4429 14030 23487 9985 3790 9650 168 9953 1852 2535 2920 2625 2969 821 7516 3535 295 1077 2093 2165 3567 838 2844 2265 376 148 856 34 1561 825 480 507 201 95 1511 334 464 323 10 588 62 9 764 267 41 151 140 52 217 38 9 50 0 14 1 0
12 197 47 19 2068 1064 1738 91 114 507 629 77 123 43 9 14315 9296 3624 12645 23803 7286 2355 10533 98 9447 3198 2166 2782 1859 3776 389 7307 5688 136 818 2094 1448 2132 436 2504 3184 817 121 1192 5 1470 1072 352 727 79 52 837 514 277 335 34 514 331 22 1135 406 30 61 72 57 216 152 33 70 4 36 11 1
9 196 19 17 1814 545 2138 14 63 565 595 33 151 25 12 11691 3939 2420 9591 27663 4648 476 14922 3 9739 3465 933 1750 1030 3175 223 9723 5604 18 423 2250 742 1364 86 3019 4306 458 29 1004 4 1314 1109 201 509 49 13 532 547 115 542 7 514 460 12 1224 286 14 57 55 29 308 214 24 62 0 59 12 3
8 137 20 8 1896 492 815 20 94 361 205 26 37 8 2 13597 4545 2339 14755 15711 2323 565 2562 8 9484 976 490 3003 654 1890 240 2443 1047 24 604 1649 1421 1475 179 1232 576 96 19 320 4 1793 600 72 140 106 29 798 202 168 36 1 448 62 5 385 42 5 135 45 20 50 17 3 20 0 2 1 0
10 205 30 15 1865 858 2217 35 126 605 495 54 120 27 4 11830 5857 3498 10068 27443 7602 1126 15779 17 10277 2611 1409 1756 1624 2870 469 10280 4438 51 599 2205 1201 3148 273 3256 3317 423 66 951 16 1367 882 287 544 236 37 1089 351 302 488 9 626 142 6 903 299 22 180 82 72 259 66 18 86 3 18 2 0
9 193 24 12 1957 714 1984 23 105 546 380 42 120 15 4 11882 5085 3273 12037 27193 5940 761 13368 7 10257 2076 1074 2159 1241 2158 360 8671 3140 36 664 2296 1226 2435 194 2817 3135 204 35 496 12 1489 1036 291 319 152 28 976 337 208 459 3 558 142 10 911 185 13 119 79 27 253 64 6 64 0 31 4 0
8 191 13 15 1712 390 2274 6 59 580 509 19 160 22 9 10219 2686 1368 9004 28908 3779 206 16879 0 9689 2962 550 1535 791 2860 89 10818 4521 6 247 2253 660 1403 39 3229 4577 304 14 793 0 1157 1077 160 464 73 11 501 401 79 746 4 520 316 7 1167 259 10 52 42 57 352 174 14 62 5 67 8 2
10 196 28 17 1862 765 2025 33 80 558 539 47 150 31 9 11562 6039 2833 10454 27729 6296 1037 13087 17 10043 2760 1221 1758 1606 3179 338 9284 4644 48 545 2165 782 1826 221 2939 3975 498 51 950 6 1299 1160 296 560 91 12 638 408 165 651 16 532 304 13 1112 390 21 46 56 36 312 150 26 70 1 56 10 1
9 129 27 9 1822 595 806 35 65 328 225 37 41 10 2 13982 6574 1938 14457 14248 3145 909 3431 19 7851 1090 771 3386 1069 1966 263 3061 1354 52 638 1432 1063 1014 202 1267 775 116 29 367 5 1581 627 135 201 44 12 573 213 122 36 1 369 66 6 381 53 9 47 30 18 70 14 4 17 0 7 1 0
8 194 14 14 1746 452 2236 6 68 568 502 23 134 20 7 10891 2940 2364 9152 28264 3956 204 16328 0 9542 3108 648 1731 838 2640 207 10301 4668 7 435 2291 648 1852 54 3172 3950 314 13 822 3 1267 947 142 442 102 7 586 464 138 511 3 552 273 6 1068 270 16 71 36 54 260 116 13 69 1 34 8 0
11 167 45 10 1897 988 1361 100 106 472 324 42 73 21 2 14214 9467 2955 12270 19732 6455 2603 7580 136 9320 1552 1091 2659 1960 2032 216 6078 2846 85 749 1791 1295 1967 490 2496 1756 470 61 727 2 1415 682 265 310 76 53 883 251 142 217 25 558 65 5 634 201 5 74 48 24 184 27 11 43 0 10 0 0
10 181 30 15 2065 733 1546 36 105 513 448 56 119 20 8 12894 6354 2412 14235 23927 5162 998 8049 18 10538 2399 1391 2562 1279 2902 329 6301 3157 63 578 2012 1533 1954 213 2508 2715 283 49 713 14 1609 1212 302 364 127 29 941 398 232 336 5 521 269 21 946 193 14 110 113 35 259 115 21 47 0 45 3 2
9 150 28 8 1620 673 1409 45 66 417 271 23 62 15 1 12025 6262 2480 10124 19903 4889 1284 9145 41 7693 1043 633 2352 1287 1833 138 6901 2710 33 518 1757 701 1504 249 2378 1505 322 24 724 1 1233 531 120 180 68 11 525 182 98 264 16 485 40 2 476 218 5 35 19 13 127 9 4 31 0 2 0 0
11 224 39 16 2060 1035 2436 65 142 606 551 67 185 22 11 12274 7432 3523 11261 30627 9005 1950 17472 57 10244 3320 2011 1907 1818 2527 291 10733 5113 106 582 2460 1749 3062 372 2955 5108 395 74 729 5 1347 1318 572 410 151 83 1175 427 228 885 6 500 373 36 1314 296 11 143 163 29 369 210 26 74 1 92 3 5
9 180 25 11 1840 687 1843 30 95 498 355 35 104 15 4 12034 5330 2685 11375 25373 5751 934 12215 16 9248 1918 942 2321 1248 2095 266 8383 3016 42 550 2127 1143 2161 199 2626 2654 243 23 613 6 1410 866 222 236 118 31 790 317 173 463 9 505 143 10 753 216 8 80 65 20 210 53 10 50 0 24 2 0
11 126 46 9 1944 807 581 96 101 296 191 57 30 12 0 16343 10008 2123 15958 10908 3179 2000 1864 108 7425 709 995 4199 1268 2010 330 1892 918 138 770 1229 1748 1120 454 1060 461 123 57 322 9 1551 450 137 188 42 46 838 182 180 24 3 353 0 0 284 58 15 85 49 26 39 0 0 13 0 0 0 0
8 145 15 13 1733 358 1112 9 56 418 387 22 79 19 6 11919 3515 1424 11911 18591 1945 236 5027 2 9360 1963 514 2272 632 2992 141 4586 2693 9 369 1659 664 986 53 2021 1710 278 14 756 2 1434 889 77 324 74 12 397 335 115 151 5 490 199 6 713 181 12 51 24 47 163 70 14 37 2 16 3 1
9 185 19 17 1932 538 1774 12 52 506 528 41 155 15 16 11551 4445 1900 12466 26934 4439 391 10030 2 10254 3330 1092 2052 1075 3072 259 7081 3743 19 428 2272 610 1098 78 2406 3856 193 24 630 10 1491 1570 321 319 60 8 455 522 114 468 2 456 565 30 1224 143 6 27 41 30 305 226 18 36 0 94 6 9
8 125 23 5 1731 542 855 29 77 332 123 24 28 3 0 13296 5466 1962 13508 14752 3206 778 4022 16 7713 563 478 3106 957 1054 212 3360 769 34 609 1527 1213 1236 205 1453 544 35 13 180 6 1524 368 100 57 64 28 697 127 103 51 0 384 0 0 266 24 1 66 30 3 46 0 0 7 0 0 0 0
9 214 21 15 1711 657 2592 18 84 624 569 36 159 21 9 10716 4242 2782 7919 30536 6372 615 19584 7 9684 3928 1171 1344 1329 2651 208 12040 5269 21 389 2216 671 2326 135 3477 4953 358 34 1032 4 1148 923 287 478 149 10 661 507 174 759 4 553 330 14 1154 286 15 89 68 58 319 191 18 55 0 57 7 2
10 186 34 11 1891 867 1876 56 113 511 373 42 104 20 2 12440 7175 2994 11649 25488 6812 1640 12327 49 9114 1843 1223 2437 1543 2168 180 8535 3471 65 566 2158 1349 2572 354 2711 2737 327 57 724 0 1452 826 270 348 185 40 906 265 195 461 9 497 67 4 758 282 15 94 68 39 240 35 8 60 2 19 1 0
8 202 21 7 1826 707 2402 24 140 594 207 24 110 6 2 10566 4429 3582 9910 30875 6553 882 17856 12 10229 1225 591 1774 1278 1028 218 11228 1476 28 619 2372 1223 3837 288 3156 2784 46 15 193 2 1422 801 271 135 366 59 1107 157 115 716 1 507 60 6 618 83 3 174 100 17 307 36 2 43 0 28 1 0
8 143 24 4 1812 617 1024 36 101 427 124 16 29 4 0 12468 5631 2671 13141 17911 3523 1043 4195 29 9995 737 408 2527 1107 845 122 4107 873 25 635 1666 1419 1836 311 1903 664 64 13 222 0 1709 343 76 79 90 43 939 97 73 46 1 536 0 0 281 38 2 156 36 9 64 0 0 12 0 0 0 0
11 211 39 16 2011 1074 2108 62 142 596 484 68 134 29 6 12555 7968 3912 11687 27521 9018 1944 13648 45 10607 2745 1665 1974 2102 2843 538 9607 3699 114 717 2166 1427 3431 491 3142 3422 380 70 821 12 1417 1049 439 568 213 42 1159 401 315 542 18 567 203 17 952 294 29 176 109 59 287 115 19 69 1 37 4 1
8 159 20 8 1749 584 1398 21 83 422 269 23 47 11 1 12821 4536 3022 11502 20933 4224 712 7763 10 8924 1724 647 2650 1010 1801 208 5386 2086 21 560 1903 1021 1851 177 2008 1221 156 19 414 2 1519 471 93 256 101 22 754 299 129 101 4 454 40 3 450 92 8 82 30 38 81 11 2 28 1 0 0 0
9 219 18 18 1835 582 2527 13 62 580 652 33 197 21 17 10861 3930 2649 8929 32720 5367 484 17296 3 9787 4783 1046 1489 1131 3040 167 10355 5460 17 443 2398 493 1735 105 2918 5838 313 29 915 0 1190 1342 309 478 93 2 423 647 143 815 3 489 615 21 1437 277 9 24 42 41 343 341 25 55 0 100 10 9
9 171 23 13 1878 630 1613 23 66 468 410 39 98 14 8 12584 5329 2374 12011 23342 5026 702 10257 11 9201 2289 1066 2456 1239 2753 305 6845 3174 27 648 2085 779 1459 170 2439 2455 210 34 643 12 1442 953 231 265 83 12 579 413 132 312 6 498 271 18 777 131 0 62 27 32 191 125 10 38 0 32 6 2
8 104 22 6 1726 432 475 28 57 216 130 21 26 6 1 14010 5471 1459 15083 10416 1614 647 1123 17 6017 494 372 3823 542 1384 144 1233 570 28 547 1201 1136 707 154 537 350 65 14 173 1 1486 464 66 85 20 19 449 144 78 22 2 224 31 3 196 35 3 41 17 5 35 4 2 14 0 2 0 0
8 128 19 9 1663 414 984 20 51 333 280 22 50 10 4 12642 4242 1297 12610 16062 2499 506 5085 10 7486 1460 594 3045 676 2041 94 3818 2261 19 371 1518 922 792 99 1541 1140 175 19 481 0 1448 627 90 172 27 15 432 280 75 71 3 363 160 7 526 65 2 38 29 9 70 43 9 20 0 11 0 1
8 152 21 7 1635 538 1501 27 63 436 272 18 64 9 2 12221 4819 2210 10034 20555 3774 777 10488 19 8203 1348 612 2306 1026 1443 91 7093 3045 17 503 1890 808 1278 162 2296 1778 241 20 591 0 1345 515 127 109 57 19 498 228 80 259 5 460 60 4 577 113 0 47 23 9 133 49 4 24 0 8 1 0
9 168 25 11 1864 635 1536 32 74 501 371 32 95 15 5 11675 5296 2193 12476 23111 4923 976 8888 21 10094 2332 1010 2243 1268 2156 127 6664 2996 34 434 1981 1214 1369 135 2589 2410 226 35 604 0 1503 937 202 298 54 40 685 358 94 241 5 543 190 10 889 163 6 52 59 15 229 85 12 36 0 28 2 1
8 122 23 5 1457 515 1013 33 47 340 167 16 39 7 0 11484 5236 1830 9699 15767 3173 887 5908 26 6909 473 455 2236 972 1210 79 4889 1738 20 458 1562 598 931 141 1929 911 152 17 493 0 1116 386 91 71 41 9 372 86 68 128 4 451 0 0 325 100 3 23 15 2 86 0 0 14 0 0 0 0
11 151 49 6 1910 1070 1013 122 128 382 146 32 19 11 0 16245 10588 3546 13404 15413 6337 3258 4977 192 8199 620 646 3539 2056 1456 223 4069 812 74 968 1673 1617 2278 733 1712 419 104 50 238 0 1482 182 75 236 111 77 1089 142 113 31 10 437 0 0 149 57 4 123 19 27 21 0 0 10 0 0 0 0
8 147 20 8 1711 497 1300 22 76 447 250 22 65 10 2 11409 4346 1832 12231 19761 3474 633 7427 11 9101 1171 537 2412 937 1720 131 6140 2072 22 375 1630 1141 1383 146 2370 1585 174 17 479 2 1406 620 119 156 93 28 702 198 109 200 5 538 64 4 541 122 4 87 37 15 148 35 4 28 0 7 1 0
8 130 20 8 1567 467 1156 20 51 405 253 24 44 12 0 11699 4771 1442 11078 15986 3121 516 7828 10 7830 1020 599 2435 994 1683 184 5993 2570 15 465 1475 653 1005 102 2312 1144 231 25 626 6 1302 483 92 186 53 7 474 186 115 73 5 506 0 0 467 114 8 40 12 21 97 0 0 23 1 0 0 0
8 218 14 14 1777 489 2659 9 79 641 545 20 167 17 10 9841 2921 2777 8312 33007 4512 347 19499 2 10398 4273 684 1261 903 2327 113 11870 4827 6 415 2335 603 2289 106 3605 5237 262 22 783 0 1140 1060 190 411 177 14 612 567 98 697 3 556 382 10 1289 229 2 74 41 77 376 203 10 69 2 67 11 2
8 164 17 11 1745 488 1598 14 66 480 356 24 86 12 6 11470 3917 2130 10963 23081 3744 456 10125 4 9496 1952 663 2119 900 2279 147 7015 3008 17 431 1939 812 1463 114 2578 2245 141 18 617 0 1431 745 162 280 79 11 641 346 118 284 2 533 209 10 710 109 6 67 39 35 179 98 8 18 0 24 4 1
8 109 21 7 1645 448 573 23 62 191 153 24 19 9 0 14309 5168 1760 13040 11909 1978 585 1686 11 5068 597 424 3824 495 1803 215 1289 684 23 491 1476 1026 906 134 516 305 85 23 204 4 1234 278 50 155 51 22 425 206 110 18 2 137 0 0 117 31 6 44 21 14 4 0 0 6 1 0 0 0
9 127 30 6 1840 646 686 45 91 318 128 36 30 3 0 14301 7022 2348 14328 13642 2942 1174 2012 29 8075 515 619 3290 1089 1263 294 2262 584 69 647 1506 1481 1312 261 1115 468 35 16 166 11 1585 474 121 52 65 41 759 115 135 26 0 408 0 0 242 16 1 90 53 2 54 0 0 10 0 0 0 0
8 164 19 9 1722 552 1575 17 86 502 284 25 70 13 1 11102 4372 2296 10516 23551 4265 567 8992 5 10268 1626 624 1880 1135 1876 221 6887 2159 20 441 1945 916 2051 146 2594 1800 175 22 471 3 1479 620 136 271 152 21 753 261 142 223 3 571 35 1 577 135 11 120 37 43 169 13 4 48 1 1 0 0
