39 372 542 199 1479 7915 2232 3904 592 213 3985 3460 526 1422 353 5188 28178 20287 2673 15436 38745 69398 9417 16972 1419 15786 58343 298 3768 12270 15219 2619 22365 25726 1855 663 1966 9873 9623 220 10921 14725 18316 2000 2544 92 1563 6992 18652 527 447 996 1483 6940 929 2888 12 8918 3790 1024 6456 5233 71 735 1908 82 2976 4464 622 434 353 1541 343
40 388 597 183 1560 8788 2328 4768 738 249 3746 3563 561 1256 293 5443 31547 22546 2966 15846 42789 84752 9561 23516 1739 15269 60759 396 4406 10886 15215 3099 21282 30618 2177 735 2693 11935 13093 319 11340 13580 18506 2240 2451 133 1613 8252 16519 636 777 1360 1424 7721 1087 2610 21 7373 3733 1233 6321 4450 97 1260 1681 139 2880 3680 698 397 403 1144 285
33 366 367 161 1890 6132 2393 2101 502 287 3574 2025 501 1024 306 7984 27222 18101 5350 20020 32336 42837 10756 7277 2934 15382 37545 725 3658 13044 10073 3711 21634 11286 2111 1130 2652 8938 6326 466 10858 11699 9292 2336 1101 217 2258 4785 14618 527 358 1197 1722 4843 878 2058 24 8491 2182 1531 5044 2708 80 644 1397 151 2785 3228 634 228 335 1235 325
37 389 516 150 1958 8110 2418 3898 795 343 3182 2707 561 952 213 8053 34281 22182 5574 19153 40272 73472 10440 18415 3207 12576 47370 669 5393 10696 12284 4319 18830 21946 2623 1183 4410 12668 12846 622 11224 10751 12992 2324 1592 223 2388 7220 12538 737 1059 2127 1391 6760 1290 1988 34 5429 2399 1760 5538 2978 126 1449 1218 246 2184 2641 926 178 464 731 185
41 354 629 191 1922 8254 1780 5237 698 269 3482 3698 514 1424 301 7913 38358 19097 5792 15331 33306 83618 6349 27568 2789 11752 56422 603 4685 13411 14708 2642 17470 32212 2655 984 4268 9153 12447 396 8811 14138 20801 2232 2381 180 2534 7263 16238 464 909 1772 1449 7004 766 3509 25 7035 3526 1527 6170 5025 107 1291 1527 165 2282 4346 935 381 390 1259 262
47 356 837 244 1358 9989 1580 8042 753 170 3913 5763 484 2013 397 4286 33071 22742 2968 10165 36409 118958 4809 48151 1235 12432 77289 319 3702 11316 22404 1529 17068 60104 2280 492 3070 9351 16627 200 7756 17118 35867 1759 4914 104 1458 8696 22125 435 930 1228 1187 9570 613 5169 12 8320 6023 863 7151 8796 53 1147 1943 81 2594 6313 661 825 290 1840 363
37 370 493 173 1809 7425 2131 3484 632 296 3583 2798 524 1207 281 7432 31440 20266 5283 17103 33424 63707 8516 15321 2951 13998 48211 560 4612 12682 12409 3196 20176 19938 2203 944 3084 9779 9539 483 10359 13328 14710 2378 1604 198 2246 6186 15399 568 589 1545 1433 6572 921 2586 26 7154 2688 1525 6011 3911 127 977 1567 171 2557 3534 721 360 389 1120 273
32 371 356 140 2043 6069 2487 2028 571 360 3240 1883 525 830 219 8969 28278 17915 6438 21511 32448 41101 11764 6905 3942 14270 36327 856 4305 12088 9016 4445 20444 10768 2135 1268 3475 9498 6720 775 11501 9735 8354 2396 961 311 2324 5097 12167 497 604 1819 1708 4884 1106 1302 60 6236 1785 1864 4824 2462 139 939 1166 249 2362 2240 670 234 396 735 214
35 385 447 148 1914 7369 2573 3063 602 316 3405 2332 556 898 252 7386 31817 21123 4806 21212 39587 60692 12090 13163 2848 14542 45624 546 4767 11900 10346 4231 21390 16393 2404 1176 2886 10584 9095 530 12175 10650 11024 2404 1040 180 2172 6714 12677 564 457 1435 1726 5729 1309 1554 20 6810 2605 1548 5453 2585 115 867 1286 180 2695 2645 651 196 439 903 252
35 383 437 158 1918 7101 2427 2851 707 302 3375 2429 566 1010 255 7260 29808 20566 5638 19713 35453 55563 10538 11392 2841 13669 42572 494 4097 11522 11749 3919 19949 16136 2327 1101 3939 11635 9473 453 11599 11248 11551 2131 1392 158 2510 6199 13861 737 878 1824 1433 6385 1204 1841 22 6574 2479 1640 5547 3228 101 1327 1276 187 2407 2893 909 273 460 956 219
36 369 468 162 2069 7241 2146 3208 692 334 3274 2609 508 1070 253 8347 33225 20084 7105 18295 33685 60110 8893 13450 3848 12333 44024 799 4535 12205 12367 3703 18551 18627 2676 1109 4641 10513 9967 697 9475 11031 12608 2312 1590 316 2785 5824 14285 599 818 2131 1406 6204 844 2202 43 6443 2477 1838 5145 3371 179 1303 1386 258 1969 3094 911 282 403 1019 185
32 361 376 120 2301 6203 2422 2349 661 450 2698 1771 484 691 149 10782 33510 16345 8359 22743 33263 45878 11582 9004 5450 10356 32743 1247 5361 11474 8170 5561 17366 11665 2434 1503 4536 10748 8366 1229 10147 8225 7484 2494 905 515 2561 4967 9367 705 819 2613 1280 4971 1074 1291 131 4082 1359 2112 4247 1874 275 1105 1012 410 1487 1616 814 172 362 507 83
29 348 303 103 2484 5422 2491 1610 532 497 2350 1419 454 513 112 11977 31646 14990 10899 25132 31930 34320 12642 5021 6601 9370 27055 1553 5566 10845 7486 6579 15456 7942 2426 1871 4601 9257 5843 1639 9653 5659 5250 2397 826 717 2834 4572 7811 534 513 2519 1303 3756 1192 642 180 3100 1044 2214 3330 1537 176 941 757 434 1233 1000 587 118 336 308 63
30 357 345 90 2623 6145 2347 2133 641 554 2120 1416 403 429 82 13234 36981 17707 12021 24192 32201 45185 10925 8146 7733 8723 27486 1897 6890 9435 7260 6581 13873 9582 3148 1845 5163 10346 8523 1729 8573 5204 5269 2401 714 990 2616 4591 6352 619 694 2978 1259 4244 916 574 284 2392 869 2301 2860 1138 305 934 650 443 963 791 581 88 258 191 43
17 304 91 45 2355 2297 2920 223 237 586 1425 292 334 112 53 12861 14572 8367 10832 33674 18134 6411 18163 290 8902 8907 7879 1819 3334 6474 1745 9503 11015 698 1395 2579 1812 5454 1223 2347 9195 1577 503 1582 94 1072 2112 1738 2196 315 68 1306 1279 1108 1146 63 312 1849 260 2132 1038 168 94 285 266 417 885 194 184 9 232 58 43
18 295 97 56 2437 2166 2576 248 258 554 1579 311 377 186 71 13454 14576 7466 12304 31435 14606 6413 14474 352 9103 7643 7326 1752 2623 8056 1710 8228 11841 719 1241 2423 2520 5119 1204 2129 8848 2616 703 1936 66 925 2781 1467 3069 424 132 1508 1046 1061 1265 171 231 2245 239 2113 1612 249 150 391 300 469 937 342 385 23 285 150 46
30 345 358 77 2849 6089 2137 2377 695 573 1788 1276 369 341 66 15148 40131 16168 14482 23818 30789 47954 8959 10114 8794 7335 24606 2511 6750 8595 5960 5881 11136 9344 3206 2046 7040 9995 9285 1946 7151 4235 4579 2116 522 1169 2581 4297 4930 620 1087 3916 1058 3612 831 456 288 1813 761 2209 2352 807 349 1170 455 464 779 621 507 36 240 130 35
17 280 90 46 2530 2144 2302 210 271 590 1252 283 271 154 33 13912 14450 8375 14734 29722 14612 5888 11843 256 10918 6330 6406 2288 2997 7120 1994 7316 8618 595 1321 2320 2885 5371 1184 2336 6073 1780 616 1411 97 1519 2427 1175 2957 419 130 1885 966 1127 660 110 445 1027 132 1827 1188 286 255 359 347 405 397 184 299 38 116 59 7
27 335 277 74 2749 5181 2350 1512 504 572 1783 1040 369 309 64 14347 34420 14822 13995 26560 29942 33983 11142 5018 8804 7377 20890 2310 6199 8817 5603 6835 11765 6246 2936 2187 4999 8626 5855 2091 7765 3714 3360 2242 480 1100 2472 3860 4770 473 466 2914 1191 2971 1028 364 292 1836 613 2127 2292 737 240 789 448 455 828 515 350 47 252 136 34
19 294 122 49 2552 2570 2442 373 401 607 1302 398 309 159 39 14456 17470 8266 13378 29436 16634 8915 13566 615 10050 5394 8459 2199 3176 7119 2349 8376 9906 1220 1460 2267 3937 7613 2078 2552 6855 2128 947 1759 166 1199 2318 1562 2530 554 385 2498 785 1611 920 121 369 1168 205 1849 1282 269 334 637 307 488 523 217 392 31 155 69 16
16 261 77 43 2327 1705 2434 173 183 582 1254 221 295 117 49 13539 12705 4673 12263 30543 12988 4376 14846 211 9640 6086 5552 1878 2706 6909 967 8970 10019 443 916 2520 1939 3694 819 2619 7445 1647 456 1713 33 1123 2278 1123 2068 231 69 1177 947 658 951 63 338 1577 166 1954 1022 128 129 234 198 461 706 189 212 17 207 87 27
9 204 17 19 2079 496 1914 10 106 561 600 27 162 35 12 11466 3289 2566 13345 28624 3517 340 10388 2 11667 3910 682 1973 646 3323 215 7167 4394 7 383 2379 1241 2307 101 2606 3946 439 30 676 1 1650 1749 136 753 205 21 877 537 153 369 8 499 461 7 1323 300 17 153 85 116 330 140 29 139 10 65 12 3
16 296 76 44 2381 1818 2838 161 322 605 1272 228 353 125 46 12109 11381 6803 11827 34524 13109 4252 17044 164 9713 6295 5184 1593 2302 6421 1427 9649 9884 464 902 2486 2910 6979 1161 2456 8612 1782 420 1544 66 990 2537 1075 2079 636 220 1827 736 1109 1357 89 277 1437 143 1916 1250 153 232 462 253 511 621 197 401 14 244 91 19
25 328 234 66 2729 4436 2359 1144 549 597 1646 841 346 268 47 15531 29807 13023 13304 25943 24834 25394 12047 3328 8705 6571 16783 2446 5302 8176 4655 7628 11969 4501 2685 2177 5186 9278 5239 2180 7501 3665 2520 2323 408 1137 2304 2892 3863 526 655 3155 982 2854 991 334 370 1325 395 2044 2168 626 300 852 442 452 663 391 423 40 179 90 17
12 224 38 28 2225 939 2048 52 119 551 863 84 212 56 28 13196 7293 3816 13099 29323 6373 1493 11511 31 10333 4260 2010 2257 1413 5055 601 7761 7035 101 762 2574 1470 2310 307 2485 5182 1010 102 1321 19 1426 1840 407 855 147 48 849 761 322 667 40 448 913 49 1612 587 26 77 114 76 356 429 75 113 2 119 36 14
18 262 110 43 2535 2332 2007 324 260 584 1160 328 221 132 32 15919 18041 7776 14734 25822 14292 8128 10570 526 10459 5152 7346 2798 3515 6923 1989 7214 8691 965 1560 2319 2945 4681 1502 2534 4989 1749 738 1754 94 1473 1931 1189 2286 256 170 1861 836 1128 477 88 472 1067 173 1726 936 238 194 288 231 342 385 143 213 23 104 62 10
17 244 102 34 2732 2233 1589 287 285 509 821 289 140 91 13 17759 18399 8388 18242 24004 12154 7559 6528 408 10694 3584 5600 4083 2998 6092 2257 4926 4835 890 1972 2346 3728 4843 1658 1760 2600 986 552 1123 134 2125 1615 806 1624 270 207 2112 721 1136 226 54 506 388 70 1037 575 168 262 281 180 175 136 80 118 9 22 14 1
13 217 53 25 2397 1315 1693 92 186 489 689 124 114 59 11 15480 10602 5529 15863 25550 8433 2687 8154 77 10135 3430 2718 3503 1794 4906 1052 5585 4812 198 1252 2366 2179 3781 652 1931 2380 718 191 1054 37 1953 1379 376 1157 296 67 1388 652 670 159 25 460 353 33 944 386 78 190 143 145 154 108 59 92 8 19 9 0
17 272 110 26 2471 2557 2462 378 379 668 705 221 166 74 7 14632 18084 8047 13540 29718 19188 10266 15121 783 10930 3217 4648 2531 4267 3938 1531 10020 5600 806 1528 2431 3644 7759 2681 3092 4247 988 474 1093 50 1585 1208 928 1358 682 390 2719 457 870 617 74 596 223 35 1121 667 93 415 295 186 329 119 43 188 12 35 10 0
12 233 34 32 2076 867 2363 37 74 565 1036 85 256 59 39 12253 6770 2840 10992 30866 6898 1075 14849 15 9967 5868 2354 1742 1508 5607 402 9065 8640 73 540 2488 689 1750 180 2765 6741 983 111 1476 10 1154 1999 521 1073 76 3 495 836 253 906 16 365 1327 61 1836 634 39 27 56 101 423 612 96 85 4 189 43 27
9 201 14 22 1968 425 2011 7 55 560 691 23 191 31 23 11343 3143 1831 11641 28853 3535 254 11776 0 10952 4288 606 1631 808 4019 157 8194 5133 10 346 2376 591 1277 42 2741 4609 375 12 946 1 1388 1752 211 679 94 8 475 672 75 673 10 471 785 12 1385 287 11 70 41 92 363 343 32 70 2 105 25 11
14 233 66 25 2443 1553 1869 145 214 571 742 150 153 57 12 15590 12228 5638 15618 26176 10267 3935 9514 167 10933 4224 3679 3004 2421 4284 991 6929 5463 325 1197 2298 2718 3927 879 2474 3604 798 247 1121 43 1768 1492 597 1088 219 136 1688 714 580 299 30 524 441 46 1317 485 73 177 218 141 261 156 50 124 3 44 16 1
16 226 92 28 2573 1920 1492 271 214 500 750 199 146 77 13 17389 17384 6384 17494 22807 10298 6698 6265 467 10561 3498 4454 3668 2891 5466 1083 4959 4578 594 1495 2170 2894 3524 1289 1931 2920 972 403 1172 36 1877 1406 802 1347 186 131 1577 755 745 344 64 501 374 67 1068 590 94 160 155 159 236 177 60 100 16 40 17 2
12 254 34 32 2195 978 2629 34 130 607 1024 85 266 68 33 11673 6428 3745 11515 34205 8436 1121 16180 12 10654 6648 2241 1641 1612 4976 577 9461 7964 61 664 2539 1218 3140 288 2743 7139 888 112 1112 19 1309 2128 566 1475 261 25 909 970 320 859 24 390 1203 55 1872 640 53 126 93 212 460 479 72 219 13 148 63 11
12 207 42 24 2139 1025 1867 61 129 550 692 90 151 57 12 13611 8480 3650 12844 26124 7445 1690 11156 44 10137 3099 2075 2343 1854 4572 701 7943 5555 103 748 2414 1487 2608 392 2732 3573 808 128 1185 27 1490 1347 368 991 212 52 987 579 365 466 39 541 435 27 1168 517 59 142 72 97 286 146 41 136 9 45 16 2
12 204 44 22 2149 1055 1869 71 139 532 643 86 134 55 8 13901 8723 3297 13359 25454 8119 1958 11420 55 9665 3124 2017 2734 1886 4363 520 8051 5077 127 754 2313 1662 2874 430 2655 3233 729 134 1113 9 1494 1140 398 1101 158 61 1150 641 351 470 31 549 242 17 1009 469 64 121 99 146 226 129 37 82 12 27 9 0
13 201 67 11 2458 1512 1396 183 243 531 298 85 58 18 0 16622 13429 5470 17589 21604 8638 4772 6471 298 10837 1324 1854 3798 2546 2237 589 5681 1987 258 1357 2211 3369 4048 1265 2321 1241 204 113 516 17 1999 644 310 320 304 209 2033 284 450 115 9 562 0 0 489 136 20 294 120 55 100 0 0 36 0 0 0 0
14 227 68 23 2410 1575 1833 163 203 551 656 135 157 57 9 15233 12935 5460 15290 26476 10414 4434 9425 221 11048 3259 3224 2885 2572 4039 760 6541 4675 310 1178 2449 2447 3961 937 2298 3583 730 254 907 22 1817 1598 659 1072 252 111 1491 586 522 346 35 519 301 34 1247 502 64 197 183 126 276 119 39 152 9 39 13 0
9 206 20 16 1942 609 2114 17 109 541 553 32 134 25 10 12041 4185 3093 10898 29218 4753 574 12859 5 10225 3728 895 2037 956 2980 235 8112 4436 20 546 2427 1046 2726 177 2649 3655 347 35 807 2 1517 1104 183 557 252 26 779 562 207 419 7 509 370 11 1076 266 11 103 69 95 252 161 19 68 2 41 13 1
13 258 52 26 2264 1386 2470 92 234 658 848 120 197 56 18 12989 9045 6132 12145 31166 10001 2753 14522 78 11320 4832 3012 1919 2072 4278 875 9590 7215 205 1001 2482 2207 5160 789 3145 5208 933 164 1285 31 1355 1431 557 1080 444 111 1694 666 655 584 34 566 648 56 1541 551 56 296 224 164 356 270 58 185 4 65 25 4
14 195 74 17 2325 1587 1337 197 174 502 418 134 91 29 4 16944 15195 4835 15861 20368 9242 5104 6246 292 10656 1883 2736 3334 3003 3225 869 5153 2555 405 1230 2010 2214 2944 988 2262 1856 280 181 678 37 1754 913 579 533 194 91 1452 434 479 198 8 542 120 24 771 216 32 142 110 75 169 51 18 53 3 10 1 0
14 212 66 25 2241 1361 1790 155 164 562 753 131 157 65 13 14720 12267 3672 13759 24511 8916 3644 10412 210 10354 3100 3299 2672 2403 4770 528 7675 6296 282 869 2228 1943 3079 728 2770 3763 1057 255 1493 12 1440 1390 573 983 172 77 1236 584 516 436 46 524 446 39 1288 588 70 148 123 127 295 195 62 120 6 55 17 2
11 217 35 20 2212 894 1947 48 151 567 646 64 164 43 10 13670 6816 3582 13629 27763 6096 1361 10538 30 10956 3831 1704 2380 1351 3560 337 7448 4918 76 751 2421 1768 2980 356 2600 4046 645 92 925 4 1631 1525 326 804 261 60 1148 593 336 454 20 500 345 15 1322 442 40 143 116 120 319 154 35 135 5 56 11 2
14 228 65 26 2371 1432 1945 149 183 546 776 139 195 55 21 14886 11898 4054 15006 27129 10062 3701 10740 191 10548 4215 3588 2767 2232 4545 566 6979 5861 306 888 2400 2458 3143 800 2374 4683 782 239 1078 9 1623 1728 779 952 160 109 1434 702 448 608 24 457 686 81 1394 504 46 138 205 107 342 335 68 104 6 103 21 10
11 210 32 23 2182 841 1914 34 120 539 685 72 167 42 17 12597 6531 3183 13894 28540 6270 1031 10446 11 10852 3837 1758 2280 1425 4147 508 7137 5029 66 594 2437 1465 2547 253 2446 3980 537 84 857 18 1664 1750 374 841 207 25 907 642 289 450 12 490 596 33 1333 349 31 122 111 117 312 214 43 124 6 69 22 4
15 215 83 22 2268 1780 1785 233 183 536 628 161 118 58 3 16315 15519 5525 13727 23148 12058 6027 10723 367 9486 2423 3747 3247 3111 4179 993 7611 5334 493 1259 2239 2192 3554 1060 2722 2830 903 287 1287 40 1519 919 554 996 217 104 1442 472 569 390 55 530 108 9 928 560 81 146 128 85 222 50 23 97 8 16 2 0
13 216 66 12 2389 1607 1709 173 236 580 359 94 77 19 0 15316 12946 6056 16201 25276 10622 4922 8177 258 11576 1884 2298 3165 2728 2220 657 6697 2525 286 1325 2305 2935 4601 1189 2653 1734 245 119 584 22 1895 765 403 385 325 173 2059 344 469 188 7 615 0 0 705 183 21 300 151 62 142 0 0 55 2 0 0 0
10 199 25 20 2043 617 1868 27 97 525 664 43 158 33 17 12904 4949 2169 12805 26785 4352 728 10768 13 10291 3880 1217 2284 982 3759 211 7393 5372 36 483 2280 1226 1878 188 2357 4026 595 49 982 2 1567 1457 217 536 138 27 698 672 179 454 16 484 580 22 1305 316 12 99 73 90 280 267 33 92 0 69 22 5
16 264 92 28 2473 2268 2283 252 290 601 786 231 163 70 7 14863 16305 8919 14106 29567 16024 7372 12798 361 10396 3898 5199 2934 3489 4494 1834 8567 6177 688 1581 2576 2865 6292 1619 2688 3970 903 414 1170 96 1670 1447 948 1437 446 188 2076 581 1011 445 42 562 217 43 1272 559 124 237 276 168 267 111 38 146 10 32 3 1
16 224 103 17 2478 2163 1718 366 235 548 497 153 115 38 3 17286 19441 6890 15668 23717 13498 9098 9818 810 10033 1906 3795 3528 3783 3078 814 7255 4253 611 1728 2341 2841 4283 1788 2609 2630 609 269 964 15 1666 1051 748 650 227 158 1756 344 524 326 27 551 83 19 967 417 48 137 181 54 238 40 16 88 3 16 2 0
11 226 37 18 2109 996 2300 58 184 607 576 58 160 43 6 11954 7018 4138 11812 31124 7511 1763 14441 49 11002 2847 1455 1940 1570 3171 390 9505 4985 72 643 2350 1831 4214 494 2955 4086 646 93 913 4 1530 1298 304 747 456 100 1355 455 368 646 31 573 192 8 1092 492 36 248 112 116 322 107 22 154 6 39 9 0
12 197 51 15 2179 1263 1602 101 153 496 396 91 101 25 3 14733 10887 4783 14429 24289 8531 2970 8135 97 9954 1823 1937 2978 2258 2796 674 6384 2669 202 1092 2250 1772 3128 684 2376 2076 260 109 668 24 1597 1036 442 519 220 57 1191 304 367 389 8 534 85 14 687 267 24 109 99 54 217 36 11 56 5 18 1 0
14 213 67 24 2282 1457 1666 158 164 487 708 136 138 58 12 15622 12903 4920 14386 25018 9043 3933 8108 209 9838 3298 3450 3098 2337 4818 699 5835 5239 310 1081 2259 1819 3172 801 2092 3150 819 256 1169 10 1663 1371 587 995 214 61 1060 623 509 313 26 468 394 47 1097 490 68 111 120 149 223 164 47 86 10 41 17 1
9 216 25 11 1863 787 2526 31 121 620 421 35 139 12 6 11013 5319 3575 9469 31769 7103 1064 18101 18 10234 3060 1171 1617 1481 1760 163 11384 3801 41 596 2477 984 3232 294 3349 4094 183 30 626 0 1389 909 330 246 260 35 984 426 189 729 2 530 214 16 1011 201 6 103 85 49 326 124 8 40 0 51 4 1
13 237 52 26 2196 1304 2394 93 144 584 826 116 213 61 16 12669 10081 4161 11901 31557 10778 2615 15512 84 10004 4417 3130 1967 2391 4473 627 9663 6912 186 838 2626 1437 3201 528 2710 5733 902 192 1191 19 1385 1629 720 1178 223 45 991 751 402 829 30 479 557 42 1497 654 71 99 132 121 370 281 60 134 6 96 21 4
11 194 36 19 2067 873 1646 53 106 472 611 64 122 37 11 13833 7377 3315 13328 24583 5869 1472 8639 38 9844 3572 1769 2822 1392 3833 349 5784 4714 88 625 2263 1338 2038 317 2105 3027 599 74 914 3 1655 1285 284 679 127 28 759 572 256 279 22 458 400 27 1061 309 35 76 68 89 221 155 25 72 2 46 14 2
9 176 26 10 1956 666 1584 32 128 497 322 36 82 14 2 13011 5271 2707 13120 23691 4590 914 8903 20 10054 1738 935 2603 1059 1922 257 6493 2653 34 572 2147 1708 2459 247 2384 1964 227 38 530 10 1668 802 149 233 228 64 1035 276 193 275 6 506 70 4 704 167 7 153 92 30 171 36 6 50 0 10 1 0
10 164 33 12 1820 728 1543 49 95 477 406 49 76 19 3 12734 6864 1993 11808 21372 5352 1221 9995 36 8757 1817 1333 2533 1383 2575 226 7505 3949 65 453 2051 1263 1795 248 2602 2045 396 61 941 11 1340 640 191 317 106 34 792 357 213 267 8 552 98 7 723 189 9 80 67 35 147 69 8 28 2 12 3 0
11 220 34 21 1981 987 2331 40 135 606 661 69 141 48 8 11631 6673 4264 10816 29973 8583 1377 15408 19 10247 3435 1739 1836 1820 3977 625 10188 5755 68 667 2336 1260 3451 312 3183 3827 617 80 1206 20 1440 1069 322 1045 293 42 1120 505 370 554 28 577 285 19 1038 457 45 155 88 138 283 129 29 93 14 29 8 0
11 170 45 10 1918 1049 1317 92 122 454 299 57 54 15 1 15137 9623 3690 12628 18978 6618 2517 7003 105 9227 1506 1403 2935 2014 2096 389 5458 2375 121 887 1830 1295 2451 556 2248 1254 232 69 597 9 1522 572 239 271 141 40 955 229 243 95 5 551 36 4 540 122 12 124 52 49 93 9 4 26 1 4 0 0
11 238 28 27 2141 757 2557 30 85 580 921 64 266 34 37 11365 5722 2483 11518 34632 6375 894 16479 15 10061 5936 1966 1578 1261 4409 237 9886 7650 51 488 2716 919 1972 191 2609 7245 583 68 1152 0 1262 2145 503 603 132 11 568 876 195 1032 10 360 1297 70 1855 399 9 48 97 67 434 616 46 85 0 203 32 29
9 144 30 6 1917 702 1012 50 108 361 162 28 36 4 2 14752 6975 2632 13759 17334 3913 1352 4566 45 8412 662 564 3345 1125 1375 193 3613 1140 52 830 1901 1492 1881 386 1424 734 74 16 317 1 1718 431 118 52 154 36 829 166 162 60 0 367 57 8 319 38 0 101 44 4 48 24 4 8 0 4 0 0
12 193 56 10 2201 1304 1587 140 147 494 331 65 97 10 5 15024 11936 4126 14734 24001 8813 3769 8550 210 10044 2009 1907 3062 2375 1756 239 6247 2604 180 1053 2310 1923 2814 781 2321 2362 167 60 462 0 1703 912 515 189 132 68 1172 378 226 300 0 507 160 29 815 110 5 75 104 24 230 88 8 27 0 33 2 1
12 192 47 19 2128 1088 1574 83 138 523 544 89 102 43 5 14338 9255 3321 14321 22694 7563 2301 8451 75 10060 2859 2094 2920 2080 3738 619 6809 3932 144 672 2055 1897 2525 433 2647 2458 593 131 882 22 1516 1022 337 771 177 65 1224 537 346 241 28 569 189 14 935 289 49 118 118 104 198 84 23 66 6 20 2 1
12 215 44 22 2181 1090 1940 78 128 529 683 81 168 44 17 13890 8887 3720 13539 27223 7815 2221 11133 77 10276 3919 2161 2483 1845 3872 430 7301 5419 123 796 2436 1506 2550 467 2342 4266 655 123 918 2 1658 1535 506 771 154 40 944 643 313 491 25 464 585 42 1328 407 25 92 100 89 300 260 53 91 2 75 17 6
12 202 49 17 2133 1186 1827 96 135 561 522 85 122 32 7 13593 10141 3904 13266 25439 8873 2684 10725 105 10517 2544 2126 2538 2251 3204 589 7842 4313 151 890 2372 1617 2722 546 2853 3049 562 121 938 22 1520 1015 441 534 138 48 1194 425 356 432 21 545 225 22 1030 324 21 104 106 32 275 121 25 60 0 36 6 1
9 168 26 10 1966 684 1360 33 117 480 308 34 59 15 2 12853 5733 3062 13708 21924 4379 983 6677 21 10460 1608 811 2553 1158 2134 294 5364 2274 35 667 2029 1422 2377 280 2171 1322 232 38 541 6 1848 743 122 273 183 37 1013 307 227 81 6 520 70 3 570 119 9 171 67 38 108 23 7 29 0 8 1 0
9 139 29 7 1825 647 926 47 83 366 215 25 42 12 0 14275 6678 2427 13675 15556 3265 1246 4114 42 8308 1030 601 3170 1047 1556 147 3615 1642 39 666 1629 1253 1311 266 1556 926 230 26 507 1 1517 526 98 185 75 31 684 176 116 57 10 425 0 0 440 113 8 57 33 15 68 0 0 25 0 0 0 0
13 206 62 16 2119 1417 1860 150 166 550 495 101 114 30 5 15040 12130 4449 12652 24547 10189 3982 11301 208 9498 2109 2471 2831 2639 2984 621 8336 4579 253 1033 2331 1733 3514 812 3001 2872 589 141 1023 22 1377 915 536 440 242 68 1290 344 460 341 21 567 182 22 974 314 25 100 121 43 237 66 18 65 0 29 5 0
9 122 30 6 1752 637 652 50 75 228 151 27 19 6 1 15429 7117 2531 13555 12739 2657 1308 2045 45 6062 591 528 3876 799 1552 211 1681 904 49 708 1486 1191 1153 264 627 314 101 20 254 1 1379 297 63 90 67 29 502 151 121 27 2 172 30 4 151 28 3 43 19 7 16 7 2 8 0 0 0 0
10 197 30 15 1883 837 1862 42 113 545 510 42 100 30 6 12613 6134 3763 10958 25635 6395 1363 10853 31 10149 3185 1226 2106 1630 3074 254 7780 4051 46 610 2103 1110 2650 320 2866 2666 433 59 920 2 1444 837 223 672 210 35 873 461 213 288 19 598 231 7 830 265 18 140 46 110 186 78 19 64 1 20 8 0
8 178 18 10 1744 520 2049 17 82 549 358 22 102 13 4 10482 3951 2144 10193 27237 4514 556 14790 7 9596 1710 662 1835 906 1921 136 9945 3669 16 446 2360 847 2080 133 3048 2796 243 22 659 0 1395 840 134 226 197 19 753 233 131 445 3 556 139 5 851 183 5 94 54 17 243 74 9 46 0 25 3 0
11 214 33 22 2016 815 2066 45 103 575 749 67 185 28 25 12618 6535 2788 11558 28135 6024 1236 12266 32 10557 4607 2046 1792 1480 3892 229 8543 6321 73 447 2294 1073 2123 259 2984 4850 502 78 1193 0 1336 1597 416 499 142 34 676 628 225 529 8 462 945 64 1567 285 6 58 119 46 359 350 30 57 0 127 25 14
9 196 16 20 1969 447 1957 9 77 548 643 25 162 35 15 11326 3296 1916 12060 28259 3515 262 11583 1 10805 3677 673 1897 806 3752 163 8001 5081 9 376 2347 841 1717 82 2644 3931 488 23 892 1 1506 1584 143 700 155 6 581 651 130 551 9 496 510 8 1219 326 15 104 38 121 339 217 28 112 7 62 23 2
9 182 28 8 1900 771 1870 39 128 536 281 36 74 7 2 11846 5846 3044 11849 26164 6368 1210 12573 25 9851 1502 1035 2212 1406 1619 226 8764 2537 54 610 2200 1528 2961 304 2877 2046 112 25 515 7 1577 595 207 129 211 54 1111 285 227 313 1 587 66 7 588 112 3 163 84 14 171 40 3 21 0 11 1 0
10 188 36 9 2140 887 1637 65 170 534 287 40 89 13 2 13316 7363 3301 14322 24963 6268 1810 9067 65 11184 1625 1102 2601 1381 1678 174 6640 2215 71 623 2202 2276 3139 463 2471 2153 175 50 382 0 1826 851 265 265 214 130 1422 306 164 265 3 579 70 7 685 141 6 273 117 40 195 27 5 69 2 8 1 0
10 157 36 9 1808 836 1408 61 98 459 273 46 54 13 0 13200 7918 2659 12324 19349 6030 1647 9463 51 8674 959 1115 2701 1671 1955 297 7189 2630 86 628 1764 1279 1977 364 2543 1391 214 46 699 8 1351 429 184 250 103 38 865 208 185 219 5 563 0 0 446 154 13 116 32 26 109 0 0 31 1 0 0 0
9 161 32 4 1746 882 1518 57 126 462 126 26 14 1 0 13006 7030 3823 11166 20781 7096 1860 10058 53 8487 524 650 2619 1764 1026 245 7427 1130 62 757 1864 1306 3081 482 2698 341 5 6 302 5 1421 127 71 31 236 60 1174 108 173 12 0 552 0 0 142 4 0 147 19 7 10 0 0 2 0 0 0 0
11 137 51 4 2026 989 688 131 125 308 93 32 19 2 0 16790 11428 3273 16084 13171 4167 3065 2175 206 7422 316 618 4331 1515 903 206 2272 531 104 942 1560 2092 1674 669 1178 308 23 16 180 4 1516 265 120 24 86 86 999 78 126 14 0 364 0 0 176 13 0 77 32 5 28 0 0 3 0 0 0 0
11 155 47 8 1814 1034 1292 100 104 397 226 59 41 5 1 14526 10037 3024 11866 18611 7489 2636 7807 111 7724 1072 1386 3078 2084 1690 416 5579 1864 163 778 1911 1244 2092 507 2114 1079 88 30 421 15 1390 387 224 102 103 37 818 195 200 95 0 451 37 6 387 52 3 60 47 10 70 12 2 14 0 2 0 0
8 128 21 7 1658 518 904 22 50 313 202 28 38 4 2 13298 5284 2093 11812 15763 3031 658 4115 8 7293 1077 688 2905 926 1653 217 3256 1353 33 559 1739 696 886 116 1324 840 51 12 330 6 1367 480 118 79 47 10 395 215 93 62 0 348 74 7 374 30 2 28 23 9 55 27 1 6 0 6 1 0
9 148 32 4 1868 800 1135 58 108 338 116 24 26 2 0 14896 7372 3432 12773 18677 5152 1740 5656 57 7771 490 554 3405 1180 946 197 3727 893 55 871 2141 1525 2139 363 1328 588 33 10 204 3 1663 262 128 41 107 68 872 123 130 47 0 318 0 0 192 19 1 101 27 1 27 0 0 4 0 0 0 0
9 190 25 11 1731 708 2087 33 78 564 420 30 118 16 5 10558 5594 2819 9411 27858 5959 1052 14048 23 9862 2647 1000 1584 1506 1982 120 9862 4097 32 451 2299 675 1965 225 3260 3461 336 34 780 0 1265 901 253 276 112 13 567 325 135 495 8 559 194 9 1001 245 4 31 46 24 298 88 13 31 0 44 2 1
9 169 27 9 1757 720 1630 38 88 466 294 33 81 9 4 12471 6113 2716 10660 23249 5722 1160 9848 27 8996 1672 913 2252 1446 1753 162 6960 2380 45 569 2171 912 1981 274 2512 2095 129 29 522 1 1396 698 237 200 132 22 623 276 143 299 1 507 132 12 657 118 2 51 46 17 189 64 6 24 0 18 3 0
8 178 18 10 1856 533 1770 15 117 524 319 23 80 17 1 11435 3648 2662 11551 25825 4092 513 10542 4 10461 1767 560 2183 859 1993 205 7365 2604 15 470 2280 1297 2655 147 2612 2039 217 25 454 1 1624 748 114 376 269 39 993 314 169 231 4 541 37 1 700 135 12 169 73 65 162 18 4 58 4 8 0 0
9 133 30 6 1782 699 915 49 75 286 163 28 26 7 0 14344 7108 2699 13277 16465 4133 1378 3921 42 6609 750 661 3632 1083 1510 227 3042 1043 50 748 1931 1177 1368 278 1014 554 80 24 245 2 1469 313 84 138 56 29 596 175 98 55 2 224 0 0 216 62 6 41 22 11 33 0 0 7 0 0 0 0
9 128 27 9 1691 596 943 42 65 304 244 23 27 17 2 13520 6283 2051 12712 15343 3702 1148 5014 39 6635 947 500 3340 1011 2299 149 3831 1803 23 513 1664 905 1221 239 1387 594 237 36 431 0 1323 382 57 325 66 18 599 249 87 46 14 341 66 2 249 74 3 44 13 37 27 21 8 12 0 0 1 0
9 181 23 13 1883 639 1918 25 74 509 429 33 116 20 6 11875 5266 2072 11524 26244 5696 809 13277 10 9251 2610 867 2293 1214 2425 222 8750 3792 38 536 2440 883 1665 173 2570 3175 347 19 675 6 1473 1035 234 374 70 14 666 416 133 438 15 508 224 9 967 223 8 60 46 29 215 103 17 49 0 36 3 1
8 194 12 16 1789 363 2244 5 53 574 553 20 168 17 14 10169 2548 1373 9679 29995 3380 167 15633 0 10199 3490 594 1515 689 2868 129 9955 4884 6 273 2484 600 1173 34 3079 4777 265 11 754 1 1344 1271 149 329 69 10 436 527 88 678 2 502 502 10 1329 209 6 45 46 26 360 256 20 48 0 84 8 6
8 116 26 2 1592 618 761 44 74 255 38 12 4 0 0 13762 6431 2382 11919 13571 3583 1283 3426 41 5924 142 182 3387 1010 478 134 2739 126 28 660 1494 1041 1399 305 1126 51 0 0 42 1 1146 67 18 0 82 27 598 41 46 2 0 281 0 0 19 0 0 57 6 0 1 0 0 0 0 0 0 0
9 121 29 7 1706 592 774 43 73 284 166 34 32 6 1 14134 6619 1923 12868 13291 2989 1045 3762 30 6596 468 653 3444 959 1614 217 3191 1207 59 593 1504 1132 1201 234 1219 575 70 19 320 5 1307 450 119 103 75 20 534 124 124 35 1 326 31 5 283 34 6 51 35 14 37 9 1 9 0 3 0 0
8 176 18 10 1727 519 1906 15 95 527 349 25 87 13 3 10850 3902 2196 9915 26119 4246 477 13014 4 9660 1878 689 1925 908 2038 170 8804 3204 19 431 2201 927 2300 151 2907 2354 207 17 714 2 1402 679 124 253 231 19 763 321 170 388 4 540 100 6 670 158 12 117 57 41 200 64 3 37 0 15 3 0
8 129 23 5 1575 577 994 29 70 356 146 24 20 3 0 12254 5583 2411 11074 16256 3542 878 5013 16 7686 533 546 2616 1077 1245 207 4444 1208 34 506 1565 837 1478 184 1774 410 51 13 380 6 1304 231 80 58 130 16 617 123 144 30 0 419 0 0 186 16 1 96 18 5 20 0 0 3 0 0 0 0
8 171 19 9 1716 527 1852 19 85 545 338 23 81 11 3 10214 4202 1993 10510 25653 4279 590 12445 8 9924 1948 719 1771 1018 1817 109 9141 3367 20 365 2100 978 2011 159 3107 2345 211 20 718 1 1390 675 128 206 162 22 709 269 121 319 3 606 115 5 710 144 5 120 45 37 210 56 6 37 0 13 2 0
8 148 20 8 1766 512 1245 20 78 448 250 26 59 8 2 11802 4555 1995 12551 19866 3435 574 6457 8 9572 1301 651 2418 932 1746 179 5399 1949 24 447 1879 1147 1398 144 2242 1415 129 19 451 4 1532 580 128 163 100 24 709 221 130 159 1 533 65 5 562 78 5 112 50 8 129 37 3 14 0 11 1 0
8 175 17 11 1751 490 1820 14 65 507 367 23 119 14 5 10955 3862 1876 10745 26096 4084 443 11219 5 9913 2316 668 1868 980 1974 102 7591 2911 12 370 2262 743 1542 113 2666 3007 192 23 532 1 1437 1038 200 282 110 9 538 370 85 488 3 525 176 8 841 189 6 60 38 40 269 81 5 49 1 36 6 0
8 161 17 11 1787 483 1484 11 68 452 356 27 76 15 3 12341 3881 1855 11620 22588 3836 363 8148 2 9238 2356 717 2453 895 2380 199 5786 2590 12 466 2169 851 1451 84 2163 1979 188 21 519 5 1565 726 142 350 78 13 642 411 127 188 2 484 118 5 698 128 14 76 37 54 129 47 6 30 1 14 2 0
8 120 24 4 1587 540 862 34 82 335 112 21 12 0 1 12455 5569 1850 11447 14550 3200 892 4216 23 7547 367 477 2642 1047 1109 156 3630 829 39 486 1521 1063 1500 233 1558 247 0 0 269 3 1423 149 41 0 114 32 703 112 119 15 0 407 29 5 108 0 0 99 22 0 10 9 0 0 0 0 0 0
8 168 18 10 1836 499 1587 13 92 521 305 30 94 9 4 10910 3680 2067 12112 24396 3848 429 8916 2 10668 1703 735 1931 909 1909 246 7014 2225 18 385 2225 1236 1891 87 2734 2251 132 21 451 9 1564 958 159 182 141 31 844 256 133 306 0 557 136 8 749 102 3 111 93 14 236 57 6 39 0 25 3 0
8 145 19 9 1823 467 1179 18 82 432 248 25 68 10 3 11951 4195 1649 13433 19650 3260 520 6012 6 9672 1191 567 2486 826 1860 163 4862 1596 23 370 1878 1299 1406 127 2071 1449 115 17 360 3 1663 796 114 191 99 32 734 234 97 172 3 513 91 6 574 99 5 93 59 24 172 37 5 30 0 13 2 0
