29 372 279 127 2074 5336 2493 1326 537 332 3008 1440 499 675 213 9252 24995 19040 6215 23249 28103 30240 10909 3630 3514 14747 28162 695 3643 11993 8205 4223 17576 6713 2180 1312 2991 9859 5671 606 10956 7510 5627 2145 724 224 2321 4302 10744 545 384 1484 1545 4427 1110 903 35 6057 1500 1526 3903 1780 86 742 1211 163 2212 1804 554 192 402 639 239
43 356 696 207 1733 9172 1598 6042 684 212 3584 4471 414 1468 360 6949 38694 22883 4187 12762 33824 99286 4718 32550 1882 12672 65430 646 4395 13215 19580 1835 15671 41876 2934 798 3105 9152 13957 269 6751 13063 24659 1902 3640 155 1661 6993 17708 400 657 1367 1565 8161 459 3069 17 8211 5181 980 5121 5535 62 905 1651 68 2337 4597 494 387 210 1521 395
38 358 522 181 1900 7690 1828 3761 621 243 3418 3137 448 1235 303 8110 35057 21163 5073 15854 31569 68345 6255 16538 2291 12982 49767 883 4175 13447 15170 2367 16651 23523 2794 975 3294 9112 10406 350 8170 11789 15922 1952 2164 226 1994 5879 15989 437 549 1400 1544 6468 630 2515 28 7333 3334 1144 5016 4280 64 891 1493 96 2289 3687 560 371 311 1170 311
39 359 554 187 1855 8007 1789 4148 641 245 3453 3376 450 1302 313 7677 35667 21906 4835 15180 32225 74143 6009 19105 2280 12662 52469 541 4172 13281 16134 2435 16444 26262 2816 899 3207 9345 11004 357 7876 12084 17825 2190 2289 152 1959 6309 16516 448 585 1415 1491 6994 598 2559 19 7482 3632 1181 5100 4697 65 911 1538 111 2237 3916 604 422 295 1228 316
27 336 239 112 2252 4363 2276 1063 389 374 2695 1124 450 538 200 12237 25100 13489 7830 24566 23643 23124 10126 2776 4774 12905 22445 962 3720 12622 5630 4629 16481 4842 1983 1693 2615 6743 3901 843 9815 6524 3964 2432 453 324 2512 3547 8251 334 248 1273 1790 2847 913 760 53 5908 1269 1757 3128 1160 82 526 778 189 2142 1425 403 86 367 577 238
32 372 355 141 2127 6236 2256 2015 616 297 3076 1908 494 789 248 9160 29467 21024 6416 21686 29648 42518 9064 6854 3257 13332 34451 685 3805 12517 10718 3310 17120 10898 2638 1297 3620 10165 7730 445 10041 8425 7979 1849 1110 206 2564 4884 11218 541 600 1652 1628 5345 940 1244 29 6601 2180 1401 4366 2164 121 919 1146 129 2278 2270 621 161 377 829 271
35 360 438 157 1969 6839 2056 2853 634 307 3229 2473 452 949 270 9160 32072 19204 5381 18424 31546 53787 7922 11158 3175 13128 42554 560 4548 13036 11793 3326 17212 16923 2521 1103 3415 9715 8992 549 8869 9712 11174 2286 1517 165 1890 5326 13260 499 767 1739 1568 5802 782 1644 22 6984 2749 1311 4275 2918 123 989 1321 154 2316 2791 528 225 318 972 289
34 372 428 133 2225 7137 2139 2879 709 360 2761 2133 480 793 179 10504 35482 22160 7126 20448 32492 58329 8066 11980 4154 10810 36747 1021 5017 11528 11328 3736 14877 15120 2941 1389 4422 11089 10266 730 9073 8290 9613 2024 1157 378 2489 5573 10793 603 839 2376 1350 5628 925 1476 79 4538 1804 1635 4224 2302 176 1247 1029 238 1623 2013 754 199 395 558 154
40 361 575 205 1610 8193 1708 4372 662 202 3718 3600 422 1534 374 6193 31792 23622 3489 13125 31388 77092 5264 20561 1681 13886 54781 431 3683 12858 17347 1814 16857 27944 2422 672 2666 9499 11743 257 7088 14020 20199 1903 2296 112 1555 5764 19421 425 602 1173 1397 7707 465 3433 12 8807 3988 887 5533 5400 59 813 1795 57 2299 4966 479 547 223 1670 386
36 352 459 171 1991 6910 1905 2991 608 272 3290 2766 452 1101 282 8915 33021 19003 5752 17588 30472 55058 6893 11521 2750 12597 44476 774 4138 13663 13607 2717 16654 18759 2571 1139 3692 8968 8820 436 8267 10640 13079 2093 2090 217 2286 5272 14525 480 629 1512 1530 5849 677 2022 31 7163 2846 1331 4576 3738 105 1030 1344 118 2070 3228 712 294 332 1040 288
30 361 337 98 2297 6104 2581 1988 590 434 2241 1508 472 456 108 12157 33496 17277 7631 24965 35570 43017 12889 7094 5039 9622 28915 1196 5748 10122 7738 6048 13905 9633 2567 1786 3513 10924 7604 1148 10492 4823 5523 2015 848 460 2279 5576 6830 633 509 2011 1240 4214 1346 511 101 2932 1168 1786 3083 1288 162 950 741 351 1357 932 534 89 394 230 89
31 379 351 114 2299 6358 2383 2071 719 412 2624 1691 475 584 149 10501 31290 21293 7334 22747 31714 44459 9878 7359 4739 12002 32094 1016 4786 10697 9260 4672 15098 10572 2819 1428 4769 11735 8624 971 9707 6584 6594 2159 967 416 2304 4999 8818 628 974 2532 1435 5172 990 814 79 4061 1489 1797 3614 1665 201 1253 991 342 1563 1351 636 107 358 428 119
28 323 287 91 2604 4980 1969 1578 474 444 2093 1130 350 468 100 14678 33795 14926 10946 23877 23958 33122 7753 5433 6394 8242 21707 2404 4705 11523 5951 4848 12626 6231 2680 1918 4080 7466 5659 1256 6849 5773 4465 2339 430 931 2411 2941 6395 424 431 2093 1395 3086 708 791 213 2710 712 1765 2946 1018 167 613 640 376 1019 966 420 73 247 301 55
18 295 92 61 2327 2112 2478 202 233 493 1709 343 364 180 91 13660 13796 7576 9921 30647 14163 5322 12928 220 7572 9474 7983 1545 2573 8838 2052 6878 11739 662 1264 2365 1837 4891 1087 1670 8775 2340 719 1821 135 754 2593 1536 3238 313 55 1054 1272 1202 966 107 158 2970 320 1939 1375 250 119 338 345 378 1118 383 253 14 317 169 81
29 336 312 94 2633 5485 2040 1760 537 463 2099 1356 375 432 106 14747 35391 16267 11165 22779 26665 37053 8566 6056 6429 8438 25363 2136 5378 10659 7378 5040 12157 8084 3212 1963 4681 8525 6538 1411 7319 4763 4856 2254 736 863 2478 4043 6337 410 496 2420 1318 3801 817 512 190 2869 1098 1876 2570 1125 171 851 599 347 1070 888 371 91 283 225 80
17 263 90 46 2384 2014 2122 227 202 529 1254 265 268 139 49 15231 15193 6545 11699 27950 13338 6019 11205 307 8749 6378 6117 2061 2902 7237 1527 7014 8500 638 1332 2359 1873 3998 1140 2114 6288 1777 561 1620 52 1040 2160 1205 2484 211 61 1235 1021 823 703 113 314 1579 171 1707 1004 179 117 213 245 383 590 233 213 18 194 75 33
20 290 140 50 2569 2924 2173 503 294 539 1414 433 292 145 59 15644 21393 9568 12289 28138 17416 12379 10601 1071 8465 7260 10477 2206 3807 7773 2152 6919 9728 1566 1865 2365 2919 5367 2201 1914 6784 2056 1034 1855 107 1024 2095 1882 2360 259 168 1678 1192 1372 737 101 284 1887 357 1825 1195 190 142 373 276 396 805 282 193 5 205 82 50
16 294 76 44 2388 2005 2576 170 243 572 1287 219 316 116 55 13171 12622 9571 10703 33006 13640 5198 13594 212 9174 7094 5226 1402 2728 6617 1714 8109 9141 425 1446 2566 1774 5678 1187 2127 7547 1597 434 1441 34 950 2441 1195 2171 372 91 1388 983 1025 945 78 239 1733 176 1905 1060 127 133 248 207 426 731 211 214 6 254 70 47
13 264 41 37 2186 1104 2602 52 131 545 1170 109 316 77 48 12591 7457 4738 9350 34346 8220 1585 15371 28 8537 6948 2902 1437 1659 6162 614 8897 8872 112 785 2586 1045 3190 330 2136 8238 1120 149 1402 10 834 2200 717 1494 205 31 674 1040 443 1147 35 233 1597 93 1799 813 71 59 119 167 444 725 107 170 7 254 66 37
19 277 136 35 2649 2898 2056 521 328 535 958 326 237 97 25 16585 22507 9958 13694 28095 16907 13038 9979 1225 8949 4455 7401 2845 3853 5430 1780 6858 6783 1316 2094 2495 3399 5960 2685 2021 5292 1425 722 1248 66 1309 1974 1634 1542 365 213 1882 716 1175 668 82 352 757 163 1497 874 129 176 361 149 399 316 129 206 1 144 32 11
26 329 244 81 2608 4669 2132 1155 513 537 1848 1017 341 357 71 14133 29653 15121 11907 25307 24814 26326 8823 3167 8043 7869 19152 1958 5467 9889 6630 5841 10646 5083 2443 1955 4419 8679 5118 1791 6709 4019 3238 1952 681 892 2490 3052 5385 575 498 2691 1154 3141 651 493 278 1968 570 1955 2126 840 248 763 576 432 711 635 457 57 206 158 28
21 296 146 64 2545 3099 2136 479 319 515 1577 547 303 243 61 15355 21508 10578 12245 26629 18401 12134 10072 863 8338 7406 11235 2141 3998 9013 3572 6115 9680 1740 2111 2197 2795 6037 2328 1807 6596 2603 1484 1785 235 1133 2418 1973 4241 379 156 1704 1136 1775 624 206 296 1846 355 1755 1616 511 143 394 444 386 655 371 258 67 201 120 33
17 272 92 44 2466 2179 2182 211 235 534 1185 315 259 117 37 15096 15730 7971 12645 28865 14543 5827 10960 220 8941 6383 7032 2224 3157 6867 2250 6801 7746 721 1572 2418 2187 4871 1184 2047 5980 1322 588 1340 162 1228 2099 1388 2291 250 75 1448 1050 1127 636 44 386 1165 189 1595 937 209 135 278 228 367 479 159 205 15 131 61 12
23 284 200 53 2793 3778 1739 895 443 541 1168 667 208 181 28 18460 29962 11447 14866 22485 18752 20216 7396 2359 9030 4477 11745 3406 5019 7839 4341 5669 6929 3274 2687 2148 4521 7037 4355 1951 3956 2038 1721 1628 404 1491 1742 1834 2718 450 376 2734 812 2292 342 195 470 765 255 1387 1091 380 280 508 280 287 258 209 232 14 71 40 4
15 253 76 29 2398 1843 2090 181 260 583 767 181 206 83 10 15158 13289 7184 12709 28744 12100 5072 10523 231 10160 3466 3809 2236 2831 4745 1413 7394 5265 415 1414 2404 2531 5405 1231 2371 4444 1002 352 1115 55 1328 1739 871 1366 386 145 1826 564 810 637 66 475 276 34 1216 800 130 227 255 171 360 144 56 223 11 54 15 0
21 296 164 46 2443 3320 2344 686 361 563 1278 454 300 150 40 15597 23220 10183 10647 28301 20849 16274 12175 1771 8358 5715 10658 1994 4501 6781 2158 7691 9423 1968 1763 2343 3067 6949 3040 2187 6941 2201 1187 1814 99 939 1896 2104 2270 391 306 1983 878 1504 968 141 291 1209 263 1668 1496 212 192 449 234 455 533 253 265 8 196 64 19
26 302 268 57 2857 4909 1706 1519 481 522 1223 826 228 223 32 19060 37977 15346 14798 21810 22789 33861 6549 5447 8789 4672 14700 3607 6246 7809 5172 4965 6771 5154 3426 2183 4622 7335 6390 1863 4139 2306 2576 1711 322 1465 1839 2614 3310 367 441 2652 887 2367 441 265 409 849 331 1439 1365 494 187 458 329 314 321 269 219 32 92 52 8
21 291 157 53 2561 3164 2086 603 365 537 1376 494 275 186 47 15720 22854 10016 12544 26633 18299 14293 9610 1366 8895 6472 10745 2417 4210 8059 2645 6313 8688 1949 1906 2186 3347 6592 2861 1916 5883 2310 1321 1735 142 1116 2054 1827 2969 416 267 2036 1010 1750 713 171 336 1365 286 1637 1400 315 177 420 405 384 560 296 278 27 154 92 20
23 266 209 44 3034 3777 1352 1001 457 505 895 624 133 138 8 20150 33624 11579 17738 20998 16055 21877 4288 2836 9755 3003 10213 4654 4848 7395 4223 3700 4348 3508 3105 2268 5612 6242 4677 1516 2101 1374 1536 1283 355 2068 1367 1369 2013 339 539 3055 791 2144 160 124 488 206 84 924 655 325 348 400 228 152 77 70 131 14 10 3 0
16 260 94 26 2444 2301 2103 275 300 571 695 214 152 63 8 15834 16606 9272 12892 27907 15549 7880 11077 449 9544 3459 4649 2801 3598 4409 1704 7664 4488 681 1695 2294 2804 6417 1857 2484 3471 664 385 974 63 1389 1188 982 1231 408 196 2106 617 991 402 32 536 250 49 931 497 104 224 235 172 254 95 43 122 8 25 6 0
15 246 81 24 2409 1989 1917 217 248 574 657 170 151 62 6 15227 15083 8091 13056 27558 12682 6259 8880 332 10783 3325 3731 2421 3231 4251 1355 6611 4301 457 1552 2402 2397 5191 1433 2424 3266 795 313 961 50 1479 1270 797 1116 330 122 1727 578 777 369 49 517 178 26 1071 545 92 224 187 140 299 73 38 134 4 31 4 0
11 221 24 31 2016 643 2200 15 71 527 945 56 240 59 35 12222 4805 2337 9848 30533 5096 469 13096 4 8831 5249 1346 1653 1066 5503 388 8330 7355 16 457 2510 779 1539 90 2433 6120 847 55 1306 13 985 1899 319 1106 99 10 448 782 211 846 17 322 1196 27 1570 592 44 26 64 102 414 480 85 78 6 183 42 21
16 242 97 23 2399 2208 1957 312 239 526 654 183 145 56 9 16127 17856 8092 12590 27366 14345 8396 10308 619 9087 2775 4298 2839 3402 4162 1285 7002 5132 587 1749 2598 2334 4965 1673 2163 3397 861 356 1169 45 1493 1160 858 831 313 126 1560 481 786 445 50 476 277 53 959 573 58 148 166 75 252 121 38 102 2 36 11 1
14 201 71 20 2447 1442 1208 192 201 440 527 115 121 46 11 18398 13868 4998 15421 20151 6617 4549 4574 320 9282 2464 2562 3589 1938 3878 591 3761 3199 288 1322 2089 2748 2906 1026 1477 2328 633 219 789 6 1679 1370 486 667 131 144 1379 465 419 196 37 444 325 41 876 352 27 193 179 79 176 125 50 98 0 38 11 2
13 205 57 21 2287 1330 1453 112 178 486 542 125 116 41 8 16099 11270 5000 14459 22371 7836 3059 6202 116 9547 2755 2624 3049 2141 3939 978 5195 3244 231 1065 2110 2213 3225 700 1957 2415 464 175 718 48 1599 1174 492 729 174 84 1384 528 520 184 19 498 258 37 891 299 53 154 161 89 195 84 29 75 1 30 5 1
14 213 69 22 2232 1610 1542 162 195 461 569 147 100 48 7 16371 13217 6558 12687 23305 9519 4452 6880 209 8761 2398 3119 3073 2539 4629 1291 5339 3572 340 1331 2306 1904 3954 952 1904 2031 592 238 884 53 1417 883 502 772 270 84 1334 468 709 215 28 495 199 34 664 326 58 146 132 88 140 72 31 75 4 6 6 0
19 242 136 35 2659 2658 1492 501 269 472 816 357 172 95 16 18868 23830 8709 15741 22243 13392 11778 6117 1084 9012 3090 6908 3704 3629 6180 2253 4674 4830 1426 2058 2356 3172 4325 2172 1697 3215 1097 762 1211 146 1566 1659 1289 1427 206 153 1737 609 1143 341 66 428 441 116 1119 724 157 145 266 114 255 183 90 153 5 52 23 1
15 247 85 20 2476 2057 1846 239 320 545 559 176 101 36 4 16437 15628 8912 14004 26518 12219 6650 8291 368 10039 2782 3869 3095 2926 3745 1378 6113 3677 568 1709 2395 3141 6281 1819 2133 2181 426 248 903 68 1733 931 602 696 544 228 2180 417 998 199 12 535 132 29 715 280 51 304 241 110 149 44 19 67 2 4 0 0
13 217 55 23 2224 1241 1732 109 188 532 669 111 159 56 10 14706 10108 4203 12706 25516 7832 2766 8442 116 10075 3556 2667 2398 1896 4160 596 6379 4691 199 754 2177 2242 3417 701 2184 3622 794 190 972 25 1386 1420 476 972 242 103 1308 535 419 369 38 494 318 30 1210 515 50 198 164 145 301 136 42 166 11 42 14 0
15 246 80 25 2361 1902 1949 217 228 548 732 163 177 63 12 15852 14577 7329 12363 27376 12222 6010 9549 341 10082 4079 4035 2488 3057 4387 953 6399 4940 448 1396 2375 2122 4591 1299 2170 4029 810 295 967 25 1433 1495 867 1132 330 101 1473 657 679 422 49 461 395 52 1277 622 78 151 199 152 298 167 58 133 4 60 13 2
13 206 57 21 2215 1307 1567 122 141 443 619 112 132 37 15 16032 11320 4673 12622 24121 8026 3294 7354 148 8628 3361 2819 2973 2005 4114 604 5160 4230 231 1156 2314 1577 2648 614 1747 3044 514 149 853 12 1505 1250 559 665 144 53 909 636 436 284 17 403 495 67 999 315 39 76 105 72 199 206 33 60 0 49 13 6
16 250 102 18 2466 2364 1946 347 316 592 496 177 129 33 3 16799 18428 8561 12996 26456 15064 9466 9866 703 10471 2417 3996 2660 3943 3143 1179 7341 3302 712 1695 2340 3098 6235 2147 2635 2887 410 260 714 47 1448 927 905 595 416 263 2274 422 786 435 15 543 88 22 861 325 45 265 270 74 279 49 13 88 1 27 2 0
9 183 24 12 2044 644 1523 24 133 475 380 40 87 16 4 13016 4980 3123 12719 25010 4052 735 7220 9 9636 2410 1015 2403 853 2433 307 5691 2632 36 574 2225 1647 2601 193 1891 2033 221 34 516 8 1643 965 164 323 269 46 1012 397 249 164 2 484 136 11 761 123 13 172 115 64 157 54 9 57 2 13 2 0
10 168 32 13 2014 752 1235 45 112 449 338 52 99 17 6 14562 6963 2721 12945 20132 4312 1223 5634 32 9398 1542 1139 2583 1230 2387 339 4932 2192 66 689 1969 1473 2037 292 1863 1948 193 51 507 8 1502 1151 274 286 95 38 864 266 196 218 4 478 170 20 754 139 14 136 106 30 207 79 10 52 0 30 4 1
12 198 51 15 2164 1169 1560 112 153 452 455 74 124 26 8 15583 10403 3985 12745 23910 7193 2933 7570 145 8857 2465 1939 2817 1720 2826 283 5482 3183 153 992 2308 1790 2822 683 1933 2810 381 110 713 0 1356 1105 465 446 190 67 1037 449 297 386 12 471 226 32 866 280 11 87 121 53 231 134 22 54 3 44 5 2
11 216 39 16 2127 1036 1923 65 160 543 512 64 146 28 8 13776 7868 4714 11342 27627 6902 1937 10470 58 10190 3037 1691 2108 1558 2832 402 7399 4043 96 822 2377 1705 3375 516 2427 3598 443 83 714 6 1293 1213 390 510 222 59 1146 432 322 434 13 500 279 22 1080 311 21 161 133 50 305 115 22 109 0 49 8 1
15 245 80 25 2312 1879 2015 217 216 560 751 165 184 59 14 15169 14437 7000 12138 27904 12244 5941 10122 344 9949 3869 4246 2232 2973 4328 953 7281 5511 447 1315 2309 2068 4532 1182 2424 4217 870 299 1158 25 1283 1518 886 992 320 90 1415 567 662 533 35 469 429 65 1252 603 65 178 206 133 343 198 63 149 4 67 16 2
9 168 26 10 1894 711 1373 31 101 418 309 36 61 17 0 13821 5798 3378 11673 21827 4735 998 6660 16 8388 1800 873 2638 1155 2176 288 5130 2169 37 756 2061 1234 2108 251 1775 1476 223 41 469 8 1477 596 148 387 138 26 792 341 185 110 7 450 0 0 532 162 14 110 53 55 88 0 0 32 3 0 0 0
10 160 33 12 2097 779 982 48 117 374 299 49 64 22 1 15220 7496 3382 14405 18639 3832 1346 3347 36 8711 1354 959 3099 1094 2585 395 3068 1529 60 849 1912 1692 1946 334 1256 1125 234 60 458 12 1683 865 168 365 119 43 850 307 252 84 12 416 30 3 516 170 21 115 64 48 109 11 4 45 2 3 0 0
11 194 46 9 2119 1133 1538 98 193 531 275 56 73 8 3 15098 9288 4483 12368 23340 7062 2737 7308 117 10125 1486 1438 2531 2010 1709 374 6275 1975 138 1033 2239 2141 3734 726 2399 1655 110 40 465 6 1476 667 296 142 263 142 1527 206 266 214 0 539 107 17 572 85 6 213 133 20 155 35 5 33 0 14 1 0
13 207 62 16 2226 1473 1603 147 203 513 393 105 106 31 3 15501 12436 5415 13215 23873 9536 4084 7962 189 9879 1668 2143 2661 2555 2928 791 6352 2337 277 1083 2169 2153 4043 1005 2346 2116 275 141 547 22 1429 1043 509 584 284 116 1473 313 446 318 19 532 88 13 691 252 37 194 145 55 251 31 13 89 2 17 2 0
11 193 44 11 2121 1131 1602 82 186 526 291 68 68 14 1 14102 9079 4737 12750 24384 7503 2440 8141 77 9744 1034 1415 2616 1988 2239 592 6816 2093 136 968 2263 2053 3944 671 2512 1376 131 75 516 21 1470 672 299 259 349 99 1546 227 394 203 1 558 29 5 506 107 10 198 118 47 154 15 3 29 2 5 0 0
12 173 50 16 2104 1100 1105 104 123 323 429 77 64 34 5 16874 10717 4293 13285 19127 5759 2698 4243 123 7101 2022 1783 3804 1458 3797 523 3109 2482 151 1058 2017 1499 2176 568 1070 1324 398 121 631 6 1467 636 267 611 105 40 818 512 307 102 21 284 161 16 402 187 28 76 55 94 46 48 21 31 4 7 4 0
13 186 68 10 2170 1482 1339 192 172 450 288 79 59 14 1 16782 14027 5005 13209 20318 8594 4949 6644 329 8673 1197 1864 3286 2532 2138 533 5276 2275 253 1302 2075 2059 3114 1050 1997 1399 247 90 595 15 1443 479 352 188 187 96 1316 209 345 156 8 495 31 7 461 137 10 132 82 21 116 18 3 24 0 4 0 0
12 190 55 11 2104 1320 1432 133 138 468 342 68 76 15 4 15865 11636 5174 12396 21791 8319 3817 6885 192 9079 2001 1816 2854 2388 2230 390 5557 2443 172 1128 2213 1642 2602 747 2039 1796 214 80 578 4 1414 655 382 309 122 55 1060 366 258 174 5 471 149 22 636 145 10 92 77 29 151 54 6 27 0 16 4 0
12 150 59 7 2041 1207 818 157 126 275 159 56 16 7 0 18125 13038 4247 13901 14671 5614 4020 2932 250 6254 600 1074 4382 1665 1649 428 2128 826 182 1268 1737 1742 2078 770 859 268 60 48 254 8 1445 232 98 131 98 68 823 161 206 8 1 200 0 0 135 27 6 64 31 16 10 0 0 2 0 0 0 0
13 191 62 16 2185 1421 1319 150 166 427 417 98 61 36 2 16525 12843 5323 13283 21279 8172 4172 5576 206 8758 1944 2059 3229 2327 3381 763 4421 2537 249 1241 2179 1864 3220 900 1596 1307 425 148 679 16 1687 623 291 716 208 91 1193 427 393 88 30 424 62 7 493 211 45 152 71 86 64 31 11 32 2 1 1 0
10 194 31 14 1912 824 1846 40 118 512 440 54 123 20 6 12950 6441 3318 10268 25797 6193 1219 11215 21 8934 2386 1344 1993 1363 2785 376 7739 3453 70 588 2254 1284 2479 290 2679 3247 325 47 745 13 1109 876 307 379 156 42 950 362 237 465 9 503 187 16 812 248 15 99 107 30 270 114 14 47 0 38 4 1
13 199 61 17 2191 1424 1470 137 160 494 454 115 95 30 4 15577 12354 5364 13143 22370 8646 3831 6926 162 9567 1888 2546 2813 2464 3428 864 5801 3021 282 1199 2231 1779 3145 765 2219 1910 368 142 812 35 1421 883 458 537 179 59 1302 406 483 280 16 524 104 24 674 262 41 120 117 53 218 58 8 48 1 18 4 0
9 151 31 5 1866 766 1105 55 105 404 144 24 44 4 1 13843 7203 3111 12130 18685 4527 1582 5042 55 8441 708 591 2706 1309 969 148 4466 1024 46 751 1900 1391 1910 388 1822 945 52 18 239 0 1477 480 162 75 112 45 902 124 97 105 0 446 33 4 362 39 1 112 48 6 98 12 2 13 0 7 0 0
13 162 60 18 2193 1210 906 129 143 368 372 119 38 35 3 17435 12505 3983 15002 15803 6056 3161 3536 139 8080 1243 2069 3914 1980 3848 1055 3012 1862 274 1190 1866 2074 2205 667 1250 543 332 169 571 42 1765 599 187 550 91 68 1183 351 455 12 17 384 71 12 352 96 43 128 91 48 37 10 14 17 3 0 2 0
8 164 20 8 1841 536 1400 21 118 441 248 23 64 11 1 12364 4291 2616 11029 23261 3402 649 6672 10 9167 1377 560 2235 767 1741 171 5322 1703 20 474 2120 1364 2384 177 1863 1423 149 22 401 2 1464 653 103 203 274 47 854 262 153 170 3 499 32 2 495 100 7 147 79 41 138 14 3 38 1 4 0 0
12 171 52 14 1982 1088 1272 113 114 423 415 76 75 29 2 14861 10846 3540 11898 20124 6363 2760 6293 137 8334 1736 1803 2659 1889 3030 462 5137 3319 171 829 2085 1348 1970 556 1898 1784 533 100 902 16 1359 701 263 419 101 43 794 374 272 177 27 487 74 5 628 304 25 68 47 46 152 23 13 43 1 9 0 0
9 192 21 15 1847 606 1838 20 79 534 496 34 138 19 11 11918 4720 2803 9552 26934 4427 654 10040 8 9919 3104 941 1642 1162 2820 220 7623 3797 25 510 2238 712 1877 165 2683 3409 295 32 744 1 1176 1132 254 347 148 4 530 484 160 449 6 485 394 19 1030 208 8 77 54 56 326 163 13 52 0 61 11 3
9 231 11 25 1919 345 2590 3 61 572 849 18 266 32 31 10876 2166 1628 8358 34753 2915 104 16581 0 9311 6016 541 1184 558 4316 99 9743 6434 2 233 2579 514 1611 31 2546 7354 427 10 1004 0 885 1897 151 681 154 2 388 814 70 1049 4 300 1088 11 1566 353 8 64 44 111 466 523 35 121 6 183 30 20
9 164 21 15 1856 517 1405 18 69 447 443 32 107 29 5 12517 4499 2132 11614 22366 3448 468 7204 6 8929 2043 821 2192 913 3108 232 5852 3389 19 472 2028 951 1349 115 1902 2280 409 36 728 2 1398 1175 145 498 87 12 487 353 114 300 10 470 150 4 852 266 23 89 39 63 209 79 16 77 5 22 5 0
11 184 44 11 1979 1073 1536 84 140 501 323 65 82 14 2 14514 9107 3900 11361 22554 7294 2368 8176 84 9509 1430 1562 2493 1962 2293 432 6395 2418 133 894 2096 1536 2856 538 2445 1866 186 68 606 16 1261 610 344 254 191 53 1161 263 309 272 2 554 61 9 623 168 10 153 95 27 176 33 7 37 1 8 0 0
10 153 34 11 1782 794 1067 54 81 356 311 46 55 18 2 14712 7673 3211 10767 17727 4450 1503 4445 44 7466 1512 1073 2643 1301 2469 348 3708 2085 71 690 1860 963 1526 292 1536 1188 262 53 623 4 1234 475 176 321 78 22 582 308 178 99 7 422 71 5 442 142 18 46 30 26 82 28 7 26 0 4 1 0
8 162 16 12 1803 408 1440 12 68 479 370 21 110 18 5 11545 3639 1655 10757 22887 2582 331 7701 3 9609 1870 526 1863 658 2368 109 6162 2842 12 368 2149 810 1320 98 2306 2476 277 18 615 0 1334 1124 120 298 88 8 555 315 105 342 6 513 160 5 825 203 11 88 42 35 262 72 8 62 1 33 6 0
9 179 23 13 1888 645 1527 22 113 458 395 36 83 23 3 13029 5026 3041 10944 23900 4348 666 7314 10 9225 2398 838 2238 1121 2745 334 5610 2580 23 599 2194 1149 2514 218 1954 1972 285 38 526 7 1441 784 172 478 211 33 824 407 228 190 8 497 105 4 631 191 21 124 55 87 157 38 12 49 2 9 1 0
9 155 20 16 1757 477 1333 15 67 423 449 34 90 27 8 12569 4238 1930 10679 20461 3115 377 7289 5 8172 1702 778 2311 843 3509 254 5769 3630 13 461 1973 810 1347 91 2042 1996 357 36 840 6 1209 944 126 492 78 12 523 309 164 210 8 485 256 9 738 209 18 45 46 44 175 93 19 42 4 24 6 2
11 166 45 10 1845 1069 1387 92 100 435 267 56 62 17 0 14250 9643 3797 10913 19969 7663 2652 8281 102 7947 1045 1264 2650 2176 2026 403 6309 2130 127 925 1950 1091 2103 491 2193 1420 193 67 489 4 1186 554 278 354 88 26 827 182 188 189 7 514 0 0 450 167 22 76 43 22 128 0 0 35 1 0 0 0
9 170 29 7 1959 773 1377 44 132 445 221 31 51 9 0 13761 6455 3530 12224 22339 4928 1338 6574 33 8927 1306 792 2647 1224 1473 218 5230 1534 50 769 2080 1600 2752 370 1964 1186 112 30 366 3 1521 522 150 197 194 65 1044 231 181 114 2 505 0 0 456 89 7 134 58 32 101 0 0 30 1 0 0 0
10 185 29 16 1847 726 1627 39 96 475 533 41 107 33 7 13529 6140 2921 9780 23550 4762 1109 8858 28 8605 3110 1170 2138 1283 3396 206 6584 4206 42 534 2121 885 2114 258 2209 2741 544 56 1029 1 1195 887 173 615 132 27 630 512 193 278 21 495 242 9 821 338 19 68 41 86 188 102 22 68 3 22 9 0
8 172 23 5 1855 695 1608 32 130 501 149 19 50 4 1 11721 5077 3475 10801 25138 5160 1074 8759 23 9785 851 461 1986 1191 934 181 6921 1010 27 722 2291 1383 3064 349 2406 1182 38 14 180 0 1549 497 133 89 242 61 1122 147 101 178 0 520 38 3 354 45 1 196 59 12 134 11 2 17 0 6 0 0
9 141 30 6 1577 688 1158 53 70 340 228 21 36 9 1 13369 6604 2665 8915 17931 4292 1450 6378 56 6362 1135 702 2403 1144 1513 103 4828 2235 30 590 1761 811 1400 256 1797 1023 227 27 647 0 972 258 94 109 69 25 425 210 102 88 7 438 38 3 336 97 0 27 20 8 57 20 3 9 0 1 0 0
9 143 30 6 1863 694 961 51 95 345 174 24 43 9 0 14397 6894 2733 12722 17165 3642 1381 3957 49 7469 809 563 3075 1079 1345 132 3485 1188 39 761 1792 1392 1590 326 1358 924 133 27 312 0 1466 462 130 145 96 36 717 179 118 76 5 385 0 0 360 94 6 78 39 16 68 0 0 19 0 0 0 0
9 130 29 7 1701 653 901 43 62 327 171 34 46 6 1 13182 6906 2383 11405 15822 3785 1172 4194 30 7025 563 686 2637 1262 1477 236 3707 1171 57 656 1686 824 1100 215 1545 874 68 24 291 6 1220 584 180 104 46 14 446 132 111 93 0 395 30 3 387 64 3 22 24 6 93 12 3 12 0 6 0 0
11 207 40 15 1976 1052 1998 71 111 538 506 63 145 21 10 13375 8279 3866 10120 27460 8229 2138 12172 69 9067 3133 1920 1957 1996 2783 275 8434 4058 105 741 2441 1112 2534 428 2629 3831 327 78 770 0 1191 1068 499 428 111 30 851 482 201 553 4 461 348 30 1041 239 9 47 100 43 314 165 30 37 0 76 0 5
12 170 51 15 1857 1086 1287 105 98 424 434 83 77 29 3 14718 10081 3632 11165 19047 6606 2677 6576 117 7992 1810 2014 2667 1984 3157 505 5394 3389 173 806 1809 1084 1857 424 2011 1773 459 115 969 17 1213 690 300 469 101 32 669 358 285 165 16 498 95 10 644 280 29 67 44 46 132 46 15 41 2 6 1 0
9 143 31 5 1819 704 1001 59 100 367 168 15 36 10 0 14193 6965 2664 12226 16797 3854 1539 4460 71 7941 888 439 2952 1143 1087 74 3885 1377 15 712 1740 1432 1652 397 1500 835 212 30 339 0 1488 388 92 148 94 52 739 154 65 51 10 381 0 0 389 72 0 85 16 14 78 0 0 36 0 0 0 0
11 163 40 15 1883 941 1194 63 113 402 337 72 63 27 3 14903 8669 3340 11380 18841 6095 1767 5656 46 8200 1315 1335 2733 1814 3230 670 4407 1789 112 743 1881 1241 2233 385 1806 1303 220 87 531 17 1318 534 263 497 120 38 904 302 308 140 9 476 77 11 387 159 33 112 63 56 80 14 11 28 3 4 1 0
10 177 30 15 1878 732 1572 42 96 467 461 43 104 28 7 12833 6086 2585 10850 23470 5377 1169 8720 31 8811 2379 1178 2276 1304 3175 251 6435 3481 48 488 2055 1183 1940 238 2383 2442 405 60 730 0 1220 929 216 500 128 41 772 426 176 326 14 493 230 11 817 254 16 72 54 58 218 97 20 65 1 27 9 0
8 131 17 11 1693 454 835 11 45 241 281 28 46 13 4 14937 4303 2324 11326 15409 2508 359 3006 1 5657 1416 602 3192 601 2688 287 2129 1386 15 605 1763 614 874 73 652 895 123 20 378 6 1216 564 100 292 29 5 303 344 112 62 1 176 116 6 303 80 10 21 17 24 30 37 8 12 0 6 3 0
9 182 27 9 1815 767 1871 36 105 536 281 36 99 9 3 11927 5992 2888 9711 25909 6624 1161 12233 22 9019 1653 928 1880 1604 1724 226 8920 2113 50 581 2243 1056 2462 291 2952 2575 108 27 434 4 1121 730 301 197 161 32 910 257 150 436 1 534 88 10 646 136 6 80 71 24 267 58 4 32 0 21 2 0
8 126 20 8 1673 506 810 21 64 297 178 23 35 11 1 13275 5045 2233 11700 15130 2829 622 3071 10 7025 704 420 2723 802 1783 260 2644 845 21 581 1642 858 1203 172 1010 553 90 19 308 2 1394 437 76 192 66 12 519 186 89 54 4 334 21 3 240 75 8 55 22 29 50 6 2 14 1 1 0 0
8 137 22 6 1589 562 1129 25 83 379 187 27 22 3 1 12322 5024 2343 10001 17413 3785 741 6264 12 7446 878 673 2394 1070 1480 223 5141 1480 32 485 1625 933 1762 193 1877 544 40 13 408 8 1156 235 65 64 134 18 704 184 175 32 0 477 38 4 241 16 0 92 35 5 23 14 1 1 0 0 0 0
9 155 28 8 1732 679 1346 42 96 470 251 29 59 12 1 11782 6212 2525 10369 20906 4717 1161 7293 35 8819 999 743 2096 1363 1785 193 6218 2079 36 526 1961 1081 1918 268 2592 1354 214 33 608 4 1179 546 147 156 174 25 757 153 187 176 7 549 30 2 490 129 5 117 50 12 154 15 4 30 0 4 0 0
10 139 38 7 1858 796 843 74 108 309 187 37 26 8 1 15550 8245 2742 13060 15115 4064 1822 3081 81 7067 871 816 3458 1186 1712 243 2686 1096 79 728 1564 1619 1641 421 1057 530 97 34 298 2 1489 266 109 149 88 64 868 240 162 40 2 338 36 4 191 51 5 91 33 19 28 7 3 4 0 0 0 0
8 142 23 5 1606 581 1303 32 66 418 167 19 57 4 1 11551 5462 1895 9786 19660 4320 920 7776 23 7972 881 558 2044 1216 934 64 6286 1464 27 477 1932 763 1374 203 2162 1423 70 14 262 0 1220 547 177 68 64 11 580 129 76 206 0 474 33 3 434 56 1 40 33 4 177 15 2 14 0 11 0 0
8 141 21 7 1778 563 1004 22 80 347 192 28 36 4 2 13577 5104 2804 11756 17846 3221 733 4120 8 7643 895 566 2858 864 1626 290 3466 1232 33 713 1891 1009 1592 159 1314 655 77 12 341 7 1438 447 97 54 111 25 661 192 166 53 0 373 62 6 333 34 0 66 33 5 49 22 4 9 0 4 0 0
9 144 32 4 1789 752 1082 60 102 365 142 21 27 2 1 13845 7324 2844 11768 17770 4517 1625 5241 65 7263 743 629 2931 1213 957 102 4398 1243 45 738 1858 1363 1899 402 1780 701 48 10 344 0 1281 232 107 31 97 44 806 136 112 51 0 441 34 5 287 20 0 89 32 0 46 19 1 4 0 1 0 0
8 149 24 4 1638 650 1336 38 86 392 153 12 34 6 0 12595 5657 2938 9555 20441 4482 1198 7515 36 7614 860 383 2343 1162 865 69 5519 1507 12 673 1918 917 1984 289 1853 993 138 18 362 0 1228 288 79 93 118 29 625 124 76 75 4 445 0 0 315 78 0 67 23 6 73 0 0 12 0 0 0 0
8 162 18 10 1717 530 1456 16 57 454 330 24 80 12 4 12493 4300 2782 9829 21942 3746 546 8066 5 8541 1908 670 1984 985 2032 192 6197 2651 20 582 2050 609 1268 122 2179 2055 178 17 588 1 1306 738 142 252 53 7 518 322 103 183 3 487 154 7 667 151 6 43 27 21 167 49 9 21 1 23 0 1
8 124 17 11 1626 368 829 10 56 329 280 30 54 12 4 12683 3805 1208 10936 14671 1900 252 3455 2 7479 1138 608 2459 592 2574 208 3237 1679 11 323 1585 780 942 55 1317 942 146 18 516 11 1286 686 79 184 62 7 444 270 136 108 2 432 126 8 441 92 8 63 39 19 92 39 8 27 0 7 2 0
8 97 19 9 1364 355 508 17 33 142 200 25 29 13 1 13128 4330 1205 9577 10148 1448 380 1666 5 3632 738 448 3133 400 2215 158 1096 1003 20 357 1185 433 481 71 393 518 152 21 257 4 773 362 56 206 14 4 125 202 74 39 4 85 30 1 170 72 10 9 10 11 12 7 4 10 1 3 0 0
8 149 22 6 1639 598 1264 26 78 406 191 25 49 4 1 12941 5127 2823 9497 19646 4004 788 6476 13 7809 929 653 2169 1098 1353 210 5341 1487 32 603 1961 795 1709 196 2028 1174 66 14 391 5 1173 422 148 54 98 17 632 164 134 139 0 454 35 3 393 63 1 59 38 6 105 14 2 5 0 7 0 0
8 140 19 9 1556 477 1236 17 52 390 285 26 57 11 2 11714 4322 1873 9121 18752 3379 473 7253 5 7686 1367 676 1984 932 2138 191 5329 2376 22 428 1801 616 1034 96 1968 1475 185 18 602 4 1156 492 116 202 41 11 426 234 106 153 3 467 61 4 466 126 9 54 23 21 98 33 4 10 0 8 1 0
8 103 24 4 1460 531 573 35 47 190 74 18 11 3 0 13365 5971 2098 10386 11306 2623 996 2054 27 4509 197 272 3019 772 921 164 1752 328 27 548 1364 713 791 185 597 165 14 12 100 3 993 126 46 72 35 10 358 71 48 17 1 134 0 0 54 12 0 19 6 6 4 0 0 1 0 0 0 0
8 156 21 7 1587 541 1498 25 80 464 257 22 67 7 2 11552 4581 1809 8401 21680 4019 708 8967 14 8737 1685 715 1771 1175 1463 78 6716 2212 25 389 1950 809 1684 178 2358 1899 126 18 476 0 1146 527 154 116 142 25 561 246 93 194 1 530 75 5 562 86 3 72 41 26 165 39 3 26 0 10 1 0
