43 371 688 215 1556 9332 1691 5897 803 190 3724 4415 460 1687 342 5464 33665 25423 3326 11956 33662 99481 5215 31323 1519 13060 62518 364 3456 11620 20561 1764 16979 40202 2624 589 3281 10609 15706 218 7618 15699 25690 1807 3603 100 1669 6818 19483 533 987 1365 1286 9228 544 4494 13 7717 4151 982 6251 6416 76 1186 1904 109 2282 5119 752 537 273 1545 330
46 352 791 244 1527 9690 1387 7249 789 155 3718 5510 427 2037 384 4654 34753 24163 3963 10092 30934 111370 3798 40970 1467 11548 70352 323 3120 11867 24136 1229 14601 54187 2689 536 3996 8962 16631 131 6230 16009 34045 1382 5029 69 1986 6964 22292 407 1140 1337 1265 9375 437 5408 10 7666 5275 886 6139 9095 57 1287 1981 68 2061 6335 735 706 289 1819 316
38 363 499 204 1565 7446 1917 3314 585 187 3909 3263 453 1496 363 5980 27995 22322 3576 14227 30827 61137 7183 12969 1645 14833 51684 263 2872 13094 16639 2151 20380 21954 2164 743 2235 8830 8983 224 8750 15001 17196 2027 2388 70 1622 5337 19466 427 462 849 1500 6960 644 3010 8 8951 3484 925 5754 5650 42 728 1772 81 2706 4601 503 609 259 1598 356
27 355 240 111 2251 4566 2656 1094 394 324 2858 1086 509 546 199 10745 25032 14786 6917 27112 26547 24764 13645 3007 3556 13910 23521 911 2999 12407 5220 4962 19530 4697 2143 1790 2591 7423 3968 647 12218 7182 4052 2182 314 276 2515 3811 8473 389 219 1066 1891 2860 1280 782 48 5952 1214 1741 3770 1114 42 529 831 176 2448 1440 476 103 405 593 234
30 358 303 132 2058 5308 2487 1549 475 319 3150 1563 487 711 237 9560 26887 16198 5794 23558 28569 32401 12068 4682 3345 14000 30976 497 3657 13253 7557 4642 20381 7939 1976 1487 2579 8539 5254 666 11274 8855 6161 2516 744 159 2197 4227 10497 494 341 1117 1710 4164 1186 1056 33 6605 1772 1501 4109 1820 65 627 1133 165 2634 2069 472 150 365 745 267
29 358 286 120 2188 5155 2388 1520 462 352 2981 1229 482 704 201 10741 27355 17428 6773 24305 25791 32638 10594 5171 3846 13333 25491 722 3579 12671 6251 4761 19232 5938 2217 1599 2637 8128 5403 769 10711 9659 5476 2653 322 258 2461 3607 9936 451 296 1279 1776 3564 1050 1484 55 5755 1117 1777 4396 1319 65 551 966 219 2170 1849 551 138 396 744 193
40 368 598 182 1837 8489 2014 4766 699 224 3471 3602 497 1222 290 7334 37195 21916 4361 16495 36783 82747 8237 23367 1966 12144 57264 454 3982 12917 15917 2716 18698 31007 2688 1039 3402 10424 12648 350 9561 12361 18475 2033 2647 113 1920 7148 15242 545 736 1216 1560 7415 995 2385 12 6793 3746 1175 5741 4406 51 1108 1442 114 2522 3672 633 313 367 1088 284
45 365 772 218 1544 9833 1620 7245 808 178 3741 4890 435 1681 374 5526 36458 24636 3033 11572 34750 113910 5125 43043 1315 12719 70035 333 3634 11916 20224 1721 16951 49455 2805 582 3120 10262 17584 214 7345 15408 29019 1936 3523 76 1453 7341 19309 472 999 1149 1388 9467 514 4189 13 8212 5372 881 5890 6394 37 1103 1922 79 2539 5436 568 483 232 1712 369
29 374 291 115 2243 5577 2641 1511 568 369 2747 1360 506 604 179 9799 27699 19154 7579 25652 30922 34774 12585 4705 4410 12611 26348 631 3864 11225 7885 5123 17406 7087 2441 1672 3512 10609 6596 818 11211 7412 5190 2168 728 238 2676 4281 9009 619 495 1755 1541 4119 1281 1102 41 4887 1231 1785 4031 1289 130 792 938 250 2094 1623 614 78 412 536 182
25 352 197 103 2251 4027 2761 765 363 374 2703 876 496 484 175 10847 21778 14556 7294 28737 24583 18355 14832 1745 4287 12919 19468 741 3056 11930 4971 6046 18845 3127 2084 1904 2204 7361 3085 904 11899 6258 3019 2286 274 262 2618 3173 7885 409 175 1078 1753 2567 1379 577 45 5219 887 1920 3533 979 60 451 803 258 2078 1265 467 100 413 505 172
30 356 314 121 2435 5531 2146 1666 599 378 2665 1555 465 684 155 11555 30557 18001 10056 22623 25695 35160 8603 5160 5639 11131 27442 1253 3800 12089 8929 3898 15366 8424 2622 1589 4778 9302 6718 898 9035 7996 6252 1993 1038 559 3019 3918 9478 532 680 2182 1506 4427 886 1242 107 4134 1063 1937 4071 1806 195 955 940 330 1531 1680 737 126 357 507 107
39 361 598 143 2387 8440 1851 5043 838 375 2706 3066 448 865 165 11017 46423 20323 8732 17940 34579 86282 6837 26857 4702 8910 47864 1371 6132 12103 13308 3582 14292 28993 3552 1458 6148 11047 15130 854 7624 8910 14443 2236 2109 559 2694 6641 10212 585 1287 2823 1334 7152 813 1691 103 3923 2363 1901 4330 2950 276 1509 1042 303 1407 2079 803 140 361 503 123
29 378 307 99 2161 5999 2863 1721 582 461 2511 1317 455 492 124 10698 29060 19955 6426 25388 36230 40237 15213 5950 4835 11615 28028 903 5429 9741 7132 6983 17603 7635 2624 1677 2980 11430 7249 1398 10941 5994 4999 2482 499 357 1868 4529 7936 671 491 1987 1370 4193 1309 677 113 3577 1129 2036 3522 1258 114 719 919 373 1569 1075 442 116 354 316 97
22 317 166 65 2563 3318 2432 664 399 499 1779 540 381 248 88 14440 22168 10974 11511 29265 19236 15322 12599 1656 7470 8440 12370 1735 3476 8766 2458 6860 13050 2023 1911 2305 3686 7123 3200 1725 8851 3597 1643 2034 79 732 2573 2186 3758 404 336 1770 1295 1870 1002 303 193 2674 487 2189 2030 321 122 578 365 383 1140 509 381 27 308 196 71
22 336 166 65 2377 3599 2933 616 436 522 1739 620 423 232 72 12603 21003 11839 9366 31464 24974 15438 17456 1281 7086 8435 13482 1093 3971 8046 3605 8523 12881 2359 1726 2252 3233 9286 3257 1854 10218 2968 1651 1847 285 587 2439 2898 3827 611 350 1885 1084 2154 1506 211 164 2157 453 2019 2121 414 165 687 477 455 996 433 408 31 314 153 44
13 279 45 33 2198 1196 3011 77 203 599 1078 93 334 78 38 11591 7548 4987 9208 37402 9327 2232 20116 79 8929 6078 2535 1076 1573 5172 463 10933 9077 106 787 2717 1564 4888 612 2506 8920 1268 179 1383 4 760 2172 634 1239 481 84 1096 822 522 1479 63 248 1224 58 1870 978 30 149 218 173 484 627 110 238 0 247 66 20
25 318 236 64 2555 4465 2270 1217 417 541 1731 751 301 275 57 15352 31040 13673 11418 25586 24802 27542 11351 3992 7847 7592 16983 2123 5376 8712 3771 6980 12822 3951 2578 2224 3167 7652 4660 2156 6926 4198 2506 2582 189 991 1954 2600 4072 432 272 1964 1149 2448 707 398 343 1759 452 1908 2046 526 179 440 471 398 704 444 316 40 167 125 27
19 294 121 50 2504 2619 2387 388 311 565 1439 365 306 163 53 13987 18385 8957 12465 30024 16135 9759 12525 720 9096 7236 8607 1739 3421 7463 1887 7808 10919 1138 1522 2367 2979 6102 2013 2295 7274 2460 920 1869 66 964 2280 1606 2694 425 182 1675 995 1357 843 132 305 1741 250 1997 1335 217 179 372 340 425 694 276 287 26 207 101 30
24 334 218 58 2564 4432 2692 1058 525 586 1524 696 338 230 40 13865 28158 13849 10667 29614 28296 25238 15314 3165 7986 6228 14886 1653 5361 7441 3904 8601 11666 3582 2302 2269 4101 10285 5229 2244 7989 3144 2112 1938 253 926 2049 2877 3618 661 503 2799 958 2550 1179 282 308 1149 311 1754 1954 480 333 721 425 480 542 323 395 26 184 81 11
16 269 78 42 2288 1712 2515 187 214 574 1289 204 303 123 46 13635 12374 5390 10710 31124 12329 4553 15690 258 8426 6206 5377 1536 2351 6966 873 9559 10733 429 930 2574 2055 4245 951 2526 7728 1990 432 1977 20 786 1978 971 1892 239 128 1236 969 739 1106 109 310 1475 133 1880 1264 129 136 229 231 447 691 193 233 5 207 88 24
19 288 130 41 2641 2820 2224 452 363 584 1144 368 247 118 31 15926 20067 9720 14560 28137 17377 11319 11261 925 9552 5638 8455 2436 3694 6152 2174 7683 8257 1310 1948 2403 3909 6573 2489 2410 5683 1632 826 1507 124 1242 1860 1525 2015 407 302 2339 895 1437 664 86 417 978 198 1756 1019 187 228 441 241 380 410 152 216 5 124 53 10
25 322 242 58 2828 4640 2159 1280 505 531 1440 754 319 218 48 16656 33150 14579 14307 26290 24414 29305 10064 4228 8476 5919 15365 2585 5096 7737 3981 6225 9621 4382 3037 2376 4911 8420 5692 1895 6675 2845 2220 1799 243 1162 2255 2940 3172 470 506 2751 1002 2439 873 264 340 1319 432 1824 1908 388 239 634 336 398 618 340 362 25 171 114 14
17 253 100 36 2680 2185 1729 281 320 520 841 278 191 101 20 17027 17166 8140 17011 25057 12232 7264 7730 414 10627 3527 5187 3039 2783 5716 2047 5348 4872 829 1725 2365 3775 5599 1823 1944 3497 1031 543 995 108 1717 2179 922 1690 390 269 2056 624 1066 342 77 439 553 92 1336 720 163 257 344 194 318 198 114 222 7 79 29 4
16 264 87 33 2386 2055 2279 232 261 581 997 218 193 86 24 14616 14681 7972 12596 29046 13761 6354 13052 352 9524 4888 5516 2186 3019 5651 1382 8471 8085 570 1437 2440 2546 5609 1332 2712 4704 1232 430 1656 35 1241 1519 907 1551 428 136 1634 726 1039 585 38 502 800 118 1368 714 118 205 241 225 314 312 104 168 13 64 39 3
19 284 131 40 2593 2803 2233 474 341 581 1113 338 257 129 28 16055 20423 9455 13573 28264 17248 11928 11736 1037 9346 5046 7691 2280 3653 6051 1894 7997 8516 1238 1916 2500 3532 6278 2409 2469 5860 1934 828 1659 73 1173 1892 1506 2070 422 290 2157 781 1233 724 132 396 822 147 1801 1183 186 186 397 235 408 381 171 256 8 130 47 9
19 262 128 43 2512 2613 1986 444 260 546 1159 346 212 152 27 15939 20781 8340 13616 26307 15946 10897 10098 924 9297 4680 7830 2482 3626 7358 1940 6927 8500 1187 1779 2426 2572 4982 1842 2379 4610 2092 854 1981 90 1298 1696 1189 2430 331 129 1735 865 1217 524 180 483 808 133 1518 1208 254 183 259 264 301 345 187 192 16 73 46 5
18 265 111 42 2417 2315 2193 343 263 563 1152 308 256 131 34 14819 17863 7264 12668 28276 14925 8292 11892 603 9495 4574 6848 1945 3331 6749 1754 8049 8993 963 1343 2449 2520 5308 1685 2451 5745 2033 671 1831 92 1111 2031 1250 1941 391 131 1525 752 1100 764 136 406 1009 152 1660 1189 166 205 292 181 407 454 196 265 12 127 57 12
12 240 42 24 2189 1071 2310 65 176 588 789 89 214 47 19 13390 7804 4217 11366 30466 7545 1816 14253 49 10320 4619 2410 1682 1572 4074 435 8796 6554 122 756 2425 1661 3755 466 2741 5540 763 129 1065 6 1201 1647 546 857 307 73 1208 658 432 701 16 439 658 47 1549 485 42 156 178 135 381 297 50 152 3 110 25 6
17 259 97 39 2367 2046 2120 287 217 540 1148 234 258 126 33 15622 16226 6700 11955 27599 12493 7060 11548 524 8959 5185 5690 2023 2913 6561 1085 7687 9105 601 1377 2421 2007 4141 1264 2437 6073 2092 586 1890 32 1061 1856 1094 1845 236 115 1176 855 875 818 134 372 1023 111 1719 1274 131 67 198 180 404 473 179 195 6 147 66 10
17 230 115 21 2832 2314 1350 418 335 493 516 213 90 45 4 19288 21301 7633 19253 21989 11251 9913 5006 916 10241 2229 4207 4433 2984 3944 1374 4170 2927 896 2205 2332 4792 4825 2395 1730 1701 518 369 823 60 2104 926 591 740 291 361 2478 497 901 157 27 490 135 28 749 316 53 291 246 90 136 45 22 64 6 8 3 0
16 254 89 31 2441 2024 2151 241 263 561 888 219 186 85 15 15217 15525 7067 13483 28109 13572 6352 12486 371 9349 4068 5100 2562 2883 5390 1421 8255 7042 577 1403 2421 2811 5270 1411 2605 4455 1211 429 1396 75 1326 1459 859 1440 398 157 1718 645 943 565 66 488 521 73 1346 767 117 199 236 185 337 174 82 200 11 56 18 1
17 274 105 31 2469 2380 2439 350 253 566 966 218 266 89 23 15031 17852 8003 12346 31004 16328 9142 14718 732 9116 4692 5930 2058 3376 4952 927 8902 8242 684 1707 2702 2439 5201 1770 2451 6561 1456 519 1368 7 1147 1930 1436 1379 286 133 1552 709 775 1060 85 349 684 119 1578 1066 86 142 246 147 449 383 89 212 9 145 43 7
13 231 55 23 2258 1388 1964 110 165 521 734 118 160 39 19 15168 10965 5652 12510 27154 9046 3187 10809 117 10087 4411 3137 2313 2180 4203 736 6798 5739 230 1122 2384 1600 3490 722 2311 4051 622 160 986 16 1402 1383 637 737 210 46 1061 701 499 411 12 458 682 78 1255 331 32 102 135 101 283 280 38 85 2 69 23 7
18 278 127 26 2630 2866 2198 486 363 571 770 256 182 62 12 17275 21600 10412 13818 27975 17599 12866 12085 1144 9572 3717 6129 2997 3898 4202 1507 7568 6232 1087 2283 2667 3545 6942 2871 2491 4463 1004 492 1165 58 1475 1239 1227 960 435 302 2316 598 1126 630 48 457 401 83 1262 699 72 212 329 117 321 181 57 130 1 72 16 2
19 290 134 37 2429 2902 2580 492 354 616 1060 346 275 110 21 14730 20898 8613 11197 30251 20552 12221 15677 1063 8791 4907 7973 1793 4514 5544 1827 10129 8644 1370 1627 2522 2844 7283 2710 2882 6705 1701 771 1618 115 859 1614 1790 1756 482 263 1999 733 1265 1146 109 362 638 119 1645 1244 151 173 411 197 483 355 135 235 8 135 29 6
13 243 46 32 2118 1142 2412 71 126 530 1040 116 241 61 38 13244 8590 4027 9846 31341 8578 2012 15211 53 8946 5829 3107 1595 1763 5628 610 8558 8901 155 719 2652 1072 2916 390 2341 6509 1079 164 1457 12 1155 1754 647 1061 184 25 723 914 479 836 24 339 1334 95 1557 597 47 61 142 81 369 604 95 77 2 169 41 27
15 228 86 19 2585 1928 1579 260 256 531 516 149 118 40 6 17639 16426 7260 16915 23743 10756 6881 6972 466 10353 2374 3317 3384 2801 3371 1043 5809 3569 493 1705 2325 3361 4275 1538 2294 2492 579 242 762 31 1717 1243 608 678 241 213 2041 403 566 266 28 514 194 29 928 363 37 212 215 54 239 65 33 101 1 27 5 0
11 199 40 15 2237 1012 1542 72 147 468 472 56 106 32 5 15402 8373 4840 14225 24139 5705 2168 7525 74 9511 2493 1412 2971 1247 2965 437 5504 3725 85 1034 2283 1937 2780 448 2060 2446 554 81 805 7 1586 1074 232 510 144 88 1112 453 276 238 29 483 184 10 924 340 21 123 99 55 173 62 16 82 0 19 7 0
14 209 68 23 2260 1529 1543 163 138 492 632 137 140 53 11 16208 13393 5798 13744 22697 8963 4448 7666 218 9485 2670 3174 2669 2548 4319 912 6174 4631 325 1236 2271 1719 2490 703 2376 2975 758 243 1146 20 1365 1300 631 895 99 68 925 552 410 401 28 477 316 44 1129 481 58 58 91 75 266 163 43 82 7 50 13 2
16 247 100 20 2607 2225 1763 334 327 586 534 176 146 46 4 16440 17954 8250 16066 26054 12580 8692 8027 671 11766 2456 3830 2642 3209 3299 1119 6050 3707 659 1534 2352 3906 5734 2039 2623 2974 617 304 777 33 1672 1412 855 771 379 321 2397 357 704 346 36 533 122 26 1037 435 69 363 319 80 322 49 14 154 2 26 6 0
14 239 75 16 2331 1825 2184 208 252 621 496 125 141 26 5 14076 14184 6349 12990 29394 13217 5740 12986 339 10625 2375 3102 2077 3209 2704 814 9387 4321 377 1310 2499 2569 5406 1395 3145 3494 478 164 851 36 1316 1048 789 384 426 147 1846 342 610 551 14 564 168 31 1031 328 19 263 216 49 305 69 18 97 0 32 3 0
10 168 28 17 1879 652 1322 36 67 383 524 40 101 36 8 14776 6131 2628 11585 20505 3610 996 6705 22 7696 2610 965 2844 852 3662 272 4705 4061 45 607 2048 880 1207 196 1783 2412 661 46 999 3 1272 950 142 574 62 16 420 487 135 242 28 373 264 7 850 330 19 28 24 50 135 119 27 59 3 25 9 1
13 228 55 23 2129 1322 2178 115 140 553 742 106 196 48 17 13859 10650 4316 11035 28767 9965 3109 13666 137 9342 3922 3005 1885 2393 4153 406 8951 6241 199 862 2571 1282 3043 614 2827 5013 760 181 1088 2 1103 1447 740 914 147 46 902 626 370 790 23 428 563 59 1409 515 32 58 127 85 364 271 51 79 8 115 16 7
15 271 74 31 2217 1817 2904 173 204 599 979 190 295 63 29 12708 12756 5111 9626 35020 16088 4775 20296 223 8405 5291 5059 1326 3048 4843 876 11496 8160 435 941 2782 1680 4811 900 2739 8019 976 279 1289 49 848 1855 1438 1115 336 81 1219 783 751 1453 35 294 935 140 1702 718 75 102 246 127 462 504 86 139 1 217 23 19
11 227 39 16 1929 1102 2563 63 144 610 558 68 161 26 8 11954 7846 4114 9012 31525 9892 1991 18553 52 8920 3259 1923 1507 2121 2783 435 11984 5122 99 708 2555 1130 3758 490 3397 4624 465 86 988 15 987 970 502 472 279 48 978 485 322 838 12 489 273 23 1097 365 13 77 98 71 381 161 19 73 1 59 9 1
13 186 62 16 2376 1299 1244 148 205 449 405 105 59 28 5 16374 12263 4268 16754 20567 7167 3640 5483 196 9723 1647 2155 3555 1896 3318 721 4557 2785 274 1180 2131 3034 3254 913 1749 1146 319 139 667 16 1955 829 251 510 231 171 1577 352 457 57 9 485 173 28 564 117 31 265 126 78 77 38 14 42 4 11 4 0
11 190 41 14 1991 1041 1737 66 161 510 377 74 80 23 2 14033 8454 3569 11773 23650 7992 1896 11145 47 9054 1736 1555 2451 2004 2707 635 7863 2881 126 814 2274 1640 3411 562 2734 2030 251 82 591 19 1355 640 319 464 282 61 1197 346 388 246 6 546 77 9 672 138 34 149 109 62 169 34 5 36 1 16 1 0
11 193 39 16 2003 955 1667 61 122 487 517 70 107 28 6 14507 8006 3820 11621 23638 6193 1713 9420 46 8861 2616 1823 2460 1538 3265 446 7052 4360 103 757 2277 1388 2524 369 2455 2683 490 88 967 15 1308 883 306 464 158 31 837 470 358 297 10 473 212 15 926 282 26 98 78 59 203 102 21 63 0 23 6 0
14 203 72 19 2347 1528 1429 187 181 486 509 134 120 35 8 16752 14244 4629 15614 21762 8676 4593 6576 275 10000 2425 3002 2902 2581 3540 732 5434 3369 373 1317 2110 2241 3135 1037 2181 2475 440 198 798 28 1644 1263 631 579 177 76 1267 445 463 284 13 486 254 41 928 306 34 119 148 86 253 99 29 62 2 44 7 1
14 233 69 22 2285 1646 2014 168 192 551 649 143 175 38 15 15207 13149 5477 12938 27288 11628 4609 11567 238 10217 3549 3546 2357 2712 3641 888 7381 4803 329 1211 2518 1977 3905 1002 2571 4316 568 215 920 49 1330 1376 851 655 221 97 1300 577 472 544 23 443 519 74 1333 379 14 122 194 63 327 218 39 88 0 94 14 6
11 205 35 20 2047 862 1911 49 148 526 610 65 141 38 13 13306 6759 3286 11756 26261 6134 1352 12015 32 9207 2931 1619 2187 1306 3943 358 8148 4956 79 586 2336 1657 3016 376 2672 3528 526 95 1064 1 1260 1147 270 726 254 58 1001 471 336 484 11 504 417 29 1045 365 25 141 138 93 281 186 31 77 7 52 18 2
9 181 22 14 1877 565 1775 27 82 530 475 24 122 25 8 11774 4574 2398 10940 25419 3899 785 11186 19 9644 2190 689 1871 882 2845 145 8142 4428 17 531 2272 985 1779 185 2970 3062 502 33 947 0 1180 1041 134 344 130 18 665 378 147 386 19 535 281 6 1062 277 2 78 48 27 264 124 22 65 0 47 6 2
11 184 46 9 2126 1123 1547 104 127 448 293 44 85 14 3 15200 10066 4318 13443 23312 7460 3028 9013 144 8914 1309 1248 2939 1700 1757 227 6011 2600 93 1069 2470 1755 2528 589 2025 2142 278 60 507 0 1566 780 322 194 121 57 1064 250 170 249 10 422 98 12 665 163 1 95 79 6 177 49 8 49 0 18 2 0
14 199 77 14 2339 1661 1377 221 209 480 374 120 67 21 2 17161 15446 5574 15407 21163 9414 5658 6664 369 9488 1623 2580 3418 2697 2777 815 5270 2670 401 1411 2140 2514 3612 1281 2228 1435 299 144 719 34 1633 739 397 369 275 125 1627 319 515 110 9 514 62 15 591 166 21 182 126 42 121 26 7 43 1 1 0 0
10 195 34 11 2116 883 1697 57 158 526 358 42 99 17 4 13459 7152 3697 13178 25883 5894 1591 9394 53 10474 2223 1167 2245 1391 2003 240 6727 2845 63 737 2295 1853 3134 527 2465 2490 262 54 446 0 1602 982 258 332 221 70 1201 347 184 234 7 526 156 11 850 149 9 189 113 45 234 53 9 72 0 25 4 0
9 203 21 15 1893 616 2202 20 104 549 506 33 147 21 10 11538 4551 2587 9800 29990 4996 644 14891 8 9706 3069 877 1564 1059 2715 227 9295 4342 24 496 2451 951 2597 197 2839 4019 336 34 729 1 1264 1135 238 395 216 23 734 467 180 615 6 481 357 15 1046 248 8 91 76 67 321 161 17 63 1 60 10 2
12 215 46 20 2033 1155 2123 81 119 552 626 92 173 33 14 13249 9123 3854 10934 27966 9591 2356 13931 73 9344 3394 2440 1824 2176 3567 482 9248 5180 153 683 2528 1226 2534 440 2860 4480 494 119 933 16 1140 1278 638 634 106 39 883 562 298 678 12 464 482 45 1292 346 24 57 110 45 337 250 37 70 0 82 10 6
11 199 42 13 1873 1071 2053 73 156 555 397 68 105 23 1 12760 8256 3573 10136 26360 8956 2099 14178 61 9096 1777 1690 1971 2179 2368 513 9585 3618 125 664 2211 1440 3606 511 3111 2780 341 79 819 16 1161 714 348 418 313 78 1098 310 308 472 11 566 27 3 752 281 29 133 111 47 218 23 5 82 1 6 0 0
12 211 50 16 2076 1221 1916 105 161 577 514 80 132 25 10 13323 9881 4215 11714 26615 8841 2933 11073 125 10401 2708 2197 1878 2290 3020 389 8259 4146 167 795 2315 1628 3356 672 3065 3331 405 100 904 3 1256 1013 480 425 278 61 1208 409 360 423 11 550 323 40 1037 280 15 172 136 50 282 161 24 73 0 39 7 3
13 169 65 13 2146 1269 1076 168 158 397 357 94 43 23 1 17078 13320 3798 14948 16959 6469 3837 4899 250 8032 1664 2058 3733 1954 2762 556 4234 2735 270 1052 1862 2198 2384 898 1922 974 377 129 832 18 1445 452 209 412 127 91 1157 322 363 48 11 475 38 5 465 126 25 113 61 52 65 17 5 30 2 0 0 0
10 174 33 12 1990 790 1509 50 131 431 372 49 71 16 5 14161 6720 2886 12985 22188 5545 1336 8968 38 8485 1876 1252 2942 1119 2525 275 5927 3067 73 732 2086 1730 2518 373 2078 1785 217 48 701 5 1521 673 192 343 156 57 1029 387 242 177 4 461 179 16 592 131 11 121 86 51 98 57 11 39 0 8 4 0
11 175 44 11 1975 1046 1451 89 118 414 358 57 55 15 4 15100 9489 3910 12340 21371 6918 2500 8377 103 7841 1822 1579 3090 1673 2444 363 5756 3198 114 922 2181 1476 2317 512 2004 1565 252 69 718 4 1425 409 217 286 97 47 905 390 248 159 3 423 153 16 518 117 8 80 53 38 83 53 10 17 0 7 3 0
11 235 42 13 1907 1253 2629 81 154 615 523 59 133 17 8 12350 8365 5759 8525 31338 10925 2725 18629 89 9157 3711 2061 1494 2367 2264 292 11490 5148 109 925 2484 1049 4201 661 3473 4306 334 69 942 0 1042 712 483 340 320 40 1022 511 319 535 5 558 311 30 1025 235 5 106 91 59 291 172 16 45 0 42 5 2
9 188 24 12 1962 658 1754 30 108 493 440 28 95 22 4 13174 4922 3146 11884 25171 4537 947 10533 20 9686 2965 857 2253 919 2423 166 6682 3951 24 599 2233 1397 2155 212 2257 2729 403 38 638 0 1586 804 155 424 113 56 954 487 140 217 14 517 177 6 823 225 10 130 54 72 175 65 6 56 2 18 6 0
12 182 51 15 2070 1118 1427 108 117 463 454 81 98 24 7 14717 10592 3530 13416 21786 6918 2752 7526 127 9183 2132 2059 2548 1991 3056 413 5944 3620 176 906 2086 1437 2179 539 2284 2250 414 105 880 7 1434 960 411 372 120 32 801 417 299 245 7 491 234 27 881 220 18 72 72 46 198 101 22 46 0 28 5 1
8 171 21 7 1738 597 1826 23 98 537 240 26 82 5 2 11433 4560 2409 10097 24532 4966 712 12840 11 9318 1170 715 1788 1161 1278 185 9197 2340 27 523 2259 1084 2218 191 3071 2258 111 16 392 6 1238 572 210 67 148 29 879 208 137 352 1 576 67 6 675 67 0 99 70 6 227 43 2 27 0 16 1 0
10 168 38 7 1939 882 1396 74 148 416 220 36 57 10 0 13967 8057 3294 13025 21305 5546 1924 7873 81 8435 896 920 2852 1326 1416 195 5678 2015 76 717 1988 1825 2892 539 1984 1299 173 37 450 2 1433 580 185 147 236 81 1009 133 185 170 5 512 0 0 459 118 9 136 79 22 114 0 0 37 0 0 0 0
12 195 55 11 2197 1323 1523 131 163 464 320 70 88 17 2 16001 11613 5090 13775 22562 8305 3740 8275 180 9565 1574 1680 2985 2107 2110 433 5699 2422 184 1137 2273 2023 3073 795 2079 2023 247 84 453 7 1615 816 420 320 165 93 1236 306 273 300 7 487 53 10 644 181 15 126 99 37 206 36 6 48 1 16 1 0
11 183 41 14 1920 967 1649 71 129 487 435 67 85 22 5 13194 8353 3516 11673 23631 6727 1938 9839 62 9143 1716 1690 2162 1697 2910 426 7180 3942 115 711 2125 1343 2800 423 2501 2057 378 83 940 13 1388 816 254 367 206 49 950 306 342 276 7 544 154 18 635 222 11 131 88 42 193 73 12 31 4 22 5 0
9 193 21 15 1918 596 1859 18 117 539 478 35 118 23 8 12249 4267 2929 11066 26131 4254 578 11359 5 10469 2651 848 1782 921 2804 292 7589 3908 26 502 2149 1189 2702 174 2731 2924 340 30 688 3 1419 1129 177 452 254 22 814 400 232 288 6 535 288 13 1019 198 15 179 83 88 256 92 17 93 3 30 7 1
9 165 25 11 1964 617 1311 28 104 439 351 38 72 15 3 13292 5460 2546 13401 21350 3783 771 6326 13 9539 2037 1001 2459 868 2284 248 5025 2670 39 531 2083 1428 1965 194 1903 1598 236 35 520 6 1694 919 140 291 128 31 863 331 192 108 3 491 122 7 687 129 14 138 84 39 149 25 7 42 0 14 2 0
8 161 20 8 1934 547 1366 20 103 407 262 26 56 8 2 12843 4350 2667 13480 22548 3791 624 7182 7 8887 1734 701 2659 729 1711 198 4898 1925 27 549 2206 1499 1929 157 1648 1441 100 17 311 3 1714 663 115 180 130 49 880 343 148 108 1 411 81 5 489 65 6 123 58 28 97 30 3 22 0 8 1 0
9 144 32 4 1765 779 1076 59 98 357 113 22 32 3 0 13610 7494 3020 12009 18222 4785 1706 4956 61 7503 576 524 2785 1390 799 138 4282 753 48 704 1891 1264 1936 387 1812 712 31 14 197 1 1248 347 138 74 122 42 739 94 87 89 0 418 0 0 270 30 2 67 34 7 63 0 0 11 0 0 0 0
12 121 62 4 1987 1059 416 181 97 176 68 38 5 1 0 18722 13794 3271 16079 9121 3259 3950 721 329 4866 196 555 4996 1116 937 290 725 201 152 1161 1268 1901 1006 685 334 54 9 9 76 5 1311 95 39 12 28 58 618 78 93 0 0 107 0 0 38 2 0 41 9 0 3 0 0 0 0 0 0 0
9 149 29 7 1923 721 1065 43 101 342 209 34 30 6 1 15198 6716 3085 13497 17889 4161 1256 5138 30 7724 1057 817 3253 1043 1688 266 3657 1531 58 881 1964 1473 1862 317 1281 658 79 22 337 5 1657 313 103 131 104 36 803 281 179 50 0 341 38 4 281 36 5 93 38 20 43 13 2 7 0 2 0 0
9 135 29 7 1742 630 965 46 76 335 200 28 49 9 1 13990 6701 2059 12246 16076 3544 1151 4752 39 7600 894 696 2792 1058 1494 141 3679 1513 44 568 1679 1079 1243 260 1427 1078 133 30 341 0 1368 575 142 157 55 24 592 155 83 116 2 370 34 3 395 86 4 54 44 9 93 13 3 20 1 6 0 0
9 164 25 11 1919 613 1382 29 103 455 307 36 93 16 3 12826 5457 2242 12861 21941 3973 802 7467 14 9565 1339 835 2200 1041 2121 218 5627 2238 39 501 2068 1354 1993 207 2102 2024 194 38 441 2 1530 1015 199 294 153 34 825 248 157 261 2 497 93 6 713 153 14 106 83 29 204 39 8 60 1 19 2 0
9 143 32 4 1803 765 1127 59 96 331 135 22 26 3 0 14034 7173 2939 12905 18042 5229 1694 6226 62 7349 883 632 3064 1202 912 151 4079 1131 45 680 1919 1579 1618 326 1328 764 60 15 195 3 1520 236 103 56 73 65 767 164 81 64 1 322 0 0 254 38 0 77 27 9 38 0 0 7 0 0 0 0
10 144 40 5 1826 889 1098 83 114 356 137 34 21 3 0 14708 8985 2918 12663 16527 5645 2234 6626 96 7046 464 754 3286 1462 1090 228 4878 1200 90 747 1726 1494 2157 500 1888 494 39 17 309 5 1263 248 98 75 168 59 978 108 142 25 0 434 0 0 187 21 2 103 37 13 31 0 0 6 0 0 0 0
8 112 21 7 1625 473 635 22 63 249 145 26 20 8 0 13353 5005 1879 12672 12582 2440 635 2097 8 6376 499 423 2891 691 1721 246 1904 607 29 443 1480 1098 915 134 874 301 63 18 199 5 1362 282 56 142 67 24 503 177 99 24 2 290 0 0 146 32 8 80 22 24 22 0 0 5 0 0 0 0
9 157 27 9 1679 691 1558 37 64 474 283 33 77 12 2 12006 6132 2207 9802 21567 5733 1125 10719 24 8264 1203 912 1896 1612 1925 172 8027 2489 45 574 2071 686 1483 195 2828 1901 162 34 561 1 1130 611 220 226 73 9 560 228 112 356 2 525 65 4 617 163 9 31 33 25 190 32 6 23 0 15 1 0
8 126 25 3 1825 593 718 39 97 277 69 16 13 1 0 14700 5968 2606 14049 14095 2802 1081 2292 32 7320 287 295 3367 720 701 162 1855 338 31 764 1604 1544 1465 300 835 221 13 5 71 2 1708 205 43 15 88 54 828 79 69 12 0 259 0 0 94 7 0 99 24 1 14 0 0 2 0 0 0 0
10 153 33 12 1839 719 1224 53 78 386 344 43 79 19 5 13467 7335 2166 12420 19014 4368 1358 6937 46 8319 1384 1063 2552 1222 2522 198 5011 2823 63 586 1854 983 1507 274 1862 1668 296 51 604 1 1330 915 217 289 102 17 558 252 150 223 10 466 149 13 664 156 8 46 40 31 167 71 14 38 1 24 2 1
10 119 41 4 1852 783 589 92 103 244 64 24 9 4 0 16011 9420 2331 14578 11617 3464 2140 1987 125 6029 169 304 4159 1152 865 215 1825 182 60 859 1503 1680 1395 511 773 94 23 24 61 0 1375 153 37 56 79 65 790 79 80 4 0 199 0 0 51 18 0 67 17 4 4 0 0 0 1 0 0 0
10 164 36 9 1830 884 1380 64 93 422 276 42 65 12 2 13871 8129 3123 11627 20206 6208 1873 8140 63 8340 1484 1105 2505 1653 1873 239 5869 2058 73 699 1972 1016 1943 372 2105 1573 162 45 475 5 1321 608 253 225 130 22 708 276 160 189 5 505 66 7 562 108 6 62 42 36 138 41 5 26 0 8 1 0
9 146 32 4 1700 786 1123 62 84 369 142 16 36 6 0 13460 7433 3151 11199 17685 4796 1819 5656 74 8132 812 507 2508 1392 816 66 4286 1275 24 640 1742 1028 1688 376 1743 913 121 24 235 0 1278 353 123 96 75 27 674 132 61 81 4 444 0 0 371 70 0 58 21 9 82 0 0 19 0 0 0 0
9 158 28 8 1803 710 1393 40 101 393 256 33 48 10 1 13611 6128 2701 11906 20682 5112 1162 8174 32 7720 1428 832 2842 1121 1728 295 5679 2183 36 607 2106 1347 2065 279 1793 1314 197 33 429 12 1477 418 136 162 121 50 832 289 143 114 7 415 38 3 414 89 0 101 44 26 73 22 3 21 0 1 0 0
9 149 25 11 1867 612 1135 26 89 365 314 42 44 13 3 13543 5530 2546 13285 18916 3840 769 5560 8 8170 1439 962 2887 900 2588 348 4012 2302 45 620 1994 1297 1709 166 1430 939 162 32 514 10 1666 561 105 253 87 30 738 344 215 58 2 378 119 9 436 78 14 100 52 35 66 29 3 13 0 6 3 0
8 160 17 11 1847 455 1407 13 84 438 359 25 69 13 5 12005 3653 2080 12462 22292 3012 408 7980 3 9110 2106 628 2348 708 2388 170 5806 2939 17 433 2070 1157 1679 105 2088 1691 203 16 544 2 1462 783 101 292 129 20 697 391 150 135 3 501 186 9 663 92 9 105 57 45 122 62 6 30 0 14 5 0
8 118 27 1 1656 634 699 50 80 243 32 6 0 0 0 14168 6589 2665 12368 13272 3191 1425 2512 55 6182 156 149 3468 894 316 43 1921 219 15 789 1566 1190 1341 338 772 0 0 0 70 0 1351 0 0 0 71 33 627 51 43 0 0 190 0 0 0 0 0 55 0 0 0 0 0 0 0 0 0 0
8 162 20 8 1767 554 1428 23 74 474 254 22 89 7 4 12054 4662 2428 11084 22307 3804 715 7565 13 9836 1538 614 1738 1125 1414 110 6076 1841 23 601 2077 758 1576 182 2362 2061 106 14 354 0 1395 909 196 126 87 17 559 219 82 270 3 501 138 10 760 96 0 38 48 11 222 48 6 22 0 34 0 1
9 151 27 9 1807 696 1215 35 94 349 254 38 35 8 3 13859 6146 2948 11994 19599 4642 1092 6350 20 7539 1237 852 2965 1076 2051 357 4127 1930 51 704 2097 1246 1903 260 1530 889 97 27 403 8 1492 371 106 165 105 35 751 282 180 73 1 346 117 10 302 45 3 77 43 23 53 31 4 4 0 4 2 0
9 153 25 11 1756 619 1325 30 61 408 337 35 73 15 4 12871 5832 2207 11155 20202 4416 879 7758 17 7892 1635 934 2338 1149 2460 196 5789 2610 38 571 2023 734 1239 149 2209 1753 202 31 685 3 1257 667 179 289 68 8 527 344 147 223 5 449 133 10 597 157 11 40 31 22 113 59 8 23 0 13 3 0
8 112 22 6 1577 454 640 31 54 265 158 14 32 11 0 13447 5025 1613 11397 12431 2036 765 2146 25 6417 608 312 2846 690 1507 79 2110 920 14 459 1535 859 801 159 1024 561 154 17 314 0 1225 416 52 145 37 17 408 170 60 44 10 287 0 0 291 97 4 29 13 13 47 0 0 15 0 0 0 0
8 122 23 5 1516 516 983 31 69 310 162 20 19 5 0 12647 5224 1877 10177 15070 3275 833 5991 20 6201 626 511 2614 803 1243 122 4444 1634 30 444 1564 938 1264 181 1677 518 106 14 426 1 1047 163 44 99 73 24 559 140 95 22 1 415 0 0 216 31 4 63 23 12 20 0 0 8 0 0 0 0
8 161 18 10 1605 484 1717 17 51 451 387 23 77 11 5 11296 4049 1997 8973 23512 3830 508 11826 7 7961 2174 761 1863 878 2208 121 7768 4037 17 422 2193 574 1214 99 2478 2356 264 21 801 0 1206 585 135 186 70 5 386 361 110 221 2 495 215 8 708 121 3 32 22 17 160 76 9 21 0 22 2 1
9 158 28 8 1682 711 1593 40 89 487 253 33 61 10 1 11689 6203 2200 10306 21663 5900 1149 10936 28 8419 1083 859 1996 1553 1616 233 8162 2383 48 521 2030 1009 2006 267 2957 1619 161 29 628 4 1115 459 191 167 119 26 795 193 156 299 3 557 31 3 478 115 8 79 38 21 142 24 3 25 0 3 0 0
8 130 24 4 1683 573 998 34 89 338 127 20 16 2 0 12719 5658 2248 12389 16573 3522 942 5066 23 7258 547 501 2727 901 1017 139 4240 1114 35 546 1648 1249 1706 251 1575 340 35 8 305 3 1411 226 54 36 142 32 711 93 118 10 0 418 0 0 167 11 1 126 27 13 15 0 0 2 0 0 0 0
8 149 19 9 1732 467 1254 19 78 408 292 24 64 9 4 12613 4171 1801 11496 19576 3005 522 6702 8 8527 1634 642 2394 734 1962 119 5118 2309 21 384 1912 1086 1388 132 1883 1532 142 21 499 0 1385 600 125 170 113 27 641 316 120 159 0 453 145 7 578 74 3 80 43 22 122 64 9 27 0 8 0 1
8 157 21 7 1743 545 1433 24 125 462 228 23 38 8 1 11784 4180 2418 11318 21366 3887 676 8350 12 9417 1132 543 2131 864 1605 194 6218 2047 26 404 1991 1596 2439 222 2184 1050 135 18 450 2 1565 324 69 167 213 71 972 217 171 91 2 530 40 2 362 67 5 226 50 29 67 6 3 15 0 2 0 0
