99 0 4150 701 0 0 0 98213 0 0 0 49748 0 8415 473 0 0 0 0 0 0 0 0 1475876 0 0 0 0 0 0 0 0 0 1495436 0 0 0 0 0 0 0 0 505156 0 126181 0 0 0 0 0 0 0 0 0 0 28916 0 0 28433 0 0 85141 0 0 0 0 0 14319 0 3629 0 1250 39
17 267 103 33 1911 2018 3711 349 179 633 1460 184 218 130 17 16330 17745 8313 8403 15327 8060 8801 57538 680 2585 1397 3050 1396 1344 2993 1523 29362 34902 786 1481 1320 1645 2864 1458 4984 11530 6485 234 5878 67 245 262 292 440 116 114 522 259 527 894 360 285 1028 0 2022 2105 42 25 63 43 156 333 184 189 0 33 27 0
12 218 51 15 1415 1062 3855 130 74 666 900 34 144 52 4 13241 9919 4578 6607 12047 4736 3547 67466 199 1973 277 551 1086 791 704 309 35113 26383 118 806 1052 673 1293 498 6186 8499 3307 8 4619 5 166 103 99 12 60 20 217 51 83 687 130 354 261 0 1459 1068 0 5 12 1 115 74 34 74 0 13 1 0
12 215 50 16 1420 999 3808 123 79 654 934 39 137 53 5 13213 9660 4245 6650 11622 4211 3172 67084 180 1816 472 716 1181 661 1004 329 35030 26713 121 704 1025 791 1302 497 6139 8306 3299 22 4665 6 172 81 58 49 48 27 210 74 104 630 123 368 321 0 1446 1009 1 8 11 6 98 105 39 80 0 9 3 0
16 263 93 27 1870 1913 3848 313 173 657 1300 129 193 105 13 15520 16871 8085 8199 16199 8678 8277 60290 631 2730 977 2152 1432 1463 2150 1182 30886 32947 560 1391 1411 1583 3024 1476 5197 10891 5726 108 5533 39 255 129 113 204 145 102 571 175 394 945 317 308 777 11 1902 1936 11 30 29 15 163 239 130 173 0 13 12 1
12 235 48 18 1513 1109 4037 110 88 664 976 47 162 56 7 13519 9657 5478 6665 14549 5325 3256 69358 145 2219 880 986 1191 831 1366 465 34552 25989 128 841 1145 780 1705 531 5792 9556 3058 42 4375 5 191 124 79 161 70 25 269 154 142 846 112 335 428 0 1553 1139 8 8 15 13 130 167 47 89 0 14 8 0
9 197 22 14 1175 508 4033 25 40 676 756 26 116 27 6 10720 4758 2441 5615 11311 2491 751 75451 12 1845 735 532 903 389 1323 253 38248 20587 29 420 960 363 788 113 6475 7120 1483 18 3478 8 155 88 36 99 27 5 132 118 97 612 26 370 388 0 1209 522 2 2 4 7 98 143 26 40 0 9 5 0
23 297 193 60 2092 3313 3414 909 294 583 2113 509 260 308 45 16380 27498 11616 8424 15723 12696 20042 46171 2588 2487 2478 7569 1424 2076 5477 3706 24001 42860 2819 1992 1314 2329 4354 3504 4093 12798 11901 1172 7395 222 220 321 425 1735 201 217 758 412 1380 999 1018 246 2342 80 2183 3535 256 40 89 155 167 679 558 306 18 40 117 7
11 207 34 21 1301 702 3846 47 55 661 986 59 136 47 12 12328 6661 3069 6110 10625 2930 1259 69784 27 1891 960 1044 1038 512 2118 533 35823 25359 82 520 945 499 953 202 6218 7964 2350 55 4351 24 168 170 80 227 37 9 175 156 164 590 49 353 752 5 1366 735 13 3 13 19 100 231 61 57 0 17 13 1
16 260 90 30 1763 1810 3837 283 155 660 1384 151 198 109 17 15174 15586 7327 7551 15468 8103 7279 60234 512 2760 1444 2698 1162 1454 2587 1269 30881 33612 590 1225 1270 1320 2774 1272 5264 10938 5685 164 5730 54 220 160 172 358 119 74 496 268 436 945 287 288 967 15 1830 1864 17 26 24 32 169 326 160 160 0 22 19 2
15 280 82 23 1812 1917 4182 265 203 694 1177 91 210 89 10 14907 14705 9452 7409 18430 9685 7779 65093 524 3361 908 1643 1064 1714 1622 926 31478 30123 378 1403 1424 1562 4023 1611 5163 11937 4825 62 4873 20 239 115 111 123 203 126 743 139 364 1187 266 262 574 10 1860 1937 5 47 31 19 216 199 92 205 0 14 7 1
14 244 65 26 1675 1371 3875 166 110 656 1217 98 182 86 14 14694 12199 6101 7482 14522 6132 4536 64242 240 2418 1177 1723 1193 1016 2462 908 32565 30358 284 1050 1294 1046 1918 725 5513 10159 4255 125 5090 22 203 222 150 361 70 39 357 188 290 834 173 313 835 6 1745 1440 26 17 22 30 143 275 102 114 1 23 21 1
21 330 168 42 2200 3562 3969 791 329 628 1780 305 300 209 25 15957 26175 16015 8315 20501 16354 21156 53356 2339 3159 2151 5561 1168 2604 3376 2707 25299 38779 1795 2417 1569 2422 5969 3903 3967 14890 9575 485 6093 97 231 364 564 732 281 239 960 366 1008 1413 807 197 1272 34 2351 3717 61 45 106 71 231 483 318 340 3 50 43 3
12 234 50 16 1583 1145 4010 124 92 669 925 37 160 54 5 13818 10433 5625 7289 14658 5382 3672 68962 185 2463 535 726 1196 858 1021 348 34695 25797 113 935 1269 864 1706 585 5818 9429 3155 25 4294 4 220 123 76 72 78 26 291 97 125 820 125 331 307 0 1630 1165 2 10 17 4 133 115 37 94 0 13 4 0
14 254 62 29 1724 1317 4023 143 136 645 1307 113 203 89 19 14183 11444 5811 7523 16561 6069 3756 65675 173 2410 1782 2175 1210 876 3076 955 32384 30531 292 974 1365 1263 2502 763 5179 10959 4098 144 4955 34 202 293 186 474 133 58 383 304 416 986 153 288 1058 15 1841 1419 33 20 39 56 145 388 124 145 1 38 29 3
13 242 56 22 1619 1236 3988 135 115 661 1092 71 173 69 11 14014 10918 5792 7110 15158 5728 3753 67092 185 2428 966 1321 1224 950 1939 696 33503 28115 198 977 1262 1012 2137 711 5618 9958 3580 75 4667 14 207 126 101 254 93 48 347 161 228 866 139 319 653 4 1672 1271 10 10 23 17 138 219 76 119 0 17 13 1
18 286 118 35 1941 2439 3849 443 196 624 1543 204 244 151 18 16002 19825 10634 8090 17045 10899 11733 57142 998 2669 1643 3643 1344 1669 2963 1774 28174 35860 947 1670 1467 1581 3492 1928 4713 12644 7185 298 5980 65 218 298 389 573 154 84 534 262 594 1115 461 268 1048 0 2053 2566 53 16 53 52 170 371 204 204 1 39 33 0
12 205 47 19 1352 898 3753 103 64 654 981 53 124 55 9 12793 9019 3458 6543 10866 3898 2597 66682 126 1699 501 825 1155 631 1425 476 35468 27482 138 639 969 648 1119 382 6239 7556 3188 44 4841 7 159 70 39 130 37 16 157 92 130 577 103 378 569 5 1373 907 7 5 4 8 91 144 56 64 0 6 8 1
11 229 42 13 1474 1004 4162 97 88 680 808 22 151 43 3 12815 8779 4904 6530 15561 5300 2929 72312 135 2374 325 434 1126 813 599 227 36073 23514 66 865 1284 804 1842 531 5923 8982 2615 7 3911 2 219 77 65 15 93 25 268 49 75 898 97 339 185 0 1504 1008 0 18 11 1 134 69 22 88 0 10 1 0
13 248 48 30 1609 1074 4095 84 100 646 1306 99 198 78 25 13509 9166 5092 6731 16133 5161 2411 68414 68 2292 2217 1947 1087 762 3565 853 33127 29166 179 793 1312 822 1945 415 5310 10706 3296 118 4691 30 184 296 172 605 100 22 266 375 380 981 92 289 1300 29 1739 1180 36 7 35 63 140 468 117 106 1 37 38 7
19 304 129 42 2049 2747 3938 498 242 627 1713 253 264 193 25 15748 21172 12261 8014 18869 12763 13568 56455 1154 2914 2224 4502 1311 2009 3795 2357 27116 37253 1155 1941 1497 1917 4443 2400 4285 13549 7871 479 5948 66 254 306 336 1081 189 134 705 362 839 1249 563 235 1405 5 2158 2955 119 35 58 97 198 499 263 260 7 40 64 1
14 234 60 31 1640 1223 3774 130 87 632 1275 116 185 98 20 14514 11489 5215 7700 13464 5258 3477 63504 144 2024 1101 1824 1276 793 3125 1082 32434 30923 267 950 1150 848 1497 543 5538 9734 4037 172 5219 32 177 347 207 643 68 22 234 232 246 757 148 312 1210 8 1718 1345 59 11 25 41 115 333 128 98 3 38 38 2
15 244 79 26 1704 1552 3715 239 121 629 1256 106 183 98 12 15497 14336 6558 7796 13344 6220 6042 60924 430 2082 989 1836 1392 949 2171 883 31438 31958 385 1119 1179 1156 1930 953 5473 10258 5128 132 5546 19 180 187 184 332 64 47 288 189 277 758 246 330 745 0 1759 1607 28 15 25 25 117 240 106 127 0 23 19 0
17 266 105 31 1882 2049 3730 374 182 639 1419 163 212 127 16 16194 18059 8431 8220 15375 8460 9340 57560 807 2644 1110 2690 1349 1432 2521 1372 29630 34780 709 1423 1335 1650 2942 1568 5086 11408 6566 209 5936 52 231 228 269 354 126 126 530 222 479 919 381 290 936 9 1956 2114 22 25 44 29 160 293 167 188 1 28 22 1
13 233 57 21 1524 1168 3862 145 113 647 1068 62 167 68 11 14282 10505 5219 6701 13005 4925 3746 65908 222 1992 760 1049 1156 732 1673 556 33432 28238 174 785 1129 1017 1877 702 5789 9606 3733 64 4884 8 174 161 112 159 93 54 313 146 200 756 150 333 617 12 1579 1208 5 10 21 18 118 198 66 119 0 20 12 2
10 202 30 15 1217 629 3961 47 58 679 823 33 125 33 7 11494 5873 2727 5607 11167 2911 1244 72622 37 1985 615 636 873 480 1212 278 37254 22848 59 451 935 537 1007 220 6419 7513 2006 16 3949 8 169 109 57 55 60 18 194 113 104 625 47 358 419 5 1254 639 0 10 10 8 107 142 34 58 0 12 3 1
19 273 134 37 1946 2524 3551 557 178 614 1606 215 214 177 20 17015 22123 10028 8463 14596 9905 13826 52800 1459 2423 1443 3517 1546 1638 3176 1794 27535 37670 1048 1705 1299 1479 2806 1961 4895 11637 8402 396 6619 41 237 182 207 676 81 78 489 257 529 869 584 298 1168 9 1994 2610 70 12 33 54 144 361 221 182 4 21 43 1
15 251 77 28 1791 1580 3782 216 123 661 1300 128 194 97 14 15343 14238 6832 8249 14431 6552 5744 61582 337 2794 1268 2291 1281 1245 2604 1112 31563 31995 434 1238 1314 1246 2019 875 5374 10622 4949 155 5369 46 248 254 222 350 62 48 410 236 359 818 221 294 858 0 1874 1634 23 19 26 35 159 291 128 134 1 27 20 0
16 260 85 35 1738 1711 3812 237 141 643 1491 180 208 119 24 14948 14378 7191 7480 14993 7434 6104 60351 356 2589 1833 3253 1120 1252 3485 1527 30326 34070 584 1225 1240 1172 2362 1017 5151 11258 5529 241 5778 75 210 243 243 585 110 48 429 326 532 918 248 275 1322 32 1846 1802 51 14 40 58 156 442 192 143 1 33 36 4
12 214 49 17 1390 969 3784 119 76 663 955 38 139 57 6 13264 9331 4066 6563 10848 3881 3069 66966 175 1940 515 683 1079 695 1143 310 35002 26851 103 692 1004 692 1264 450 6216 8332 3298 44 4732 0 174 106 60 133 41 30 210 98 100 607 121 362 385 0 1430 996 5 4 15 11 109 125 38 79 1 12 8 0
10 210 30 15 1292 697 4059 49 57 675 815 29 132 35 7 11817 6291 3396 5925 12690 3562 1450 73533 42 1949 611 554 958 558 1248 302 37149 22388 54 574 1076 497 1114 253 6284 7923 1969 17 3770 2 162 103 51 104 53 12 188 113 97 719 50 356 415 5 1327 709 4 5 4 4 111 140 30 58 0 12 5 1
13 236 50 28 1575 1045 3902 91 104 660 1209 101 185 75 19 13906 9288 4699 7232 13781 4536 2447 66545 77 2432 1382 1699 1107 808 2988 867 33426 28830 193 780 1090 987 1690 446 5610 9922 3370 120 4804 41 172 295 172 430 114 30 312 252 369 809 96 295 1083 14 1684 1133 32 16 43 36 140 345 114 117 0 36 25 3
16 254 89 31 1812 1740 3694 286 132 646 1414 133 196 122 19 15754 15807 7205 8082 14068 6868 7283 59051 561 2631 1517 2412 1423 1292 2954 1052 30574 33958 475 1256 1210 1291 2086 1057 5252 10750 5855 214 5791 21 240 230 183 592 75 58 384 294 383 799 310 290 1042 16 1893 1823 35 15 26 42 150 354 149 140 1 26 35 3
14 245 65 26 1635 1345 3904 165 133 654 1206 100 184 85 14 14358 11859 5809 7102 14617 5903 4328 64578 235 2441 1028 1694 1190 1017 2321 858 32502 30203 290 966 1220 1159 2378 830 5503 10278 4190 122 5096 28 211 207 150 371 127 64 348 177 339 868 173 311 847 5 1709 1404 22 21 34 28 145 267 105 139 0 25 20 1
19 273 135 36 1948 2479 3586 560 200 634 1587 225 224 165 19 16402 21761 9431 8376 15303 9972 13196 52924 1436 2708 1337 3638 1382 1761 2895 1774 27972 37723 1165 1651 1374 1775 3104 2128 4903 11665 8389 314 6649 70 246 254 350 466 117 122 584 210 577 925 572 279 1090 13 2044 2566 48 25 42 41 162 346 227 204 0 32 30 1
14 245 66 25 1685 1399 3918 169 111 644 1188 102 188 81 12 14692 12585 6079 7521 15304 6520 4648 64647 235 2267 1003 1789 1235 942 2155 945 32567 30121 321 1077 1293 1025 2039 691 5436 10274 4223 105 5045 33 209 250 211 261 96 54 315 192 290 894 172 316 749 0 1762 1458 18 20 30 14 134 243 102 115 0 28 15 0
15 243 82 23 1712 1581 3692 266 141 648 1189 88 175 92 9 15431 14933 6496 7884 13141 6121 6553 60616 533 2365 697 1432 1337 1097 1576 730 31647 31704 352 1127 1182 1261 2197 1133 5577 10008 5249 88 5532 18 214 145 135 166 89 83 392 121 246 740 268 333 568 0 1759 1607 8 15 23 14 131 172 88 145 0 16 10 0
13 221 53 25 1495 1026 3734 109 84 650 1144 93 157 70 14 13767 9641 4103 7088 11586 4097 2737 64874 110 2085 981 1498 1160 688 2405 771 33749 29146 220 803 965 861 1336 441 5902 8871 3585 99 5062 34 208 196 137 266 46 24 255 183 267 633 111 331 877 6 1553 1083 21 10 17 23 111 250 96 87 0 22 17 1
16 272 98 22 1822 2083 3931 373 190 658 1219 73 199 107 7 15720 17268 9328 7400 16771 9396 10037 60890 928 2733 833 1461 1353 1610 1308 653 30513 32225 339 1475 1345 1518 3491 1811 5196 11493 5956 82 5480 5 234 77 87 170 154 122 524 118 248 1026 377 308 408 0 1854 2107 7 32 15 13 169 163 73 192 0 10 9 0
25 330 241 59 2326 4437 3475 1357 356 579 2157 569 307 334 40 17029 34319 17108 8740 17841 17260 32213 43760 4837 2888 2363 8951 1491 2863 4934 4570 22074 43276 3911 2898 1516 2867 5580 5256 3603 14466 13767 1248 7138 248 259 367 719 1442 213 255 958 440 1462 1196 1436 204 2009 72 2469 4680 200 33 112 112 201 650 592 369 3 54 98 5
11 231 38 17 1439 914 4141 72 84 690 908 40 160 46 7 12768 7773 4664 6137 14784 4536 2193 72333 74 2541 898 801 958 806 1422 398 35772 23919 85 717 1189 703 1670 405 5926 9323 2441 36 3989 6 221 143 83 168 105 23 268 151 153 876 74 320 428 0 1499 946 7 17 15 12 152 171 40 87 0 17 8 0
17 279 111 25 1949 2294 3860 440 208 646 1308 114 223 117 9 16494 19316 10003 8161 16955 9946 11511 58454 1105 2700 848 2051 1455 1596 1595 944 29484 33686 615 1687 1472 1802 3587 2050 4967 12091 6662 69 5701 27 229 182 273 90 168 122 624 139 385 1057 441 286 519 0 2029 2328 3 21 49 9 172 193 114 212 0 26 6 0
16 266 88 32 1801 1828 3902 263 144 629 1430 163 222 117 17 15298 15293 7917 7483 16247 8456 7056 61088 437 2391 1694 2985 1282 1196 3048 1364 30218 33580 587 1335 1368 1276 2553 1077 5010 11715 5610 222 5597 62 197 303 313 524 92 53 393 266 499 1021 275 289 1004 0 1921 1964 45 16 44 42 148 368 163 151 0 39 29 0
15 272 76 29 1819 1735 4065 205 153 658 1331 139 218 95 16 14931 14137 8465 7601 17648 8326 5964 64293 295 2857 1647 2704 1184 1368 2812 1339 31070 31345 460 1343 1425 1227 2962 1053 5022 11867 4672 150 5055 61 248 213 238 367 110 58 478 279 491 1095 210 272 918 9 1915 1805 18 22 41 32 176 346 141 157 1 30 19 1
11 219 38 17 1388 823 4003 69 81 671 913 46 146 43 7 12505 7486 3737 6345 13020 3800 1893 70979 62 2151 795 908 1072 592 1434 397 35920 24511 103 616 1101 746 1475 329 6075 8622 2490 29 4156 13 185 133 75 97 76 33 252 141 168 735 69 339 437 0 1436 846 3 14 22 8 123 164 46 81 0 15 5 0
10 216 28 17 1330 659 4099 36 65 689 865 41 145 34 9 11844 5766 3309 6072 13067 3252 1079 74051 16 2386 964 837 942 573 1647 411 36906 22339 65 567 1128 575 1245 186 6185 8457 1828 22 3713 12 162 165 69 112 48 21 211 167 150 751 36 329 533 4 1398 683 5 19 21 12 134 196 43 67 0 19 6 1
16 269 85 35 1820 1798 3912 236 163 636 1473 182 219 118 24 15245 14918 8014 7683 16384 8248 6444 61309 342 2553 1789 3168 1232 1253 3506 1647 30079 33538 615 1322 1342 1347 2916 1134 4970 11700 5389 219 5497 78 212 246 238 565 125 75 511 307 607 1014 251 271 1308 31 1921 1906 48 17 42 58 162 433 197 174 1 33 34 4
8 197 18 10 1113 436 4171 22 48 700 619 11 114 20 3 10201 3894 2268 4995 11842 2168 641 78784 13 2089 547 272 823 383 750 95 39424 17565 15 344 983 417 954 146 6591 7076 1182 6 2964 0 171 66 23 42 49 9 157 97 46 668 22 358 177 0 1142 446 1 12 7 7 115 88 11 48 0 8 2 0
24 328 219 57 2197 4097 3629 1142 345 589 2141 549 308 294 39 16163 30622 15945 8105 18428 17132 27290 46350 3637 2888 2680 9207 1234 2775 4883 4244 22912 42896 3604 2538 1480 2545 5704 4606 3671 14625 12626 1042 7040 299 243 381 759 1197 265 223 901 423 1618 1290 1184 197 1956 68 2351 4314 134 38 116 106 202 695 569 359 3 58 81 5
17 267 105 31 1918 2102 3732 382 167 627 1410 149 213 131 18 16331 18572 8817 8460 15653 8769 9914 57552 866 2419 1080 2421 1452 1413 2500 1347 29411 34641 638 1597 1427 1505 2774 1574 5030 11430 6561 205 5863 34 222 265 219 386 119 84 465 220 409 930 403 296 989 22 1977 2206 17 13 37 20 144 294 164 176 1 29 27 3
15 249 79 26 1735 1571 3786 236 141 640 1279 112 177 95 12 15151 14201 6605 7805 14381 6517 5949 61504 412 2243 1277 2108 1388 1042 2392 896 31550 32037 408 1126 1243 1319 2340 1068 5381 10296 5091 126 5455 34 222 109 96 312 89 62 384 211 384 818 242 329 728 0 1783 1601 14 17 14 24 131 268 112 143 1 12 16 0
12 236 50 16 1513 1142 4086 125 99 671 924 35 166 55 5 13547 9900 5438 6587 15088 5618 3624 69721 190 2376 571 676 1102 904 970 318 34794 25729 105 873 1279 864 1981 635 5794 9618 3165 29 4336 1 182 140 103 99 91 33 280 86 114 909 126 330 302 0 1567 1171 4 8 17 7 139 116 35 101 0 17 5 0
15 242 77 28 1751 1539 3715 217 113 654 1271 127 176 96 15 15177 14586 6325 8346 13768 6464 5727 60910 346 2482 950 2011 1360 1166 2475 1169 31793 32184 425 1173 1280 1098 1861 865 5502 9859 4955 148 5499 46 210 162 142 312 67 39 371 202 301 754 222 315 931 8 1812 1577 20 13 25 19 141 256 130 117 0 18 19 1
14 253 69 22 1732 1522 4000 194 135 657 1123 86 187 74 10 14782 13254 7071 7556 16246 7313 5511 65142 313 2482 804 1511 1278 1172 1649 822 32625 29448 323 1162 1412 1254 2544 937 5429 10539 4245 42 4876 24 230 175 152 88 125 68 379 130 277 953 194 312 585 9 1792 1544 3 14 30 7 147 191 87 135 0 19 5 1
14 253 68 23 1689 1475 3987 189 131 672 1174 84 189 81 10 14231 12525 6718 7365 15875 6904 5256 65145 310 2763 1177 1651 1124 1182 1951 712 32603 29810 276 1115 1341 1141 2345 881 5449 10682 4327 93 4975 21 225 189 136 239 104 54 434 193 309 941 194 295 592 0 1771 1531 9 20 31 23 167 237 84 135 1 21 13 0
17 264 102 34 1858 1996 3702 338 171 630 1472 193 207 130 19 15925 17474 8244 8202 14821 8214 8524 57519 634 2573 1337 3135 1391 1360 3091 1637 29382 34989 803 1407 1311 1526 2751 1474 5061 11270 6416 242 5973 76 249 202 231 469 127 79 488 242 548 877 348 296 1134 9 1921 2056 42 21 43 42 148 344 197 178 0 25 28 1
20 286 148 42 2000 2799 3620 621 220 630 1725 306 235 189 24 16619 23536 10845 8305 15906 11532 15231 52021 1550 2815 1640 4975 1361 2089 3579 2546 26875 38927 1628 1761 1370 1761 3718 2416 4648 12303 9002 465 6726 136 260 227 337 653 144 123 639 328 812 1006 636 260 1376 12 2092 2882 63 28 44 51 184 435 310 224 3 28 41 1
14 235 61 30 1619 1172 3801 143 101 635 1321 103 180 97 21 14242 10929 4641 7283 13622 4850 3493 63690 191 2079 1594 1891 1267 733 3301 778 32656 31410 240 865 1166 991 1626 587 5469 9835 4272 165 5289 18 200 271 147 612 76 34 275 292 278 770 164 316 1179 17 1704 1273 41 11 37 61 116 387 118 110 3 32 40 4
12 212 46 20 1439 925 3782 98 65 640 999 56 139 54 12 13188 9097 3867 7068 11693 3927 2572 66996 117 1608 660 907 1251 532 1695 525 34926 27131 138 732 1053 721 1089 383 6065 8169 3075 40 4695 6 152 123 87 142 35 19 151 124 126 608 98 369 677 17 1486 941 6 3 7 5 85 180 61 65 0 15 9 3
18 270 115 38 1911 2199 3621 411 176 644 1599 225 220 157 23 16311 19189 8816 8397 14663 8558 10231 55225 864 2877 1718 3742 1307 1675 3504 1825 28471 36691 963 1556 1244 1515 2712 1558 4977 11670 7325 350 6305 76 226 262 288 680 96 93 552 288 651 867 433 271 1304 20 2000 2307 76 34 43 56 174 417 233 186 1 31 42 2
18 286 120 33 1995 2502 3856 461 193 646 1492 198 241 141 16 16104 20651 10869 8252 17618 11421 12423 57096 1063 3019 1362 3422 1325 1926 2610 1802 28452 35721 983 1810 1497 1607 3448 1955 4795 12458 7205 232 5920 74 255 324 397 356 138 90 592 232 523 1114 465 255 940 0 2116 2577 23 23 54 32 191 320 198 200 1 36 21 0
12 251 46 20 1647 1169 4281 98 104 692 1010 54 187 58 10 13251 9499 6176 7033 17998 6420 3188 71695 117 2941 1066 1094 1063 1055 1802 600 34772 25525 130 992 1476 926 2339 559 5486 10455 2856 50 4047 7 234 204 118 238 92 33 402 221 209 1084 104 285 564 6 1728 1219 12 14 21 23 176 227 56 108 0 23 12 1
13 213 59 19 1498 1092 3674 155 80 648 1026 61 139 62 8 13780 11130 4101 7454 11305 4284 3748 63864 238 1769 410 928 1386 695 1254 507 34380 29129 209 830 1053 898 1274 553 6073 8139 3923 25 5131 14 168 121 94 46 53 27 217 71 135 578 155 365 487 8 1535 1099 0 4 13 4 95 125 62 81 0 12 3 1
12 227 46 20 1496 1015 3925 95 82 682 984 59 167 57 9 13527 9058 4628 7001 12871 4539 2765 68439 105 2557 654 918 1037 891 1585 583 34787 26288 139 847 1166 737 1477 408 5979 9205 2988 59 4412 15 200 264 161 175 71 32 295 119 163 762 98 315 589 0 1584 1060 8 12 23 18 148 167 59 89 1 27 11 0
9 190 24 12 1124 518 3946 36 42 681 706 16 106 28 4 10586 5009 2289 5344 10148 2403 1007 74515 29 1699 415 292 877 391 840 145 38523 20624 25 397 913 420 768 166 6645 6643 1636 13 3572 0 188 58 20 74 33 5 143 53 55 532 37 380 268 0 1144 529 2 7 5 6 92 86 16 42 0 6 4 0
17 264 97 39 1868 1867 3737 301 171 620 1569 201 223 150 28 15425 16466 7410 8146 15576 7751 7401 58026 538 2354 1754 3269 1309 1204 3901 1650 29348 35651 690 1338 1327 1505 2825 1263 4888 11493 6332 354 5943 54 229 390 314 892 113 119 474 300 574 923 328 275 1531 34 1981 2014 92 17 56 73 142 457 224 186 4 44 57 5
14 254 69 22 1763 1515 3989 200 147 660 1129 74 182 80 10 14795 13088 6960 7807 16363 7078 5554 65098 352 2582 872 1313 1361 1114 1774 704 32578 29461 257 1236 1391 1392 2716 1062 5356 10492 4302 75 4851 9 262 109 100 225 117 83 473 152 260 938 203 317 586 7 1806 1542 8 16 13 20 152 196 77 147 1 13 11 1
15 249 81 24 1721 1605 3796 256 155 637 1205 96 183 93 10 15259 14357 6732 7552 14371 6774 6429 61554 491 2216 778 1564 1357 993 1760 820 31560 31521 374 1127 1221 1469 2537 1200 5440 10376 5148 100 5436 23 199 165 134 191 136 89 418 130 301 832 260 330 628 0 1777 1643 8 20 38 13 127 194 96 158 1 18 12 0
18 254 118 35 1864 2097 3456 440 152 616 1525 210 196 148 18 16768 19640 7816 8556 12649 7502 10241 53611 973 2218 1193 3293 1523 1279 2992 1644 28702 36857 984 1479 1155 1458 2161 1479 5197 10622 7544 288 6589 75 216 206 222 478 88 81 390 226 440 717 452 316 1114 0 1928 2169 48 16 41 31 127 321 210 157 0 23 30 0
16 243 84 36 1691 1567 3615 229 113 623 1460 180 196 129 22 15312 14431 6138 7706 12851 6176 5629 58570 329 2126 1389 2784 1248 973 3442 1464 30435 34396 562 1043 1122 1055 1743 807 5362 10296 5630 283 5990 71 198 343 269 714 63 38 320 251 397 744 254 306 1353 7 1788 1705 80 13 46 56 124 381 185 116 3 37 45 1
15 265 74 31 1802 1631 4025 201 146 644 1361 127 213 105 22 14608 13527 7595 7539 17413 7877 5665 63910 315 2515 1589 2273 1271 1205 3204 1181 31252 31929 378 1261 1439 1248 2707 1041 5035 11469 4720 183 5126 23 238 290 206 584 132 50 442 278 426 1052 213 279 1177 31 1901 1734 39 14 36 56 157 385 139 153 2 34 37 5
20 310 141 49 2023 2963 3894 534 245 614 1859 366 289 204 36 15816 21939 13056 7797 18334 13691 14441 54833 1126 2904 2495 6181 1142 2151 4499 3391 25929 38702 1703 1970 1433 1774 4510 2454 4186 14129 8429 602 6174 196 208 408 632 1067 205 116 708 398 1093 1272 566 203 1852 65 2191 3157 121 22 86 79 199 622 391 264 3 59 66 6
16 283 93 27 1888 2066 4056 312 206 654 1305 130 231 106 12 15492 16511 9727 7779 18111 9652 8627 62235 623 2876 1188 2352 1247 1545 2112 1211 30132 32108 562 1559 1454 1580 3871 1757 4908 12475 5562 125 5236 42 237 250 279 243 210 106 590 173 460 1157 315 269 705 0 1983 2121 9 40 59 20 188 260 130 211 1 31 13 0
18 287 118 35 1991 2494 3829 455 216 639 1493 182 230 159 20 16365 20380 11149 8313 17207 11041 12406 56938 1103 2965 1221 2798 1396 1893 2704 1814 28142 35438 797 1826 1400 1778 3778 2216 4737 12364 7108 330 5865 34 266 225 213 712 178 123 625 212 517 1058 489 270 1155 14 2056 2579 52 30 41 49 182 329 194 223 3 24 42 2
16 252 92 28 1812 1794 3707 306 136 654 1334 129 190 112 13 15614 16496 7274 8227 14484 7378 7754 58951 616 2715 968 2200 1362 1364 2344 1084 30868 33685 517 1321 1264 1312 2224 1177 5366 10496 5892 165 5798 34 221 194 179 316 87 51 434 186 355 824 315 309 800 0 1880 1857 24 16 29 24 151 258 129 137 0 21 20 0
16 255 86 34 1837 1714 3753 254 138 657 1425 158 205 126 22 15079 15418 6940 8343 15049 7304 6563 59662 429 2844 1272 2529 1244 1367 3337 1406 30857 33929 530 1336 1369 1308 2376 1056 5197 10756 5583 250 5708 39 239 309 243 648 104 57 463 242 451 861 276 279 1255 16 1947 1832 57 20 33 41 165 366 176 147 3 34 41 3
15 262 73 32 1773 1600 3966 186 127 658 1376 141 219 109 19 14626 13443 7267 7581 16460 7516 5254 63440 254 2851 1722 2545 1114 1295 3152 1342 31285 31974 400 1208 1385 1099 2380 854 5155 11456 4718 212 5214 49 221 357 272 634 81 35 424 287 422 1018 204 258 1118 6 1901 1755 54 11 42 49 178 381 146 137 3 41 36 1
15 238 82 23 1650 1541 3658 270 132 668 1195 80 166 96 9 14981 14273 6021 7535 12655 5980 6504 60162 561 2580 691 1334 1246 1237 1599 632 32092 31999 308 1074 1113 1264 2037 1104 5713 9636 5319 104 5675 6 215 107 90 243 76 66 406 120 224 704 276 324 571 0 1692 1572 16 25 19 18 146 173 80 134 0 12 14 0
9 192 24 12 1141 518 3995 34 47 664 702 20 111 26 4 10699 4974 2247 5493 10742 2477 925 74960 24 1391 385 355 983 327 832 181 38443 20528 32 421 934 455 906 180 6551 6803 1612 10 3539 4 136 79 35 37 40 5 122 65 65 583 34 389 267 0 1160 527 0 4 10 2 78 84 20 47 0 9 2 0
19 277 134 37 2028 2539 3608 548 190 623 1601 233 233 168 20 16903 22316 9931 8797 15770 10171 13499 53254 1376 2681 1389 3724 1501 1751 3159 1946 27764 37686 1176 1866 1382 1723 3070 2002 4772 11917 8335 332 6430 93 228 329 401 512 110 102 505 266 595 940 580 273 1150 10 2156 2636 36 24 49 29 162 361 238 200 0 38 34 1
19 278 134 37 2003 2511 3623 558 204 610 1619 216 233 172 23 16579 22075 9824 8536 15990 9964 13563 53405 1473 2439 1518 3566 1539 1531 3215 1659 27629 37740 1049 1731 1313 1748 3200 2090 4696 12098 8397 350 6505 55 223 292 324 596 147 138 509 306 594 959 588 283 1206 42 2101 2659 40 21 50 58 146 393 232 212 4 37 39 4
12 245 47 19 1573 1122 4163 102 105 679 1001 54 181 56 8 13547 9345 5716 6754 16083 5572 3078 70616 122 2653 1091 1122 1067 915 1678 495 34427 25700 138 906 1284 881 2086 554 5628 10301 2961 50 4206 11 228 173 128 189 89 38 353 180 221 978 104 306 471 0 1647 1178 6 15 19 16 159 202 54 107 1 23 9 0
19 293 131 40 2053 2602 3751 509 230 632 1686 264 263 172 24 16493 21205 11053 8613 17080 10756 12837 54698 1173 2977 2034 4682 1259 1900 3677 2104 27271 37438 1258 1795 1377 2045 3637 2197 4481 13167 7996 409 6144 108 244 384 484 712 164 143 705 364 803 1096 527 230 1314 21 2191 2793 61 24 86 62 194 464 273 247 3 50 41 2
14 253 70 21 1762 1547 3950 206 135 670 1108 72 182 78 8 14936 13571 7245 7921 15740 7020 5845 64706 367 2811 769 1302 1284 1243 1464 688 32570 29399 264 1250 1359 1264 2435 1020 5446 10484 4341 62 4874 14 266 151 101 121 99 52 438 153 257 907 208 303 495 0 1797 1576 6 17 18 13 162 171 72 138 0 14 8 0
14 255 71 20 1719 1582 4038 216 144 693 1085 63 180 78 7 14388 13397 7139 7482 16577 7803 6074 65486 407 3034 739 1187 1161 1467 1358 655 32995 29220 238 1190 1388 1271 2788 1124 5515 10457 4365 52 4868 11 237 79 86 112 123 70 514 117 215 990 220 299 435 0 1764 1592 3 16 14 7 182 150 63 144 0 10 7 0
22 316 180 51 2173 3454 3696 828 319 595 1972 435 286 246 31 16303 26724 13919 8485 18304 14449 20115 49725 2262 2763 2423 7276 1441 2227 4647 3497 24430 40912 2510 2265 1427 2539 5295 3684 3920 14060 10654 800 6678 226 252 342 571 1092 243 240 829 422 1338 1207 864 230 1692 14 2297 3640 130 43 100 103 189 598 439 335 3 47 66 1
26 355 254 71 2198 4836 3674 1398 457 555 2413 758 356 386 58 15250 32166 19664 7393 18784 20194 33588 44611 4674 2715 3483 11995 1006 3005 5706 6172 20434 44424 5099 2836 1369 2924 7567 6427 3104 16087 14340 1764 6816 431 171 486 1059 2112 332 402 1166 524 2276 1457 1496 146 2713 172 2372 5189 322 46 186 205 212 912 824 482 11 78 145 12
15 251 86 19 1730 1780 3852 305 138 653 1106 58 176 87 5 15341 15803 7638 7713 15285 8174 8218 61730 691 2392 372 959 1335 1290 883 518 31900 31046 290 1335 1292 1202 2484 1280 5507 10246 5315 11 5406 9 251 97 92 22 104 62 399 57 162 885 305 333 314 0 1753 1781 0 9 13 1 138 97 58 139 0 9 1 0
13 241 56 22 1617 1271 3998 135 94 652 1089 71 172 69 11 14067 11102 6075 7287 15134 6251 4014 67154 185 2239 920 1333 1260 947 1971 741 33546 28120 199 999 1269 862 1851 602 5588 9866 3561 75 4654 11 183 151 99 233 64 29 269 182 190 880 137 330 664 6 1674 1313 13 10 19 18 130 212 74 99 1 17 13 1
15 254 77 28 1735 1532 3884 228 139 643 1344 107 201 103 17 14466 13527 6278 7595 15747 6638 5726 62435 408 2372 1675 2205 1286 1039 2745 761 31612 32355 351 1121 1325 1259 2372 964 5228 10937 5100 164 5437 8 174 242 182 466 109 70 377 281 348 928 238 295 907 17 1835 1631 26 14 44 49 143 355 119 148 3 35 28 3
15 262 75 30 1760 1591 4021 202 154 651 1343 132 213 105 16 14499 13431 6853 7362 17066 7791 5443 63801 308 2616 1568 2341 1142 1171 2854 1141 31616 31874 383 1125 1388 1307 2875 999 5084 11318 4845 209 5238 52 230 307 234 502 158 58 456 272 502 1060 217 281 964 0 1877 1704 30 21 57 51 165 345 132 162 4 35 30 0
13 232 51 27 1495 1084 3865 106 91 637 1178 80 170 83 17 13961 9466 4960 6524 12871 4746 2898 66256 118 1871 1231 1330 1200 701 2708 763 33139 28769 172 774 1085 823 1617 505 5719 9606 3447 117 4911 12 157 218 131 584 69 30 242 171 252 752 127 329 1025 6 1552 1164 33 9 8 41 110 301 90 97 5 24 33 2
18 272 113 40 1889 2133 3742 388 203 623 1631 243 227 158 27 15477 18373 8326 7963 16260 9177 9284 56247 775 2518 1752 3940 1295 1467 3847 1924 28660 36939 955 1339 1363 1784 3364 1727 4801 11772 7195 403 6251 109 208 288 312 684 183 114 536 273 754 998 407 267 1495 37 1989 2256 62 18 70 77 156 464 258 208 3 38 47 4
23 313 195 58 2116 3563 3568 933 301 590 2153 500 284 296 42 16212 27578 13599 8027 17091 14339 21798 47444 2705 2716 3013 8481 1306 2413 5445 3772 23712 42791 2857 2199 1357 2263 4773 3650 3881 13889 11897 1113 7140 222 229 325 520 1645 205 215 737 481 1374 1147 1013 217 2141 64 2256 3843 221 29 89 160 188 737 538 314 9 49 107 6
13 243 58 20 1629 1300 3986 151 113 666 1052 60 169 65 10 14317 11336 6172 7343 14915 6056 4352 66920 235 2468 801 1109 1231 994 1537 590 33479 27834 186 1067 1290 1010 2029 753 5664 9947 3656 46 4647 7 199 109 72 122 120 42 364 136 215 863 152 326 548 13 1667 1320 3 16 13 9 144 190 63 114 0 12 8 2
14 250 69 22 1698 1509 3905 199 128 662 1131 76 177 79 10 14813 13092 7101 7588 14887 6669 5583 64396 347 2554 863 1398 1276 1205 1745 744 32298 29564 266 1159 1278 1138 2252 973 5569 10370 4313 66 4948 12 216 114 78 177 99 50 393 145 239 856 203 320 592 9 1732 1538 10 16 15 12 148 193 77 132 0 12 10 1
15 243 79 26 1669 1584 3729 240 116 642 1230 106 178 95 14 15176 14427 6709 7574 13527 6636 6303 60998 439 2231 775 1636 1249 1125 2060 979 31587 31876 382 1082 1173 1021 1951 965 5587 10053 5046 116 5536 20 200 158 155 272 69 44 337 151 251 776 244 326 821 16 1718 1629 18 7 12 16 129 218 112 120 0 20 16 2
19 287 124 47 1987 2474 3728 429 208 620 1772 316 252 189 35 15901 20251 10327 8361 16427 10572 11084 54831 822 2831 2221 5038 1237 1783 4525 2801 27138 38036 1277 1656 1379 1702 3512 1868 4525 12620 7732 557 6231 165 229 389 433 1068 139 101 610 387 938 1043 465 233 1856 51 2112 2642 113 33 69 68 179 563 349 221 3 45 68 6
12 237 50 16 1586 1174 4102 123 96 677 921 39 160 53 5 13291 10346 5681 7185 15988 6070 3722 69816 179 2495 551 752 1127 957 1015 398 35059 25672 124 984 1392 903 1972 619 5780 9436 3113 20 4241 5 225 101 71 57 83 32 319 86 128 903 123 331 311 0 1618 1183 2 13 6 7 143 114 39 98 0 10 3 0
15 233 77 28 1625 1419 3633 223 110 636 1279 115 172 102 15 14830 13519 5509 7483 12256 5565 5380 60178 378 2042 922 1792 1303 937 2471 903 31829 32595 387 966 1067 1044 1700 795 5642 9492 5123 156 5755 20 177 222 167 407 64 48 279 166 278 691 234 331 923 8 1685 1480 36 10 33 32 114 257 118 115 2 23 25 1
