99 0 4150 701 0 0 0 98265 0 0 0 49652 0 8451 481 0 0 0 0 0 0 0 0 1479211 0 0 0 0 0 0 0 0 0 1490601 0 0 0 0 0 0 0 0 506585 0 124936 0 0 0 0 0 0 0 0 0 0 28809 0 0 28756 0 0 85731 0 0 0 0 0 14746 0 3705 0 1255 41
18 293 110 43 1992 2323 3881 352 212 623 1702 273 266 158 33 16143 18430 10531 8031 17336 10130 9407 57827 610 2863 2349 4745 1249 1638 4264 2448 27579 36196 1024 1756 1496 1675 3712 1749 4502 13377 6787 424 5821 148 226 432 485 849 155 95 559 377 902 1126 368 229 1699 59 2131 2494 66 36 85 61 185 574 298 225 2 56 53 8
11 216 41 14 1423 886 3972 90 86 675 832 28 135 43 4 12717 8439 3900 6682 13218 4078 2449 70556 115 2186 335 469 1183 691 759 271 36118 24251 79 697 1177 838 1561 480 6163 8216 2652 12 4097 3 187 62 43 29 98 30 266 67 99 709 90 364 265 0 1438 891 1 12 8 3 117 80 28 86 0 7 2 0
23 327 205 48 2267 3992 3631 1081 344 605 1928 400 293 262 28 17328 30517 16579 8659 18084 16056 26881 47673 3627 3166 2163 6661 1484 2761 3906 3332 23459 40983 2627 2685 1533 2719 5501 4697 3937 14438 11710 744 6716 142 246 321 562 958 246 270 975 325 1109 1206 1114 223 1476 26 2376 4160 100 33 75 102 208 512 412 356 4 44 57 2
25 349 247 53 2329 4796 3667 1439 425 607 2100 534 315 296 31 16866 34223 19692 8358 19143 19779 35466 45108 5274 3247 2551 9378 1402 3483 4156 4356 21950 42576 4158 3123 1548 3073 7014 6324 3533 15277 13527 786 6836 261 280 289 626 816 323 354 1212 444 1654 1358 1460 199 1549 36 2447 4916 84 56 112 81 239 611 540 430 0 40 49 2
9 186 24 12 1096 486 3866 35 39 688 708 18 108 27 4 10594 4843 2076 5350 8765 1962 891 73795 26 1870 392 323 924 377 802 143 38468 20832 30 345 721 398 640 153 6817 6528 1663 11 3634 1 174 114 52 55 17 6 139 64 48 466 35 382 264 0 1142 498 2 5 4 5 101 84 18 41 0 12 3 0
14 259 68 23 1805 1533 4065 187 145 651 1162 88 191 79 10 14860 13205 7205 7818 17417 7501 5302 65914 297 2568 1154 1717 1412 1071 2012 838 32316 29468 298 1312 1528 1324 2655 1003 5203 10895 4204 82 4770 26 256 152 142 213 152 68 433 190 335 1011 191 317 602 0 1859 1561 8 16 15 22 149 231 88 146 0 17 11 0
16 265 87 33 1778 1814 3849 259 146 665 1451 163 209 115 23 15229 15156 7939 7434 15638 7905 6963 60610 439 2983 1723 2987 1187 1570 3244 1450 30261 33681 575 1287 1328 1180 2650 1136 5214 11417 5553 194 5659 49 226 227 208 511 94 50 486 267 501 947 267 277 1219 42 1862 1883 41 19 35 33 180 411 177 154 1 27 30 5
20 273 143 47 2005 2537 3413 563 179 605 1814 338 239 209 30 17327 22718 9487 8824 13733 9040 13013 50424 1287 2522 1958 5333 1568 1652 4376 2557 26504 39566 1589 1760 1192 1674 2523 1847 4734 11910 9099 649 6952 152 220 432 489 1037 91 84 436 355 761 813 596 279 1715 19 2123 2723 127 13 47 71 153 514 351 197 7 45 66 2
18 269 117 36 1979 2242 3610 430 177 643 1541 216 218 150 20 16673 20160 9010 8791 14888 8812 10638 54980 931 2946 1316 3462 1455 1665 3152 1814 28548 36429 992 1663 1390 1679 2686 1743 4992 11491 7311 297 6227 75 252 265 295 562 115 82 555 241 538 861 445 284 1183 11 2080 2330 55 29 46 29 173 359 219 184 1 30 33 1
13 241 56 22 1571 1244 3957 131 99 651 1098 79 176 65 11 14478 10791 5924 6823 14309 5637 3759 66916 166 2269 1019 1503 1167 891 1879 755 33125 28047 225 938 1159 851 1897 594 5688 10091 3563 63 4753 27 197 167 140 164 68 32 258 188 242 838 133 330 643 6 1636 1279 3 7 21 13 130 226 82 102 0 22 9 1
10 208 30 15 1332 668 3992 50 60 677 824 26 130 38 6 12130 6351 3151 6326 12093 3065 1397 72932 45 2061 715 527 1044 530 1292 228 36986 22537 46 575 1086 604 1077 259 6314 7853 2017 24 3780 1 179 101 45 168 49 15 178 119 96 649 54 366 381 0 1369 695 6 7 3 13 111 142 26 61 0 11 8 0
12 214 51 15 1477 1004 3784 131 85 653 914 32 133 53 4 13654 10065 4169 7222 11873 4075 3292 66804 205 1859 388 582 1339 631 837 271 35057 26709 107 764 1080 938 1320 558 6144 8156 3368 14 4627 3 177 67 40 38 76 35 210 50 87 606 131 382 258 0 1497 1011 1 15 7 1 94 84 32 85 0 6 2 0
9 184 25 11 1090 523 3868 39 28 684 693 16 100 26 3 10629 5286 2270 5303 8860 2278 1093 73685 32 1697 309 314 944 429 641 139 38681 20929 31 406 798 285 495 120 6832 6298 1712 5 3666 2 129 53 29 19 11 2 77 57 38 461 39 401 197 0 1114 528 0 3 2 0 90 67 16 28 0 6 1 0
11 199 41 14 1247 805 3756 90 49 679 845 28 121 43 4 12333 7903 3311 5922 9390 3268 2354 68619 115 1977 300 469 973 644 729 223 36358 25108 79 577 884 467 772 289 6565 7350 2765 12 4466 3 162 106 62 40 18 7 173 44 65 513 90 375 266 0 1277 815 1 9 8 1 106 76 28 49 0 10 2 0
16 266 99 21 1901 2056 3857 384 180 656 1194 64 190 106 6 16107 18120 8882 8304 16548 9108 10156 60029 982 2773 611 1213 1514 1496 1105 584 30752 32400 305 1560 1422 1687 3155 1783 5233 11014 6052 66 5490 5 269 48 64 103 136 105 565 108 218 953 388 322 359 0 1919 2076 3 26 7 10 159 132 64 180 0 7 7 0
15 250 79 26 1765 1625 3810 235 121 647 1263 115 185 92 13 15393 14761 6980 7904 14991 7071 6277 61743 403 2502 1091 2123 1416 1129 2299 1015 31546 31911 434 1218 1313 1125 2126 952 5394 10374 5005 102 5419 34 235 173 154 223 85 37 382 205 319 844 238 324 763 9 1826 1664 14 11 24 19 140 258 117 124 0 19 13 1
15 256 77 28 1779 1595 3894 220 147 649 1303 121 196 99 15 15156 14095 6846 7691 15839 7163 5796 62595 360 2577 1366 2210 1325 1140 2518 1033 31492 31898 411 1237 1354 1303 2547 1046 5251 10782 4906 149 5339 33 225 225 159 399 141 72 420 243 387 922 229 313 892 7 1857 1671 27 14 37 35 151 303 125 153 1 24 22 1
17 285 105 31 1895 2185 3982 372 231 639 1455 167 229 125 16 15871 17509 9525 7531 17870 9942 9659 59823 786 2732 1686 3172 1332 1603 2750 1398 29197 34318 750 1488 1414 1790 4189 1893 4766 12479 6422 181 5652 59 218 204 229 352 242 180 586 269 640 1150 383 281 891 10 1973 2253 20 32 56 44 173 347 170 236 0 26 20 1
17 274 103 33 1902 2109 3882 355 180 638 1467 173 224 134 18 15584 17793 8792 7787 17248 9783 9260 58977 729 2772 1536 3037 1358 1514 2940 1517 29507 34841 716 1505 1480 1535 3259 1607 4852 11823 6418 253 5793 48 223 290 287 544 146 91 532 255 500 1057 369 287 1034 8 1997 2212 45 22 39 55 164 349 178 187 2 33 31 1
15 278 83 22 1863 1891 4191 275 199 650 1183 82 210 90 8 15176 15335 8973 7416 19356 9568 7773 65094 563 2734 1083 1665 1429 1392 1529 719 31282 30410 356 1517 1567 1548 3991 1617 4952 11885 4969 59 4918 15 240 141 136 154 210 115 508 194 354 1200 277 301 455 0 1910 1920 6 21 27 18 165 201 82 199 0 16 7 0
9 202 25 11 1281 576 4064 40 58 681 692 15 116 25 4 11448 5508 2843 6227 12345 2698 1129 75579 35 2025 485 356 1070 452 754 130 38199 20062 30 518 1097 605 1055 243 6396 7297 1616 0 3310 0 194 42 16 0 60 11 163 98 64 640 40 383 220 5 1297 576 0 10 4 0 103 88 15 58 0 4 0 1
18 252 107 46 1840 1890 3466 327 125 591 1732 277 206 177 35 16316 17737 7059 8313 12848 6884 7644 54248 540 1967 1968 4426 1517 980 4929 2125 28237 37923 932 1256 1180 1231 1820 986 5028 10711 7222 517 6585 140 178 338 291 1107 60 51 307 358 573 732 364 313 1939 45 1941 2042 125 8 35 78 109 543 312 140 7 35 72 6
15 249 72 33 1716 1440 3796 170 131 652 1390 161 197 104 20 14938 12900 5973 7606 14187 6018 4325 62041 187 2664 1576 2719 1247 1094 3380 1378 31327 32512 452 1081 1277 1111 2186 783 5357 10588 4754 208 5450 79 202 287 236 547 93 51 419 272 488 827 180 299 1206 9 1823 1522 53 16 44 52 155 385 163 139 1 32 32 1
18 285 116 37 1991 2411 3764 423 185 629 1582 218 241 151 24 16681 20008 10803 8395 16302 10105 11368 56582 931 2908 1788 3860 1364 1706 3407 1959 27773 35910 928 1743 1387 1559 3065 1802 4778 12664 7104 329 5945 81 261 293 350 638 121 76 537 302 594 1001 436 269 1276 37 2101 2526 43 27 50 41 175 426 235 195 0 38 36 4
13 243 57 21 1634 1309 3989 140 99 678 1059 70 175 67 9 14483 11332 6300 7367 14866 6282 4205 67058 195 2677 776 1231 1209 1150 1681 728 33564 27802 206 1109 1308 873 1894 666 5742 9984 3577 66 4633 17 197 171 124 186 84 26 323 140 193 869 142 310 572 0 1686 1343 9 16 18 15 156 184 70 101 0 18 10 0
18 263 113 40 1908 2060 3558 383 178 632 1633 250 211 159 24 16428 18690 7786 8430 13946 7726 8965 54675 729 2745 1789 4113 1431 1471 3854 1935 28547 37089 1005 1424 1270 1627 2665 1483 4992 11162 7290 417 6411 119 248 299 266 710 111 103 525 342 682 811 402 288 1417 9 1983 2157 74 17 51 85 160 441 255 187 3 29 46 1
18 290 117 36 2012 2376 3869 425 253 634 1574 225 237 147 19 16026 19507 10179 8176 17742 10261 10705 57322 889 2872 1838 3994 1449 1633 3298 1892 28198 35922 1043 1718 1491 2025 4302 2254 4579 12666 7127 298 5856 95 247 231 263 491 211 162 750 298 849 1100 435 274 1105 0 2105 2454 44 32 71 60 185 406 225 257 1 28 30 0
14 238 67 24 1637 1363 3838 179 104 646 1175 93 174 81 11 14506 12671 5735 7268 14189 6099 4727 63817 270 2202 890 1619 1345 914 2015 801 32646 30423 305 1019 1247 917 1858 725 5618 9766 4351 97 5217 24 209 205 154 243 67 33 301 158 269 807 182 335 691 0 1696 1411 15 10 15 14 125 223 93 111 1 21 14 0
21 303 162 48 2199 3128 3614 706 260 593 1868 369 272 222 33 17146 26100 12693 9086 17201 12421 17479 50682 1859 2772 2192 6070 1566 1938 4385 3133 25071 39808 1934 2338 1501 2136 4073 2905 4162 13456 9742 670 6549 169 253 417 538 975 194 179 662 367 978 1067 734 248 1716 56 2317 3299 97 21 87 73 176 554 396 273 4 48 61 5
17 284 104 32 1898 2201 3963 371 219 654 1439 156 233 135 18 15789 17590 9653 7533 17530 10180 9913 59664 816 3069 1498 2692 1228 1751 2770 1405 29266 34105 652 1554 1470 1708 4000 1885 4848 12415 6351 234 5623 29 235 219 256 542 204 163 664 199 554 1150 392 261 1009 17 1984 2309 41 27 37 50 194 334 163 233 2 31 32 2
23 310 193 60 2193 3619 3528 919 265 585 2099 486 286 324 42 16728 28764 14043 8531 17070 14957 22611 47311 2694 2882 2459 7401 1508 2379 5334 4140 23498 42264 2627 2471 1463 2241 4242 3360 3905 13597 11717 1293 7047 168 233 427 632 2032 157 155 701 419 1179 1121 1057 221 2259 29 2331 3901 295 19 68 138 187 669 531 287 25 54 132 4
20 258 150 40 1928 2441 3337 651 187 619 1697 280 195 187 22 16824 23126 8027 8493 13175 8594 13734 49259 1732 2495 1315 4341 1651 1617 3526 1940 27466 39915 1526 1508 1246 1822 2644 2089 5038 10524 9543 417 7350 111 213 151 181 575 121 110 489 277 645 742 670 317 1289 13 1975 2489 54 28 38 39 137 377 283 187 1 17 37 1
17 293 106 30 1954 2307 4071 382 235 648 1429 160 241 124 14 15654 18188 10601 7632 19139 10958 10404 60637 828 3040 1668 3118 1302 1719 2474 1381 29047 33921 735 1614 1495 1832 4355 2012 4675 12924 6328 178 5471 54 239 228 277 311 250 156 687 265 645 1239 388 268 790 0 2037 2383 19 33 59 43 194 328 160 239 0 30 18 0
21 314 164 46 2214 3219 3785 725 330 610 1843 363 279 215 27 16361 25500 13138 8663 19190 13760 17710 51936 1918 2987 2213 6077 1478 2136 4111 3034 25370 39545 2009 2297 1549 2712 5401 3609 3989 13924 9687 608 6341 182 258 322 505 819 304 268 918 371 1209 1231 752 238 1489 14 2347 3340 82 32 107 86 197 524 366 348 2 43 51 1
19 279 125 46 1941 2377 3613 441 175 630 1793 309 251 184 35 16549 19859 9577 8048 14912 9471 10827 53769 872 2959 2268 5271 1203 1796 4665 2468 27208 38313 1294 1609 1288 1514 2667 1588 4756 12473 7962 513 6530 148 239 385 517 1006 108 84 532 394 769 947 467 229 1812 63 2078 2563 101 19 52 72 183 590 347 190 4 55 59 8
10 219 32 13 1353 781 4152 60 68 684 774 20 140 36 4 12223 6870 3971 5907 14021 3941 1855 74464 65 2266 569 447 1085 675 854 202 36847 21788 41 689 1139 559 1457 325 6181 8460 2043 17 3618 0 207 84 40 84 56 20 229 96 71 805 61 355 243 0 1368 802 2 6 7 5 127 103 20 69 0 10 4 0
15 249 75 30 1742 1511 3780 208 126 655 1351 124 186 103 20 15164 13622 6432 7724 14214 6368 5418 61745 334 2708 1523 2270 1386 1171 3009 1004 31421 32336 389 1173 1226 1177 1981 880 5392 10431 4904 161 5476 25 225 172 139 526 92 46 383 262 390 810 221 303 1091 26 1806 1575 35 16 24 51 151 355 140 131 1 21 29 4
12 225 46 20 1450 962 3905 96 101 665 999 57 156 58 9 13719 8606 4299 6373 12330 4141 2539 68283 108 2218 760 934 1163 719 1672 502 34581 26415 137 707 1113 937 1708 504 5982 9049 3035 59 4534 10 162 150 93 195 99 39 289 146 214 722 99 338 585 0 1503 1001 12 11 24 23 124 180 57 104 1 18 12 0
10 209 27 18 1338 617 4039 34 42 666 906 39 137 36 11 11832 5763 2925 6208 12952 3016 1003 73565 19 1974 1196 834 1106 463 2095 367 36932 23085 50 536 1166 398 826 138 6137 7986 1864 26 3797 10 159 188 70 200 23 7 124 211 103 696 36 357 620 8 1394 643 7 3 7 16 105 234 43 44 0 18 9 2
14 229 69 22 1560 1315 3720 195 107 647 1136 83 156 77 9 14608 12498 5163 6988 12452 5369 4826 62658 321 2051 728 1394 1339 893 1668 682 32874 30574 300 906 1120 982 1758 749 5856 9151 4511 65 5378 22 172 104 91 123 60 50 289 122 231 694 196 354 578 0 1597 1336 6 14 18 10 113 175 83 108 0 12 8 0
10 208 31 14 1328 702 4008 53 60 684 790 27 130 35 5 12127 6682 3284 6365 12257 3305 1543 72958 48 2147 480 495 1066 578 1023 270 37161 22377 54 578 1128 554 1159 259 6351 7809 2035 17 3759 4 181 114 51 64 46 14 198 95 93 665 54 359 326 0 1367 718 2 7 10 6 120 108 27 60 0 11 4 0
18 278 113 40 1959 2239 3761 387 211 641 1617 244 224 159 26 15874 18969 9100 8166 16457 9623 9762 56674 750 2961 1730 3978 1417 1680 3878 2140 28421 36516 1003 1620 1402 1754 3597 1863 4755 11889 7032 390 6065 103 269 223 234 773 158 129 693 266 733 998 409 265 1481 22 2037 2342 67 31 55 68 180 442 262 215 4 27 47 3
15 245 83 22 1764 1630 3723 277 147 641 1156 78 175 92 8 15739 15129 6720 8164 13931 6513 6955 60777 580 2298 506 1192 1509 1070 1350 701 31638 31452 325 1276 1269 1488 2375 1235 5537 10042 5251 73 5459 12 218 154 111 147 109 92 376 100 190 761 281 348 517 0 1805 1657 7 8 24 12 124 141 78 150 0 14 9 0
21 292 167 43 2117 3043 3528 765 265 603 1777 336 245 206 23 17354 25938 11535 8658 16147 11711 17746 49606 2128 2655 1724 5367 1615 1946 3659 2622 25676 39893 1990 2103 1429 2269 4048 3134 4427 12600 10052 499 6877 153 266 276 382 628 172 176 666 290 919 982 779 282 1332 0 2201 3135 61 23 70 42 162 431 336 272 0 31 39 0
19 297 132 39 2061 2681 3854 528 250 626 1659 243 253 174 24 16259 21816 11345 8129 18287 11716 13574 55539 1296 3009 1834 4258 1411 1890 3548 2085 27236 37332 1154 1899 1520 1951 4470 2464 4411 13104 8010 409 6108 77 255 300 371 739 210 176 668 301 798 1165 547 258 1281 25 2164 2794 58 32 67 69 187 447 263 257 2 36 42 3
14 228 60 31 1551 1132 3678 129 89 649 1322 120 166 93 22 14366 10811 4510 7215 11514 4326 3112 62756 147 2347 1549 2066 1142 817 3267 979 32494 31408 262 765 1023 861 1352 501 5751 9320 4197 164 5463 44 169 237 133 559 59 27 269 235 305 645 143 326 1246 23 1620 1204 45 10 22 44 124 378 133 93 1 23 35 4
18 303 117 36 1992 2583 4011 423 235 652 1552 232 273 139 22 16155 19405 12215 7887 18599 11931 11797 58633 873 3294 1742 4079 1100 2027 3033 2164 27784 35145 1096 1828 1455 1792 4338 2205 4584 13823 6837 234 5653 108 209 356 537 407 198 124 772 282 751 1277 427 215 1159 34 2138 2685 24 27 74 39 220 420 238 245 0 54 23 3
20 280 138 52 1997 2488 3496 505 210 602 1922 375 245 219 41 16825 21344 9492 8413 14442 9136 11668 51400 1035 2598 2461 6072 1404 1606 5336 2859 26194 39857 1576 1669 1265 1827 3106 1942 4540 12307 8880 743 6819 203 207 368 412 1284 126 116 543 441 988 883 550 254 2138 70 2110 2678 151 21 84 112 159 657 413 222 6 45 89 9
15 258 76 29 1764 1621 3864 210 130 655 1313 128 209 102 15 15472 14046 7370 7654 14994 6968 5765 62450 330 2712 1333 2272 1256 1256 2614 1174 31136 31631 396 1243 1293 1122 2287 931 5316 11230 4862 187 5294 46 208 292 253 442 89 45 389 232 378 901 221 293 914 0 1869 1735 29 19 37 34 162 311 128 138 2 35 26 0
15 251 74 31 1721 1520 3766 193 119 662 1356 140 200 103 19 15396 13424 6676 7760 13701 6152 5111 61691 273 2731 1535 2496 1185 1224 2981 1239 31185 32108 417 1137 1187 1061 1921 800 5471 10807 4815 189 5455 48 216 305 230 504 68 45 408 227 375 800 201 296 1102 15 1821 1625 42 15 37 38 165 359 147 125 2 33 29 2
13 234 54 24 1533 1118 3876 116 93 673 1138 90 183 66 14 14093 10021 4860 6849 13199 4743 3048 66156 122 2554 1108 1632 1052 908 2258 745 33545 28562 243 797 1075 825 1607 504 5849 9888 3541 68 4897 30 170 270 209 201 57 23 311 193 273 799 118 302 790 13 1636 1180 13 10 29 14 152 271 93 105 0 38 13 2
7 164 12 9 811 243 3937 9 23 670 541 10 77 13 3 8298 2369 1056 3983 6926 1067 234 78807 2 983 256 171 703 148 624 83 40790 16395 8 181 613 242 403 42 7162 4979 845 3 2903 2 65 42 14 19 14 3 48 37 33 375 9 426 210 0 821 246 0 0 3 2 50 61 10 23 0 5 1 0
10 207 30 15 1278 658 4037 48 67 677 825 30 123 36 6 11602 6110 2954 5857 12478 3231 1353 73315 40 1995 681 582 1037 498 1339 260 37235 22691 51 495 1064 593 1274 248 6293 7607 2005 25 3848 5 171 55 20 122 75 23 211 129 129 690 49 370 387 0 1298 669 4 10 4 15 109 142 30 67 0 5 6 0
14 249 61 30 1694 1293 3933 137 127 664 1306 115 192 91 21 14323 11347 5763 7270 15240 5739 3653 65033 166 2811 1596 2061 1195 1038 3223 1020 32343 30600 270 979 1313 1122 2261 715 5355 10543 4035 154 5022 39 247 261 165 578 106 55 431 260 395 887 149 293 1160 20 1777 1376 33 23 33 52 159 384 135 131 1 28 30 4
13 241 53 25 1601 1175 3951 113 94 683 1145 86 192 72 15 14150 10222 5476 7129 14290 5359 3200 66893 128 2821 1163 1554 1077 1055 2311 806 33492 28274 198 963 1200 826 1691 536 5738 10224 3422 103 4718 27 195 331 204 344 73 24 332 196 257 859 119 277 855 9 1715 1278 15 15 22 22 173 282 93 103 1 40 20 2
15 246 79 26 1694 1567 3740 237 120 652 1263 112 187 92 14 15699 14236 6554 7398 13307 6408 6027 61159 417 2496 1124 2030 1298 1151 2208 913 31481 31943 417 1122 1214 1055 1924 947 5568 10365 5058 105 5519 28 195 218 202 236 76 34 370 169 313 784 237 312 785 15 1774 1614 12 14 30 13 143 257 119 125 0 26 13 2
15 237 81 24 1710 1539 3674 256 125 664 1209 96 160 93 10 15062 14801 5926 8027 13255 6288 6300 60257 492 2595 735 1567 1367 1213 1776 834 32189 32192 372 1121 1197 1274 1936 1031 5666 9398 5229 99 5634 24 258 67 58 177 96 58 401 156 261 715 261 345 647 0 1726 1556 9 21 9 16 140 186 96 125 0 7 12 0
14 266 68 23 1773 1581 4148 187 156 662 1159 88 203 79 10 14824 13082 7774 7419 17971 7855 5471 66693 295 2788 1183 1761 1274 1228 1937 871 32185 29096 304 1281 1442 1229 3048 1027 5184 11405 4150 80 4708 22 228 164 154 225 165 89 440 195 321 1095 189 297 593 0 1852 1619 12 21 42 13 168 235 88 160 0 22 11 0
11 217 41 14 1359 895 4036 92 86 670 835 24 134 45 4 12538 8154 3982 5914 13561 4534 2536 71162 125 2004 354 419 1067 696 765 253 36100 24222 61 674 1192 762 1695 480 6168 8205 2671 21 4157 0 173 46 23 56 82 36 244 49 88 770 93 370 263 0 1365 908 2 7 4 4 112 84 24 86 0 5 4 0
8 180 16 12 1006 349 3942 15 28 692 663 15 96 21 5 9707 3380 1614 4796 8521 1493 418 76762 6 1780 549 290 791 300 1111 137 39521 18630 12 281 725 255 488 69 6888 6055 1134 11 3207 2 170 69 18 100 15 2 110 100 58 449 16 390 333 0 1031 362 3 6 2 2 92 115 15 29 0 7 5 0
12 232 48 18 1538 1094 3996 109 87 675 974 49 155 55 7 13634 9647 5321 7037 14008 5249 3177 68960 142 2494 776 984 1198 895 1452 510 34673 26122 130 925 1256 841 1571 528 5886 9264 3073 43 4391 9 201 86 67 129 78 28 269 137 151 797 110 340 437 0 1572 1112 5 11 5 10 138 162 49 87 0 10 7 0
16 282 87 33 1871 1912 4083 259 191 652 1466 162 235 117 22 15144 15258 8735 7366 18340 9248 7020 62739 438 2927 2150 3216 1164 1470 3256 1469 30083 33125 569 1418 1521 1474 3711 1438 4814 12467 5405 210 5343 47 236 294 257 574 174 94 571 318 581 1173 267 254 1162 32 1972 2029 44 21 60 56 191 439 176 197 2 37 31 4
10 209 32 13 1273 739 4123 58 53 689 770 24 133 34 4 11436 6676 3325 5778 13837 4191 1736 73985 57 2162 410 465 975 663 789 225 37608 22336 55 598 1151 468 1178 264 6333 7730 2070 10 3784 3 165 111 70 44 42 6 186 71 63 794 58 355 254 0 1310 750 1 6 10 6 123 89 24 53 0 13 2 0
17 267 108 28 1926 2124 3680 408 176 650 1388 137 204 122 13 16670 18987 8921 8505 14966 8352 10231 57080 959 2884 1200 2574 1456 1575 2238 1110 29449 34533 664 1574 1318 1561 2644 1698 5164 11381 6690 137 5936 31 249 182 187 268 131 101 517 222 394 854 411 303 733 9 1996 2172 12 25 25 19 163 264 141 176 1 20 14 1
14 235 65 26 1609 1314 3836 164 93 646 1225 103 165 82 15 14167 12185 5397 7259 14298 6042 4373 63759 232 2178 1151 1864 1309 948 2463 892 32795 30927 298 940 1234 888 1710 615 5613 9457 4269 111 5289 32 211 148 105 299 66 26 249 207 285 800 169 339 882 15 1654 1350 18 6 10 22 123 278 106 96 0 15 18 2
18 273 113 40 1958 2180 3667 385 187 625 1643 246 222 161 24 16428 19011 8809 8428 15318 8651 9490 55707 738 2662 1824 4200 1452 1496 3995 2041 28223 36806 1001 1617 1348 1620 3009 1628 4816 11803 7206 413 6197 107 260 249 280 799 123 98 548 363 711 912 408 284 1405 7 2034 2292 80 18 47 73 157 459 253 192 4 30 48 1
15 269 82 23 1814 1816 4004 266 174 667 1192 88 205 92 9 15564 14964 8487 7641 16709 8308 7412 63429 531 2935 963 1665 1256 1449 1621 812 31222 30610 358 1450 1411 1433 3181 1428 5245 11547 4990 85 5094 15 267 163 154 168 172 82 532 163 310 1033 267 298 535 0 1861 1853 11 27 37 24 174 201 88 180 0 20 10 0
15 254 85 20 1804 1775 3902 297 134 671 1135 62 189 90 6 15235 16144 7513 7908 16366 8390 7988 62254 665 2859 556 1166 1372 1408 1128 524 32184 31199 281 1354 1450 1242 2481 1230 5446 10466 5270 44 5296 6 239 141 177 93 92 53 467 83 177 954 298 311 356 0 1877 1801 4 8 17 4 165 129 62 138 0 19 5 0
14 249 68 23 1707 1463 3966 194 130 649 1152 75 181 84 11 14793 13019 6475 7474 15753 6919 5383 64904 339 2414 912 1342 1337 1056 1886 669 32597 29793 240 1168 1424 1114 2490 919 5431 10288 4312 95 4985 7 193 156 95 305 114 64 349 153 254 920 203 326 652 7 1755 1523 14 11 21 20 135 216 78 133 1 17 16 1
17 264 106 30 1839 2092 3730 384 153 643 1408 156 209 126 14 16257 18278 8606 7823 15334 9009 9832 57535 848 2635 1165 2690 1342 1563 2449 1327 29587 34795 699 1442 1301 1321 2580 1475 5211 11250 6622 193 6014 51 217 224 267 340 98 64 430 181 382 925 393 305 843 0 1931 2166 20 17 31 28 158 278 156 156 0 27 20 0
20 296 140 50 2062 2719 3658 535 233 599 1901 348 269 219 38 16586 22058 11326 8334 16429 10785 13247 52747 1202 2655 2626 5968 1367 1694 5005 2883 25793 39263 1498 1815 1414 1971 3762 2258 4307 13328 8796 690 6438 170 208 413 469 1302 135 132 651 431 1002 1047 601 240 1947 65 2204 2956 142 24 88 102 173 650 381 260 3 53 86 7
18 265 101 52 1806 1905 3596 277 131 611 1862 293 238 199 47 15766 16375 7627 7613 13705 7413 6807 55676 396 2534 2725 4910 1185 1300 5676 2419 27822 37939 814 1182 1165 1093 2067 931 4809 11841 6983 601 6452 160 174 443 404 1572 75 39 351 455 710 861 342 244 2405 69 1954 2166 175 15 42 103 150 726 368 151 14 56 108 13
16 262 84 36 1778 1719 3829 231 140 647 1511 177 210 129 23 15095 14586 7479 7556 15316 7574 6065 60557 340 2698 1982 3237 1181 1342 3864 1544 30207 34106 555 1169 1312 1194 2388 1004 5116 11327 5538 276 5703 65 210 277 214 808 89 43 436 320 520 931 257 288 1313 15 1864 1847 75 15 46 70 165 450 184 145 5 31 46 2
16 277 93 27 1918 2016 3975 315 188 663 1337 125 213 107 13 15886 16690 9117 7928 17558 9197 8564 61428 648 3059 1478 2527 1323 1577 2345 1108 30318 32670 528 1570 1498 1602 3407 1610 4986 11907 5663 129 5351 34 272 152 174 278 158 103 614 247 452 1064 318 284 719 9 1979 2055 10 28 19 30 184 291 128 193 1 19 14 1
17 269 102 34 1919 2072 3719 343 164 652 1464 183 220 135 19 16443 17999 8845 8360 14973 8424 9006 57689 679 3019 1291 3008 1329 1608 3039 1684 29266 34730 726 1562 1363 1416 2721 1460 5090 11639 6377 275 5838 64 238 309 301 539 96 81 558 257 462 899 359 271 1127 10 2020 2169 44 19 39 44 185 343 186 173 3 34 33 1
13 245 54 24 1623 1227 4013 126 99 661 1133 70 191 76 14 14329 10605 5942 7148 15190 5734 3706 67454 169 2506 1163 1308 1206 975 2226 673 33139 28085 178 953 1264 885 1903 588 5588 10440 3511 77 4630 15 168 275 150 401 84 27 291 204 227 913 151 312 788 8 1720 1327 13 13 29 24 145 277 80 111 0 32 22 2
10 220 32 13 1340 783 4189 59 68 704 779 22 141 35 4 11848 6768 3916 5782 14426 4161 1841 74756 62 2592 619 511 1005 752 927 215 37169 21802 45 660 1133 526 1467 299 6218 8453 2038 15 3633 3 209 70 48 52 68 19 259 104 100 841 60 334 237 0 1386 795 0 5 8 3 148 109 22 69 0 10 3 0
15 263 73 32 1736 1600 4009 186 133 669 1380 141 218 109 19 14560 13276 7146 7139 16669 7795 5189 63874 254 3060 1777 2564 1035 1375 3162 1350 31389 31986 400 1168 1357 1020 2609 912 5194 11388 4736 214 5269 47 215 316 263 663 117 39 470 266 423 1057 202 264 1112 7 1856 1722 55 12 41 45 186 391 145 150 4 39 36 1
18 281 119 34 2062 2424 3737 459 180 636 1521 188 236 151 18 16754 20985 10315 8939 16583 10146 12136 56000 1094 2949 1464 3293 1483 1738 2988 1656 28367 35927 874 1934 1515 1644 3000 1818 4783 12242 7326 285 5945 45 262 337 349 541 100 84 578 253 492 1007 476 277 1026 10 2167 2540 50 17 45 36 175 347 192 192 1 37 32 1
16 283 91 29 1898 2029 4045 290 203 649 1342 148 234 108 14 15720 16342 9698 7742 18044 9441 8134 62291 528 2904 1326 2643 1294 1502 2408 1418 29824 32205 605 1520 1462 1570 3813 1591 4890 12528 5467 153 5249 56 258 266 289 297 193 119 596 215 511 1151 295 275 831 0 1982 2091 18 25 71 28 178 297 148 213 0 34 17 0
14 231 66 25 1549 1262 3765 176 99 655 1187 90 178 84 14 14310 11774 4909 6825 12848 5405 4325 63072 277 2270 871 1500 1185 906 2104 706 32926 30693 266 889 1147 850 1685 673 5795 9536 4383 113 5398 18 183 283 198 277 58 34 289 141 217 755 183 322 803 11 1644 1346 15 7 32 25 132 241 97 107 0 35 19 2
19 288 134 37 2023 2594 3721 549 246 624 1612 233 243 165 22 16623 21571 10523 8217 16842 10583 13395 54290 1374 2722 1581 3967 1470 1759 3151 1892 27334 37259 1217 1798 1421 2087 4006 2477 4658 12590 8150 281 6289 75 218 304 334 531 220 184 641 272 708 1050 573 271 1174 36 2129 2696 41 34 78 29 173 398 242 260 3 35 31 3
12 238 47 19 1588 1085 4072 104 100 663 985 50 174 58 8 13932 9626 5293 7066 15303 5178 3066 69723 132 2357 845 947 1205 795 1570 470 34422 25854 122 909 1303 922 1942 530 5707 9830 2999 56 4252 7 179 188 126 219 95 41 282 141 173 899 108 338 494 0 1670 1127 8 12 23 20 135 179 50 108 1 23 11 0
11 207 41 14 1353 820 3814 88 79 673 846 32 123 41 4 12822 7997 3482 6575 10591 3206 2208 69188 104 2052 373 576 1108 606 799 271 36067 24720 100 645 987 804 1249 437 6360 7749 2709 0 4284 6 195 38 24 0 53 25 236 78 104 555 88 378 263 0 1368 820 0 13 8 0 105 85 32 79 0 4 0 0
17 265 106 30 1922 2058 3707 386 179 632 1410 152 207 128 14 16352 18402 8356 8472 15482 8403 9587 57374 856 2548 1162 2587 1512 1367 2482 1246 29483 34719 698 1542 1394 1730 2858 1620 5067 11284 6657 186 5953 37 248 218 223 356 136 112 469 213 448 888 398 315 843 0 1993 2127 30 19 30 35 146 281 152 186 1 24 22 0
6 160 9 6 829 202 4019 7 19 694 420 3 70 9 1 7772 2073 927 4371 7622 938 199 81660 2 1299 91 54 723 170 229 26 42246 13512 3 184 729 217 340 37 7244 4523 616 0 2259 0 125 37 8 0 19 2 70 30 12 372 7 415 68 0 837 202 0 1 1 0 66 22 3 19 0 3 0 0
22 293 167 64 2065 2996 3444 654 227 592 2161 549 271 280 57 16651 24792 11173 8405 15002 11428 15254 48352 1372 2822 2863 8515 1270 2055 6279 4339 24337 42294 2540 1860 1299 1880 3490 2383 4192 12924 10459 1143 7121 378 235 481 599 1713 136 111 657 490 1278 958 715 209 2824 143 2215 3264 248 17 84 132 175 810 628 246 7 57 126 15
13 237 62 16 1570 1309 4002 181 123 681 973 38 158 63 4 13837 11817 5541 6798 15313 6450 4828 66851 329 2602 448 740 1166 1099 801 319 34262 27884 152 944 1344 1039 2341 883 5816 9349 3905 9 4777 5 221 57 60 26 114 62 381 83 143 886 181 333 245 0 1595 1310 0 11 9 0 149 92 38 123 0 7 1 0
16 292 93 27 1891 2169 4133 316 207 656 1325 123 236 108 13 15732 16726 10979 7542 18547 10304 9316 63000 654 3091 1534 2501 1256 1685 2190 1165 29627 31803 521 1640 1478 1406 4089 1715 4824 12995 5486 130 5140 29 232 187 227 300 183 122 598 198 491 1219 320 266 709 8 1989 2228 15 21 43 25 193 295 127 215 0 27 15 1
14 249 68 23 1709 1453 3922 190 128 676 1168 82 180 82 10 14756 12848 6511 7614 15174 6517 5162 64494 313 2824 1040 1592 1275 1212 1927 739 32651 29918 276 1144 1327 1187 2317 904 5589 10302 4340 90 5032 15 227 126 105 235 93 53 396 180 284 873 196 310 607 0 1772 1505 14 22 17 26 166 227 82 129 1 16 14 0
14 248 67 24 1784 1432 3902 177 120 656 1170 98 191 77 12 15115 13136 6286 8162 15491 6320 4864 64350 260 2557 1021 1724 1373 1064 2119 874 32583 29925 326 1260 1388 1173 2137 792 5420 10420 4222 76 4923 33 249 267 215 168 95 44 343 170 322 867 179 310 706 9 1854 1480 8 23 32 8 149 237 99 122 0 28 10 1
16 275 90 30 1911 1893 3921 285 204 665 1374 147 225 111 17 15741 15889 8388 8193 16731 8055 7335 61079 526 3183 1445 2613 1236 1509 2688 1272 30248 32743 570 1467 1465 1762 3621 1652 4987 12062 5555 166 5372 49 236 246 252 366 146 101 631 249 521 1021 295 262 946 16 2009 1980 21 36 63 46 191 331 153 208 0 36 22 2
13 246 52 26 1607 1186 4035 101 109 656 1182 100 183 69 16 14148 10123 5780 6886 15106 5658 2953 67856 90 2528 1453 1892 1192 908 2636 995 33037 28286 224 913 1288 906 2137 546 5506 10333 3329 98 4671 44 201 209 133 330 89 40 318 237 329 914 104 310 919 13 1677 1241 19 8 27 38 141 319 103 112 0 23 18 2
15 260 75 30 1758 1592 3924 201 142 653 1342 135 211 102 17 15117 13448 7135 7518 15704 7207 5420 63013 293 2695 1561 2410 1252 1205 2975 1194 31157 31800 426 1177 1358 1227 2462 953 5237 11291 4823 174 5258 48 197 279 262 504 119 61 440 259 436 969 214 290 995 7 1865 1688 34 24 42 40 163 346 139 150 2 35 27 1
14 248 66 25 1693 1425 3894 173 110 678 1209 95 185 83 13 14812 12561 6455 7405 14579 6320 4864 64354 257 2925 1226 1819 1157 1235 2300 852 32555 30086 294 1137 1317 983 1958 743 5563 10396 4247 110 5073 22 252 167 137 317 78 30 371 221 292 853 177 296 759 5 1761 1480 17 16 28 24 171 270 100 115 1 25 17 1
15 254 76 29 1826 1557 3838 206 148 646 1305 136 199 98 15 15515 14176 6717 8226 15461 6662 5326 62180 301 2579 1202 2322 1404 1075 2726 1212 31361 31864 445 1235 1321 1418 2451 1005 5241 10777 4854 165 5265 55 238 260 219 373 112 77 449 236 401 877 213 307 932 0 1915 1621 28 22 45 39 148 299 136 158 0 29 22 0
15 263 82 23 1859 1780 3891 265 158 672 1196 92 195 87 11 15824 15360 8242 8237 15849 7616 7287 62391 526 3024 924 1749 1398 1476 1723 861 31326 30951 380 1468 1437 1476 2740 1326 5334 11131 4998 50 5111 23 261 143 136 90 106 73 510 175 287 912 266 297 595 20 1909 1794 0 25 26 10 176 211 92 160 0 16 6 2
15 260 79 26 1803 1638 3884 241 170 665 1262 102 200 100 12 15391 14391 7216 7910 15562 6930 6287 62468 448 2933 1197 1813 1269 1265 2251 823 31368 31383 348 1235 1329 1439 2861 1222 5284 11110 5029 149 5235 25 223 193 161 386 134 102 529 230 394 912 255 297 722 0 1877 1715 14 30 38 36 172 262 102 176 3 24 21 0
22 326 184 47 2243 3734 3836 891 320 597 1890 387 291 233 29 16441 28352 15809 8278 19998 16880 23158 50913 2655 2963 2150 6609 1540 2508 3977 3341 24345 40335 2394 2619 1667 2495 5727 4044 3840 14400 10520 604 6389 166 242 311 530 860 252 203 820 372 1176 1355 917 236 1515 43 2360 3889 84 32 85 70 198 528 396 331 3 42 50 3
