99 0 4150 701 0 0 0 98169 0 0 0 49825 0 8393 462 0 0 0 0 0 0 0 0 1473977 0 0 0 0 0 0 0 0 0 1496762 0 0 0 0 0 0 0 0 506501 0 127196 0 0 0 0 0 0 0 0 0 0 28291 0 0 27976 0 0 84967 0 0 0 0 0 14028 0 3528 0 1126 24
19 295 126 45 2007 2598 3773 455 214 608 1784 292 250 193 29 16138 20598 11568 7989 16804 10975 12128 55173 945 2691 2456 5195 1360 1741 4548 2587 26749 37715 1219 1807 1395 1669 3672 2024 4370 13144 7858 557 6133 129 207 271 324 1204 138 100 589 395 890 1066 505 239 1623 16 2107 2751 125 18 50 98 169 565 306 226 5 36 67 2
14 253 64 27 1632 1439 3975 153 112 658 1242 113 192 83 15 14429 11952 6924 6789 15105 6782 4465 65216 193 2617 1407 2121 1099 1142 2545 1117 32198 29969 313 1071 1236 873 2136 723 5400 10798 4067 126 5007 46 190 170 167 360 75 29 363 210 343 920 159 283 887 8 1708 1500 21 11 26 25 156 311 115 114 0 24 19 1
19 293 130 41 2049 2620 3779 498 222 603 1688 268 261 180 23 16296 21726 11127 8356 17429 11079 12848 54940 1126 2531 1951 4582 1410 1660 3757 2278 27126 37384 1232 1852 1397 1781 3871 2159 4378 13156 7977 468 6109 113 200 365 484 825 162 118 554 339 799 1104 532 244 1331 0 2171 2796 84 18 72 78 162 461 268 240 3 48 50 0
14 236 70 21 1651 1416 3765 204 109 646 1108 76 163 76 8 14732 13278 6085 7647 13339 5966 5367 62943 351 2138 615 1268 1297 944 1495 693 32844 30066 294 1066 1106 1056 1790 844 5668 9537 4480 47 5196 17 178 117 98 95 63 38 305 110 196 730 205 331 514 0 1687 1429 5 15 19 6 118 154 76 110 0 12 6 0
11 215 40 15 1374 892 3955 84 62 668 854 32 140 44 5 12686 8251 4167 6312 12456 4229 2475 70428 101 1974 436 554 1057 687 944 308 36093 24345 81 720 1031 574 1197 343 6151 8311 2599 22 4170 3 165 128 74 71 35 13 180 58 93 699 84 343 326 0 1405 910 3 7 8 3 112 101 32 64 0 13 4 0
11 227 40 15 1402 922 4094 83 95 677 864 34 147 43 5 12878 8001 4595 5896 13928 4499 2370 71737 96 2229 661 715 1047 728 1027 328 35800 23834 90 669 1100 803 1837 490 5987 8964 2529 17 4040 5 173 67 40 55 86 35 282 104 137 817 83 326 309 0 1424 935 2 16 11 6 132 123 34 95 0 8 3 0
11 225 35 20 1438 781 4078 55 83 659 989 50 157 50 10 12745 6986 3653 6270 14235 3700 1519 71805 41 1951 1284 1035 1097 526 2111 442 35669 24664 81 624 1147 749 1584 296 5810 9088 2376 55 4047 11 172 162 78 290 67 30 247 229 200 805 59 321 614 0 1508 834 17 13 19 35 118 246 50 88 1 20 15 0
12 230 47 19 1514 1058 3970 103 85 671 988 52 157 57 8 13571 9454 4974 6742 13729 4894 3005 68698 130 2365 803 990 1119 843 1605 494 34766 26258 122 907 1164 706 1602 490 5851 9248 3018 56 4415 12 179 135 80 203 58 22 286 127 161 776 107 316 508 0 1559 1088 6 6 14 19 133 174 52 86 0 14 10 0
16 259 88 32 1795 1774 3798 261 150 629 1409 168 201 113 18 15367 15739 7522 7768 15352 7634 6768 59943 420 2318 1397 2880 1268 1147 2969 1466 30402 33663 624 1218 1273 1302 2603 1144 5113 11026 5590 196 5707 68 216 208 222 422 120 65 420 242 501 902 269 289 1072 9 1857 1833 37 16 32 41 136 342 171 155 0 25 25 1
17 259 109 27 1846 2044 3651 421 188 651 1332 126 196 120 13 16080 18662 7976 7987 14430 8087 10028 56548 1029 2707 765 1945 1373 1525 1781 1044 30076 34573 623 1330 1265 1712 2973 1823 5259 10825 6784 109 6110 23 210 186 168 140 138 116 517 117 364 841 423 282 726 21 1886 2085 8 34 41 10 155 203 129 193 1 19 12 2
20 273 147 43 1913 2626 3464 614 182 610 1747 305 225 194 27 16805 22744 9854 7891 14054 10008 14354 50631 1542 2422 1685 4935 1336 1740 3802 2355 26760 39396 1570 1613 1198 1505 2801 2040 4814 11685 9169 496 7049 122 178 264 336 740 102 76 482 282 679 861 634 268 1504 30 1991 2744 76 14 45 49 150 452 323 190 2 31 47 3
15 247 72 33 1682 1437 3780 175 126 630 1373 153 198 105 22 14846 12721 5980 7331 13925 6044 4489 61803 216 2265 1417 2485 1183 959 3255 1343 31257 32341 419 1080 1192 1106 2146 777 5309 10565 4743 214 5485 68 189 298 229 518 83 40 327 259 459 829 184 288 1270 17 1759 1543 39 17 55 38 128 371 169 134 3 36 33 3
20 309 146 44 2079 3009 3807 595 270 625 1784 324 269 195 26 16298 22869 13292 8010 17758 12823 15604 53710 1420 3067 2228 5644 1187 2237 4016 2885 26032 38292 1641 2101 1410 2068 4611 2849 4243 13841 8688 540 6202 153 244 314 428 838 212 164 781 340 1000 1171 613 210 1453 10 2189 3148 87 33 79 84 200 516 330 277 1 39 49 1
15 274 80 25 1829 1874 4112 249 167 670 1214 98 207 97 11 14881 14984 9370 7512 18227 9461 7468 64421 473 3052 888 1719 1165 1557 1943 1023 31369 30607 357 1495 1455 1340 3323 1401 5053 11657 4800 124 4980 20 246 141 137 352 137 67 547 149 322 1123 258 264 679 0 1882 1911 18 22 22 32 185 228 98 171 0 17 17 0
15 257 82 23 1740 1767 3876 267 136 653 1187 86 186 93 9 15280 15202 8081 7449 15320 7935 7470 62180 537 2564 772 1559 1298 1327 1624 836 31496 31096 350 1334 1233 1112 2478 1184 5381 10759 5066 84 5319 14 195 110 109 197 96 52 388 129 227 902 272 297 559 0 1776 1790 11 16 22 20 150 184 86 137 0 13 11 0
13 234 58 20 1572 1218 3877 150 105 671 1048 60 166 68 8 14113 11172 5427 7012 13716 5277 4040 65824 229 2517 719 1037 1079 1003 1507 530 33883 28159 185 850 1082 978 1876 691 5797 9526 3755 62 4808 7 188 179 111 181 68 38 325 117 180 775 152 305 506 0 1612 1256 9 12 25 12 140 164 60 108 1 18 10 0
18 282 116 37 1962 2349 3770 419 192 624 1583 223 239 153 21 16152 19716 10183 8227 16303 9988 10881 56381 891 2719 1796 3868 1271 1656 3413 1896 28216 36102 970 1647 1387 1585 3245 1817 4684 12457 7173 343 6037 91 225 351 377 663 123 83 488 255 643 1026 438 250 1204 9 2061 2468 50 20 55 54 163 412 228 199 2 38 37 1
14 260 67 24 1721 1547 4072 181 145 666 1157 89 193 83 11 14724 12803 7540 7160 16736 7599 5304 65959 282 2705 970 1569 1132 1213 2001 942 32355 29256 287 1214 1391 1139 2860 1028 5282 10965 4124 102 4812 19 225 150 128 307 113 61 475 156 301 1015 187 280 690 0 1776 1583 18 23 30 21 168 227 89 147 1 18 16 0
18 312 115 38 2051 2647 4119 406 249 632 1619 235 270 152 23 15446 19558 13186 7788 19974 12707 11758 59669 824 3079 2290 4472 1198 1953 3544 2356 27541 35220 1016 1986 1521 1811 4838 2305 4225 14142 6775 344 5440 98 232 307 370 704 218 128 738 337 837 1340 418 215 1244 20 2145 2761 55 31 70 60 203 486 243 258 3 39 37 2
12 229 49 17 1443 1074 3991 114 100 673 945 48 150 52 6 13368 9443 4962 6198 13540 5048 3160 68847 149 2234 578 884 1054 863 1181 453 34895 26094 147 758 1100 833 1899 607 5926 9082 3110 22 4483 11 199 73 57 60 90 36 297 78 162 799 114 327 384 0 1468 1080 1 14 7 8 132 130 48 101 0 8 3 0
14 238 66 25 1612 1344 3771 172 108 654 1196 96 169 84 12 14597 12221 5865 7135 12931 5481 4497 63233 255 2342 1061 1719 1238 995 2264 867 32604 30340 287 945 1068 995 1821 750 5641 9789 4305 118 5240 29 192 144 111 329 64 42 320 161 243 732 180 311 760 0 1661 1387 17 11 20 28 132 244 96 109 1 16 18 0
14 232 60 31 1501 1197 3802 120 86 635 1301 137 173 86 21 13922 10690 5015 6498 12732 5432 3147 63772 102 2004 1286 2269 1119 819 3082 1210 32508 31221 317 787 1084 733 1531 481 5632 9540 4028 152 5411 72 149 250 178 456 68 18 205 214 339 783 126 308 1232 22 1568 1268 36 11 18 30 115 350 143 92 1 26 27 3
13 218 55 23 1447 1061 3736 127 64 648 1127 77 150 70 12 13361 10248 4278 6631 11556 4426 3232 64644 160 1936 960 1404 1146 726 2118 619 34045 29352 209 730 960 628 1071 395 5982 8651 3745 81 5166 16 145 158 115 268 33 13 180 149 168 633 131 334 730 5 1488 1109 15 4 9 18 104 231 81 66 1 18 15 1
16 267 90 30 1820 1856 3858 281 175 654 1383 153 208 111 15 15421 15785 8082 7651 15759 7977 7306 60477 495 2803 1453 2760 1195 1427 2702 1313 30412 33168 605 1306 1301 1455 3058 1391 5088 11477 5641 176 5572 55 225 193 202 391 139 81 531 239 498 956 287 267 899 0 1896 1911 27 23 51 39 169 322 153 177 1 24 21 0
22 319 186 45 2240 3660 3664 916 314 609 1833 373 289 226 25 17136 28742 15274 8735 17998 14877 23072 49260 2781 3001 1893 6062 1348 2512 3640 3130 24457 39943 2407 2565 1523 2479 5148 3992 4025 14208 10656 537 6577 161 239 377 627 636 197 205 888 289 1067 1187 929 207 1369 14 2350 3793 68 34 110 63 197 463 377 323 0 47 40 1
14 259 66 25 1731 1523 4031 170 121 651 1206 101 198 80 13 14853 12785 7535 7350 16322 7224 5037 65679 240 2529 1334 1992 1231 1125 2259 1000 32063 29546 321 1195 1285 1016 2379 840 5259 11118 4103 95 4857 31 192 206 176 287 85 34 365 232 322 983 173 285 748 7 1796 1569 15 8 23 16 152 284 104 126 0 24 14 1
16 256 83 37 1746 1667 3754 223 128 621 1517 180 200 133 24 15228 14557 7109 7528 14345 7022 5839 59924 327 2240 1894 3137 1290 1095 3873 1545 30121 34252 513 1125 1207 1139 2167 936 5093 10985 5532 313 5778 75 184 214 186 912 89 39 328 331 483 853 252 287 1400 15 1814 1794 77 20 23 77 130 447 189 133 7 28 50 2
21 302 168 42 2153 3247 3600 795 269 614 1749 296 253 215 24 17214 26655 13336 8736 16846 12935 19738 50172 2387 2880 1615 4792 1461 2245 3462 2567 25571 39243 1706 2257 1424 2218 4262 3348 4300 13126 9972 522 6624 89 237 239 356 745 171 179 739 274 796 1046 828 239 1317 21 2228 3342 72 38 45 64 184 425 309 276 2 29 47 2
9 196 21 15 1125 492 4002 21 36 679 764 29 120 26 8 10708 4437 2442 5024 10345 2322 644 75238 7 1837 681 532 859 414 1419 301 38138 20537 31 389 875 319 734 105 6515 7205 1405 15 3528 8 135 110 56 105 25 3 105 114 85 584 21 348 494 4 1175 510 4 3 4 8 102 151 30 37 0 15 5 1
10 211 34 11 1313 769 4013 71 75 697 728 12 126 35 2 12076 7043 3670 5905 12261 3462 1995 72873 90 2355 254 257 987 694 428 118 37303 21880 30 624 995 662 1403 396 6348 7904 2191 6 3707 0 184 43 23 21 65 29 262 49 37 669 71 336 125 0 1328 773 0 10 1 3 131 49 12 75 0 4 1 0
8 189 16 12 1039 381 4074 14 33 677 652 17 112 20 5 10214 3539 1988 4558 10284 1913 424 77962 4 1544 562 322 813 279 1005 176 39337 18010 14 278 855 288 640 68 6635 6727 1081 12 3087 4 131 135 48 78 27 6 94 74 59 587 14 361 328 0 1085 395 0 8 6 7 89 113 17 34 1 14 4 0
17 268 103 33 1903 2027 3742 357 184 643 1463 169 215 136 18 15933 17797 8354 8153 15595 8311 8876 57700 751 2741 1400 2829 1302 1516 3001 1443 29595 34926 674 1444 1326 1609 3036 1635 4978 11513 6535 266 5864 53 217 255 251 546 120 96 551 253 503 923 380 264 1050 8 1977 2117 38 24 51 45 166 345 174 187 2 29 33 1
14 253 64 27 1706 1414 3966 151 113 645 1259 118 195 79 16 14648 12141 6675 7286 15522 6500 4304 65137 180 2418 1581 2307 1210 1014 2735 1068 32198 30140 341 1094 1276 1009 2092 685 5280 10842 4071 106 4959 51 197 217 196 303 75 26 315 279 388 917 153 284 892 17 1789 1464 14 11 30 27 143 333 121 118 1 27 15 2
18 275 119 34 1995 2349 3712 452 181 617 1524 201 220 146 17 16377 20670 9764 8488 16415 9957 11550 55715 1031 2434 1408 3476 1536 1516 3026 1695 28556 36222 962 1735 1381 1625 2959 1821 4784 11784 7346 270 6112 70 217 232 268 478 126 80 469 252 536 965 462 287 1010 0 2062 2426 35 20 39 37 145 341 201 184 2 26 27 0
21 292 163 47 1995 2965 3548 714 265 601 1841 366 252 223 27 16964 24300 11503 7802 15477 11697 16615 49895 1867 2544 1882 5735 1346 1877 4068 2866 25557 40023 1981 1779 1308 2071 4090 2887 4415 12800 9953 677 6987 166 180 277 433 910 168 210 662 260 976 1007 745 243 1573 0 2096 3112 121 35 82 102 164 495 366 276 2 38 60 0
16 247 94 26 1811 1783 3642 322 136 654 1288 124 181 102 12 15662 17015 6982 8326 14056 7093 7950 58167 663 2620 796 2031 1319 1350 1947 1018 31182 33607 565 1311 1240 1330 2126 1197 5419 10136 5938 82 5865 37 232 165 172 135 66 71 429 154 313 768 322 300 713 11 1854 1809 6 12 17 10 144 211 125 137 0 17 8 1
13 238 55 23 1565 1172 3937 127 115 657 1116 78 169 68 13 13987 10400 5288 6810 14066 5222 3405 66548 161 2284 1076 1412 1179 876 2094 715 33584 28309 212 841 1164 974 2124 664 5638 9771 3561 72 4784 17 176 178 97 233 88 47 323 183 276 821 130 307 743 12 1611 1209 13 14 23 22 131 247 82 116 0 17 14 2
15 265 77 28 1784 1677 3972 215 148 660 1325 130 206 96 14 14816 13964 7667 7409 16417 7621 5935 63238 328 2810 1640 2604 1175 1318 2687 1164 31337 31619 450 1316 1369 1214 2703 1032 5119 11435 4850 148 5187 49 206 193 188 380 120 63 466 268 438 995 220 265 821 0 1877 1741 19 25 42 30 171 330 130 151 2 25 19 0
19 288 128 43 1994 2569 3738 480 196 596 1731 274 246 188 27 16288 21159 10920 8006 16643 11004 12514 54798 1060 2423 2114 4743 1479 1584 4153 2361 27003 37761 1207 1764 1342 1596 3397 1973 4449 12746 7975 497 6252 105 202 309 355 1053 131 78 489 343 734 1057 529 257 1512 18 2067 2737 109 20 52 81 148 512 284 206 4 38 61 2
20 277 149 41 1982 2687 3464 644 207 615 1720 277 221 196 23 17030 23605 10306 8369 14166 9932 15087 50583 1717 2586 1690 4580 1454 1836 3523 2164 26755 39039 1462 1713 1217 1814 3086 2276 4748 11841 9277 482 6955 91 224 195 253 753 109 136 505 271 698 850 674 274 1325 10 2039 2775 72 20 39 55 155 420 283 211 6 23 47 1
17 256 100 36 1785 1892 3634 318 135 617 1520 205 207 136 21 15837 16984 7593 7646 13806 7598 7788 56908 570 2237 1493 3410 1299 1189 3395 1697 29500 35586 761 1231 1215 1203 2178 1162 5128 10984 6486 316 6172 99 177 277 309 575 72 39 363 259 494 827 334 286 1254 8 1878 1989 43 7 34 40 128 386 210 144 2 33 36 1
9 198 24 12 1146 548 4006 36 46 687 714 16 115 28 4 10929 5033 2718 5161 10582 2483 1059 75080 29 1918 544 348 825 452 870 142 38258 20234 25 402 850 414 840 173 6538 7243 1614 13 3491 0 153 54 25 74 40 8 152 101 57 584 37 352 251 0 1171 559 2 8 4 13 107 102 16 47 0 7 4 0
15 268 77 28 1787 1740 3992 228 156 657 1286 106 207 105 16 15208 14287 8492 7404 16338 8089 6552 63497 410 2824 1337 1894 1168 1382 2481 1083 31105 31091 342 1295 1330 1246 2922 1210 5124 11534 4804 162 5096 16 225 203 152 550 112 72 483 214 358 1014 250 267 910 11 1851 1824 26 23 26 32 170 300 115 160 2 23 29 2
15 262 78 27 1767 1694 3959 227 141 630 1284 118 204 97 13 15307 14277 7821 7322 16273 7912 6325 63156 379 2250 1334 2220 1331 1095 2431 1076 31151 31395 417 1258 1346 1231 2649 1046 5122 11292 4895 140 5217 35 182 207 204 377 96 63 364 217 365 993 234 296 780 0 1840 1758 22 16 30 25 136 286 118 148 1 26 19 0
14 267 68 23 1744 1576 4150 186 160 652 1153 90 211 78 10 14699 12795 7890 7004 17680 7755 5369 66646 290 2547 1152 1740 1205 1140 1875 865 32052 28924 310 1215 1379 1251 3139 1072 5162 11632 4140 78 4704 27 185 220 208 201 142 77 447 178 325 1108 188 276 591 0 1827 1618 8 18 55 15 161 230 90 167 0 29 10 0
15 242 75 30 1686 1444 3731 201 126 644 1334 136 179 100 18 14747 13243 5798 7457 13597 5982 4974 61134 291 2352 1311 2307 1262 1010 2921 1108 31740 32544 439 1039 1197 1211 2008 826 5426 9986 4938 159 5598 45 193 197 148 453 87 65 369 217 395 770 211 299 1053 15 1743 1505 35 13 31 30 135 320 141 130 1 21 26 2
14 232 69 22 1622 1296 3716 196 131 656 1134 82 162 76 10 14618 12501 5168 7405 12879 5046 4659 62506 330 2290 736 1331 1247 899 1647 616 33026 30370 291 884 1043 1294 1952 873 5745 9370 4495 56 5315 22 168 144 105 129 99 78 355 137 266 686 198 317 596 10 1665 1320 4 21 28 10 126 180 82 133 0 15 7 1
15 238 74 31 1689 1380 3644 195 122 636 1342 138 183 101 21 15036 12980 5457 7788 12497 5170 4614 60450 280 2227 1296 2224 1242 887 3082 1099 31624 32608 425 1028 1058 1232 1763 812 5476 9937 4930 169 5629 40 170 262 205 420 74 52 354 211 380 695 201 296 1173 27 1764 1456 38 10 32 44 125 336 151 130 1 30 29 4
15 256 78 27 1771 1632 3842 223 140 646 1286 126 193 93 13 15386 14311 7318 7670 14879 6923 5958 62063 353 2528 1304 2321 1271 1156 2426 1108 31335 31667 456 1207 1292 1281 2402 1024 5275 10866 4924 126 5313 48 196 193 179 270 96 57 423 217 411 869 226 292 789 0 1838 1676 15 13 23 25 144 282 126 143 0 21 15 0
18 278 119 34 1982 2389 3718 452 191 634 1519 202 218 144 18 16491 20579 10079 8323 16074 9911 11773 55823 1029 2793 1422 3470 1391 1711 2964 1740 28500 36013 977 1756 1385 1622 3243 1912 4818 11909 7261 248 6096 72 232 176 221 458 104 89 547 232 567 961 462 269 1044 9 2032 2437 29 30 38 40 166 341 207 194 1 21 25 1
10 213 31 14 1284 722 4082 52 67 680 793 29 134 34 5 11908 6469 3608 5554 12686 3593 1568 73738 45 2061 547 555 966 589 1029 272 37061 22085 58 523 1026 559 1323 264 6231 8137 1996 16 3749 6 148 90 50 57 65 21 211 95 121 735 52 335 319 0 1313 735 1 11 7 7 118 116 29 67 0 10 3 0
11 209 36 19 1307 757 3868 61 59 660 947 47 134 47 10 12513 7100 3381 6076 10943 3262 1660 69844 51 1849 831 846 972 552 1763 419 35929 25037 89 566 908 534 1037 273 6196 8050 2442 43 4331 8 164 111 63 208 38 8 165 139 142 609 63 344 623 3 1342 787 10 6 8 16 99 189 51 60 0 13 11 1
12 221 46 20 1408 963 3891 95 80 666 1006 60 151 55 10 12907 8740 4303 6369 12441 4426 2579 68090 103 2135 774 1054 1025 757 1655 546 34905 26705 151 720 1055 706 1355 412 6013 8775 3032 45 4634 12 143 159 89 144 56 28 226 120 177 714 96 319 609 6 1457 1003 10 5 14 15 121 185 62 84 0 17 9 1
19 269 130 41 1958 2347 3518 497 183 606 1681 271 224 177 24 16695 21091 8982 8446 14355 8911 11530 52572 1104 2324 1647 4346 1462 1463 3875 2067 27699 38222 1293 1603 1292 1692 2700 1849 4795 11593 8272 421 6645 109 204 304 367 780 102 80 440 292 683 847 529 273 1398 13 2056 2464 80 13 48 49 139 433 273 194 6 36 47 1
18 274 118 35 1902 2306 3742 439 183 616 1536 214 225 143 20 16377 19699 9457 7893 16047 10124 11086 56036 969 2381 1385 3600 1365 1465 2975 1791 28535 36288 1003 1536 1308 1523 3111 1756 4817 11839 7283 257 6205 86 210 283 330 413 121 91 488 253 576 1005 446 273 1124 22 1982 2381 30 22 49 34 144 362 220 191 0 32 25 2
11 222 36 19 1357 824 4072 61 78 674 948 46 146 49 9 12284 7177 4021 5874 13518 4201 1798 71735 52 2161 900 843 1004 672 1796 444 35902 24550 84 613 1103 621 1544 346 5982 8691 2392 46 4161 8 171 100 53 263 68 15 228 151 176 799 66 320 578 0 1399 852 15 14 15 27 126 202 46 78 0 12 13 0
14 251 65 26 1686 1425 3975 164 126 642 1222 102 182 84 14 14608 12349 6575 7077 15665 6785 4663 65166 233 2311 1322 1893 1295 1005 2454 965 32366 30021 288 1123 1292 1053 2367 793 5311 10470 4147 123 4990 36 208 139 101 363 92 54 343 210 337 924 173 305 836 6 1722 1463 16 10 28 35 133 286 106 129 0 16 19 1
9 189 25 11 1132 532 3920 39 44 680 688 16 102 26 3 10805 5211 2388 5412 9700 2360 1073 74157 32 1682 320 303 946 415 673 144 38640 20617 31 404 855 452 771 177 6633 6544 1685 5 3553 2 140 37 14 17 27 8 137 53 55 507 39 377 200 0 1143 533 0 7 3 2 89 67 16 44 0 3 1 0
11 214 41 14 1411 898 3898 90 63 683 854 28 131 43 4 12800 8556 4156 6603 11951 3904 2568 69837 115 2315 529 622 1068 761 919 253 36202 24493 79 746 1049 608 1092 369 6203 8143 2669 12 4164 3 194 43 29 40 41 13 213 97 80 633 90 336 247 0 1434 902 1 7 5 5 122 100 28 64 0 5 2 0
15 270 76 29 1783 1755 4064 213 147 647 1303 126 214 97 19 14951 14026 8593 7330 17347 8789 6398 64231 336 2633 1401 2250 1194 1373 2701 1301 31061 31095 430 1382 1403 1140 2909 1076 5040 11701 4653 130 5054 33 209 229 201 388 117 57 428 224 408 1084 222 264 1013 26 1857 1817 21 10 33 36 163 336 140 154 0 29 23 4
11 233 39 16 1483 963 4153 79 90 691 865 34 161 46 6 13081 8143 5120 6387 14995 4945 2497 72338 91 2660 603 597 1003 864 1173 369 35766 23481 77 814 1260 774 1820 469 5880 9376 2445 34 3858 2 194 133 73 133 75 23 316 104 131 879 80 301 382 0 1548 990 4 8 18 10 154 130 34 95 1 16 7 0
16 249 90 30 1785 1703 3627 283 141 646 1378 149 186 113 15 15804 15878 6873 8041 13298 6402 6880 58396 513 2485 1282 2548 1331 1251 2708 1184 30697 33843 574 1181 1150 1382 2131 1137 5366 10389 5830 187 5884 51 192 192 165 383 82 59 385 225 417 738 292 294 926 0 1844 1762 31 18 32 36 145 299 149 143 0 20 23 0
21 288 167 43 2142 3081 3466 776 211 592 1763 316 247 213 25 17528 27147 12007 9072 15776 11751 18773 49004 2250 2417 1528 4987 1648 1878 3600 2608 25739 39801 1820 2132 1349 1924 3195 2636 4446 12483 10106 525 6893 113 212 308 465 716 111 105 515 308 674 934 803 268 1389 23 2234 3198 75 14 59 46 146 420 327 220 1 37 46 2
13 249 58 20 1669 1336 4048 147 116 662 1052 66 184 65 8 14501 11468 6585 7222 15787 6356 4295 67498 212 2522 904 1276 1143 1003 1550 643 33406 27509 213 1124 1313 1020 2184 751 5470 10487 3609 48 4537 15 210 184 158 142 88 44 352 138 224 932 148 300 484 0 1726 1360 6 17 20 9 146 183 66 120 0 21 7 0
13 264 59 19 1649 1474 4258 158 139 663 1018 54 199 67 7 14300 11538 8109 6411 17672 7699 5006 69466 256 2583 840 1041 1127 1187 1332 570 33014 26566 172 1120 1387 1018 2926 926 5331 11377 3542 52 4329 6 190 159 143 159 134 61 383 117 216 1130 160 281 417 0 1707 1508 7 13 23 14 162 164 54 144 0 21 8 0
10 215 28 17 1298 686 4103 38 53 686 857 36 143 38 8 11779 6012 3624 5683 13104 3530 1203 74056 23 2269 837 713 901 620 1598 400 36953 22326 51 556 1065 445 1101 200 6154 8378 1846 32 3744 7 166 141 68 205 39 8 186 122 108 757 40 319 513 0 1358 720 11 3 11 14 130 182 36 56 0 17 10 0
10 199 33 12 1233 698 3893 64 57 669 755 19 112 34 3 11779 6776 3201 5788 10423 3070 1751 71820 71 1678 277 357 991 502 623 183 37348 22615 47 506 933 582 963 285 6457 7193 2189 6 3933 2 141 18 11 16 42 18 152 48 52 556 64 372 201 0 1238 699 0 8 2 4 90 64 19 57 0 2 1 0
14 241 68 23 1630 1431 3826 183 100 653 1156 96 173 75 10 14602 12879 6399 7195 13710 6254 5045 63625 268 2313 943 1745 1201 1059 1815 889 32606 30109 349 1060 1164 898 1770 731 5623 9937 4313 60 5178 33 199 175 143 117 48 23 281 139 245 786 183 311 626 0 1671 1449 5 15 20 12 135 207 96 103 0 17 7 0
18 253 113 40 1822 2002 3474 386 136 627 1631 246 198 158 26 16099 18636 7339 8141 12719 7396 8977 53915 747 2463 1683 4023 1310 1400 3837 1883 28859 37467 1006 1317 1139 1236 1989 1219 5114 10626 7385 387 6664 103 212 244 253 695 61 45 381 314 563 729 403 279 1486 25 1898 2087 77 18 29 58 140 435 263 143 1 26 45 3
17 273 98 38 1908 2025 3810 305 178 617 1535 206 226 143 26 15793 17042 8852 8058 16246 8912 8147 58600 533 2452 1641 3294 1369 1333 3669 1934 29042 34870 740 1537 1356 1551 3065 1439 4782 11929 6187 334 5740 74 198 297 280 714 116 80 475 290 626 976 324 261 1441 30 1992 2141 64 18 56 65 148 432 222 188 7 35 48 4
18 258 119 34 1874 2176 3519 450 149 634 1506 205 203 144 17 16508 20124 8271 8354 13662 8311 10804 53940 1018 2565 1148 3247 1382 1553 2756 1666 28985 36694 977 1492 1214 1367 2260 1519 5161 10852 7518 264 6519 83 205 230 270 387 73 60 425 213 418 780 460 282 1045 0 1949 2246 28 18 42 30 148 306 205 153 0 26 25 0
17 264 105 31 1843 2108 3728 370 150 635 1424 170 196 125 15 16104 18398 8798 7789 15129 9162 9797 57564 767 2510 1250 2931 1410 1511 2590 1530 29653 34857 774 1485 1279 1285 2598 1423 5095 11047 6517 187 6009 59 214 117 141 335 94 58 425 205 432 898 377 294 922 0 1891 2140 26 13 21 28 149 294 170 151 0 14 20 0
15 264 76 29 1727 1672 3950 211 149 644 1306 127 210 101 16 15223 13763 7998 7068 15757 7597 5923 63221 329 2560 1429 2241 1132 1253 2560 1231 30974 31290 417 1167 1254 1227 2745 1072 5177 11516 4766 158 5202 38 201 239 214 422 101 57 389 195 428 975 224 269 941 7 1810 1765 35 25 37 38 156 316 131 154 0 30 25 1
13 250 55 23 1623 1271 4078 125 115 657 1131 80 184 70 11 14188 10710 6329 6744 15718 6152 3677 67937 154 2405 1360 1611 1157 918 2183 781 33253 27910 207 947 1307 949 2212 650 5429 10558 3506 89 4605 26 209 153 128 287 104 43 358 220 293 948 131 296 663 0 1687 1318 12 13 21 34 145 263 80 117 1 20 15 0
17 272 105 31 1852 2096 3811 374 199 628 1416 162 221 129 15 16095 17746 8916 7532 15919 8995 9470 58299 806 2416 1153 2635 1306 1349 2492 1351 29355 34413 704 1356 1381 1639 3433 1747 4933 11821 6520 222 5883 48 207 279 283 386 153 115 546 188 542 1004 382 280 905 0 1924 2175 31 22 56 32 151 294 162 207 1 31 24 0
18 283 122 31 2006 2482 3778 490 208 649 1451 170 231 142 14 16382 21044 10647 8406 16923 10568 12789 56154 1226 3052 1121 2859 1278 1937 2315 1466 28695 35498 873 1791 1400 1774 3546 2202 4795 12240 7356 200 5965 46 235 259 289 359 149 102 627 187 449 1038 500 253 829 0 2094 2553 25 23 59 37 182 276 170 216 0 29 20 0
19 284 130 41 2001 2542 3674 504 211 627 1672 259 238 180 26 16586 21251 10528 8198 15861 10457 12659 54021 1177 2875 1686 4245 1313 1858 3722 2208 27477 37657 1185 1780 1354 1777 3403 2155 4631 12359 8021 451 6307 90 219 305 343 862 128 115 628 303 714 1000 535 239 1436 27 2087 2663 78 31 48 60 172 453 275 217 4 35 51 3
14 247 71 20 1643 1544 3886 213 115 681 1095 69 171 75 7 14703 13400 7118 7119 14218 6935 6061 64084 385 2832 689 1293 1138 1390 1324 661 32775 29506 277 1129 1200 956 2121 902 5687 10120 4418 36 5074 15 202 88 80 72 79 47 356 126 200 839 213 296 434 0 1681 1555 2 14 8 6 162 152 69 115 0 9 4 0
13 238 58 20 1535 1259 3941 148 96 661 1067 65 169 64 9 14021 11033 5794 6554 13936 5783 4137 66493 217 2273 944 1323 1112 958 1558 568 33626 28105 212 904 1117 799 1796 637 5735 9840 3688 40 4821 12 167 146 120 119 56 26 273 137 201 828 148 311 514 7 1584 1282 5 15 16 10 133 194 67 98 0 17 6 1
13 242 59 19 1601 1298 4021 155 117 665 1036 60 168 64 7 14038 11391 5958 6888 15660 6328 4314 67049 238 2354 753 1147 1211 984 1355 560 33848 27848 202 975 1263 1019 2203 790 5620 9837 3719 38 4694 14 195 115 92 96 115 44 357 126 212 903 156 309 430 0 1639 1311 2 13 15 6 140 160 60 117 0 12 5 0
13 232 59 19 1598 1251 3867 159 95 653 1025 52 159 68 7 14350 11742 5519 7347 13746 5593 4391 65726 264 2179 580 896 1261 888 1319 501 33881 28155 156 1015 1171 867 1699 670 5745 9303 3807 59 4799 7 193 127 84 153 66 32 256 103 143 761 163 330 450 0 1635 1277 5 12 16 7 117 139 52 97 0 13 9 0
10 198 29 16 1196 620 3904 44 40 663 844 32 119 36 8 11351 5911 2804 5549 10574 2862 1252 72115 33 1643 686 616 934 445 1435 296 37238 23085 54 474 858 367 732 160 6396 7287 1987 24 4006 2 138 91 42 128 15 5 111 108 81 570 44 362 488 4 1227 635 7 2 6 12 87 159 34 40 0 10 7 1
20 298 153 37 2156 3027 3661 690 246 624 1643 253 250 178 19 17224 25332 12720 8907 17128 12194 17548 52128 1939 2946 1540 4373 1464 2097 2991 2131 26499 38024 1485 2248 1433 2062 3951 2890 4442 12996 9024 307 6388 89 235 278 376 401 141 139 724 252 715 1056 697 242 1053 13 2237 3107 33 24 53 47 181 365 256 253 0 31 25 1
19 276 132 39 1989 2477 3552 520 198 636 1651 258 222 168 23 16770 21624 9835 8491 14771 9353 12539 52863 1224 2901 1667 4346 1350 1842 3584 2114 27651 37797 1256 1700 1285 1758 2998 2040 4821 11854 8196 380 6534 106 213 221 272 604 100 112 608 282 667 867 532 254 1298 21 2064 2562 51 29 44 34 171 416 267 201 1 26 36 2
18 284 116 37 1987 2361 3783 419 207 631 1583 224 235 151 22 16299 19760 10225 8196 16634 9982 10857 56608 886 2803 1814 3954 1315 1705 3405 1968 28220 36058 993 1655 1338 1738 3511 1909 4659 12452 7123 325 5982 82 261 265 304 598 134 115 573 325 687 1020 430 247 1219 19 2075 2461 54 22 51 55 174 417 231 214 2 33 36 2
22 289 184 47 2129 3195 3378 900 260 603 1854 368 250 244 28 17453 27977 11606 8923 15089 11565 20150 46757 2761 2635 1589 5444 1464 2119 3869 2737 25158 41031 2205 2044 1348 2307 3753 3296 4397 12441 11161 703 7281 135 235 353 473 916 160 167 675 281 900 914 943 247 1565 19 2218 3328 97 24 84 64 161 456 385 271 5 39 60 2
15 244 78 27 1651 1529 3773 230 130 633 1265 113 181 98 14 14898 13877 6277 7166 14037 6567 5793 61385 395 2078 1001 1842 1285 1010 2286 985 31655 32038 404 1008 1124 1112 2266 985 5464 10131 5073 134 5587 24 156 195 149 337 91 62 300 161 289 819 238 316 847 6 1699 1585 24 13 37 23 120 253 118 133 1 21 20 1
19 290 133 38 2012 2650 3718 537 222 616 1634 240 246 170 22 16730 21884 11349 8274 16396 10933 13653 54301 1319 2664 1788 4214 1393 1763 3345 2039 27203 37165 1200 1807 1377 1802 3652 2334 4565 12810 8071 363 6258 75 205 277 358 627 139 123 594 266 674 1043 553 249 1210 18 2089 2767 54 25 52 53 167 414 252 240 3 37 37 2
20 274 153 37 2052 2723 3428 694 208 615 1641 244 213 184 18 17462 24895 10199 8914 14424 9944 16093 49991 1979 2545 1311 3931 1565 1736 3084 1851 27100 38825 1411 1850 1275 1923 2989 2458 4751 11520 9418 352 6960 71 237 171 197 500 105 117 574 225 601 822 708 288 1069 0 2097 2784 47 11 42 39 148 335 244 211 2 18 31 0
19 291 131 40 1969 2620 3753 509 224 621 1686 264 242 172 24 16246 21119 11199 7739 16636 11033 13006 54745 1176 2754 2062 4685 1254 1845 3620 2264 27173 37464 1252 1698 1363 1803 3843 2215 4550 12830 8027 405 6276 112 226 240 327 711 135 131 600 282 806 1057 531 243 1321 23 2057 2714 61 23 55 56 177 469 271 228 2 31 41 2
18 269 115 38 1925 2205 3650 405 173 619 1580 237 221 151 23 16176 19503 8917 8267 15229 9016 10059 55316 818 2515 1498 3829 1415 1523 3453 1999 28559 36641 1021 1549 1325 1544 2799 1606 4864 11560 7222 343 6241 106 178 302 324 587 103 77 438 267 589 914 418 274 1321 18 2007 2299 52 12 58 47 145 398 245 179 0 33 37 2
14 255 64 27 1737 1407 3975 153 129 653 1262 113 194 83 15 14553 12051 6554 7464 15752 6290 4227 65164 190 2598 1622 2219 1257 1035 2817 1027 32259 30088 319 1157 1305 1129 2376 795 5238 10891 4105 128 4917 44 206 202 167 365 93 41 391 267 405 922 157 281 873 6 1812 1463 19 16 28 36 151 332 117 133 1 24 19 1
19 283 127 44 2006 2485 3675 475 205 608 1727 271 236 192 31 16319 21137 10221 8383 16128 10241 11936 54137 1064 2511 1937 4373 1435 1679 4208 2400 27286 37905 1146 1695 1318 1748 3426 2088 4548 12312 8009 537 6276 85 205 287 300 1062 147 99 558 333 725 986 515 254 1683 36 2079 2637 107 21 40 82 155 507 308 213 7 34 66 5
17 271 103 33 1877 2088 3785 364 168 640 1474 157 219 139 20 15798 17855 8866 7946 15896 8877 9463 58063 795 2727 1503 2796 1296 1602 2965 1383 29435 34819 635 1465 1299 1407 2947 1555 4962 11735 6526 252 5840 27 194 240 238 629 119 82 477 277 421 972 394 261 1097 20 1957 2196 41 19 39 43 163 368 174 177 2 30 37 3
10 220 31 14 1368 746 4153 54 77 687 792 25 144 36 5 12018 6599 3807 6063 14161 3755 1623 74337 51 2295 663 513 912 620 1052 247 37045 21734 50 627 1158 676 1540 325 6067 8578 1986 19 3598 1 205 108 52 98 82 25 264 79 97 803 55 321 310 0 1417 766 4 10 13 13 132 122 25 80 0 13 5 0
16 247 90 30 1738 1669 3628 287 144 638 1376 141 186 117 15 15550 15470 6569 7811 13154 6356 6743 58391 545 2321 1234 2384 1327 1130 2648 1120 30729 33883 521 1113 1122 1351 2175 1179 5373 10348 5903 206 5950 43 190 212 180 433 82 70 415 198 372 747 303 302 928 0 1789 1733 33 11 30 45 132 295 141 150 1 22 27 0
13 242 58 20 1633 1259 3959 149 118 669 1059 62 175 67 8 14249 11302 5816 7251 14749 5578 4068 66614 225 2514 888 1209 1121 960 1526 553 33675 27907 190 946 1219 1070 2078 741 5624 10043 3698 59 4666 11 205 163 121 163 106 55 387 165 210 845 151 298 486 0 1693 1301 8 16 23 16 145 183 62 120 0 19 9 0
12 227 48 18 1462 1063 3935 108 76 663 986 51 148 54 7 13532 9516 5055 6444 12996 4881 3105 68405 138 2178 855 1078 1124 786 1503 485 34688 26397 135 797 1061 679 1398 461 5929 9017 3109 41 4538 13 161 55 51 120 55 14 211 146 155 741 109 336 432 0 1498 1073 2 10 9 7 120 169 51 77 0 8 6 0
16 242 92 28 1756 1660 3605 303 138 630 1322 136 186 107 14 15458 15973 6142 8013 13325 6356 6973 57942 590 2137 869 2110 1390 1045 2204 1043 31043 33914 570 1198 1163 1382 2124 1167 5431 10049 5966 132 5982 42 183 258 246 221 83 61 333 165 344 733 307 309 835 9 1824 1707 15 14 37 19 119 243 139 145 0 27 15 1
