99 0 4150 701 0 0 0 98100 0 0 0 49986 0 8278 485 0 0 0 0 0 0 0 0 1468835 0 0 0 0 0 0 0 0 0 1507099 0 0 0 0 0 0 0 0 501044 0 127943 0 0 0 0 0 0 0 0 0 0 27018 0 0 29470 0 0 83880 0 0 0 0 0 14428 0 3376 0 1235 48
14 244 63 28 1674 1325 3848 149 112 667 1253 111 185 87 17 14359 11875 5902 7263 14213 5663 4047 63983 185 2669 1313 1942 1216 1096 2809 1019 32749 30461 303 1022 1171 1000 1943 683 5356 10203 4130 138 5083 33 225 244 157 399 71 35 375 205 347 806 155 310 991 11 1761 1400 27 16 25 37 162 316 120 122 3 26 24 2
14 241 68 23 1603 1437 3786 190 101 682 1146 84 174 78 12 14511 12790 6468 6950 12960 5974 5286 63267 317 2807 830 1436 1126 1271 1746 782 32824 29914 277 1018 1072 839 1747 769 5664 9995 4320 74 5204 22 229 136 135 180 47 25 376 140 217 747 194 319 689 14 1661 1467 1 15 19 11 162 206 90 102 0 19 10 2
11 212 41 14 1332 876 3946 90 75 668 838 28 128 43 4 12270 8172 3873 5758 12453 4115 2499 70211 116 1869 332 482 1094 644 779 255 36516 24473 76 637 1032 687 1435 414 6105 7961 2670 14 4253 4 168 31 25 44 56 28 211 52 92 682 90 383 266 0 1344 880 0 9 3 4 105 82 28 75 0 4 2 0
12 216 43 23 1382 878 3803 74 63 678 1078 75 147 58 13 12788 8144 3774 6190 11286 3626 1969 67297 58 2316 1091 1341 994 763 2295 657 35117 27307 142 628 894 568 1055 299 5995 8531 2947 72 4758 30 202 157 98 271 30 6 231 199 201 627 78 341 804 6 1428 921 16 2 14 19 137 253 77 65 0 18 15 1
19 291 134 37 2005 2717 3718 543 221 656 1587 243 246 163 20 16375 21890 11620 7990 16370 11286 14221 54191 1326 3241 1416 3933 1306 2276 2892 2132 27645 36848 1258 1988 1392 1725 3644 2399 4616 12774 7985 313 6222 96 251 303 384 509 137 104 716 230 668 1049 555 251 1152 12 2100 2807 40 36 53 35 211 359 246 237 0 35 29 1
14 253 69 22 1759 1533 3937 195 122 658 1134 83 189 77 9 14886 13518 7263 7626 15727 6862 5572 64522 321 2563 907 1556 1366 1153 1760 777 32589 29471 300 1255 1312 1091 2210 912 5277 10682 4282 65 4866 22 238 189 169 151 85 37 360 164 263 893 196 324 547 0 1831 1566 6 20 21 10 152 197 83 126 0 21 8 0
15 250 77 28 1725 1580 3808 221 125 654 1300 119 185 100 15 14712 13889 6764 7298 14766 6941 5875 61674 368 2524 1267 2126 1357 1222 2589 1063 31853 31975 395 1185 1167 1137 2156 947 5242 10404 4974 162 5440 30 251 184 140 392 79 41 384 247 339 839 228 325 899 5 1782 1633 27 15 23 40 149 292 125 130 1 19 23 1
15 248 81 24 1696 1642 3738 253 121 666 1208 102 190 90 10 15286 14648 7084 7253 13426 6605 6675 60912 466 2734 849 1705 1247 1337 1722 863 31833 31552 420 1172 1121 1060 1996 993 5476 10469 5118 78 5481 27 215 247 234 154 67 38 367 127 273 788 254 317 618 0 1795 1684 9 13 28 12 159 196 102 125 0 26 9 0
11 213 37 18 1350 803 3912 69 62 658 923 39 140 48 9 12358 7493 3714 6080 11917 3562 1970 70160 71 1856 750 682 1140 565 1584 373 35980 24731 76 620 960 545 1125 284 6000 8304 2499 45 4250 1 163 141 74 184 46 19 167 130 126 653 71 369 550 3 1384 833 7 5 3 20 102 172 43 65 1 16 11 1
17 266 102 34 1836 2033 3708 350 163 632 1481 172 208 136 22 15761 17435 8618 7700 14940 8312 9064 57482 730 2477 1486 2905 1415 1441 3119 1490 29464 34926 675 1409 1200 1355 2706 1453 4935 11398 6445 262 5987 43 236 227 200 578 103 73 456 247 484 890 368 300 1202 30 1890 2114 40 18 35 53 151 367 192 166 1 24 35 4
16 276 83 37 1853 1843 3974 223 139 644 1535 186 242 121 30 14846 14860 8659 7379 17322 8583 6362 61776 323 2772 2262 3535 1153 1458 3883 1772 30154 33604 551 1431 1331 1129 2633 983 4701 12444 5256 271 5396 82 233 389 369 722 91 39 411 370 568 1082 234 247 1517 53 2003 2005 39 15 47 38 181 519 209 146 3 52 46 9
12 207 50 16 1319 975 3743 122 63 666 930 41 123 52 5 12461 9424 3949 6018 10669 4074 3170 66256 173 1766 348 692 1164 719 910 377 35571 27088 135 620 911 620 1071 412 6237 7716 3324 14 4868 7 162 22 22 36 44 22 205 59 83 568 122 386 339 0 1328 977 1 2 3 0 101 93 41 63 0 3 2 0
16 258 89 31 1807 1804 3732 281 140 642 1390 142 198 119 18 15575 15927 7785 7736 14435 7446 7373 59346 528 2564 1355 2475 1375 1255 2879 1279 30539 33461 516 1318 1230 1218 2271 1175 5097 10980 5700 217 5700 28 235 213 177 529 76 59 442 235 362 835 292 310 1041 13 1889 1882 39 19 30 41 153 324 151 145 3 23 31 2
11 219 40 15 1428 892 3989 84 83 680 852 32 140 44 5 12787 8265 4188 6287 13327 4106 2357 70616 101 2243 419 563 1127 720 981 310 36276 24206 81 730 1134 772 1548 465 5963 8452 2567 21 4082 4 193 83 52 88 69 25 271 66 104 720 85 362 328 0 1461 905 2 7 7 6 126 103 32 83 0 9 4 0
15 243 80 25 1655 1571 3713 249 113 653 1245 99 180 95 12 14904 14185 6545 7053 13222 6367 6335 60700 471 2435 1026 1824 1282 1216 2108 819 31898 31978 368 1060 1120 1009 1851 909 5483 10146 5164 116 5603 17 195 201 176 269 61 47 310 153 239 759 252 337 702 7 1721 1613 14 8 20 23 138 231 103 117 1 22 15 1
15 261 82 23 1753 1750 3959 263 164 664 1180 94 198 89 9 14804 14776 7661 7089 16670 8074 7170 62804 507 2608 781 1601 1233 1364 1533 857 31938 30964 400 1286 1308 1369 3044 1259 5191 11068 5023 64 5231 24 243 177 190 115 147 104 498 128 310 991 264 305 554 0 1815 1772 5 26 36 13 168 181 94 166 0 21 7 0
19 293 128 43 1978 2578 3768 473 223 614 1728 290 261 177 29 16111 20793 11118 7573 16741 10770 12196 54954 1005 2593 2204 4913 1377 1703 4017 2455 27144 37547 1294 1650 1311 1684 3790 2106 4356 13209 7855 468 6231 132 229 387 477 826 163 113 631 315 880 1091 492 253 1559 39 2091 2739 82 22 76 74 176 521 307 240 2 48 51 4
18 271 114 39 1889 2198 3698 399 179 629 1609 235 221 157 25 15596 18897 8752 7577 15848 9317 9979 55647 807 2528 1702 3884 1416 1531 3631 1924 28785 36773 986 1480 1250 1523 2938 1598 4720 11698 7183 364 6297 92 263 263 296 735 113 93 512 283 653 957 421 286 1410 25 1975 2302 66 27 41 64 162 428 250 188 2 31 44 3
16 254 95 25 1771 1877 3676 336 145 658 1267 108 188 106 10 15834 16845 7869 7632 13755 7412 8597 58569 739 2664 837 1799 1378 1434 1754 929 30861 33047 484 1314 1161 1274 2287 1371 5331 10640 5957 103 5790 27 227 138 161 191 90 58 459 117 267 787 341 325 620 0 1821 1905 7 21 26 18 162 193 108 148 0 17 11 0
19 286 131 40 2021 2582 3683 508 227 622 1646 267 233 169 25 16187 21542 10736 8159 16429 10588 12873 53980 1162 2688 1630 4256 1583 1785 3555 2315 27507 37388 1287 1890 1335 1900 3648 2309 4480 12356 7959 381 6268 114 283 205 281 623 166 125 661 273 799 991 525 278 1394 31 2084 2660 54 28 46 48 171 421 279 236 1 27 39 3
12 204 46 20 1329 861 3683 93 65 659 1007 64 123 53 10 12546 8564 3317 6100 9866 3255 2287 66068 96 1796 663 1027 1199 622 1675 530 35379 27519 158 620 848 631 1037 363 6165 7620 3130 44 4903 20 167 67 37 118 34 14 174 113 161 507 93 383 641 6 1344 870 4 8 5 8 95 168 66 66 0 6 7 1
11 201 38 17 1281 780 3770 71 44 676 898 42 122 45 7 12098 7544 3363 5988 9963 3229 1991 68773 69 1990 499 689 1061 666 1338 395 36475 25213 94 588 866 448 709 224 6305 7457 2580 31 4420 8 164 96 51 124 27 6 146 106 92 519 73 375 476 0 1306 793 6 5 6 5 106 131 42 45 0 9 7 0
13 229 58 20 1502 1220 3841 147 78 671 1048 66 162 65 8 13554 11088 5373 6571 13043 5467 4099 65395 212 2352 639 1152 1138 987 1396 608 34183 28411 213 912 1057 677 1389 527 5809 9259 3751 48 4955 15 208 170 138 122 43 17 257 106 153 740 148 340 510 0 1553 1249 6 8 21 6 142 159 66 79 0 19 7 0
12 209 49 17 1387 961 3734 114 63 660 952 48 130 52 6 12921 9463 3933 6451 10724 3863 2961 66325 149 1863 474 823 1232 673 1200 413 35403 27075 147 719 931 624 1027 396 6118 7931 3265 22 4775 11 183 81 58 52 29 13 187 75 112 560 114 378 397 0 1409 967 1 8 8 4 100 117 48 63 0 8 3 0
13 225 58 20 1517 1177 3744 147 81 664 1053 66 154 65 8 14042 11004 5047 6679 11786 4643 3915 64685 212 2210 667 1155 1263 902 1511 588 34003 28557 213 905 1005 765 1351 547 5824 9039 3795 48 4985 15 206 139 108 122 27 23 252 129 154 642 148 358 513 0 1561 1200 6 10 15 8 124 160 66 83 0 15 7 0
9 196 25 11 1148 555 4008 40 62 694 667 14 111 27 3 10667 5172 2545 5170 10963 2578 1132 74882 35 1937 192 201 941 484 532 152 38743 20082 26 453 863 520 1164 220 6484 6974 1644 8 3452 0 154 58 16 34 44 28 213 25 49 589 40 382 212 0 1155 561 1 13 8 3 111 53 14 62 0 5 2 0
14 235 65 26 1637 1290 3760 165 103 648 1203 100 178 85 14 14382 12043 5288 7331 13364 5300 4240 62994 234 2186 1015 1632 1343 903 2295 846 32964 30554 293 1016 1149 1010 1680 675 5482 9710 4289 120 5234 27 199 270 184 323 76 35 282 174 270 742 173 331 850 6 1721 1365 22 15 25 26 127 258 104 110 1 28 20 1
11 209 37 18 1318 771 3877 65 64 680 925 47 133 44 9 12196 7230 3365 5923 11430 3312 1771 69764 56 2143 664 834 1021 659 1588 423 36359 25019 101 581 937 577 1137 263 6138 7972 2482 28 4331 9 179 117 66 125 42 23 210 123 148 623 66 356 554 6 1356 786 8 3 11 10 119 170 48 64 0 12 7 1
17 274 108 28 1867 2253 3776 408 168 665 1369 136 213 124 12 15952 18726 9937 7553 15530 9505 11084 57814 962 3102 1103 2422 1306 1897 2057 1218 29678 34072 648 1624 1255 1355 2909 1689 5012 11832 6584 154 5856 32 274 143 207 292 101 72 540 189 374 948 414 293 714 0 1927 2311 18 25 25 21 185 249 136 170 0 21 16 0
22 300 178 53 2105 3296 3475 810 246 588 1962 442 275 246 42 17121 26785 12978 8248 15599 12531 19526 47947 2212 2594 2116 6834 1472 2109 4824 3588 24534 41041 2461 2175 1285 1919 3809 2998 4106 13318 10655 782 6991 208 247 426 629 1067 122 123 623 346 1052 1016 838 237 2071 119 2241 3485 120 20 88 64 172 611 483 261 5 55 76 11
10 209 28 17 1282 630 3990 41 60 688 859 31 136 39 9 11711 5756 3019 5691 11681 2815 1140 72951 32 2162 865 597 928 538 1644 298 37163 22550 41 476 936 530 1121 230 6167 8058 1894 29 3838 6 209 150 56 206 33 10 217 141 122 650 48 359 547 3 1327 667 5 11 9 18 125 181 34 62 0 17 11 1
15 252 81 24 1736 1688 3810 256 143 682 1200 97 177 91 11 15021 14856 7373 7369 14616 7337 6893 61550 490 3003 783 1600 1294 1483 1758 929 32046 31374 385 1224 1190 1275 2415 1200 5396 10346 5049 85 5383 21 243 90 68 173 98 64 505 123 281 836 257 317 667 9 1761 1710 7 34 17 9 174 193 99 143 1 9 10 1
19 291 128 43 2027 2623 3751 480 193 621 1731 274 249 188 27 15943 21239 11283 7983 16962 11279 12810 54798 1068 2806 2143 4798 1438 1881 4149 2442 27345 37687 1184 1921 1356 1558 3309 1970 4359 12863 7932 518 6175 106 232 347 383 1095 130 65 601 360 731 1060 522 272 1504 18 2125 2757 108 20 52 75 178 512 286 206 4 39 60 2
18 262 107 46 1817 1968 3591 318 159 616 1718 295 225 168 35 15504 17147 7578 7563 14130 7741 7556 55104 466 2384 1894 4580 1316 1354 4598 2343 28523 37451 1049 1280 1129 1390 2515 1235 4798 11390 6993 463 6460 170 205 397 390 993 111 66 413 335 745 864 345 281 1920 56 1927 2122 117 12 67 62 147 549 319 170 6 44 63 6
15 242 80 25 1723 1587 3711 248 110 615 1239 101 171 94 12 15160 14741 6612 7641 13767 6558 6502 60707 466 1750 934 1759 1617 863 2077 856 31692 32018 374 1243 1194 1098 1830 913 5316 9930 5150 109 5541 26 185 129 100 263 55 37 250 181 249 754 255 367 714 7 1752 1618 8 5 13 19 97 226 105 112 0 14 14 1
14 236 61 30 1572 1235 3786 139 92 631 1275 113 187 89 23 14142 11073 5250 6705 13089 5281 3654 63530 169 1940 1327 1875 1206 797 2995 1026 32532 30737 282 939 1109 789 1566 548 5440 10008 4069 141 5258 28 195 336 216 440 50 23 251 170 285 763 148 325 1227 32 1649 1332 29 7 33 37 117 351 131 99 3 38 31 7
15 242 77 28 1637 1513 3681 221 115 655 1277 120 184 98 16 15006 13591 6388 6968 12571 5927 5613 60660 365 2428 1025 1954 1233 1149 2385 1052 31706 32063 413 1004 1049 1028 1826 893 5502 10166 4993 136 5617 29 208 234 193 336 53 35 374 161 298 723 230 325 936 15 1714 1579 28 14 28 22 144 266 125 121 0 28 22 2
9 187 26 10 1110 550 3914 44 36 687 670 12 102 26 2 10398 5443 2377 5140 9804 2488 1222 73893 41 1734 217 253 922 455 441 103 39049 20686 28 422 871 351 647 159 6596 6433 1754 0 3587 1 153 54 25 0 21 6 124 44 29 508 44 394 128 0 1130 550 0 6 5 0 94 47 12 36 0 5 0 0
15 242 82 23 1638 1598 3686 265 122 660 1206 91 170 89 10 14990 14497 6624 7019 12785 6249 6704 60437 524 2442 829 1641 1293 1247 1704 739 31920 31820 377 1049 1041 1055 1982 1014 5588 9975 5235 65 5656 20 215 99 108 130 64 50 361 149 259 725 265 343 584 9 1666 1614 4 14 16 8 141 190 93 123 0 12 7 1
13 244 60 18 1586 1316 4004 163 125 689 1022 55 170 61 7 13851 11384 6093 6583 15075 6031 4475 66858 263 2738 745 1135 1156 1144 1242 472 34114 27693 203 952 1194 1013 2309 850 5595 10031 3733 9 4692 11 218 96 94 21 108 50 431 112 219 884 163 322 384 9 1629 1319 0 22 15 1 164 156 55 125 0 12 1 1
14 250 66 25 1684 1439 3916 171 112 660 1209 99 189 81 13 14395 12333 6663 7114 15031 6440 4793 64456 246 2530 1328 1934 1315 1123 2339 912 32603 29964 311 1120 1196 1026 2032 755 5322 10584 4198 100 5035 29 224 212 169 295 66 41 318 211 287 878 175 312 753 7 1764 1494 14 16 22 19 154 279 102 116 1 24 15 1
15 249 78 27 1705 1555 3767 225 142 644 1273 123 187 93 14 14920 14047 6592 7421 14008 6291 5766 61352 368 2349 1117 2079 1398 1067 2331 1006 31601 31800 440 1141 1148 1161 2345 979 5293 10514 4979 119 5477 43 204 196 178 277 91 77 387 167 406 803 229 331 835 10 1775 1595 16 17 33 17 138 265 124 147 0 22 15 1
15 259 79 26 1747 1692 3879 237 143 653 1264 110 192 96 12 15068 14503 7807 7218 15455 7416 6539 62315 422 2539 1228 2059 1332 1272 2292 999 31420 31388 388 1199 1219 1162 2527 1093 5194 10993 4962 137 5281 33 203 136 137 313 91 61 426 219 358 900 243 326 728 0 1805 1730 14 22 23 33 157 263 110 146 1 17 17 0
14 239 70 21 1618 1439 3806 205 110 665 1114 74 167 77 8 14617 13003 6172 7102 13593 6166 5482 63251 359 2380 701 1298 1254 1149 1465 657 33065 29990 279 1079 1118 962 1901 844 5589 9743 4464 55 5204 15 209 123 106 123 68 39 328 127 210 771 206 350 504 0 1656 1459 6 14 15 8 140 163 74 111 0 13 7 0
19 285 136 35 1995 2666 3675 572 218 646 1564 218 232 160 19 16603 22209 10901 7960 16206 10972 14472 53633 1494 2991 1359 3599 1375 2032 2714 1849 27888 37051 1164 1857 1331 1788 3542 2353 4663 12325 8205 267 6383 72 266 217 320 404 137 132 688 242 613 993 581 270 1048 22 2091 2718 24 29 44 35 188 339 224 221 1 27 25 2
13 231 55 23 1567 1127 3859 128 89 652 1137 75 165 71 12 13722 10438 4832 6854 13660 4834 3363 65753 165 2120 1157 1450 1280 758 2282 636 33979 28889 202 847 1114 845 1531 524 5564 9422 3701 81 4906 15 213 175 112 277 62 29 281 219 214 754 135 344 708 5 1631 1186 15 2 17 27 122 254 79 93 1 20 16 1
12 210 45 21 1362 875 3773 86 69 654 1019 68 139 56 10 12534 8402 3482 6282 11122 3622 2165 66861 79 1750 688 1084 1149 581 1815 581 35262 27316 154 624 941 659 1164 366 6029 8101 3057 62 4794 24 164 161 94 197 50 15 205 132 155 600 88 371 669 0 1408 902 8 5 19 15 98 185 68 71 1 16 11 0
15 251 75 30 1695 1554 3806 207 123 645 1324 127 195 100 21 14891 13578 6798 7168 14237 6628 5516 61780 329 2393 1359 2172 1281 1150 2760 1155 31521 32012 395 1147 1168 1044 2140 939 5233 10670 4821 163 5424 31 217 235 188 460 73 35 365 202 343 844 215 311 1115 31 1771 1631 24 14 27 29 146 338 143 129 1 31 27 6
15 259 75 30 1788 1583 3861 211 144 652 1349 114 203 114 16 14873 13744 7181 7495 15420 6705 5645 62322 353 2660 1624 2073 1384 1160 2937 980 31384 31777 333 1219 1208 1277 2426 1040 5042 11168 4939 218 5291 13 241 239 164 749 104 57 429 278 389 885 236 303 968 0 1896 1710 50 18 35 53 158 348 114 149 9 28 39 0
16 257 85 35 1768 1688 3765 235 136 638 1487 180 204 125 20 14935 14743 7021 7305 14769 7103 6031 59770 341 2439 1817 3194 1425 1240 3569 1473 30640 34130 580 1218 1205 1192 2290 955 4992 11034 5600 277 5790 77 219 267 228 727 85 45 363 315 542 874 254 304 1214 0 1861 1795 69 11 39 50 147 416 180 144 2 30 40 0
14 244 65 26 1669 1370 3816 165 112 659 1206 101 186 83 15 14616 12242 6187 7172 13722 5676 4486 63686 236 2532 1118 1740 1280 1030 2374 926 32519 30072 295 1069 1162 975 1879 752 5434 10299 4187 110 5094 28 223 244 168 307 57 34 363 196 287 784 171 314 873 15 1750 1442 19 19 31 21 146 267 106 120 1 28 18 2
15 250 81 24 1703 1666 3772 261 135 664 1208 88 178 94 12 15045 14616 7281 7283 14046 6980 6970 61263 526 2639 831 1484 1305 1334 1763 805 31801 31433 332 1233 1183 1161 2273 1123 5404 10362 5115 97 5469 12 232 114 97 230 77 59 421 143 266 803 267 324 686 14 1740 1688 6 11 19 15 155 202 96 136 0 12 13 2
18 280 117 36 1919 2362 3734 435 188 650 1570 207 226 153 21 15975 19513 10127 7687 15857 9755 11383 56047 978 2973 1668 3665 1303 1901 3298 1800 28548 36179 920 1639 1288 1462 3179 1803 4759 12183 7267 318 6149 66 242 230 240 610 117 98 578 284 594 974 455 279 1169 18 2004 2471 47 21 33 55 188 399 217 196 3 27 36 2
20 306 147 43 2102 2983 3755 608 260 621 1747 317 282 188 27 16447 23320 12923 8039 17698 12330 15781 53125 1488 2924 1999 5322 1321 2083 3729 2737 26215 38079 1653 2093 1393 2079 4370 2683 4172 13896 8705 451 6231 152 244 454 623 672 170 169 766 311 925 1165 627 228 1439 39 2249 3127 65 35 111 65 200 491 326 278 0 56 41 3
19 284 124 47 1929 2433 3692 438 197 637 1781 295 252 204 32 15582 19660 10055 7532 16001 10229 11142 54432 890 2952 2141 4779 1169 1953 4467 2491 27626 38100 1165 1639 1236 1581 3244 1840 4462 12601 7881 613 6414 124 238 402 422 1360 132 98 585 347 770 1009 505 241 1805 18 2072 2662 146 27 60 108 194 559 322 217 10 49 80 3
13 230 56 22 1514 1148 3852 130 97 664 1102 81 158 64 11 13653 10369 4933 6473 13204 4947 3416 65680 157 2267 916 1480 1158 905 1943 703 34051 28701 246 868 1087 864 1704 587 5726 9266 3653 49 4959 24 198 122 87 148 62 30 267 167 242 741 131 343 656 8 1547 1172 9 12 19 11 133 220 82 99 0 14 8 1
16 270 94 26 1927 1985 3867 330 179 639 1289 108 209 110 12 15793 17300 8933 8139 16821 8579 8900 60261 731 2565 1059 1907 1569 1348 2028 924 30526 32560 445 1562 1367 1610 3094 1583 4874 11576 5771 137 5398 22 259 206 181 309 129 92 519 162 364 969 339 315 680 7 1978 2034 9 19 36 26 152 239 113 185 0 22 16 1
12 208 44 22 1339 845 3738 80 59 656 1061 72 132 56 12 12661 8234 3421 5966 10453 3410 2039 66596 69 1793 990 1265 1202 598 2159 589 35256 27646 149 552 837 575 917 263 6060 7959 3045 63 4876 28 170 100 68 203 33 13 171 176 198 560 83 375 752 6 1359 866 10 6 8 15 100 227 74 59 0 11 12 1
16 262 86 34 1801 1750 3803 251 151 631 1450 164 214 123 22 15304 14984 7567 7559 15436 7436 6561 60120 416 2385 1670 2808 1329 1206 3345 1382 30352 33603 542 1251 1219 1349 2586 1130 4948 11400 5548 244 5617 54 193 332 268 676 92 55 419 256 491 918 271 303 1233 21 1891 1843 52 19 52 60 147 400 177 164 2 35 38 3
12 202 49 17 1282 906 3673 115 62 657 952 46 120 53 6 12420 8950 3534 5869 9613 3493 2801 65779 155 1651 443 743 1132 615 1105 380 35523 27401 136 575 819 595 932 398 6272 7509 3325 28 4957 9 147 46 36 72 32 16 175 73 103 502 115 394 407 0 1294 912 2 5 3 3 88 110 46 62 0 5 4 0
17 259 103 33 1826 1997 3609 349 146 648 1455 186 200 126 19 15944 17774 8170 7763 13784 7680 8873 56581 685 2731 1286 3040 1428 1541 2867 1572 29695 35051 788 1396 1156 1281 2277 1322 5135 10998 6479 214 6114 75 203 205 227 396 75 53 459 230 478 794 356 299 1102 19 1892 2053 25 19 30 23 162 325 193 148 0 23 23 2
12 218 51 15 1424 1031 3836 131 97 667 901 32 136 53 4 13219 9720 4337 6402 11991 4339 3375 67175 205 2036 301 500 1166 734 717 290 35313 26350 107 733 1013 904 1656 625 6011 8399 3327 14 4618 3 162 56 33 32 73 42 297 54 99 653 131 374 268 0 1436 1033 1 14 10 3 112 75 32 97 0 5 2 0
17 269 100 36 1922 1979 3728 320 186 620 1515 204 219 132 24 15909 17475 8345 8148 15780 7939 8084 57720 581 2410 1598 3353 1464 1227 3452 1705 29313 34958 778 1463 1232 1642 2958 1497 4755 11701 6293 269 5834 88 249 274 262 541 149 92 503 277 638 897 331 297 1315 39 2010 2057 39 28 67 49 145 411 215 196 3 32 33 4
18 276 121 32 1953 2437 3696 485 166 636 1487 167 218 147 17 16382 20875 10432 8030 16017 10240 12876 55489 1229 2701 1280 2968 1480 1783 2615 1429 28676 35929 812 1780 1301 1414 2750 1769 4820 11847 7424 232 6170 33 236 196 241 468 85 61 475 220 433 948 503 307 935 18 2016 2493 28 20 30 41 164 315 175 170 1 23 27 2
19 276 126 45 1963 2436 3591 469 172 596 1728 273 230 189 38 16285 20943 9921 8111 15146 9841 11935 53504 1053 2270 1858 4323 1558 1467 4271 2469 27323 38036 1140 1719 1266 1483 2828 1745 4518 11957 7947 504 6467 79 233 299 306 982 86 76 443 308 622 902 508 284 1906 87 2059 2575 88 7 43 65 139 519 327 178 6 37 71 13
15 259 74 31 1769 1575 3865 197 137 659 1357 133 210 105 20 15100 13463 7153 7461 15229 6729 5320 62416 293 2777 1596 2362 1174 1228 3049 1230 31354 31824 396 1242 1198 1123 2327 943 5113 11276 4792 189 5266 40 233 325 243 546 82 54 474 260 418 895 211 284 1116 16 1880 1677 35 18 33 44 171 367 148 148 2 38 32 3
19 288 126 45 1949 2491 3679 451 209 640 1771 301 252 187 30 15942 19938 10507 7637 15607 9898 11494 54273 911 3102 2316 5111 1191 1967 4371 2528 27296 37781 1275 1621 1224 1685 3422 1859 4485 12865 7916 539 6372 140 233 332 438 1043 130 120 645 380 900 998 483 236 1648 27 2092 2655 115 24 64 85 198 550 317 221 4 45 62 3
15 248 71 34 1703 1448 3750 166 114 646 1402 158 197 109 22 14919 12892 6312 7315 13668 5907 4372 61522 192 2492 1624 2683 1255 1088 3476 1431 31426 32440 405 1061 1117 1015 1840 724 5210 10607 4708 233 5474 76 233 290 226 651 70 30 367 289 429 783 181 304 1306 13 1797 1555 55 11 36 44 148 396 167 123 3 34 38 2
18 298 123 30 2001 2679 3910 500 239 661 1415 165 247 138 13 16313 20905 12519 7691 17965 11765 13939 57394 1267 3307 1081 2709 1285 2238 2052 1562 28259 34541 881 1955 1402 1769 4353 2501 4627 13187 7168 167 5689 46 241 235 328 240 161 134 732 167 528 1151 503 258 768 0 2076 2727 15 35 60 27 216 255 165 246 1 30 15 0
15 270 82 23 1821 1854 3999 265 159 671 1178 91 215 89 10 15384 15216 8913 7380 16925 8502 7611 63249 523 2984 864 1617 1203 1524 1550 883 31440 30468 380 1480 1341 1300 2969 1349 5105 11761 4931 63 5012 19 229 229 254 125 112 67 522 140 270 1031 265 285 567 9 1908 1896 5 24 38 11 190 194 93 160 0 31 7 1
18 291 121 32 1949 2526 3914 472 236 654 1467 191 241 138 15 15803 19973 11023 7425 18058 11577 12420 57369 1108 2971 1263 3240 1266 2033 2431 1718 28791 35251 991 1764 1365 1785 4264 2377 4635 12744 7173 191 5884 69 254 258 335 296 199 136 703 189 602 1152 475 265 884 0 2034 2578 17 29 62 21 203 300 191 244 1 31 17 0
13 226 60 18 1503 1260 3829 163 78 685 1000 54 148 63 6 13549 11630 5386 6614 12943 5768 4584 65210 262 2509 412 863 1133 1154 1024 531 34596 28382 198 904 1086 732 1451 600 5918 8817 3841 23 4956 10 209 75 68 49 45 16 277 75 116 720 163 352 400 0 1533 1266 2 7 6 4 143 108 54 78 0 8 3 0
17 284 101 35 1904 2189 3937 337 190 653 1499 181 238 142 20 15461 17500 10032 7437 17461 10004 9452 59498 665 2962 1708 3149 1181 1747 3155 1689 29390 34440 695 1559 1351 1480 3510 1600 4673 12538 6235 308 5642 49 230 300 286 749 141 100 603 262 564 1109 360 265 1163 5 2004 2319 64 30 62 62 196 392 189 200 3 37 41 1
16 268 90 30 1841 1921 3856 281 153 642 1355 153 219 111 15 15523 16284 8763 7690 16058 8450 7815 60403 500 2564 1184 2585 1369 1370 2575 1422 30350 32870 591 1467 1260 1232 2659 1217 4967 11695 5555 183 5490 60 230 274 296 364 120 71 467 204 436 963 288 298 916 0 1935 2009 24 20 48 22 164 295 153 158 0 34 21 0
17 277 101 35 1890 2112 3814 331 162 645 1536 194 230 134 21 15555 17430 9380 7691 16172 8899 8941 58520 624 2838 1999 3669 1295 1649 3401 1677 29261 34874 760 1560 1244 1308 2793 1388 4775 12302 6344 273 5812 75 255 280 303 628 93 58 460 326 546 985 345 277 1163 20 2001 2219 45 21 46 56 178 426 200 174 3 36 33 2
17 283 103 33 1932 2206 3917 349 200 651 1444 185 239 128 18 15572 17793 9928 7644 17521 9932 9531 59323 678 2956 1350 3066 1277 1719 2784 1717 29442 34136 801 1698 1376 1598 3597 1744 4684 12493 6218 215 5596 65 254 327 364 417 168 100 617 215 604 1089 357 271 1050 10 2042 2291 40 31 52 35 190 338 188 213 0 38 25 1
13 240 56 22 1608 1237 3937 132 102 672 1087 77 176 66 11 14102 10952 5827 6987 14371 5602 3763 66458 170 2564 933 1363 1201 1014 1881 737 33784 28076 223 969 1150 921 1836 622 5546 9938 3567 60 4699 20 233 189 150 189 77 34 330 147 239 819 134 323 657 8 1681 1272 11 15 23 10 155 213 78 103 0 24 10 1
10 201 32 13 1227 685 3920 59 57 670 774 22 118 35 4 11496 6606 3070 5647 10895 3022 1638 72037 61 1711 397 409 1056 495 795 209 37419 22564 48 512 880 480 1053 253 6308 7379 2131 14 3929 1 159 69 28 57 49 23 158 56 65 582 59 390 265 0 1250 693 2 4 4 3 95 85 22 58 0 6 3 0
25 337 236 64 2290 4427 3488 1255 375 572 2245 664 333 335 46 16433 32742 17794 8232 17511 16714 30198 44071 4020 2883 2914 10366 1353 2827 5485 5342 21611 43158 4410 2883 1358 2774 5776 5131 3351 15232 13413 1395 6948 408 229 517 1019 1570 210 292 975 464 1790 1206 1315 186 2288 90 2482 4715 201 40 149 131 208 765 694 399 9 71 102 6
15 247 75 30 1699 1517 3737 198 111 661 1343 143 188 95 19 14803 13581 6468 7328 13628 6178 5218 61186 278 2668 1464 2570 1281 1230 2915 1231 31690 32252 459 1135 1133 982 1816 778 5349 10408 4847 142 5542 61 231 206 189 361 58 31 360 247 376 774 204 307 1067 26 1790 1582 21 7 25 30 159 341 150 116 1 25 20 3
20 299 137 53 2018 2729 3726 498 215 605 1950 370 286 232 40 15586 21411 11532 7646 16982 11453 12788 53289 1017 2683 2784 6253 1215 1871 5207 3082 26129 39435 1527 1856 1345 1649 3661 2046 4070 13739 8640 774 6414 181 219 527 655 1703 141 93 600 431 1009 1112 570 219 2106 50 2198 3015 201 20 87 118 186 696 412 244 10 69 97 6
9 186 27 9 1054 564 3895 50 38 691 654 6 97 27 1 10254 5432 2441 4691 9127 2488 1381 73707 55 1691 180 158 863 472 239 42 39018 20643 15 395 706 346 655 173 6689 6352 1828 0 3653 0 151 6 6 0 25 11 135 36 22 486 50 408 59 0 1060 564 0 9 0 0 95 30 6 38 0 1 0 0
13 239 56 22 1581 1236 3939 134 104 669 1090 73 167 68 11 13709 10775 5810 6819 14411 5697 3855 66467 184 2438 933 1285 1226 1018 1910 694 33796 28142 196 970 1182 922 1880 640 5589 9761 3584 74 4743 19 206 121 96 235 76 35 338 153 248 818 138 338 666 7 1617 1258 9 12 13 18 144 214 75 107 0 14 12 1
17 277 102 34 1889 2150 3846 343 169 651 1496 184 224 133 20 15431 17736 9491 7610 16628 9449 9313 58691 673 2891 1721 3360 1305 1744 3124 1680 29524 34694 750 1577 1335 1343 3063 1533 4786 12068 6321 254 5788 61 245 255 258 577 113 66 507 270 507 1018 356 283 1117 16 1967 2238 41 24 36 50 181 391 194 175 2 29 31 2
19 294 134 37 2074 2748 3761 557 237 624 1594 216 238 175 21 16361 22512 11870 8206 17520 11684 14634 54559 1453 2802 1562 3545 1572 1862 3091 1998 27395 36801 1073 2053 1379 1937 3977 2608 4406 12754 8080 368 6089 43 253 208 254 733 177 140 727 232 627 1064 586 278 1177 17 2142 2823 62 29 40 53 177 375 227 241 3 24 42 2
20 272 142 48 1959 2539 3423 556 177 600 1809 345 233 198 41 16692 22356 9534 8245 13775 9313 13075 50441 1268 2349 1849 5195 1460 1641 4491 2727 26743 39538 1633 1729 1234 1551 2569 1866 4588 11785 8925 544 6927 142 228 354 444 867 90 70 448 293 766 826 570 273 2019 120 2072 2650 98 14 51 54 142 544 387 188 2 43 67 14
13 235 52 26 1561 1102 3875 101 91 669 1184 99 176 71 15 13788 9793 4981 6761 13354 4722 2744 66108 86 2516 1366 1826 1136 907 2695 883 33765 28780 231 842 1097 837 1568 456 5564 9796 3456 98 4855 40 226 235 159 350 54 23 297 231 297 763 106 312 899 7 1657 1165 25 8 25 30 148 308 101 99 1 27 19 1
18 283 112 41 1965 2291 3780 387 188 618 1662 231 241 169 29 15531 18907 10056 7848 16841 9787 10291 56636 794 2599 2103 3991 1412 1554 4156 1980 28231 36516 883 1657 1315 1544 3142 1672 4474 12523 7076 445 6004 70 221 330 311 1019 127 78 507 355 686 1019 418 272 1552 34 2063 2452 84 27 67 83 162 511 259 199 7 39 61 5
10 190 32 13 1121 645 3813 59 43 671 771 22 104 35 4 10957 6300 2699 5183 9213 2754 1567 70981 61 1534 266 347 975 489 696 217 37769 23110 48 435 717 411 748 231 6542 6681 2181 14 4119 1 130 33 15 56 27 6 126 40 48 485 59 408 282 0 1129 649 2 4 2 0 84 71 22 43 0 3 3 0
13 254 52 26 1641 1228 4120 108 122 673 1168 86 204 76 16 13755 10031 6234 6642 16510 5977 3197 68377 119 2697 1416 1582 1093 1011 2573 884 33422 27824 191 951 1268 1003 2419 641 5255 11000 3309 105 4513 19 202 288 189 473 102 51 420 220 303 1008 117 283 918 10 1744 1328 34 17 35 41 177 313 94 134 0 37 24 2
7 167 14 7 845 297 3953 16 27 704 501 4 75 14 1 8195 2915 1282 3933 7512 1289 435 78612 9 1591 117 81 675 277 227 36 41435 16094 6 212 605 257 487 75 7085 5038 964 0 2809 0 127 0 0 0 19 6 109 18 15 386 16 410 68 0 845 297 0 7 0 0 85 24 4 27 0 0 0 0
17 269 95 41 1865 1905 3756 277 162 622 1627 222 224 150 31 15363 16304 8134 7604 15642 7900 7169 58224 442 2479 2090 3799 1341 1312 4315 1874 29256 35595 712 1355 1218 1380 2710 1235 4696 11815 6183 387 5899 93 226 313 278 969 112 65 444 361 648 926 299 284 1666 40 1959 2047 82 18 42 93 151 529 254 175 7 38 58 6
16 264 87 33 1791 1803 3847 258 151 641 1429 163 213 118 21 14988 15179 7864 7369 15718 7979 6890 60459 439 2513 1548 2822 1257 1314 3138 1416 30495 33523 549 1318 1264 1241 2676 1191 4978 11431 5509 226 5629 63 204 292 241 555 97 52 453 259 482 951 274 298 1179 25 1875 1907 35 14 37 52 158 380 172 159 2 33 32 3
11 215 39 16 1356 834 3939 77 72 673 904 38 134 44 6 12355 7708 3719 6043 12239 3661 2093 70228 82 2011 821 809 1121 642 1330 318 36204 24666 93 640 1020 650 1343 363 6024 8292 2589 24 4260 6 184 69 36 94 43 17 201 116 135 671 78 371 370 0 1371 848 4 13 6 15 115 151 38 72 0 7 5 0
21 287 161 49 2040 2909 3461 678 228 616 1887 403 244 219 30 16559 24413 10986 8100 15042 10863 15879 49195 1623 2846 2085 6428 1504 2078 4496 3122 25840 40427 2168 1936 1241 1956 3400 2513 4370 12426 9898 675 7065 224 266 295 415 943 127 121 636 378 1007 925 701 268 1713 12 2125 3035 114 32 69 73 176 536 408 238 1 35 58 1
16 253 93 27 1761 1827 3701 317 131 645 1314 120 196 111 12 15437 16300 7538 7534 14188 7418 8155 58819 662 2413 982 2063 1352 1309 2151 964 30916 33401 500 1268 1207 1181 2189 1134 5242 10703 5909 149 5820 25 213 252 231 319 70 55 386 175 331 832 324 324 731 0 1826 1897 21 21 27 14 146 239 120 136 1 26 18 0
19 272 121 50 1914 2260 3533 403 161 596 1830 325 242 198 43 16041 19526 8957 8034 14186 8573 9816 53204 741 2285 2276 5141 1414 1409 5041 2675 27235 38628 1221 1565 1157 1351 2448 1444 4542 12075 7862 591 6552 162 207 433 473 1245 80 63 411 366 758 855 451 266 2195 88 2044 2460 143 13 47 76 143 620 378 176 3 54 85 13
19 278 133 38 2005 2546 3572 527 196 640 1606 258 230 164 20 16755 22084 10274 8381 15177 9883 13126 52986 1227 2934 1411 4093 1474 1938 3177 2168 27797 37443 1323 1825 1241 1711 2978 2063 4719 11976 8120 341 6453 112 277 274 350 506 117 93 595 256 638 891 537 274 1204 0 2102 2631 47 32 59 29 184 364 258 205 0 32 31 0
18 290 111 42 1977 2308 3862 365 207 630 1676 258 266 165 28 15663 18508 10215 7709 17461 9956 9653 57399 664 2853 2185 4400 1166 1712 4139 2280 28151 36316 993 1682 1394 1631 3634 1702 4395 13206 6955 444 5850 116 237 481 512 909 159 103 599 328 819 1112 389 234 1529 21 2119 2506 96 19 86 84 196 523 277 226 2 59 55 3
