99 0 4150 701 0 0 0 98215 0 0 0 49757 0 8391 486 0 0 0 0 0 0 0 0 1475960 0 0 0 0 0 0 0 0 0 1496119 0 0 0 0 0 0 0 0 504394 0 125772 0 0 0 0 0 0 0 0 0 0 28168 0 0 29166 0 0 85157 0 0 0 0 0 14746 0 3560 0 1296 38
17 265 97 39 1872 1913 3714 296 138 630 1627 210 212 147 27 15721 16893 7928 7958 15155 7887 7633 57765 511 2631 2283 3909 1409 1336 4233 1706 29320 35937 711 1363 1286 1225 2258 1072 4880 11422 6430 359 6012 79 232 260 222 894 79 40 387 380 601 881 319 289 1475 30 1983 2025 82 23 30 67 158 516 230 150 4 29 51 4
14 241 74 17 1656 1545 3794 245 114 679 1034 38 163 77 4 14910 14130 6884 7396 13536 6507 6687 63043 527 2756 390 677 1296 1339 770 321 32926 29508 157 1163 1178 991 1882 996 5799 9773 4662 27 5128 3 240 77 59 62 70 41 357 66 120 756 246 337 248 0 1677 1555 0 12 6 2 151 85 38 115 0 7 3 0
13 234 53 25 1579 1129 3883 117 90 662 1151 79 174 74 16 13995 10231 5071 7107 13566 4981 3227 66239 145 2409 1131 1396 1264 900 2421 709 33597 28701 182 897 1172 823 1573 528 5674 9669 3509 102 4802 13 212 259 140 383 58 18 289 197 235 778 124 317 901 14 1655 1197 20 11 21 34 138 281 88 97 1 27 23 3
19 279 129 42 2055 2454 3583 486 196 617 1690 279 243 177 27 16904 21638 9840 8789 15473 9338 12015 53291 1065 2745 1772 4493 1544 1669 3903 2269 27380 37811 1282 1784 1323 1846 3039 1842 4629 12246 8047 439 6366 118 244 414 441 769 121 115 523 330 724 909 513 271 1500 31 2178 2598 83 22 73 64 163 462 291 211 2 45 49 3
12 226 49 17 1475 1069 3931 117 86 661 941 42 152 55 6 13462 9713 4942 6711 13232 4874 3298 68298 165 2133 537 742 1217 788 1166 398 34782 26150 119 807 1099 783 1606 542 5943 9007 3155 37 4483 5 175 119 74 111 59 26 232 92 117 743 118 361 386 0 1512 1096 2 11 14 8 117 123 42 87 1 13 6 0
14 247 64 27 1695 1371 3886 159 116 668 1226 101 191 89 15 14762 12065 6108 7471 14690 6022 4369 64388 223 2719 1201 1758 1241 1128 2549 940 32490 30127 273 1080 1225 1047 2081 752 5472 10438 4149 140 5019 26 224 271 180 462 76 43 385 225 296 849 171 303 904 5 1790 1454 30 20 30 29 161 289 106 126 1 29 25 1
15 232 80 25 1649 1485 3607 246 109 641 1213 104 166 94 11 15053 14525 5773 7716 12109 5704 6022 59798 448 2146 639 1518 1353 993 1858 866 31991 32277 402 1010 1140 1054 1711 870 5678 9360 5219 105 5756 24 222 192 154 210 57 47 287 109 231 666 251 353 721 0 1686 1522 17 11 23 19 115 185 104 110 0 18 14 0
15 264 72 33 1736 1583 3973 183 127 634 1415 135 222 117 20 14817 13027 7465 7074 16138 7324 5157 63636 254 2414 1957 2608 1254 1099 3454 1246 30826 31977 370 1180 1253 1015 2355 853 5054 11750 4741 233 5248 28 205 303 241 829 101 33 345 308 388 1007 207 293 1158 5 1866 1760 73 8 42 81 151 425 141 146 8 42 45 1
19 301 130 41 2032 2708 3885 495 247 636 1686 275 265 175 24 15869 21041 11796 7950 18268 12191 13084 56024 1104 3017 2015 4721 1260 2024 3765 2464 27186 37033 1265 1885 1472 1877 4443 2420 4383 13497 7833 458 6022 128 250 351 443 788 184 144 741 313 857 1199 516 240 1357 9 2177 2848 67 39 82 63 203 471 281 263 2 45 45 1
16 258 88 32 1785 1736 3732 263 155 645 1408 164 208 115 18 15736 15223 7226 7748 14236 6886 6638 59520 435 2621 1425 2781 1311 1268 2992 1351 30295 33564 598 1287 1181 1303 2497 1128 5211 11151 5636 213 5701 61 211 279 262 449 100 78 448 239 494 841 270 298 1061 7 1896 1822 38 27 54 41 154 345 169 165 1 33 27 1
15 254 77 28 1805 1581 3801 216 145 666 1289 128 198 97 14 15417 14079 6859 8000 14752 6453 5587 61776 336 2863 1185 2224 1342 1263 2537 1139 31479 31752 437 1284 1317 1361 2325 1043 5324 10804 4909 153 5291 45 258 277 207 354 106 64 484 214 377 834 221 297 865 0 1898 1646 24 26 50 21 168 283 128 152 1 28 20 0
13 252 61 17 1724 1424 4069 172 127 686 984 46 181 63 5 14605 12316 7039 7571 16586 6746 5074 67519 295 2939 591 921 1250 1203 1017 437 33586 27093 176 1225 1382 1104 2462 920 5545 10467 3711 16 4416 7 277 124 120 37 85 48 450 106 168 945 172 317 297 0 1787 1436 1 16 16 5 172 118 46 128 0 15 2 0
18 288 119 34 2042 2454 3857 451 221 653 1522 203 239 145 17 16093 20270 10500 8427 18103 10912 11816 56889 1023 3056 1505 3539 1385 1927 2957 1764 28660 35784 975 1902 1475 1870 3778 2128 4657 12529 7197 263 5855 73 287 290 337 453 184 123 708 259 649 1099 460 262 993 0 2137 2533 37 38 60 47 199 352 203 223 0 32 26 0
12 226 48 18 1467 1055 3939 109 74 683 975 49 154 55 7 13231 9476 4873 6525 13352 4973 3124 68372 142 2500 738 957 1066 912 1426 450 35027 26432 130 827 1141 638 1311 445 5995 9011 3115 43 4508 9 223 138 98 135 50 15 264 120 148 751 110 338 437 0 1525 1076 5 11 8 8 141 157 49 78 0 15 7 0
10 206 32 13 1273 704 4009 58 70 692 772 24 119 34 4 11540 6601 3118 5790 12198 3400 1645 72884 57 2164 407 433 1014 614 856 246 37548 22391 55 552 1028 605 1358 284 6363 7490 2101 10 3820 3 205 18 12 34 57 38 247 64 86 664 58 370 266 0 1275 705 1 15 1 4 121 88 24 70 0 2 2 0
14 244 62 29 1696 1332 3879 142 96 656 1278 113 185 92 17 14607 11893 5891 7480 14664 6090 4023 64377 176 2571 1461 2018 1296 1034 3000 1055 32521 30633 268 1113 1311 907 1693 595 5401 10177 4105 165 5085 42 242 260 169 556 78 19 312 252 313 839 157 313 1035 5 1779 1413 38 12 24 40 147 338 118 99 1 26 30 1
18 279 112 41 1915 2223 3756 379 199 659 1648 246 237 163 28 15711 18477 9119 7797 16163 9305 9631 56418 732 3281 1935 4114 1153 1947 3881 2067 28523 36616 970 1510 1307 1651 3413 1695 4784 12224 7030 409 6127 102 259 307 342 886 146 112 604 306 733 1001 408 243 1545 33 2045 2365 80 37 69 76 203 484 265 206 4 40 53 4
18 291 113 40 2007 2384 3889 386 211 625 1647 245 247 160 25 15873 19268 10599 8134 17882 10730 10393 57668 751 2802 2149 4297 1446 1670 3916 2229 27987 36141 986 1734 1446 1688 3818 1876 4467 12868 6994 405 5816 107 256 322 343 844 158 108 596 360 797 1120 409 269 1396 20 2131 2524 77 28 44 69 178 486 251 222 4 37 48 2
18 290 113 40 2033 2396 3853 389 196 619 1626 242 258 157 28 16368 19460 10768 8314 17611 10547 10588 57412 769 2816 1930 4169 1431 1627 3771 2244 27795 35993 990 1840 1435 1662 3417 1802 4498 13060 6907 375 5760 94 242 448 443 776 141 79 586 344 684 1101 404 256 1473 42 2156 2553 66 26 72 59 171 478 266 210 3 54 46 5
14 258 64 27 1772 1442 4022 156 136 651 1244 107 198 86 15 14708 12302 6903 7569 16707 6747 4474 65619 205 2584 1459 2009 1326 1058 2751 1027 32153 29816 301 1188 1347 1192 2510 838 5189 11021 4064 128 4804 35 252 208 161 416 127 51 418 272 372 969 166 311 883 6 1845 1507 25 18 42 48 151 317 111 137 1 25 22 1
16 261 92 28 1854 1857 3741 305 162 647 1344 131 195 111 13 16024 16417 7969 8063 14810 7378 7843 59427 606 2703 1272 2386 1498 1326 2474 1108 30323 33178 536 1428 1233 1459 2621 1385 5191 11046 5792 159 5654 32 266 153 142 338 103 74 477 232 412 843 310 317 785 0 1898 1906 27 21 26 33 154 277 131 164 0 17 19 0
17 274 100 36 1928 2045 3799 321 179 643 1539 200 221 137 22 15817 17464 8742 8114 16199 8628 8415 58421 584 2864 1860 3508 1385 1507 3517 1717 29219 35039 765 1553 1380 1521 3036 1491 4851 11905 6331 290 5830 76 265 241 250 652 122 74 551 336 635 966 338 283 1250 18 2014 2134 63 22 42 67 171 430 206 186 0 29 38 2
17 290 106 30 1987 2299 3969 383 229 675 1419 158 232 125 14 15914 18274 10586 7957 18154 10321 10497 59644 833 3435 1482 2936 1325 1961 2563 1399 29339 33853 731 1801 1460 1841 4060 1991 4764 12658 6352 179 5488 47 287 172 229 354 180 154 760 250 609 1126 389 261 809 0 2067 2354 23 46 52 40 216 315 158 229 1 24 19 0
12 215 51 15 1433 1050 3822 130 68 672 911 34 134 52 4 13114 10065 4422 6754 12035 4646 3538 67130 199 2075 354 611 1209 831 793 303 35324 26662 118 824 1053 668 1199 476 6185 8179 3327 8 4644 5 196 68 48 19 37 13 211 58 88 641 130 374 260 0 1458 1052 0 8 4 1 116 82 34 68 0 6 1 0
8 195 19 9 1126 484 4129 25 41 718 587 10 106 19 2 10251 4340 2605 5135 11478 2490 820 78327 16 2376 314 224 858 507 502 104 39630 17480 18 434 952 369 842 141 6691 6779 1204 0 2925 1 210 19 10 0 33 6 181 41 46 623 25 370 126 0 1133 484 0 10 0 0 130 54 10 41 0 2 0 0
16 280 87 33 1851 1936 4038 259 178 644 1454 160 227 121 20 15161 15472 9181 7295 17894 9111 7325 62303 442 2792 1888 3041 1285 1440 3173 1478 29939 33149 544 1371 1372 1390 3415 1357 4799 12307 5424 234 5326 53 234 230 230 674 165 77 521 329 585 1129 277 274 1117 17 1959 2024 47 28 38 55 179 420 167 188 3 30 34 2
19 275 135 36 2011 2552 3597 553 191 639 1574 239 221 158 19 16748 22587 9874 8733 15735 10411 13647 52959 1361 2815 1225 3780 1551 1908 2986 1979 27966 37545 1290 1844 1411 1678 3018 2086 4857 11680 8238 267 6521 94 250 228 304 367 124 85 592 221 598 922 557 292 1109 11 2091 2607 29 24 46 22 171 334 243 194 0 26 23 1
16 252 87 33 1753 1691 3712 257 126 654 1421 165 208 117 21 15304 15144 6775 7693 14154 6970 6484 59305 421 2745 1330 2723 1212 1334 3166 1348 30681 33956 589 1197 1218 1081 2106 967 5299 10794 5647 213 5829 53 228 346 312 504 77 41 413 223 416 850 266 285 1182 22 1878 1809 43 15 42 37 163 355 177 137 2 40 31 3
17 272 104 32 1888 2136 3800 364 180 644 1420 169 218 130 17 15970 17910 9179 7953 16039 9371 9655 58239 761 2836 1154 2682 1412 1615 2654 1551 29393 34408 725 1581 1331 1542 3108 1676 5012 11687 6407 228 5809 51 235 256 248 431 136 88 525 199 451 977 374 288 1009 8 1963 2216 29 28 40 40 168 304 174 189 3 28 26 1
7 169 13 8 910 286 3976 13 22 677 520 6 82 14 2 8880 2913 1335 4502 8143 1280 371 79047 6 1189 222 114 832 197 454 52 40905 16067 6 229 717 241 407 57 6987 5258 898 3 2752 0 118 52 14 16 13 2 63 31 21 409 13 420 134 0 924 291 0 1 1 2 62 45 6 22 0 5 1 0
21 290 164 46 2048 3004 3521 739 219 611 1852 340 253 219 32 16966 25168 11489 8139 15714 11831 17685 49633 2076 2708 2064 5746 1461 2076 4209 2528 25784 40254 1799 1969 1381 1815 3399 2529 4464 12726 10008 637 7015 135 239 339 451 946 121 114 560 315 838 984 763 259 1634 65 2147 3160 72 36 73 73 175 534 369 233 4 41 59 6
10 203 31 14 1318 677 3945 54 50 665 800 26 125 34 6 11947 6673 3117 6278 11837 3092 1521 72372 51 1755 525 492 1191 474 1073 233 37208 22701 54 573 1002 509 911 232 6301 7507 2070 12 3837 1 166 121 58 68 29 11 127 117 82 618 54 386 346 5 1349 686 2 6 1 1 93 119 27 50 0 12 3 1
17 274 106 30 1922 2181 3795 389 184 649 1405 148 215 127 16 16189 18439 9419 8117 16206 9288 10272 58096 885 2870 1241 2556 1378 1646 2430 1327 29449 34327 662 1631 1390 1619 3127 1750 4997 11768 6525 189 5773 28 258 205 214 357 140 92 598 197 440 965 393 288 896 16 1981 2236 26 20 37 32 173 290 158 188 0 24 21 2
10 215 31 14 1367 747 4105 51 63 685 788 31 137 33 5 12235 6621 3772 6120 13744 3911 1577 73911 41 2242 523 594 1086 628 1048 328 37121 21986 65 707 1161 600 1210 276 6134 8196 1970 12 3659 8 205 116 60 41 63 13 219 87 107 758 51 359 321 0 1395 752 0 6 8 1 126 113 31 65 0 11 2 0
19 280 125 46 1904 2402 3623 432 187 620 1790 322 237 185 30 16328 19888 9796 7844 14882 9484 10739 53912 798 2745 2327 5510 1332 1731 4506 2671 27142 38284 1355 1535 1176 1472 3013 1685 4681 12303 7911 551 6515 178 227 298 364 1015 120 92 520 375 843 945 459 263 1712 20 1998 2548 118 23 50 76 175 558 332 199 3 37 60 2
12 232 46 20 1570 1006 3976 95 92 684 1028 59 167 57 9 13636 9083 4594 7066 14118 4462 2601 68809 103 2705 1105 1202 1168 839 1935 507 34841 26474 145 872 1241 892 1616 476 5775 9492 3024 55 4367 13 237 185 114 217 59 28 311 188 191 787 98 317 545 0 1667 1054 10 18 24 23 152 216 59 98 1 22 11 0
18 283 107 46 2014 2171 3792 322 194 613 1740 285 256 176 33 15771 17957 9310 8283 17045 9236 8347 56982 497 2638 2259 4761 1439 1468 4832 2516 27942 36915 985 1700 1435 1787 3299 1498 4458 12654 6845 515 5880 151 234 496 445 1137 124 89 543 393 842 1056 357 253 1820 32 2154 2384 134 23 88 107 165 586 307 214 8 55 70 4
10 209 32 13 1253 737 4012 58 64 676 772 24 122 34 4 11808 6669 3689 5428 11879 3555 1730 73107 57 1955 453 466 1051 593 819 250 36969 22128 55 553 974 543 1195 292 6320 7796 2066 10 3816 3 163 11 10 40 52 21 179 67 87 665 58 381 263 0 1262 739 1 9 2 2 108 91 24 64 0 2 2 0
19 279 133 38 1989 2523 3639 545 207 618 1617 224 234 178 22 16682 21737 10006 8209 15832 10278 13467 53576 1398 2527 1454 3565 1503 1613 3291 1774 27635 37611 1072 1726 1370 1763 3347 2126 4694 12056 8283 416 6463 44 239 319 322 691 138 118 594 236 607 967 568 286 1236 18 2092 2650 71 25 62 84 156 385 236 224 6 37 45 2
14 269 65 26 1730 1509 4199 170 177 673 1204 92 215 86 16 14344 12033 7354 6822 18067 7507 4840 67224 259 2926 1302 1637 1103 1254 2345 923 32244 29095 271 1131 1354 1311 3553 1123 5114 11702 4017 114 4677 10 251 232 171 397 211 97 562 192 376 1154 178 274 864 18 1818 1584 24 34 49 45 185 301 100 191 1 31 23 3
15 259 71 34 1768 1492 3913 172 142 641 1436 149 207 109 25 14857 12843 6547 7435 15759 6529 4571 63070 216 2532 1994 2730 1334 1104 3718 1318 31093 32351 408 1158 1306 1197 2580 823 5047 11214 4696 186 5283 57 249 298 210 722 119 75 383 320 512 935 198 294 1340 33 1862 1588 54 17 38 61 154 461 165 149 2 32 41 5
12 242 46 20 1595 1102 4101 94 97 689 1008 61 179 56 9 13624 9389 5615 6996 15492 5360 2877 69994 99 2857 1024 1167 1112 954 1789 623 34601 25797 151 926 1285 861 1942 500 5650 10048 2902 52 4216 15 246 211 151 202 66 31 365 167 211 916 96 308 553 0 1672 1138 11 17 23 20 169 206 61 100 0 24 10 0
21 298 158 52 2071 3020 3573 654 247 616 1918 401 264 238 37 16725 24201 12225 8357 15932 11973 16213 50442 1587 3079 2158 6249 1376 2228 4731 3386 25261 40140 1956 2057 1303 1994 3833 2687 4305 13142 9641 794 6706 213 243 349 493 1334 161 150 726 380 1045 1025 718 235 1984 51 2202 3194 140 38 80 93 191 592 433 258 7 47 81 5
24 324 217 59 2218 4001 3536 1116 355 572 2117 557 312 312 39 16966 30622 15546 8239 17422 15792 26256 45720 3504 2656 2408 8455 1528 2459 5007 4406 22566 42538 3509 2517 1443 2702 5621 4667 3676 14509 12597 1218 7012 286 227 461 831 1487 237 286 866 397 1492 1197 1184 216 2063 38 2365 4268 204 39 144 118 188 658 577 387 7 63 96 3
14 240 69 22 1596 1422 3871 200 115 665 1134 73 167 82 9 14299 12692 6067 6876 14256 6541 5355 63956 354 2363 735 1285 1185 1117 1697 618 32947 30118 246 964 1232 977 2126 866 5665 9710 4421 82 5223 14 213 119 84 268 81 47 355 127 211 833 210 338 569 0 1630 1454 9 18 12 21 142 184 73 117 0 12 13 0
19 296 136 35 2097 2736 3788 574 251 627 1586 213 252 164 18 16700 22565 11569 8457 17908 11433 14569 54729 1510 2838 1633 3853 1519 1856 2987 1751 27396 36842 1134 2007 1458 2088 4246 2642 4460 13103 8153 291 6078 57 270 264 376 490 175 166 727 272 655 1105 585 269 987 11 2205 2838 40 29 79 56 181 367 217 258 2 36 28 1
19 304 127 44 2088 2672 3908 461 249 613 1752 298 275 180 30 16074 20817 11866 8055 18767 11869 12258 56288 948 2784 2300 5169 1455 1779 4218 2680 26811 37403 1306 2010 1479 2018 4478 2306 4190 13782 7699 487 5870 141 265 399 508 940 194 143 707 378 976 1212 485 237 1594 41 2232 2835 90 35 91 78 188 561 315 262 5 52 54 4
14 260 67 24 1708 1528 4050 177 132 688 1194 97 197 79 11 14629 12620 7320 6997 16304 7213 5137 65750 257 3040 1346 1967 1125 1396 2144 923 32447 29539 327 1172 1326 1045 2547 894 5363 11113 4171 84 4876 31 271 185 164 224 120 48 452 195 332 999 181 282 649 0 1794 1577 12 24 25 30 189 264 97 134 0 22 12 0
13 232 62 16 1535 1315 3879 181 94 678 969 38 156 63 4 14030 11956 5798 6894 13547 6003 5044 65675 329 2514 361 677 1209 1112 729 328 34064 27900 152 962 1098 826 1693 716 5936 9270 3931 9 4867 5 230 88 81 25 68 30 288 66 107 773 181 347 251 0 1563 1318 0 12 12 1 141 83 38 96 0 10 1 0
12 220 51 15 1416 1065 3855 132 79 675 919 30 139 54 4 13315 9921 4719 6333 11913 4613 3588 67521 212 2261 471 614 1112 854 824 248 35060 26409 93 757 1005 693 1396 526 6120 8559 3327 21 4642 3 188 52 42 52 45 23 218 83 103 669 133 364 247 0 1443 1073 0 12 4 5 122 95 30 79 0 6 3 0
23 332 196 57 2202 3888 3706 933 323 587 2120 518 325 281 39 16333 28270 16475 7972 18492 16135 23673 48739 2642 2925 3041 8903 1312 2579 5122 4291 22965 41717 3029 2609 1390 2334 5348 3964 3653 15308 11398 1054 6603 287 229 491 884 1454 226 193 863 468 1484 1286 980 191 1995 52 2385 4183 175 33 139 134 209 721 540 344 6 70 86 4
21 291 171 39 2099 3114 3484 829 265 616 1682 282 247 198 21 17601 26625 11914 8585 15543 11647 19428 49053 2546 2793 1229 4232 1577 2039 2870 2204 25802 39256 1774 2071 1374 2192 3969 3245 4577 12578 10167 354 6908 95 262 276 425 410 160 196 780 219 728 955 836 276 1157 27 2189 3192 36 28 85 32 174 342 287 272 0 35 28 2
13 231 55 23 1544 1138 3899 126 90 653 1114 79 170 69 12 13807 10416 4830 6895 13910 5275 3330 66180 157 2074 967 1409 1257 823 2072 696 33871 28700 210 835 1173 827 1610 550 5713 9425 3623 82 4883 22 206 250 149 242 81 23 257 178 216 808 130 338 724 5 1603 1201 10 12 23 14 123 232 83 95 1 25 14 1
11 198 41 14 1223 785 3756 90 54 656 851 28 118 43 4 12056 7770 3244 5602 9661 3137 2275 68548 115 1471 341 500 1096 504 781 217 36289 25157 79 497 787 531 864 300 6479 7314 2785 12 4533 3 123 83 43 32 32 14 115 48 67 512 90 404 263 0 1246 796 1 2 10 3 79 81 28 54 0 8 2 0
13 228 61 17 1579 1256 3802 174 100 666 976 42 152 65 5 14383 11983 5425 7422 12904 5332 4689 65038 309 2306 290 609 1306 919 856 378 34045 28098 150 971 1142 939 1667 740 5909 9009 3911 29 4860 4 222 110 70 66 61 34 338 65 118 698 175 355 334 0 1601 1269 2 12 17 6 125 86 42 100 0 10 4 0
12 234 46 20 1524 1012 4065 96 123 681 1000 57 158 58 9 13185 9011 4509 6548 14986 4825 2605 69653 109 2585 817 971 1139 835 1751 554 34909 26175 135 760 1223 1018 2372 603 5763 9315 2966 57 4358 12 237 107 61 223 149 68 407 135 246 865 101 335 582 0 1555 1034 12 21 14 25 147 190 57 124 0 11 12 0
16 255 88 32 1755 1745 3726 270 124 643 1428 153 202 116 21 15437 15431 7346 7641 14192 7249 6940 59463 483 2591 1567 2788 1301 1321 3068 1289 30433 33833 549 1240 1189 1087 2044 1004 5257 10930 5709 200 5844 40 231 266 241 498 75 42 310 249 372 842 280 306 1134 30 1832 1824 38 17 33 36 152 376 165 132 0 30 31 4
11 216 37 18 1385 803 3957 68 64 691 949 40 140 49 8 12449 7454 3684 6288 12608 3690 1861 70600 67 2486 1013 835 1034 719 1738 366 36201 24970 80 606 1075 601 1122 313 6126 8336 2546 43 4223 3 190 102 61 251 35 17 234 187 111 691 73 346 495 0 1432 828 11 13 8 20 138 197 40 65 1 12 12 0
13 227 53 25 1488 1064 3801 111 79 652 1170 88 166 74 13 13895 9800 4504 6653 12179 4400 2869 65488 119 2045 1299 1648 1214 761 2456 725 33569 29060 202 760 1019 699 1289 418 5806 9347 3613 113 5019 28 189 250 147 376 60 21 234 194 228 698 117 342 814 0 1560 1134 25 4 19 36 121 279 88 86 2 25 21 0
16 249 90 30 1704 1764 3670 290 115 641 1361 137 190 116 17 15563 15716 7359 7385 13389 7311 7495 58780 564 2389 1100 2279 1289 1309 2561 1207 30604 33678 512 1192 1164 1005 1919 1029 5433 10478 5799 178 5937 39 224 232 184 422 45 34 298 179 309 787 312 320 985 16 1769 1856 26 11 14 20 140 290 145 122 0 24 26 2
9 194 25 11 1185 551 4001 39 47 692 685 16 111 26 3 10944 5331 2482 5609 11118 2635 1086 74896 32 1953 315 314 995 475 648 151 38742 20431 31 457 969 477 842 194 6552 6828 1666 5 3450 2 202 65 31 13 45 9 162 63 50 591 39 381 194 0 1215 556 0 9 4 2 108 69 16 48 0 7 1 0
17 275 91 45 1876 1882 3801 234 159 625 1720 255 240 153 38 15410 15559 8339 7792 15672 7796 6217 58927 290 2683 2673 4471 1270 1343 5002 2239 28690 35782 727 1309 1273 1346 2755 1075 4696 12353 5983 402 5786 148 227 405 358 1131 102 52 476 420 785 963 260 245 1964 69 2019 2065 111 20 57 87 168 640 291 168 5 48 68 9
13 231 59 19 1543 1218 3862 157 109 671 1024 56 156 66 7 14044 11186 5133 6783 13201 5267 4146 65724 250 2441 551 932 1213 966 1267 503 33998 28217 182 907 1145 967 1979 749 5848 9203 3800 48 4861 8 232 103 70 121 90 42 352 91 172 749 158 344 454 0 1575 1237 6 14 15 10 135 137 56 112 0 11 7 0
14 236 70 21 1626 1440 3798 208 93 650 1118 69 162 78 9 14606 13334 6144 7355 13686 6439 5627 63282 380 2186 725 1250 1382 1028 1521 632 32913 30156 249 1070 1183 888 1659 789 5677 9488 4489 60 5241 10 203 94 83 159 52 22 260 128 144 764 210 357 533 7 1663 1465 4 7 8 8 122 169 72 93 0 11 8 1
19 280 129 42 2034 2479 3612 489 190 626 1687 273 247 180 27 16665 21594 9933 8706 15637 9741 12188 53564 1096 2881 1760 4372 1459 1767 3863 2268 27465 37795 1228 1773 1390 1691 3056 1881 4641 12340 8066 468 6380 108 238 433 465 822 101 83 554 318 699 941 516 263 1496 27 2171 2646 86 26 71 52 172 456 291 207 2 49 51 3
18 303 119 34 2079 2627 3986 450 241 666 1528 206 257 142 18 16209 20165 12222 8184 19073 11990 12555 58271 1015 3485 1763 3808 1273 2177 2934 1933 28163 35115 995 2098 1484 1939 4304 2342 4496 13503 6990 243 5577 81 295 268 370 425 206 136 835 295 697 1219 457 232 992 10 2209 2702 25 38 58 45 224 381 210 248 0 35 23 1
15 247 80 25 1652 1550 3740 244 147 672 1254 108 180 92 11 15091 13722 6388 7121 13200 6103 5978 61090 435 2782 1149 1998 1237 1304 2040 839 31719 31877 421 1026 1044 1261 2267 1057 5577 10353 5152 98 5592 32 235 135 131 212 106 89 437 187 350 774 248 314 666 0 1711 1580 11 20 31 22 162 241 108 153 0 17 12 0
15 255 76 29 1791 1549 3843 207 147 651 1339 134 194 99 15 15037 13791 6572 7812 15254 6477 5315 62139 306 2645 1578 2476 1435 1114 2921 1089 31446 32065 439 1209 1276 1322 2490 982 5210 10806 4923 167 5346 51 248 211 176 437 111 65 461 277 485 871 215 304 903 0 1863 1615 29 12 32 37 153 334 134 148 1 23 23 0
22 325 184 47 2238 3633 3707 895 340 618 1910 380 301 235 30 16782 27660 15295 8443 18312 14532 22205 49805 2697 3263 2470 6600 1332 2592 4099 3042 24283 40205 2339 2532 1471 2625 5433 4144 3888 14729 10674 625 6469 143 276 404 670 913 248 260 993 360 1217 1226 914 212 1513 47 2404 3808 88 41 109 84 219 560 403 357 3 53 52 4
13 234 56 22 1596 1169 3871 132 96 663 1101 77 173 66 11 14174 10768 5137 7288 13663 5014 3540 65940 168 2374 998 1418 1226 863 1931 641 33713 28463 228 906 1195 937 1617 560 5728 9696 3647 59 4820 18 211 223 162 200 64 35 304 169 223 767 133 329 647 7 1679 1212 12 10 26 14 135 221 79 102 0 26 10 1
19 289 136 35 2022 2728 3765 572 220 651 1572 216 231 164 17 16333 22619 11340 8104 17242 11918 14885 54488 1490 3169 1359 3709 1451 2190 2882 1864 27879 37160 1157 1911 1485 1744 3868 2379 4709 12366 8173 294 6299 63 283 192 245 512 156 142 682 218 613 1073 584 271 997 0 2083 2796 43 37 31 36 195 341 216 224 1 22 28 0
10 201 30 15 1237 657 3904 46 47 673 812 35 123 32 7 11996 6270 3113 5706 10524 2906 1319 72172 33 1852 545 626 1009 505 1189 341 37057 22712 67 454 899 483 850 204 6432 7482 1982 10 3916 9 167 103 56 35 23 4 146 87 93 570 46 379 426 6 1274 662 1 8 9 2 100 130 35 47 0 11 2 1
14 217 70 21 1439 1251 3597 206 87 633 1110 73 143 76 9 14088 12167 4737 6525 10588 4819 4852 61400 367 1546 484 1089 1308 697 1340 574 33079 30907 271 776 862 799 1286 683 6061 8491 4654 50 5678 14 142 101 92 101 47 32 193 90 156 582 206 386 553 8 1475 1264 3 6 8 5 87 143 75 88 0 11 6 1
15 252 75 30 1761 1541 3821 203 132 657 1329 132 197 102 18 15202 13820 6562 7673 14982 6618 5359 62025 306 2694 1367 2289 1268 1191 2858 1169 31539 32021 413 1183 1256 1176 2243 900 5288 10682 4835 171 5383 42 253 256 209 463 96 57 443 228 387 869 215 302 1052 13 1847 1620 34 10 40 42 157 330 141 136 1 30 27 2
16 262 89 31 1815 1816 3828 275 144 663 1406 154 210 113 18 15259 15667 7651 7767 15718 7992 7194 60129 491 2945 1466 2825 1274 1505 2912 1328 30663 33534 566 1302 1339 1288 2574 1137 5162 11236 5662 198 5668 53 231 281 257 422 102 55 451 261 452 940 281 278 1010 17 1931 1893 26 19 40 27 176 347 159 155 2 31 25 2
19 287 127 44 2050 2502 3712 470 213 612 1728 280 255 189 30 16503 20923 10311 8377 16849 10424 11929 54528 1011 2708 1976 4521 1460 1672 4146 2409 27217 37804 1230 1898 1362 1882 3473 1983 4456 12745 7968 507 6219 97 241 406 448 1015 140 128 599 351 776 1045 509 260 1627 34 2158 2684 106 19 84 81 165 514 304 229 11 49 63 4
11 213 38 17 1404 795 3903 74 81 669 897 38 138 44 9 12692 7653 3499 6553 12178 3364 1911 70048 81 2105 619 631 1157 591 1344 348 36005 24642 83 624 1064 852 1373 414 6124 8209 2522 28 4176 2 189 107 62 103 77 24 240 98 139 644 74 361 515 9 1441 812 2 10 7 6 111 151 43 84 0 14 6 2
9 184 22 14 1040 462 3872 26 27 674 760 24 98 28 6 10243 4511 2068 4842 8554 2004 719 73963 13 1524 632 495 846 352 1270 222 38422 21235 30 303 717 245 466 90 6727 6319 1546 17 3733 4 154 33 14 123 15 3 88 118 55 461 27 403 402 0 1053 471 5 2 1 6 81 134 24 27 0 4 6 0
19 293 129 42 2053 2653 3762 491 197 623 1711 268 258 184 26 16412 21646 11481 8391 17338 11309 13123 54907 1113 2830 2041 4714 1377 1902 3983 2377 27105 37479 1197 1964 1448 1608 3391 2002 4460 13091 7925 484 6145 97 262 354 419 971 138 78 580 357 718 1085 526 251 1440 20 2179 2856 100 19 64 57 185 492 278 210 4 45 55 2
15 255 74 31 1747 1586 3863 202 124 661 1346 125 195 106 22 15082 13634 7106 7503 15071 7243 5715 62474 319 2875 1465 2115 1276 1293 3084 1178 31430 31928 377 1195 1199 1094 2199 895 5255 10748 4775 179 5345 18 257 205 156 571 92 38 422 249 379 890 215 293 1193 30 1832 1665 42 16 21 53 165 363 142 129 2 24 36 5
20 284 139 51 1970 2609 3594 515 201 599 1879 369 253 219 37 16254 21576 10103 7960 15571 10602 12535 52108 1065 2492 2262 5840 1391 1716 4931 3093 26284 39553 1609 1717 1321 1645 3316 1947 4453 12553 8799 712 6712 191 224 426 494 1269 129 113 503 373 893 1002 565 258 2025 48 2098 2822 162 18 69 84 158 591 399 217 8 48 81 5
11 210 38 17 1339 777 3908 71 71 667 919 42 131 45 7 12345 7358 3257 6058 11916 3481 1815 70128 70 1916 764 834 1144 536 1486 356 36138 25023 91 595 1025 659 1231 335 6167 7953 2569 34 4304 8 185 71 46 130 50 22 234 146 133 646 72 376 446 0 1370 792 6 7 9 15 106 161 42 72 0 9 7 0
11 222 41 14 1420 931 4037 90 79 685 845 28 143 43 4 12679 8493 4431 6297 13688 4520 2593 71181 115 2309 524 590 1084 781 843 246 36111 24015 79 724 1171 694 1516 455 6076 8641 2616 12 4075 3 220 82 55 47 67 19 250 79 103 772 90 351 244 0 1456 941 1 11 7 3 133 99 28 79 0 9 2 0
15 254 79 26 1766 1647 3846 237 138 660 1253 110 190 96 12 15140 14546 7183 7748 15289 7218 6379 62011 416 2674 1083 1924 1364 1310 2204 973 31611 31627 406 1235 1267 1245 2396 1076 5360 10657 5001 127 5324 25 230 184 153 288 94 49 436 191 343 879 241 309 741 0 1828 1694 22 12 26 31 159 247 110 145 1 20 17 0
19 279 126 45 1987 2388 3594 457 191 619 1760 289 246 193 30 16602 20403 9554 8349 15122 9151 11166 53537 968 2667 2114 4734 1340 1661 4400 2349 27308 38169 1187 1678 1294 1674 2962 1781 4628 12332 8102 565 6440 121 257 420 430 1062 113 88 556 372 764 926 501 260 1661 28 2119 2584 123 16 68 90 167 535 306 212 7 47 67 3
18 303 120 33 2025 2637 4034 467 254 636 1488 187 259 145 17 16034 20198 12300 7624 19348 12416 12963 58675 1119 2931 1437 3265 1376 1869 2665 1728 27989 34858 900 1940 1506 1888 4786 2472 4432 13546 7013 252 5583 58 279 279 383 471 205 165 760 229 641 1281 477 260 954 8 2130 2723 26 40 73 51 195 336 193 259 1 37 25 1
10 204 31 14 1308 691 3967 52 47 679 791 30 130 32 6 11798 6667 3134 6258 11943 3257 1510 72566 45 2032 482 553 1073 560 1034 283 37355 22577 63 599 1014 477 914 216 6325 7601 2025 6 3818 6 187 144 82 20 35 6 143 66 77 642 52 369 352 6 1356 696 0 8 8 1 109 113 30 48 0 15 1 1
17 259 99 37 1843 1893 3626 307 142 640 1543 214 212 136 23 16059 17013 7557 8067 13899 7328 7607 56916 517 2659 1678 3616 1368 1412 3571 1739 29458 35548 804 1391 1209 1256 2191 1148 5126 11163 6381 300 6104 99 221 313 308 610 78 51 431 301 553 815 322 290 1329 18 1951 2012 58 15 42 46 156 421 222 146 1 35 37 2
18 279 117 36 1969 2330 3718 448 197 649 1551 182 234 164 22 16153 19658 9724 8381 15839 9516 11493 55884 1091 3024 1553 3019 1336 1837 3231 1528 28469 36017 754 1653 1381 1722 3212 1883 4829 12223 7338 349 6078 35 256 304 317 808 152 120 629 262 542 967 499 262 1199 23 2073 2469 59 20 43 69 188 383 197 212 1 36 49 3
10 198 32 13 1214 672 3886 58 51 676 768 24 120 34 4 11619 6473 2972 5688 10316 2954 1577 71828 57 1809 297 407 1039 524 749 224 37355 22694 55 515 871 473 877 250 6504 7265 2139 10 3954 3 163 118 50 28 32 6 146 54 57 560 58 382 269 0 1238 682 1 8 15 1 103 76 24 52 0 11 2 0
17 266 101 35 1861 2016 3755 334 159 634 1494 190 214 133 23 15924 17468 8359 7840 15508 8693 8673 57960 637 2594 1432 3188 1450 1481 3223 1662 29463 35157 765 1478 1318 1357 2699 1362 5003 11413 6351 251 5926 62 226 263 256 534 124 72 447 247 505 935 347 288 1264 32 1948 2107 39 17 45 46 154 377 206 166 3 31 34 4
14 245 68 23 1681 1434 3854 190 123 664 1147 82 179 82 10 14921 12682 6361 7325 14277 6172 5177 63924 314 2592 842 1414 1332 1140 1845 755 32546 29834 274 1157 1219 1117 2146 851 5566 10192 4339 93 5042 12 211 168 130 238 66 62 376 164 246 813 193 324 629 0 1738 1484 19 21 23 21 147 202 82 126 0 19 14 0
14 255 62 29 1715 1352 4005 144 123 653 1297 111 210 90 19 14389 11541 6205 7292 16210 6238 3948 65528 179 2575 1682 2121 1200 1005 3078 993 32222 30271 282 1061 1303 1013 2251 702 5222 11155 4073 146 4908 36 211 343 227 508 101 41 378 314 379 974 158 287 1050 15 1836 1476 26 23 50 38 158 379 124 134 3 40 29 3
17 262 102 34 1851 1965 3665 344 170 635 1477 181 205 136 19 16168 17320 7940 8051 14360 7808 8532 57187 688 2518 1411 2958 1468 1353 3087 1519 29444 35071 709 1405 1276 1525 2686 1437 5103 11163 6513 289 6034 59 215 227 210 554 113 97 505 226 517 843 357 307 1134 8 1938 2050 46 17 46 41 148 350 186 172 3 25 34 1
16 250 91 29 1731 1758 3674 290 131 627 1350 149 190 106 15 15654 15828 7228 7601 13612 7113 7270 58870 528 2161 1110 2526 1488 1110 2410 1245 30417 33621 613 1222 1135 1172 2075 1114 5370 10547 5790 141 5908 55 197 227 212 252 88 48 321 180 355 789 291 337 896 9 1804 1797 15 8 30 25 123 274 152 136 0 25 15 1
12 220 48 18 1398 1005 3896 108 84 674 953 51 147 54 7 12990 9220 4311 6279 12593 4538 2915 67942 136 2190 490 824 1079 832 1175 486 35064 26568 141 703 1002 735 1531 486 6101 8633 3120 37 4625 11 187 136 92 110 78 32 243 78 136 715 109 354 466 0 1436 1022 4 12 17 4 127 129 51 84 0 14 6 0
22 310 179 52 2177 3406 3613 827 284 611 1962 420 287 259 34 16720 27040 13395 8429 17376 13807 20242 49117 2341 3031 2210 6704 1375 2400 4657 3348 24655 41003 2274 2373 1435 2201 4621 3415 4028 13800 10680 916 6769 201 245 449 637 1348 182 165 853 397 1155 1139 885 218 1825 28 2327 3629 133 39 98 108 202 589 446 311 8 55 80 3
12 224 49 17 1471 1041 3944 115 90 677 945 46 149 53 6 13155 9517 4526 6600 13561 4941 3135 68293 156 2312 561 814 1217 847 1164 411 35213 26383 133 769 1143 866 1613 541 5973 8773 3165 29 4498 11 204 110 74 86 72 36 295 98 130 765 116 349 385 0 1519 1058 0 12 11 6 132 125 46 93 0 12 4 0
15 237 77 28 1681 1470 3693 216 100 648 1302 128 173 97 14 14757 13927 5735 7666 13580 6171 5424 60574 333 2288 1160 2230 1377 1050 2633 1049 32048 32692 447 1067 1153 984 1582 737 5536 9649 5083 143 5678 43 232 195 156 328 64 34 321 207 292 740 223 337 877 0 1747 1528 28 8 14 35 130 279 128 106 0 20 20 0
