99 0 4150 701 0 0 0 98140 0 0 0 49889 0 8352 468 0 0 0 0 0 0 0 0 1471610 0 0 0 0 0 0 0 0 0 1501427 0 0 0 0 0 0 0 0 504349 0 127270 0 0 0 0 0 0 0 0 0 0 27797 0 0 28359 0 0 84800 0 0 0 0 0 14035 0 3493 0 1205 31
18 276 119 34 1886 2377 3751 459 185 632 1501 190 222 147 20 16152 19840 9924 7561 16077 10450 11992 56095 1097 2591 1205 3077 1253 1658 2716 1637 28606 35941 878 1595 1354 1496 3252 1865 4857 11868 7274 271 6212 54 212 226 256 509 128 97 543 186 492 1000 470 273 1097 25 1957 2454 28 24 41 37 163 334 205 193 0 27 29 3
15 248 78 27 1750 1599 3755 228 118 647 1271 117 183 96 14 15392 14474 6920 7763 14045 6667 6093 61266 386 2447 1090 2026 1365 1160 2431 1063 31602 31900 414 1242 1188 1091 1923 929 5369 10342 4989 131 5425 31 214 180 161 322 77 39 367 197 305 792 233 311 837 9 1808 1642 22 12 19 26 137 262 119 119 1 19 18 1
15 247 78 27 1778 1608 3759 226 118 640 1250 122 182 92 15 15322 14825 6878 8051 14325 6865 6126 61286 374 2349 902 1946 1396 1106 2313 1151 31646 31824 437 1346 1257 1099 2003 948 5346 10208 4921 114 5392 41 224 187 161 242 71 36 343 157 305 792 228 311 879 16 1833 1639 11 13 18 14 130 245 128 123 0 19 14 2
17 261 101 35 1831 1979 3655 331 146 637 1491 193 207 136 20 15987 17497 8227 7852 14305 7891 8508 57075 618 2590 1403 3205 1286 1447 3221 1678 29532 35212 768 1350 1179 1265 2377 1233 5089 11118 6421 278 6063 70 211 255 250 584 91 72 426 246 490 850 348 283 1192 7 1920 2068 55 15 30 35 153 361 199 156 1 28 35 1
10 214 32 13 1305 748 4104 58 77 676 760 24 132 34 4 11789 6633 3648 5692 13410 3787 1679 73806 57 2040 364 405 1026 564 805 250 37163 21831 55 601 1087 652 1540 378 6149 8110 2042 10 3715 3 161 59 38 40 77 16 236 66 97 757 58 352 265 0 1315 752 1 14 7 2 113 84 24 77 0 7 2 0
16 269 91 29 1833 1945 3884 294 164 659 1334 142 214 108 16 15565 16464 8927 7632 16157 8775 8080 60685 557 2847 1111 2386 1203 1542 2381 1340 30454 32808 574 1355 1326 1314 2857 1392 5078 11594 5570 148 5481 45 242 249 256 293 125 71 514 193 418 988 298 265 907 17 1914 1997 12 38 40 27 179 287 147 166 2 28 18 2
16 245 89 31 1664 1684 3629 274 122 625 1369 155 189 114 17 15247 15195 6767 7137 12927 6680 6813 58440 486 2019 1113 2448 1285 1062 2658 1296 30586 33865 565 1099 1082 1047 1943 980 5437 10319 5755 204 6028 59 169 220 223 407 63 52 310 171 341 751 284 318 1033 8 1723 1756 29 8 36 29 118 290 159 130 0 27 25 1
16 260 91 29 1846 1843 3759 294 146 637 1359 142 203 108 16 15854 16436 7918 7910 15175 7603 7682 59489 555 2473 1282 2534 1373 1243 2520 1218 30488 33339 582 1404 1272 1336 2428 1210 5143 11105 5727 139 5652 42 213 236 225 301 83 64 418 218 398 872 299 291 900 18 1928 1899 18 10 35 21 147 299 146 153 1 26 18 2
17 269 103 33 1855 2081 3758 349 170 633 1451 184 216 130 17 15915 17719 8901 7652 15508 8869 9105 57919 680 2513 1351 3046 1335 1448 2848 1628 29401 34666 785 1438 1264 1455 2835 1526 4976 11620 6403 238 5895 66 232 251 262 451 131 72 493 201 516 938 358 280 1039 0 1930 2160 41 25 41 28 156 326 184 182 1 29 27 0
16 274 91 29 1880 1995 3934 291 164 649 1337 146 225 109 14 15612 16666 9265 7865 16981 9068 8206 61041 536 2810 1252 2521 1241 1510 2409 1386 30297 32603 592 1505 1372 1338 3038 1379 4963 11961 5531 159 5362 52 223 277 319 328 115 69 496 205 436 1055 296 265 845 0 1979 2065 21 22 39 25 172 283 146 171 0 34 18 0
17 264 105 31 1879 2088 3709 377 167 636 1396 157 203 130 16 16297 18388 8667 8059 15062 8761 9781 57292 828 2454 935 2399 1386 1476 2463 1440 29730 34632 681 1506 1286 1493 2819 1583 5046 11122 6538 215 5947 40 248 211 188 395 120 87 472 189 399 885 389 297 966 8 1943 2143 30 21 30 27 148 271 162 175 1 21 25 1
20 289 147 43 2017 2739 3631 619 260 604 1720 296 256 197 28 16689 22809 10699 7998 16323 11067 14719 51986 1589 2488 1604 4438 1379 1708 3637 2373 26604 38555 1509 1787 1277 2130 4188 2634 4431 12729 8998 504 6615 104 223 370 466 742 186 210 648 255 849 1039 645 247 1517 37 2145 2889 79 21 110 66 159 440 321 281 2 47 51 4
20 293 147 43 2127 2833 3656 613 241 596 1724 306 264 195 26 16781 24001 11469 8653 17245 11560 15164 52199 1527 2464 1659 4796 1512 1700 3747 2532 26453 38538 1590 2044 1453 2130 3878 2589 4277 13030 8878 496 6425 122 230 457 523 793 170 141 589 284 793 1059 637 252 1452 19 2246 2996 83 26 111 51 156 446 319 260 2 52 48 2
14 251 66 25 1698 1427 3961 172 132 653 1196 98 188 80 14 14682 12489 6499 7199 15794 6539 4709 64856 250 2394 1154 1777 1247 1032 2225 904 32550 29897 314 1062 1247 1142 2419 875 5331 10566 4175 90 4985 24 201 204 155 251 120 52 391 197 343 916 174 299 796 13 1759 1467 15 18 26 22 143 264 105 136 0 24 14 2
21 321 160 50 2138 3291 3834 678 296 588 1929 389 304 228 35 16077 24456 14532 7794 18726 14215 17658 52617 1701 2709 2746 6787 1237 2052 4637 3385 24746 39513 1980 2254 1444 2224 5194 3208 3812 14748 9450 722 6235 192 213 468 664 1186 210 185 734 381 1198 1295 718 202 1779 58 2279 3528 123 42 120 106 188 641 410 317 5 63 71 5
14 236 69 22 1602 1392 3763 196 104 664 1142 81 163 78 9 14497 12734 5895 7107 13063 5762 5146 62946 329 2376 825 1470 1168 1082 1708 703 32911 30292 284 1014 1096 938 1720 782 5739 9565 4455 75 5264 21 199 103 89 159 61 33 323 151 218 729 197 321 565 0 1649 1417 4 20 16 12 137 188 81 105 1 12 9 0
20 303 145 45 2106 2879 3755 583 272 599 1802 332 266 197 28 16445 22984 12175 8087 17893 11929 14594 53255 1362 2701 2267 5669 1439 1841 4193 2794 26083 38666 1649 2028 1368 2245 4518 2760 4122 13518 8751 561 6263 163 256 347 452 868 220 178 668 364 1062 1137 604 238 1539 20 2201 3023 84 33 86 85 171 532 344 283 4 43 52 2
13 256 54 24 1667 1282 4147 117 121 666 1148 86 200 71 12 14069 10558 6529 6851 16876 6345 3470 68553 131 2613 1501 1746 1103 978 2344 856 33274 27733 211 1034 1345 986 2392 679 5284 10992 3406 103 4482 30 187 224 178 327 97 37 405 224 313 1054 121 279 716 0 1761 1350 13 17 28 38 166 286 86 134 3 30 17 0
17 270 103 33 1851 2054 3753 355 181 629 1464 174 220 132 19 16018 17485 8798 7628 15476 8510 9109 57831 732 2440 1467 2964 1334 1391 2971 1429 29342 34661 714 1426 1226 1487 2961 1546 4945 11788 6444 242 5917 58 222 254 259 500 129 99 462 208 515 935 372 279 1073 16 1948 2145 31 20 58 47 153 354 182 194 1 32 30 2
21 287 154 56 2021 2798 3482 616 217 598 1992 405 258 268 41 16310 23334 10796 8176 15105 10634 14523 49651 1447 2680 2353 6352 1267 1896 5480 3221 25528 40932 1809 1793 1270 1847 3260 2277 4288 12640 9814 947 6964 181 229 433 483 1762 144 108 561 370 981 943 735 224 2227 38 2159 3059 247 23 78 148 167 658 446 237 13 50 117 5
18 270 115 38 1855 2201 3658 406 178 615 1579 237 227 148 25 16192 18985 8944 7717 14993 8930 10052 55441 820 2371 1595 3799 1306 1416 3383 1958 28369 36494 1044 1386 1217 1478 2898 1611 4885 11760 7188 307 6328 99 208 291 366 539 122 95 433 239 605 930 415 271 1376 38 1946 2299 46 20 62 36 146 411 251 187 1 40 35 4
13 250 48 30 1622 1124 4071 88 100 646 1250 88 213 88 22 13785 9457 5700 6768 15783 5387 2626 68162 89 2367 1775 1584 1073 845 3274 921 32986 28311 140 869 1255 821 1954 479 5267 11054 3244 131 4578 22 171 399 207 754 89 31 277 268 271 984 113 265 1211 15 1742 1289 50 11 37 60 144 411 105 123 4 51 42 4
16 253 96 24 1737 1890 3730 352 143 641 1257 89 181 110 9 15776 16928 7782 7459 14347 7969 9016 58976 832 2392 729 1572 1360 1299 1639 735 30910 33139 384 1244 1168 1203 2501 1389 5358 10459 6043 122 5862 8 176 98 99 269 103 67 363 132 220 838 358 324 554 0 1771 1921 12 25 9 29 135 182 89 145 1 11 14 0
19 295 136 35 2082 2768 3775 569 238 637 1586 222 240 161 17 16544 22707 12005 8418 17609 11786 14854 54603 1464 3020 1615 4000 1353 2063 2910 1897 27538 36891 1193 2019 1444 2000 3935 2505 4505 12832 8114 284 6128 79 292 212 288 421 175 148 676 288 718 1078 578 253 974 0 2145 2829 30 35 45 48 192 361 222 241 1 25 25 0
13 220 58 20 1491 1123 3749 147 86 632 1055 66 145 65 8 13789 10938 4547 6902 12095 4683 3721 64661 214 1621 658 1119 1312 608 1544 542 33974 28853 207 808 1013 819 1397 563 5873 8649 3838 52 5082 17 163 100 72 127 55 28 202 119 168 648 148 366 520 0 1516 1143 4 3 18 9 85 157 66 86 0 11 7 0
13 237 56 22 1562 1185 3942 132 108 654 1085 76 179 68 10 14023 10617 5256 6796 14270 5375 3534 66514 170 2153 872 1308 1181 826 1811 668 33731 28220 216 856 1185 943 1963 643 5614 9840 3623 74 4786 19 189 231 175 203 95 33 306 154 244 858 134 313 628 0 1642 1240 14 12 36 15 132 204 76 115 0 28 12 0
13 243 56 22 1624 1243 3983 134 112 672 1089 73 180 68 11 14079 10817 5833 7019 15073 5695 3818 66880 179 2604 919 1318 1085 999 1889 689 33708 27964 210 995 1230 1012 2074 658 5574 10131 3565 63 4657 18 217 183 137 212 96 49 372 164 242 870 141 296 648 6 1702 1297 9 17 24 21 150 221 76 116 0 23 12 1
17 262 101 35 1860 1935 3658 337 154 620 1505 182 222 140 21 16017 17399 7908 8072 14600 7537 8300 57051 667 2352 1562 3081 1362 1217 3301 1433 29444 35209 700 1341 1224 1348 2410 1284 4983 11466 6518 291 6027 50 195 389 341 648 93 76 390 268 497 860 359 275 1191 17 1978 2083 63 15 44 39 139 385 189 174 2 43 40 2
16 269 84 36 1810 1757 3903 226 154 632 1530 187 220 124 23 14981 14603 7805 7414 16245 7813 5994 61091 314 2517 2233 3561 1241 1238 3873 1610 30101 33933 584 1239 1298 1298 2757 1032 4880 11806 5461 272 5550 84 210 266 264 740 118 61 409 369 628 1000 242 270 1298 16 1921 1869 70 24 41 70 157 482 195 161 1 34 40 2
14 232 64 27 1598 1273 3723 155 92 663 1225 110 167 83 16 14372 11849 5271 7226 12455 5146 4036 62819 196 2404 1029 1831 1207 1051 2610 965 32927 30812 324 933 1073 850 1530 609 5710 9433 4220 114 5291 34 187 186 141 338 45 22 310 200 279 694 159 311 955 13 1667 1326 21 10 20 17 140 271 117 93 2 20 19 2
16 256 95 25 1804 1856 3745 335 160 646 1278 111 193 103 11 15806 16726 7542 7860 14863 7688 8376 59103 727 2340 886 1954 1387 1325 1819 881 30889 33114 517 1324 1248 1430 2689 1400 5300 10746 5939 76 5752 27 222 205 183 140 105 83 425 158 331 864 337 307 633 9 1856 1879 4 20 44 10 146 212 114 162 0 20 8 1
13 219 57 21 1416 1102 3737 142 82 674 1082 66 140 69 9 13365 10287 4506 6271 11326 4612 3548 64548 206 2282 763 1173 1090 939 1736 601 34333 29073 189 693 939 742 1274 535 6049 8503 3850 71 5158 13 156 69 54 180 56 27 265 126 181 635 147 335 584 0 1444 1112 11 14 6 11 127 183 66 82 0 7 12 0
17 263 97 39 1831 1934 3683 310 129 625 1576 182 220 161 27 15729 16809 8186 7860 14488 7983 8123 57510 598 2521 1869 3165 1249 1352 3863 1607 29297 35508 605 1391 1239 1121 2104 1105 4939 11465 6389 352 6034 48 199 352 281 1082 66 41 350 299 415 868 386 268 1504 22 1948 2116 85 13 38 76 145 462 206 140 7 41 67 4
12 212 50 16 1398 1017 3775 121 62 670 933 43 129 51 5 13086 9857 4316 6542 11138 4339 3292 66652 167 2043 459 777 1129 808 980 394 35399 26886 146 748 978 607 1037 412 6177 8011 3278 8 4737 9 192 36 31 21 32 14 186 82 96 594 121 357 330 0 1409 1018 0 5 4 0 110 101 43 62 0 4 1 0
20 292 145 45 2040 2846 3635 591 211 606 1770 317 255 203 29 16606 23289 11898 8259 16291 11709 15133 52232 1444 2658 1874 5150 1329 1894 4104 2742 26291 38710 1531 1943 1405 1727 3423 2330 4414 12915 8813 577 6515 143 218 344 464 1002 132 102 563 313 744 1022 632 250 1603 28 2150 2994 91 32 60 74 164 495 335 224 2 43 59 3
15 243 75 30 1674 1488 3684 209 106 645 1340 119 181 110 17 15147 13550 6289 7415 12810 5810 5418 60810 341 2379 1412 2081 1200 1076 2881 1026 31512 32349 359 1092 1079 955 1686 777 5429 10187 5027 198 5609 17 194 196 153 632 52 41 306 232 307 720 228 305 1019 7 1749 1576 51 11 12 38 134 328 123 109 5 22 35 1
7 177 15 6 951 365 4097 20 30 686 467 0 85 15 0 8850 3480 1843 4480 9901 1923 622 80028 15 1354 0 0 755 273 0 0 41022 15345 0 311 853 277 604 108 6876 5590 985 0 2633 0 142 0 0 0 39 4 99 0 0 521 20 398 0 0 951 365 0 4 0 0 76 0 0 30 0 0 0 0
17 269 103 33 1907 2053 3731 355 183 641 1459 175 213 130 20 16018 17866 8632 8103 15501 8359 9039 57634 730 2767 1383 2891 1395 1492 2921 1517 29509 34748 730 1516 1268 1612 2987 1613 4924 11538 6454 219 5867 57 223 213 227 446 122 99 540 261 539 910 371 277 1106 26 1981 2127 30 25 35 35 163 346 186 191 0 26 28 3
15 248 79 26 1724 1577 3769 240 142 650 1239 104 186 99 12 15289 14371 6672 7501 14078 6491 6117 61308 446 2519 921 1675 1273 1153 2093 919 31732 31723 346 1095 1170 1299 2344 1095 5390 10326 5075 154 5445 28 245 209 158 320 124 70 407 139 290 817 250 302 759 0 1781 1638 16 14 37 31 143 227 104 146 1 22 20 0
19 280 123 48 1950 2376 3617 423 175 606 1830 313 242 196 37 16265 20007 9799 7946 15111 9334 10626 53899 813 2544 2467 5344 1313 1617 4962 2614 27086 38498 1234 1590 1227 1442 2861 1613 4517 12377 7931 581 6414 147 227 354 389 1237 82 66 450 413 772 936 467 246 1945 59 2083 2555 130 16 48 108 156 617 353 188 9 43 76 7
12 224 47 19 1459 1004 3889 100 82 682 990 58 153 54 8 13394 9237 4485 6459 12618 4327 2745 67978 115 2466 801 1048 1017 862 1543 522 34978 26539 146 751 1032 725 1467 466 5979 8932 3071 47 4543 18 194 142 98 129 55 15 264 123 177 702 101 320 510 0 1523 1024 3 16 18 10 139 170 58 86 0 16 7 0
15 249 71 34 1694 1429 3769 173 117 631 1427 145 198 114 23 14918 12689 6203 7276 13807 5740 4440 61745 228 2265 1857 2612 1265 977 3659 1226 31175 32572 367 977 1143 1061 1955 750 5237 10745 4798 237 5487 49 179 304 205 760 75 35 311 300 411 802 193 291 1314 17 1773 1552 63 8 29 67 135 429 159 130 5 33 44 3
20 293 152 38 2117 2922 3627 680 249 626 1671 258 238 180 22 17018 24717 11829 8564 16820 11641 16801 51770 1895 2945 1636 4488 1432 2053 3233 2095 26736 38316 1484 2015 1395 2167 3982 2804 4450 12642 9087 324 6534 83 272 209 255 479 158 174 710 295 729 1008 688 257 1166 34 2191 2990 33 26 64 46 177 397 270 253 2 24 29 3
14 242 69 22 1692 1443 3826 199 114 653 1129 75 173 81 9 14990 13237 6403 7520 14289 6187 5373 63501 346 2385 771 1306 1312 1039 1729 697 32761 29910 260 1084 1178 1107 2001 866 5535 9926 4410 81 5092 12 212 153 121 210 67 42 330 138 210 790 204 322 568 0 1736 1476 10 13 18 14 133 181 75 116 1 16 12 0
12 223 48 18 1498 1026 3909 111 80 655 969 45 149 57 7 13526 9693 4584 6814 13379 4689 3075 68031 151 1951 659 810 1172 702 1399 407 35024 26516 117 799 1122 750 1434 489 5858 8806 3151 46 4517 5 181 128 74 178 53 26 222 138 124 724 115 347 448 0 1534 1058 7 7 7 13 108 148 45 82 0 13 9 0
21 296 157 53 2066 2911 3546 643 252 593 1955 402 275 250 35 16725 23762 11474 8065 15723 11029 15118 50183 1537 2614 2439 6451 1325 1855 5053 3253 25246 40379 1911 1924 1273 2060 3852 2642 4185 13304 9825 888 6768 192 213 439 573 1462 158 171 643 408 1035 1020 716 224 1956 19 2200 3189 198 26 107 102 171 621 417 282 12 57 93 2
10 199 30 15 1166 622 3909 48 57 680 809 30 123 36 6 11209 5820 2718 5219 10297 2752 1236 72053 39 1817 527 510 898 521 1098 275 37404 22817 54 423 860 503 975 252 6494 7373 2037 23 4005 4 122 119 56 99 54 10 164 58 89 578 49 355 403 0 1206 640 5 6 7 9 106 118 30 62 0 13 6 0
16 264 93 27 1801 1897 3829 313 171 648 1329 128 196 107 12 15581 16347 8202 7548 15476 8133 8105 60104 631 2612 1244 2398 1310 1393 2312 1064 30521 33035 550 1310 1289 1403 2966 1465 5125 11189 5783 128 5661 38 242 123 129 263 130 82 475 183 438 926 317 299 716 0 1843 1933 14 18 24 23 156 265 128 174 0 15 14 0
18 287 117 36 1994 2407 3836 429 223 635 1554 219 236 147 21 16173 19843 10407 8133 17217 10468 11155 56878 926 2858 1628 3738 1363 1772 3203 1956 28408 35832 1003 1762 1384 1809 3832 2114 4599 12526 7099 286 5901 83 251 239 307 532 197 126 593 280 698 1080 439 251 1175 22 2079 2480 42 42 55 42 183 392 225 226 2 30 30 2
10 196 31 14 1230 661 3869 52 40 663 799 29 112 34 5 11557 6540 2916 5900 10451 2934 1476 71674 44 1613 468 542 1051 455 1029 282 37377 22992 61 527 878 409 726 188 6413 7059 2086 14 3979 5 132 46 30 56 20 5 119 87 73 535 52 385 335 0 1244 665 2 2 1 2 83 105 29 40 0 5 3 0
12 222 52 14 1418 1091 3882 138 89 678 889 27 142 52 3 13169 10017 4853 6310 12427 4791 3718 67535 225 2148 331 524 1073 889 600 234 35219 26113 102 744 1031 793 1582 604 6110 8690 3344 0 4598 3 191 64 52 0 65 32 257 43 79 698 138 342 187 0 1436 1091 0 13 11 0 126 67 27 89 0 7 0 0
15 254 81 24 1756 1705 3839 254 137 662 1209 100 184 91 10 15282 14952 7521 7635 15111 7478 6931 61822 476 2640 891 1736 1208 1328 1841 916 31744 31378 400 1269 1267 1223 2423 1146 5358 10555 5049 89 5343 26 253 138 118 194 92 53 449 141 285 864 255 300 623 0 1800 1728 9 16 19 12 158 203 100 141 0 14 10 0
15 259 83 22 1752 1782 3884 279 139 663 1184 75 191 92 9 15262 15368 8090 7469 15351 7848 7761 62190 597 2744 905 1472 1223 1402 1487 640 31610 31030 301 1320 1294 1156 2528 1219 5348 10948 5140 72 5303 13 224 107 123 183 97 56 403 144 208 914 286 296 501 8 1816 1817 0 17 23 25 162 190 78 141 0 16 9 1
19 293 132 39 2016 2640 3770 519 232 625 1664 259 253 169 22 16323 21530 11191 7948 17096 11111 13213 54710 1209 2741 1994 4532 1304 1844 3575 2135 27397 37297 1276 1785 1407 1829 3923 2290 4469 13039 8039 383 6203 105 243 310 437 652 151 139 641 273 804 1094 533 240 1232 11 2148 2742 55 25 62 62 182 446 263 247 3 40 37 1
12 228 46 20 1498 995 3939 94 90 675 1021 62 156 54 10 13428 9005 4528 6594 13443 4369 2625 68432 101 2413 998 1179 1072 832 1834 533 34886 26543 150 781 1118 816 1603 434 5815 9178 2996 47 4470 18 216 139 85 171 72 35 275 171 225 746 95 325 590 6 1550 1021 5 14 16 12 135 209 64 92 0 15 8 1
11 214 40 15 1353 864 3913 82 76 681 858 36 133 42 5 12419 7958 3913 6114 11844 3788 2261 70033 92 2171 485 640 1001 725 927 342 36178 24393 96 691 1030 692 1364 415 6195 8181 2596 14 4208 8 191 65 39 36 51 19 235 73 115 651 82 347 329 0 1368 871 0 15 10 1 122 104 36 76 0 7 2 0
11 208 36 19 1308 752 3854 57 51 664 964 54 131 45 9 12308 7073 3372 5937 10929 3240 1554 69716 39 1925 984 1059 1052 561 1877 470 36025 25271 99 555 912 499 826 216 6179 7953 2462 44 4375 19 164 83 59 184 33 7 150 184 151 592 58 352 577 0 1338 776 8 4 5 10 104 204 54 51 0 11 9 0
15 257 78 27 1726 1638 3876 226 149 642 1272 121 195 94 14 15078 14088 7409 7226 15258 7117 6048 62356 375 2384 1190 2125 1265 1166 2328 1094 31308 31520 428 1114 1271 1267 2628 1105 5236 10957 4909 126 5318 40 199 204 170 277 118 63 412 190 383 903 230 301 827 9 1786 1675 17 12 38 29 141 273 123 155 0 23 16 1
16 268 84 36 1830 1747 3881 228 166 629 1503 183 219 126 23 15288 14804 7703 7437 16200 7586 6004 60967 321 2475 1981 3299 1324 1226 3726 1625 30062 33696 579 1255 1269 1416 2932 1097 4877 11767 5425 274 5521 76 189 291 243 768 139 91 434 323 589 978 248 270 1319 14 1916 1864 68 16 64 66 153 451 191 171 4 34 43 2
17 274 107 29 1891 2233 3804 397 174 656 1369 144 217 126 13 16100 18873 9850 7848 16042 9699 10840 58149 915 2998 1029 2370 1242 1827 2158 1334 29560 34129 655 1586 1327 1429 3066 1656 5020 11772 6521 184 5780 38 249 198 236 322 123 98 511 160 379 976 404 274 792 0 1968 2292 21 26 37 24 179 249 144 183 0 25 19 0
10 207 35 10 1296 767 3987 77 73 685 710 7 120 35 1 11967 7264 3563 5853 12014 3528 2135 72540 105 2088 149 161 1041 605 244 57 37480 22017 21 593 1017 677 1320 386 6323 7620 2275 0 3774 0 176 18 12 0 54 31 220 27 28 645 77 362 60 0 1306 767 0 18 2 0 112 27 7 73 0 2 0 0
21 309 170 40 2181 3333 3668 812 290 615 1725 296 271 202 20 17258 26881 13889 8501 17666 13366 20363 50627 2426 2954 1636 4957 1398 2251 3172 2407 25529 38875 1839 2306 1418 2344 4761 3495 4191 13724 9914 409 6540 110 263 323 493 526 187 195 776 283 888 1130 825 244 1124 0 2279 3440 48 35 96 48 192 396 296 302 0 40 32 0
14 249 66 25 1696 1416 3933 171 121 655 1199 98 190 83 12 14573 12506 6418 7393 15501 6444 4674 64600 250 2453 1141 1814 1222 1058 2246 889 32607 29998 291 1073 1251 1075 2230 805 5353 10485 4218 124 5001 32 238 234 181 296 90 44 349 202 298 896 175 296 736 0 1779 1486 11 15 29 35 149 258 98 124 3 26 17 0
13 243 62 16 1633 1389 3979 181 118 679 965 38 163 63 4 14291 12296 6609 7173 15052 6479 5218 66581 329 2624 439 737 1212 1161 796 371 33895 27395 152 1105 1290 1014 2160 874 5676 9820 3835 9 4617 5 248 47 44 17 93 54 384 67 118 854 181 316 248 0 1654 1393 0 15 12 2 151 90 38 118 0 6 1 0
14 260 68 23 1788 1582 4051 188 136 652 1140 87 193 78 11 14984 13385 7725 7700 17040 7654 5601 65629 302 2513 949 1561 1313 1157 1865 918 32352 29169 299 1373 1408 1175 2664 1003 5183 10970 4141 70 4739 23 248 162 148 189 110 54 400 171 284 993 192 303 646 8 1832 1610 7 22 13 18 152 213 89 139 0 18 10 1
18 290 112 41 1993 2335 3858 380 211 620 1683 244 245 164 28 15709 18871 10389 7896 17461 10151 10096 57335 732 2733 2374 4427 1319 1601 4247 2147 28005 36364 982 1712 1384 1680 3668 1784 4425 12901 7015 392 5868 96 249 296 333 953 159 126 589 354 803 1092 416 245 1497 30 2090 2457 86 25 46 98 171 534 266 221 2 36 54 4
13 244 54 24 1652 1228 4017 122 96 652 1152 78 178 72 14 13989 10788 5878 7103 15751 5989 3602 67326 152 2285 1392 1548 1268 883 2350 767 33527 28339 197 1035 1310 881 1846 562 5397 10112 3510 90 4647 14 218 196 114 329 61 24 291 228 255 898 128 305 797 10 1715 1286 18 9 16 36 135 284 84 99 1 20 19 2
16 276 95 25 1904 2101 3960 336 168 651 1281 108 211 106 10 15845 17538 9841 7774 17532 9674 9562 61164 738 2822 1111 2145 1372 1580 1875 1023 30368 32353 487 1606 1404 1406 3138 1555 4937 11845 5728 103 5342 24 236 143 164 200 141 72 504 186 324 1054 339 284 583 0 1961 2137 10 19 32 24 170 229 108 169 0 18 11 0
16 264 90 30 1847 1857 3850 284 157 631 1371 148 209 112 16 15452 16180 8009 7772 16333 8227 7474 60329 519 2377 1315 2610 1388 1256 2684 1331 30466 33274 572 1391 1375 1375 2742 1274 4994 11341 5650 179 5546 51 232 239 242 367 123 67 411 242 457 960 293 294 934 7 1936 1922 22 17 40 23 141 312 153 163 1 28 22 1
19 282 126 45 1996 2457 3673 446 187 598 1741 312 252 180 31 16309 20844 10123 8246 16065 10228 11337 54183 867 2382 1916 5030 1436 1509 4316 2643 27237 38036 1349 1724 1377 1576 3126 1739 4491 12496 7858 498 6317 166 218 421 497 896 105 72 490 360 788 1009 472 247 1689 39 2116 2623 94 15 89 59 151 524 329 199 2 51 56 4
20 303 138 52 2032 2838 3738 502 211 613 1923 377 287 224 37 16051 21854 12559 7906 16820 11951 13415 53464 1001 3051 2733 6435 1057 2126 5029 3413 25804 39090 1600 1978 1356 1590 3528 2054 4213 13897 8529 775 6276 208 186 484 659 1469 143 91 576 408 983 1135 555 193 2004 34 2229 3115 160 24 73 110 196 663 405 232 16 64 87 4
12 216 48 18 1420 968 3828 107 82 661 968 53 138 53 7 13075 9258 4109 6429 11918 4139 2770 67243 132 1908 580 909 1147 702 1387 468 35192 26838 146 699 1021 779 1361 481 6052 8340 3170 35 4660 15 183 83 58 84 67 22 244 83 156 648 108 355 460 0 1443 977 1 4 14 7 107 140 53 82 0 9 5 0
8 182 19 9 1023 426 3992 25 32 679 594 10 95 19 2 9794 4118 1996 4768 9458 1999 731 76950 16 1518 237 202 885 310 464 87 39775 18188 18 353 838 299 614 108 6738 6099 1271 0 3150 1 127 36 19 0 21 4 100 37 38 501 25 390 130 0 1029 426 0 4 1 0 78 48 10 32 0 4 0 0
18 290 119 34 1978 2490 3853 452 216 651 1536 201 236 146 17 16178 20017 10980 7860 17378 10785 12079 56980 1033 3065 1682 3686 1245 1989 2923 1759 28414 35680 958 1802 1352 1683 3841 2111 4660 12705 7190 269 5904 71 267 222 272 492 159 114 650 275 649 1086 463 246 982 0 2072 2571 38 28 42 49 198 368 201 221 0 27 27 0
12 233 46 20 1533 1041 4003 94 85 682 1018 61 167 56 9 13418 9199 4954 6773 14206 4872 2727 68967 102 2597 1012 1204 1082 912 1772 564 34864 26295 142 869 1205 781 1582 453 5794 9528 2967 58 4378 18 204 172 122 199 62 20 272 178 191 816 96 301 555 0 1620 1084 8 10 18 22 150 207 61 88 0 21 10 0
13 254 58 20 1685 1349 4097 148 139 682 1061 64 180 66 8 14319 11389 6759 7032 16471 6352 4302 67901 218 2849 1031 1322 1144 1147 1615 612 33500 27395 202 1078 1312 1154 2608 866 5439 10597 3581 54 4455 14 250 113 77 170 145 66 460 166 266 961 150 294 479 0 1734 1367 4 24 21 16 170 197 64 141 1 12 8 0
11 198 34 21 1211 677 3783 53 47 663 963 47 123 53 12 11609 6537 2789 5494 9698 2981 1432 69063 41 1686 737 711 996 535 1921 462 36371 25637 70 448 822 430 810 194 6363 7302 2417 62 4507 5 139 139 45 292 20 10 153 113 109 530 58 358 785 3 1239 715 16 4 9 21 94 197 51 51 4 13 19 1
19 301 138 33 2045 2851 3857 597 257 632 1541 198 256 159 15 16632 22623 12472 7878 18109 12425 15565 55223 1627 2915 1535 3634 1364 2008 2510 1711 27364 36369 1098 1980 1416 1943 4509 2793 4474 13339 8125 244 6071 59 234 265 395 356 198 178 706 232 613 1194 604 241 843 0 2131 2936 25 40 62 39 190 322 198 266 0 35 21 0
20 288 152 38 2061 2883 3569 674 234 645 1661 267 230 180 19 17047 24388 11355 8407 15804 11205 16488 51247 1841 3204 1562 4476 1356 2263 3123 2201 26919 38464 1528 1996 1299 1950 3651 2686 4651 12297 9129 353 6646 112 263 183 273 483 151 160 741 249 710 946 685 251 1111 0 2151 2929 31 31 28 41 196 369 267 239 0 21 28 0
14 249 63 28 1697 1412 3933 150 99 638 1233 108 197 90 16 14693 12345 6639 7292 15295 6658 4443 64825 192 2235 1212 1831 1259 962 2621 1104 32274 30035 288 1148 1332 862 1861 655 5324 10627 4048 145 4959 29 181 289 212 487 72 21 309 201 286 902 161 298 972 5 1786 1512 39 7 25 24 132 296 113 110 1 33 27 1
22 298 176 55 2054 3232 3441 789 247 614 2000 441 266 271 39 17149 25927 12769 8035 14719 11917 18917 47847 2128 2993 2219 6794 1230 2449 5060 3535 24543 41328 2328 1947 1201 1928 3682 2928 4266 13138 10767 955 7092 190 211 358 530 1504 139 136 723 381 1090 959 868 212 2088 59 2196 3432 204 25 64 116 192 619 468 270 13 45 97 5
15 225 75 30 1494 1320 3543 205 100 646 1322 127 154 106 17 14224 12457 4832 6674 10600 4743 4723 59437 315 2065 1112 1988 1144 950 2748 1000 31996 33075 397 795 904 879 1505 702 5793 8995 5138 186 6031 31 177 103 85 494 53 46 292 171 293 589 220 335 1065 5 1523 1365 43 8 16 31 116 289 133 104 3 13 31 1
12 217 47 19 1408 984 3816 102 70 685 983 55 140 54 9 13216 9138 4306 6463 11405 4189 2833 67266 122 2387 610 928 1012 925 1488 522 35218 26814 144 743 988 639 1210 415 6119 8427 3095 40 4648 10 224 86 58 119 35 15 223 131 140 633 102 325 559 6 1441 997 6 15 10 9 134 160 57 71 0 11 7 1
16 235 90 30 1686 1614 3541 283 110 634 1351 149 170 113 15 15176 15635 5977 7647 12181 6281 6765 57506 508 2096 919 2237 1423 1075 2529 1186 31188 34297 589 1151 1099 1065 1644 915 5539 9463 5922 176 6141 47 183 171 153 347 44 39 280 162 314 671 293 330 969 0 1748 1660 35 13 25 29 120 258 149 115 0 18 23 0
11 216 40 15 1385 889 3943 84 72 662 853 32 137 44 5 12798 8262 4257 6269 12538 4061 2430 70342 103 1845 442 552 1117 631 964 321 35886 24242 75 675 1016 684 1326 390 6113 8343 2591 25 4155 6 170 76 51 67 48 22 203 71 96 681 85 358 330 0 1409 902 0 6 8 8 105 101 32 72 0 9 4 0
16 254 92 28 1800 1829 3716 301 132 643 1323 141 197 103 15 15563 16636 7614 7952 14593 7645 7814 59010 574 2498 1021 2381 1297 1301 2229 1226 30770 33381 606 1333 1303 1196 2164 1139 5273 10750 5756 104 5765 47 217 221 243 179 66 51 395 182 337 834 301 297 849 20 1876 1865 10 10 34 14 144 261 145 137 0 27 11 2
11 205 36 19 1323 724 3814 59 62 657 940 50 131 47 9 12417 7046 3112 6196 10600 2936 1541 69317 45 1732 741 825 1094 495 1754 426 36078 25224 92 554 937 620 986 261 6186 7790 2475 47 4343 13 163 149 66 201 42 14 177 127 149 560 61 358 601 0 1353 753 10 6 15 13 95 177 50 63 1 14 11 0
13 240 55 23 1561 1192 3940 127 108 673 1114 77 179 70 12 13971 10326 5526 6761 13975 5255 3490 66600 165 2577 1047 1397 1071 997 2087 700 33639 28193 196 875 1124 922 1923 626 5666 10069 3560 86 4748 20 218 204 161 259 92 38 341 169 259 828 132 291 714 7 1638 1243 13 22 21 34 154 240 79 113 1 26 15 1
13 240 59 19 1593 1278 3917 159 123 674 1028 52 164 68 7 14335 11408 5975 6898 14039 5553 4356 66206 262 2538 703 939 1152 1018 1350 499 33694 27745 162 956 1137 1031 2118 832 5704 9802 3759 57 4706 3 209 82 56 158 100 56 401 98 173 793 161 321 442 0 1623 1302 9 22 20 17 148 150 52 123 0 10 9 0
19 273 134 37 1950 2480 3568 552 200 626 1586 226 224 170 21 16794 21658 9501 8202 14809 9756 13240 52831 1410 2596 1239 3523 1389 1713 3021 1817 27915 37540 1140 1687 1262 1755 3166 2109 4850 11712 8288 342 6610 57 224 260 315 561 128 115 564 210 556 897 570 273 1199 23 2033 2558 61 15 66 46 159 349 233 212 2 32 36 2
15 252 76 29 1712 1548 3834 207 130 665 1338 136 191 95 17 14803 13587 6542 7229 14751 6668 5392 61928 307 2776 1524 2530 1127 1246 2804 1138 31751 32228 450 1106 1236 1119 2248 893 5324 10600 4909 146 5469 52 242 203 186 342 95 44 408 259 441 871 210 279 962 16 1795 1593 22 30 27 35 166 338 140 135 0 23 20 2
18 271 121 32 1910 2349 3651 480 187 621 1468 175 208 146 15 16573 20501 9581 8056 15242 9560 12091 55102 1187 2361 1114 2859 1539 1502 2530 1519 28588 35892 859 1645 1249 1503 3066 1948 4949 11521 7452 241 6280 45 199 154 181 411 116 109 498 188 430 898 493 302 916 0 1961 2406 35 16 28 42 142 281 175 189 0 18 25 0
12 217 47 19 1470 999 3836 102 65 653 978 54 140 56 8 13200 9675 4437 6895 12356 4458 2876 67421 124 1915 597 911 1258 695 1494 543 35021 26828 132 797 1100 650 1164 409 5959 8368 3089 54 4599 13 173 102 63 154 40 11 176 112 123 649 104 352 535 0 1503 1020 4 3 4 11 102 151 54 66 1 10 9 0
11 230 34 21 1519 822 4117 49 77 667 986 56 169 47 13 12881 7265 4242 6782 15142 4072 1499 72157 29 2283 1191 1057 1081 636 2212 596 35672 24291 89 720 1235 729 1536 287 5674 9425 2215 46 3899 17 210 272 124 262 71 19 256 210 199 852 52 308 743 8 1595 868 13 7 23 23 135 263 60 81 0 27 14 2
10 208 32 13 1340 725 3996 58 64 683 767 24 126 34 4 11934 6862 3416 6254 12472 3392 1682 72736 57 2113 389 435 995 593 836 242 37394 22238 55 635 1098 633 1188 296 6242 7742 2074 10 3728 3 191 68 40 33 48 18 208 59 83 654 58 353 264 0 1364 729 1 12 5 5 115 85 24 64 0 7 2 0
18 297 118 35 2015 2555 3939 443 219 630 1544 205 256 149 19 16174 20181 11834 7905 18215 11551 12278 57866 1001 2845 1722 3736 1317 1820 3067 1873 28008 35366 948 1874 1451 1679 4005 2108 4459 13321 7042 279 5727 76 241 302 372 528 173 111 627 273 665 1187 466 242 1064 11 2124 2689 38 19 58 48 187 389 208 234 1 40 31 1
11 200 39 16 1274 770 3813 77 42 671 882 38 132 44 6 12030 7705 3028 5993 10626 3419 2014 68901 84 1832 486 635 995 587 1113 304 36704 25280 87 545 893 408 717 232 6363 7466 2660 28 4443 8 165 202 120 95 27 4 131 72 67 597 78 349 394 0 1337 793 2 2 7 6 104 114 38 47 0 20 5 0
17 279 99 37 1918 2089 3852 322 171 621 1553 186 240 147 25 15758 17216 9526 7772 16747 9146 8744 58951 618 2591 1979 3336 1292 1385 3629 1657 28939 34748 680 1493 1276 1450 2959 1441 4669 12463 6275 327 5722 40 208 404 322 884 123 75 461 332 535 1035 349 256 1343 26 2024 2252 72 13 53 67 159 459 208 191 6 44 50 4
13 236 59 19 1582 1277 3910 155 100 645 1031 60 162 64 7 14112 11620 5884 7011 14100 5773 4375 66146 238 2091 661 1087 1306 838 1388 546 33652 27985 202 962 1165 870 1829 686 5651 9597 3742 38 4784 14 181 91 84 107 73 32 273 126 176 795 156 343 441 0 1605 1295 2 7 18 6 113 149 60 100 0 12 5 0
