99 0 4150 701 0 0 0 98178 0 0 0 49811 0 8394 466 0 0 0 0 0 0 0 0 1474185 0 0 0 0 0 0 0 0 0 1497115 0 0 0 0 0 0 0 0 505746 0 126808 0 0 0 0 0 0 0 0 0 0 28372 0 0 28147 0 0 85177 0 0 0 0 0 14107 0 3506 0 1185 28
14 238 66 25 1653 1358 3806 172 95 637 1204 98 171 80 14 14710 12616 5859 7470 13905 5830 4642 63525 249 2049 1107 1812 1252 893 2349 871 32592 30552 315 1028 1196 875 1718 657 5532 9762 4282 92 5186 24 196 179 126 245 41 27 261 202 248 767 174 329 805 12 1695 1399 14 6 16 24 117 261 104 98 0 18 15 2
15 269 78 27 1867 1771 3995 227 148 664 1279 119 210 95 14 15292 14896 8583 8011 17303 8176 6590 63439 383 2987 1359 2287 1214 1426 2435 1157 31277 31198 413 1455 1377 1284 2758 1160 5069 11556 4766 133 5015 40 242 223 190 336 104 50 498 221 371 1017 233 267 815 8 1943 1835 15 25 31 27 182 291 122 154 0 25 17 1
15 253 75 30 1703 1568 3818 201 125 652 1350 134 187 104 16 15137 13600 7021 7426 14223 6686 5425 62046 293 2549 1562 2491 1189 1217 2995 1217 31313 32074 421 1104 1133 1043 2175 886 5337 10685 4880 181 5440 46 211 163 130 542 75 40 368 246 410 841 217 295 983 0 1767 1625 43 17 23 35 151 343 134 128 1 18 29 0
17 268 105 31 1913 2092 3737 375 182 650 1428 160 202 130 15 16145 18287 8709 8206 15584 8736 9615 57574 812 2852 1277 2759 1376 1597 2647 1365 29683 34767 698 1593 1304 1625 2949 1640 5024 11276 6543 220 5881 44 253 135 140 469 126 110 553 217 492 906 386 282 912 0 1981 2140 34 27 30 23 167 302 160 185 1 16 25 0
14 242 73 18 1711 1551 3826 235 110 667 1041 47 167 77 5 15120 14312 6914 7887 14140 6823 6555 63402 485 2504 362 765 1328 1234 885 449 32977 29506 186 1236 1241 1072 1923 964 5694 9778 4571 37 5037 6 215 102 79 79 64 33 340 70 111 790 236 318 322 0 1746 1563 0 16 17 1 141 93 47 111 0 10 4 0
16 256 91 29 1827 1846 3737 290 129 617 1356 150 190 104 16 15892 16640 7930 8158 14849 7800 7743 59355 527 2077 1185 2678 1545 1110 2550 1328 30353 33497 626 1434 1299 1204 2166 1105 5170 10736 5683 118 5700 56 185 168 159 232 85 41 307 215 388 843 292 318 914 20 1866 1876 12 16 21 17 120 291 154 131 0 17 13 2
20 299 139 51 2063 2753 3718 512 234 579 1912 376 274 214 38 16317 22081 11657 8248 17230 11420 12966 53251 1039 2374 2621 6367 1366 1594 5041 3211 25779 39247 1655 1934 1320 1812 3902 2225 4120 13545 8631 685 6314 204 230 455 546 1293 158 129 549 466 1041 1106 553 233 1984 62 2192 2957 153 23 98 110 153 654 404 253 6 57 78 6
13 235 59 19 1562 1287 3916 154 92 651 1027 62 161 63 7 14019 11549 5949 6925 14244 6082 4410 66280 232 2082 629 1110 1228 897 1315 606 33667 28003 212 992 1217 820 1677 650 5762 9496 3732 34 4809 16 187 106 95 63 66 25 271 92 163 801 154 335 446 0 1589 1299 1 5 11 9 118 144 62 93 0 12 4 0
19 292 133 38 2061 2675 3737 540 211 635 1659 233 250 175 21 16692 22125 11386 8523 16887 11145 13969 54403 1350 3013 1959 4307 1293 1974 3496 1894 27447 37353 1143 1958 1389 1752 3449 2201 4498 12937 8152 390 6211 61 242 296 385 770 137 104 631 337 681 1054 564 236 1158 10 2160 2819 75 34 53 66 193 437 238 221 2 38 42 1
11 218 39 16 1336 854 3976 76 80 688 882 40 142 43 6 12508 7627 3999 5839 12366 3835 2108 70741 78 2340 572 742 893 735 1194 364 35980 24348 99 586 920 686 1480 386 6209 8527 2529 22 4198 8 193 92 69 71 67 28 269 86 146 718 76 325 384 0 1370 873 3 19 8 8 135 132 40 80 0 12 4 0
13 235 58 20 1551 1227 3900 151 101 658 1047 58 172 69 8 14136 10903 5528 6909 13778 5472 4111 66114 235 2144 689 1025 1128 916 1419 504 33716 28086 175 910 1137 946 1769 652 5753 9697 3745 66 4814 5 175 216 152 209 80 45 276 129 153 808 154 323 501 0 1612 1272 10 11 23 19 128 164 58 106 1 23 11 0
11 233 41 14 1502 994 4149 90 95 695 836 28 155 43 4 13151 8591 5101 6666 15234 4922 2735 72143 116 2673 534 600 1039 859 834 286 35929 23453 76 858 1235 821 1923 519 5920 9274 2543 14 3856 4 204 86 59 39 83 36 343 91 107 876 90 307 241 0 1540 1002 0 22 11 3 154 101 28 96 0 10 2 0
13 225 57 21 1548 1131 3769 143 96 648 1073 65 152 68 10 14237 10931 4685 7202 12279 4512 3668 64931 210 1966 751 1113 1238 751 1715 549 33853 28734 190 889 1078 893 1584 605 5850 8952 3775 63 4931 10 193 122 74 210 61 38 277 134 174 662 147 344 604 7 1577 1152 8 10 26 15 110 183 67 96 1 15 11 1
17 271 99 37 1908 1982 3769 317 168 628 1552 196 233 142 25 15925 17174 8474 8230 15805 8191 8094 58135 584 2516 1803 3391 1240 1363 3635 1619 29233 35208 726 1418 1299 1462 2754 1373 4847 12005 6347 313 5826 61 221 393 353 741 120 74 483 328 578 953 337 254 1354 27 2034 2142 61 16 52 62 155 451 219 181 4 45 44 4
14 258 66 25 1743 1499 4037 174 133 660 1193 92 198 86 12 14630 12714 7166 7516 16690 7166 5055 65604 265 2589 1229 1689 1147 1140 2226 905 32397 29561 275 1183 1349 1133 2588 893 5266 10982 4159 118 4837 23 243 230 164 376 100 52 428 190 319 992 186 287 734 0 1819 1570 21 20 32 27 158 261 92 137 1 25 20 0
14 263 68 23 1707 1571 4111 189 146 654 1160 84 198 81 10 14781 12820 7730 7102 17040 7791 5554 66244 308 2472 1215 1617 1200 1166 1879 799 32191 29154 282 1194 1313 1120 2893 1020 5258 11233 4197 91 4788 17 196 170 147 256 133 61 431 159 325 1053 192 294 597 0 1775 1614 13 15 24 27 156 233 84 149 1 20 13 0
19 280 133 38 2035 2577 3636 538 181 599 1625 236 238 175 20 16908 22533 10464 8681 15983 10561 13612 53549 1339 2297 1590 3985 1603 1518 3315 1948 27452 37568 1141 1892 1404 1606 2932 1952 4623 12241 8209 407 6388 74 207 340 399 707 100 71 453 265 579 973 563 278 1177 0 2123 2716 74 12 46 48 138 385 236 193 0 38 42 0
14 239 67 24 1685 1354 3819 182 121 668 1165 88 173 82 12 14342 12560 5718 7677 14404 5925 4719 63583 290 2609 815 1441 1217 1066 2072 776 33013 30293 279 1072 1243 1179 1997 830 5587 9726 4351 98 5141 17 225 168 126 253 74 55 389 149 261 779 186 299 730 7 1748 1391 17 22 24 19 148 217 91 129 0 20 15 1
13 218 57 21 1465 1104 3719 140 70 665 1088 70 142 67 9 13593 10735 4466 6843 11444 4536 3557 64363 195 2166 807 1318 1123 857 1783 585 34254 29197 206 775 970 670 1083 470 6052 8476 3816 66 5145 17 170 88 70 187 50 17 234 136 150 618 142 342 576 0 1490 1125 9 10 7 14 117 188 70 71 0 10 10 0
10 215 30 15 1295 718 4117 48 64 687 815 30 137 36 6 11870 6269 3610 5630 13359 3717 1456 74018 39 2189 728 594 911 617 1227 312 37088 22154 54 543 1057 550 1284 270 6199 8244 1944 23 3743 4 183 98 51 120 61 12 221 114 116 766 49 330 383 0 1328 736 5 8 8 10 129 140 30 64 0 11 6 0
16 251 92 28 1740 1755 3699 306 142 651 1354 129 186 112 13 15348 15857 6880 7499 14084 7066 7515 58843 615 2530 1294 2322 1250 1347 2429 986 30953 33769 520 1175 1134 1305 2378 1197 5370 10462 5951 160 5918 36 223 137 157 351 96 58 379 198 385 809 318 306 784 0 1805 1802 22 12 26 36 146 277 129 144 0 18 20 0
15 253 80 25 1760 1658 3822 243 133 657 1232 110 193 91 11 15360 14863 7257 7830 14863 7087 6464 61796 428 2679 942 1937 1224 1279 2006 973 31595 31526 432 1249 1219 1154 2299 1063 5382 10700 5021 95 5358 34 215 206 205 185 78 48 383 169 315 870 245 289 675 0 1832 1707 10 21 28 15 152 225 110 136 0 24 11 0
9 183 25 11 1068 530 3875 41 32 675 674 12 98 28 3 10436 5263 2349 5218 8847 2438 1168 73685 39 1471 146 163 889 400 510 130 38755 20831 18 372 782 324 580 151 6778 6185 1703 12 3659 0 124 66 19 48 14 3 102 34 25 469 42 381 218 0 1077 538 0 3 1 4 78 47 12 33 0 5 3 0
17 272 103 33 1928 2052 3774 351 187 647 1476 181 225 130 18 15867 17797 8574 8239 16294 8450 8829 57935 703 2831 1571 3174 1223 1535 3028 1459 29557 34788 746 1453 1280 1697 3097 1604 4916 11865 6443 250 5808 69 259 288 316 470 138 94 552 270 564 954 360 254 1033 8 2055 2156 28 26 55 53 175 359 186 192 2 35 27 1
22 290 179 52 2071 3132 3416 832 246 590 1954 410 256 264 34 17113 26885 11441 8359 15082 11815 18901 47403 2380 2481 2074 6186 1469 1967 4619 3075 24923 41434 2242 1902 1281 2029 3676 2939 4290 12617 11106 897 7276 165 240 329 498 1324 144 171 599 346 968 953 907 245 1863 30 2176 3336 166 30 71 98 156 566 430 260 8 43 87 3
18 284 114 39 1963 2300 3796 401 211 626 1616 232 245 157 26 16219 19123 9877 8055 16862 9663 10298 56734 825 2731 1896 3901 1258 1607 3667 1969 28167 36219 965 1538 1321 1770 3637 1845 4617 12611 7105 367 5968 83 211 383 384 707 157 109 544 280 772 1044 418 242 1393 36 2095 2428 63 41 72 67 173 459 250 221 5 45 44 4
16 256 88 32 1758 1740 3736 269 127 638 1428 154 209 117 20 15665 15522 7352 7572 14153 7115 6884 59501 477 2419 1577 2768 1213 1234 3010 1277 30386 33860 548 1147 1242 1097 2092 981 5234 11119 5733 208 5790 50 200 316 292 468 67 48 378 243 411 860 285 278 1098 20 1854 1845 32 15 35 39 142 380 166 133 0 36 31 3
14 230 65 26 1592 1227 3693 168 101 654 1233 98 164 80 18 14525 11693 4803 7265 12021 4662 4048 62507 251 2347 1238 1790 1178 909 2531 742 32885 31005 287 926 1065 977 1527 654 5710 9363 4334 100 5361 20 194 173 123 263 61 37 307 182 276 665 170 314 952 34 1649 1261 10 13 21 24 125 293 102 105 1 20 21 5
18 266 119 34 1932 2253 3584 454 164 620 1515 198 213 146 18 16788 20379 9056 8620 14430 8793 11235 54663 1056 2376 1290 3267 1464 1447 2883 1581 28640 36385 923 1559 1291 1526 2558 1647 4977 11356 7437 278 6329 68 201 237 280 467 72 66 434 245 494 846 462 289 1043 11 2014 2334 31 16 43 31 142 328 201 168 2 29 27 1
18 284 113 40 1976 2304 3876 389 212 617 1624 241 238 159 27 15495 19093 9825 8048 18151 10573 10108 57360 764 2501 1631 4047 1383 1528 3765 2086 28347 36553 994 1703 1424 1738 3827 1893 4519 12371 6955 376 5953 97 243 305 317 879 168 112 556 310 721 1116 415 256 1472 29 2066 2409 69 32 74 74 161 463 262 220 1 35 49 4
15 232 80 25 1618 1467 3631 246 111 647 1231 104 164 94 11 14764 14023 5547 7377 12497 5832 5915 59968 453 2130 800 1644 1264 1021 1968 791 32196 32456 386 974 1052 1069 1743 879 5705 9311 5250 117 5798 30 207 161 131 242 65 45 313 137 251 681 251 331 705 0 1666 1502 9 9 20 24 121 203 104 114 1 16 14 0
11 233 36 19 1479 867 4152 64 84 671 969 41 163 50 10 12889 7430 4504 6365 15111 4281 1914 72512 61 2351 1337 901 1065 655 2010 388 35473 24148 75 730 1249 687 1663 387 5732 9530 2376 50 3951 1 185 160 67 304 77 19 264 192 171 872 68 319 567 2 1548 915 11 11 11 30 135 242 46 89 1 18 14 1
13 244 57 21 1629 1293 4002 144 105 661 1069 62 178 71 9 14352 11365 6221 7089 15259 6127 4211 67101 215 2390 904 1138 1193 965 1735 597 33530 27815 178 1005 1272 874 2012 696 5573 10140 3627 74 4635 5 206 182 123 277 76 31 326 156 208 889 150 309 559 0 1688 1346 17 19 18 14 140 195 62 108 0 20 14 0
12 234 47 19 1485 1084 4055 101 83 675 986 56 169 55 8 13441 9283 5285 6413 14502 5389 3014 69493 118 2412 777 1082 1013 937 1524 566 34782 26101 144 873 1181 679 1639 458 5818 9604 2992 46 4388 14 204 185 129 134 61 23 248 129 165 875 103 313 498 0 1548 1125 6 10 20 11 142 176 56 87 0 22 8 0
13 229 56 22 1449 1145 3856 133 108 675 1073 74 157 69 10 13600 10083 4911 6191 12550 4964 3552 65823 175 2410 673 1161 1007 984 1702 672 33858 28501 208 701 985 956 1927 596 5952 9176 3642 76 4991 19 173 144 89 225 104 64 337 93 220 748 138 315 662 0 1478 1171 11 13 23 25 142 184 74 109 1 14 13 0
17 258 105 31 1800 1972 3659 373 165 648 1438 164 194 128 15 15883 17500 7852 7712 14353 8031 8978 56832 796 2553 1217 2834 1303 1528 2649 1288 29957 35252 723 1323 1207 1507 2596 1501 5225 10781 6684 211 6197 50 244 160 163 411 99 82 431 191 456 843 381 295 910 0 1858 2019 32 23 38 29 154 302 164 167 0 18 23 0
14 236 70 21 1569 1431 3812 204 99 661 1107 77 166 74 9 14566 12844 6084 6938 13367 6529 5501 63398 351 2284 634 1286 1140 1112 1394 684 33015 30073 302 1019 1105 847 1730 781 5784 9528 4444 32 5278 17 200 149 124 70 62 25 324 98 190 786 204 316 543 9 1609 1446 3 3 19 3 132 156 78 101 0 15 4 1
22 331 187 44 2215 3884 3834 938 325 607 1809 351 304 224 27 16961 28706 17277 8358 19294 17153 25042 50735 2955 3049 1780 5763 1272 2705 3371 3154 24239 39515 2294 2640 1454 2319 5749 4253 3902 14863 10496 454 6328 130 237 361 677 660 257 215 871 288 1003 1360 960 197 1368 58 2351 4002 58 37 108 47 209 465 363 336 1 52 38 4
19 279 137 34 2011 2593 3627 587 208 630 1563 203 225 162 17 16757 22784 10344 8451 16092 10379 14273 53278 1583 2720 1299 3493 1490 1830 2792 1606 27900 37411 1098 1713 1324 1826 3370 2295 4762 11940 8397 266 6480 54 232 235 300 412 140 111 570 209 572 953 598 273 963 10 2086 2656 33 19 44 36 168 323 208 212 0 26 25 1
23 298 199 54 2146 3502 3395 993 257 580 1998 457 271 286 35 17433 29620 12873 8629 15691 13364 22877 45685 3079 2494 1990 6716 1465 2166 4649 3518 24035 42198 2739 2190 1363 2110 3876 3382 4125 12976 12051 1002 7361 180 229 395 623 1303 127 146 604 336 1011 1011 1064 233 1901 32 2277 3712 181 18 100 95 158 561 480 271 7 51 88 3
19 280 128 43 2004 2448 3611 473 187 609 1728 289 245 179 28 16643 21221 9992 8551 15364 9579 11693 53627 1004 2505 1996 4864 1357 1565 4096 2321 27233 37997 1292 1650 1346 1662 2925 1795 4636 12409 8045 470 6400 129 212 392 456 882 107 79 516 351 751 937 498 250 1544 32 2129 2589 94 21 66 59 155 497 300 205 2 49 52 3
20 273 149 41 1985 2645 3439 643 194 604 1702 278 226 197 22 17189 23766 9867 8648 14320 9776 14930 50282 1712 2368 1477 4317 1493 1648 3494 2118 26874 39081 1455 1703 1178 1684 2872 2164 4770 11704 9316 494 6971 100 203 285 347 747 110 113 484 277 647 844 679 280 1311 0 2073 2781 75 12 45 50 138 395 278 202 4 32 48 0
17 278 104 32 1856 2184 3862 362 197 647 1422 172 224 130 16 16177 17789 9700 7655 16007 9674 9748 58870 746 2805 1321 2756 1232 1677 2552 1599 29221 34173 741 1501 1274 1477 3504 1772 4970 12055 6349 231 5744 54 229 262 266 446 163 116 583 175 529 1030 371 258 978 0 1942 2259 38 26 31 37 177 306 172 207 1 28 26 0
14 255 64 27 1716 1403 3981 154 141 654 1220 112 205 82 16 14726 12000 6578 7432 15688 6312 4243 65261 196 2591 1257 1903 1124 1054 2517 1066 32196 29708 316 1052 1275 1201 2582 842 5298 11029 4050 121 4859 41 213 329 236 315 110 59 415 195 379 951 157 274 912 13 1822 1465 19 20 56 32 156 295 117 150 0 36 19 2
13 248 53 25 1617 1197 4040 112 110 665 1171 86 194 75 13 14132 9955 5771 6965 15351 5571 3180 67649 122 2578 1510 1677 1032 979 2471 807 33266 28174 202 1007 1210 968 2051 578 5470 10658 3473 106 4627 25 203 273 181 400 83 37 315 222 307 930 122 283 785 0 1723 1291 29 14 25 44 154 301 86 120 1 32 22 0
20 307 145 45 2073 2983 3800 586 252 596 1772 326 287 200 28 16787 23058 13226 8120 17695 12909 15453 53761 1393 2569 2072 5306 1269 1877 3890 2906 25747 38181 1597 2056 1402 1959 4276 2669 4204 14064 8645 580 6186 158 229 469 646 928 181 137 648 311 913 1204 616 222 1547 18 2201 3199 82 32 104 72 174 511 338 263 5 60 56 2
8 190 17 11 1067 395 4061 18 38 702 653 14 103 20 4 10092 3681 1971 4803 10313 1819 534 77752 8 2083 706 341 808 358 1033 121 39539 18119 16 303 854 316 714 82 6698 6599 1155 8 3087 1 156 28 14 64 30 12 149 113 62 558 18 362 245 0 1086 401 2 6 0 10 111 115 14 38 0 4 3 0
13 247 55 23 1627 1223 4020 131 123 665 1121 70 187 72 13 14137 10425 5833 6994 15483 5543 3654 67352 181 2495 1227 1290 1104 951 2129 619 33358 27934 183 978 1204 1070 2263 725 5509 10492 3557 81 4633 7 195 219 139 321 97 47 357 189 278 907 139 291 728 11 1701 1290 18 18 23 31 151 260 75 132 0 27 18 2
15 251 77 28 1753 1580 3811 223 133 641 1304 116 182 100 16 15187 14200 6873 7625 14854 6766 5935 61789 378 2366 1321 2105 1382 1117 2682 1031 31488 32047 389 1162 1242 1220 2210 956 5289 10451 4966 155 5387 24 225 121 103 406 105 67 379 241 353 835 231 309 922 11 1793 1626 25 13 21 42 136 301 125 135 1 15 24 2
17 269 104 32 1855 2091 3749 359 168 640 1457 178 210 127 16 16054 17944 8911 7797 15368 8795 9291 57807 722 2646 1506 3182 1348 1492 2783 1540 29395 34810 778 1449 1272 1364 2793 1507 5038 11534 6488 216 5963 66 208 204 229 406 100 75 500 249 505 926 366 285 957 0 1921 2138 31 23 38 35 159 332 178 172 0 23 23 0
13 246 60 18 1669 1366 4026 163 114 654 1004 54 177 63 6 14519 11920 6573 7341 15731 6529 4751 67157 263 2303 608 1019 1305 960 1119 519 33523 27405 195 1179 1319 1035 2159 801 5531 10199 3705 25 4561 11 214 163 130 52 96 39 317 99 171 914 163 319 367 0 1720 1382 1 12 22 6 133 132 54 115 0 17 3 0
11 209 39 16 1326 833 3877 78 62 674 877 36 128 45 6 12403 7846 3756 6197 11309 3745 2178 69765 87 1991 462 619 1029 661 1144 355 36182 24754 83 650 953 567 1078 339 6281 7873 2583 31 4299 5 163 70 40 114 43 15 199 76 97 617 79 355 403 0 1345 843 2 8 4 6 110 118 36 63 1 7 6 0
11 227 41 14 1425 966 4083 89 87 683 842 30 144 42 4 13072 8471 4914 6100 14094 4742 2682 71572 110 2439 540 637 996 833 873 289 35865 23717 88 752 1091 726 1722 469 6016 8905 2565 7 4007 5 205 41 33 22 68 31 256 87 121 804 89 330 246 0 1438 968 0 13 5 3 135 101 30 87 0 5 1 0
14 243 67 24 1687 1418 3869 180 108 645 1167 91 179 82 11 14712 12840 6283 7658 14761 6411 4944 64026 276 2224 887 1571 1311 994 2004 852 32642 30073 297 1128 1236 1011 1923 783 5491 10056 4299 98 5072 20 208 209 152 270 72 30 307 172 251 845 184 315 694 0 1740 1462 20 10 23 12 126 220 91 114 0 21 15 0
19 312 127 44 2046 2800 3994 460 246 612 1746 298 289 183 28 15935 20659 13316 7804 18866 13010 12968 57109 950 2889 2403 5207 1147 1963 4162 2834 26524 36894 1263 2012 1481 1789 4592 2315 4134 14402 7575 546 5742 158 218 423 578 1016 183 125 662 345 979 1314 488 206 1536 17 2207 3008 78 29 87 79 192 546 311 260 7 58 56 2
17 274 101 35 1898 2072 3830 336 170 635 1520 184 226 139 21 15891 17392 8921 7857 16330 9147 8810 58647 657 2690 1756 3316 1295 1489 3327 1575 29354 34963 714 1550 1362 1462 2981 1493 4830 11957 6385 286 5820 61 237 286 278 697 114 64 463 292 556 1002 362 259 1180 15 2006 2199 47 24 41 47 167 404 193 180 4 36 39 2
17 272 102 34 1848 2080 3846 340 169 643 1500 189 217 132 19 15425 17349 8815 7519 16510 9499 8943 58679 653 2683 1663 3405 1264 1580 3175 1642 29579 35024 770 1428 1355 1432 3031 1434 4944 11718 6390 251 5888 76 220 204 251 522 105 82 503 242 569 1027 357 259 1103 9 1929 2164 40 25 33 47 169 380 193 173 0 27 30 1
17 275 105 31 1861 2148 3816 376 205 635 1400 159 221 129 16 16429 17705 9447 7523 15815 9112 9738 58401 821 2587 1132 2512 1310 1550 2415 1448 29193 34140 691 1418 1329 1755 3575 1891 4966 11937 6439 215 5772 40 218 264 236 381 151 116 551 159 473 995 383 279 941 8 1913 2228 33 29 57 38 158 285 164 211 0 29 24 1
15 263 78 27 1754 1697 3926 233 147 645 1291 106 200 103 13 15288 14333 7984 7375 15828 7493 6467 62882 417 2553 1441 2067 1274 1230 2465 958 31104 31377 361 1242 1213 1156 2677 1123 5177 11307 4939 159 5248 16 192 157 146 489 105 63 382 222 348 950 247 290 777 0 1822 1769 31 21 28 45 153 294 106 150 3 21 25 0
21 303 158 52 2104 3087 3715 654 242 583 1937 397 276 246 33 16205 24602 12645 8334 17992 13649 16562 51512 1580 2431 2287 6475 1425 1898 4893 3408 25296 40358 1940 2162 1469 1942 4131 2654 4030 13500 9677 854 6581 180 212 414 561 1445 159 127 581 369 1035 1172 718 234 1861 11 2230 3328 201 23 79 113 162 609 403 257 9 51 88 1
16 268 97 23 1841 2077 3887 359 174 671 1209 88 193 105 8 15713 17669 9247 7783 16475 9525 9942 60307 847 2924 570 1412 1258 1717 1348 881 30830 32250 422 1535 1374 1373 3171 1691 5259 11163 5852 72 5468 14 234 66 82 152 120 100 607 91 236 978 363 287 507 0 1861 2086 6 26 11 12 180 149 88 175 0 8 8 0
15 258 75 30 1748 1622 3884 214 133 645 1324 113 200 107 21 15125 13805 7497 7519 15260 7284 5986 62601 372 2624 1370 1932 1199 1211 2872 1115 31183 31645 331 1216 1269 1105 2377 1011 5235 11064 4821 187 5282 11 203 246 163 561 98 50 397 224 336 905 231 276 1131 29 1816 1707 30 12 18 50 150 336 129 146 3 28 37 5
17 279 106 30 1942 2256 3836 378 176 640 1416 168 220 120 14 16277 18808 10293 8124 16606 9807 10385 58562 790 2869 1393 3121 1363 1646 2536 1550 29107 34169 801 1705 1356 1483 3039 1666 4902 12127 6394 150 5686 64 253 194 245 247 110 75 536 210 483 1007 380 279 824 0 2008 2297 13 16 30 27 166 301 168 179 0 23 14 0
13 246 50 28 1631 1164 4061 102 94 632 1228 80 186 84 20 13883 9964 5777 7035 15900 5792 3057 68036 113 2036 1629 1529 1230 753 3147 809 33066 28603 164 915 1265 814 1933 532 5295 10412 3343 114 4626 11 196 227 128 724 61 20 253 299 244 935 126 308 1106 11 1698 1255 34 6 22 58 121 371 99 96 2 26 37 4
14 246 72 19 1656 1544 3855 223 126 679 1068 60 167 75 6 14960 13496 7057 7233 14158 6659 6173 63719 426 2860 537 1073 1190 1321 1120 572 32684 29437 249 1175 1175 1115 2173 1043 5712 10050 4471 28 5046 11 208 51 51 57 89 49 431 60 170 809 223 307 380 0 1679 1550 1 17 9 8 158 124 60 126 0 6 3 0
10 203 31 14 1277 675 3944 51 58 672 790 31 123 33 5 11904 6478 3047 6059 11457 3071 1445 72361 41 1875 444 541 977 495 1024 293 37274 22576 65 575 967 511 1058 237 6375 7507 2043 12 3842 8 160 80 46 33 38 15 193 80 102 604 51 355 333 0 1306 682 0 5 10 2 101 103 31 58 0 9 2 0
11 232 37 18 1471 898 4164 66 82 673 932 44 163 47 8 12797 7734 4633 6486 15283 4633 2028 72537 62 2343 1039 892 1045 701 1662 437 35662 23993 84 770 1167 667 1668 381 5798 9400 2385 42 3939 10 198 152 90 207 73 16 264 168 174 900 70 310 489 0 1536 937 8 9 15 19 136 196 44 86 0 19 10 0
17 260 99 37 1823 1935 3682 312 148 622 1519 202 205 145 21 15636 17116 7992 7931 14748 8083 7992 57443 557 2296 1417 3262 1368 1308 3489 1757 29395 35403 725 1357 1225 1300 2480 1266 5059 11050 6353 349 6061 83 194 249 223 782 93 64 382 238 465 855 341 293 1310 0 1893 2040 73 16 36 70 138 385 202 155 4 27 46 0
12 227 45 21 1442 961 3940 91 84 660 1044 59 162 59 11 13465 8673 4378 6332 12841 4196 2495 68590 101 2068 1073 1120 1049 682 1905 511 34586 26668 127 682 1058 714 1519 403 5874 9303 3026 66 4546 11 186 195 106 240 62 26 271 164 208 765 95 321 647 4 1503 1012 13 8 20 22 121 235 63 89 0 23 14 1
9 194 26 10 1149 593 3995 44 39 685 665 12 108 26 2 10812 5624 2812 5366 10839 2893 1311 74799 41 1806 246 262 910 488 434 116 38626 20252 28 466 901 373 769 184 6593 6842 1708 0 3488 1 145 30 21 0 20 4 126 51 32 582 44 371 127 0 1168 593 0 6 3 0 99 49 12 39 0 4 0 0
15 250 76 29 1709 1544 3771 208 133 647 1326 133 182 98 16 15032 13552 6681 7527 13888 6285 5393 61570 310 2472 1456 2411 1262 1138 2775 1170 31333 32070 443 1135 1202 1244 2211 948 5383 10484 4906 157 5455 45 222 132 120 391 73 54 396 216 414 799 213 298 961 7 1749 1594 29 17 20 31 143 316 137 134 1 16 22 1
10 196 30 15 1226 628 3872 46 39 670 828 34 115 34 6 11355 6178 2765 5932 10352 2741 1268 71727 32 1692 579 668 1026 453 1295 315 37413 23218 65 492 886 422 689 162 6466 7088 2052 17 4000 9 143 61 39 68 19 5 126 112 80 537 47 367 392 0 1261 640 2 4 5 6 91 134 34 39 0 8 4 0
11 225 37 18 1451 849 4099 67 81 659 925 42 157 48 8 12686 7668 4097 6393 14750 4249 1948 71942 68 1990 869 808 1155 611 1607 407 35810 24313 72 693 1189 745 1599 353 5809 8995 2431 48 4004 10 185 183 82 192 78 24 200 142 163 839 72 333 502 0 1509 898 7 17 19 17 116 182 42 86 0 20 11 0
16 254 90 30 1748 1760 3741 289 151 652 1380 138 184 117 16 15039 15585 7217 7414 14640 7464 7274 59393 553 2599 1282 2449 1307 1365 2693 1158 30826 33723 524 1190 1183 1347 2528 1228 5290 10504 5789 188 5841 37 238 109 96 496 108 82 436 212 384 840 309 296 952 7 1790 1799 29 20 28 47 154 308 143 153 2 13 27 1
13 229 56 22 1569 1153 3822 133 89 657 1087 75 165 67 11 14071 10733 4964 7168 13113 4880 3581 65450 173 2248 777 1272 1204 841 1883 658 33826 28615 220 943 1112 856 1492 532 5784 9313 3668 63 4875 16 192 199 140 180 65 29 278 152 214 717 135 320 662 6 1634 1195 12 3 18 14 125 204 78 96 0 22 11 1
15 256 80 25 1748 1686 3826 243 144 656 1230 111 190 89 12 15609 14633 7661 7592 14677 7078 6544 61852 428 2625 998 1950 1257 1287 1970 1027 31363 31301 440 1245 1232 1260 2416 1155 5393 10829 4974 81 5322 34 218 161 159 166 114 57 422 160 327 856 243 293 704 9 1795 1705 7 23 31 12 156 231 113 145 0 18 9 1
17 274 108 28 1923 2195 3824 406 205 652 1357 140 211 122 12 15943 18833 9325 8116 16829 9620 10461 58205 943 2820 986 2323 1332 1658 2046 1236 29734 34091 681 1569 1321 1753 3500 1956 4986 11669 6576 141 5783 36 243 167 194 240 153 131 597 165 439 999 409 274 728 0 1984 2229 16 32 28 21 173 237 140 210 0 19 14 0
11 238 37 18 1453 928 4237 65 92 696 926 46 171 46 8 12808 7552 5015 6096 15706 4875 2037 73249 58 2670 1035 942 884 870 1618 492 35667 23616 90 734 1217 726 1964 410 5810 9817 2327 41 3884 11 208 164 104 168 83 24 307 138 190 966 67 290 487 0 1529 966 8 17 18 24 168 196 46 96 0 21 9 0
21 302 169 41 2156 3282 3622 795 255 619 1732 313 258 200 22 17432 26870 13381 8725 17037 13366 20109 50250 2308 2998 1532 5085 1449 2375 3243 2634 25683 39241 1937 2326 1454 2144 4195 3104 4355 13134 9894 394 6642 132 260 304 445 508 165 154 696 262 823 1087 810 235 1234 15 2239 3358 42 26 79 39 188 400 315 259 0 34 31 1
15 236 81 24 1647 1509 3635 255 117 647 1237 98 162 92 10 15055 14409 5933 7515 12360 5729 6146 59997 482 2225 957 1803 1350 1052 1939 755 31932 32333 391 1024 1047 1081 1789 933 5680 9549 5298 92 5740 24 192 90 79 191 65 52 318 161 266 680 258 335 617 0 1680 1531 8 11 15 17 123 213 98 119 1 10 11 0
9 190 25 11 1159 536 3946 39 43 661 690 16 104 26 3 10895 5374 2418 5554 10449 2449 1075 74398 32 1336 326 327 1049 327 667 144 38492 20592 31 435 887 433 787 174 6540 6620 1681 5 3536 2 129 38 19 19 23 8 111 70 46 537 39 391 196 0 1168 536 0 2 5 4 71 70 16 43 0 4 1 0
15 257 74 31 1735 1575 3903 193 122 644 1383 140 198 103 19 14904 13488 7060 7287 15745 7214 5276 62839 269 2404 1817 2711 1225 1149 3178 1291 31297 32243 429 1184 1240 1031 2196 835 5159 10959 4820 178 5369 47 214 223 177 539 80 43 351 285 407 935 204 290 1081 14 1827 1660 44 11 23 43 149 387 148 126 1 25 29 2
16 257 87 33 1807 1703 3748 259 152 634 1432 160 208 121 20 15363 15295 7111 7899 14763 6897 6431 59537 438 2437 1479 2691 1278 1154 3249 1326 30462 33828 554 1203 1258 1387 2478 1126 5131 11057 5687 231 5721 49 210 299 272 548 119 69 416 231 496 861 276 278 1146 15 1905 1797 51 10 43 52 147 373 167 161 2 35 35 2
17 275 98 38 1843 2037 3846 307 171 621 1567 202 227 145 26 15576 16676 8917 7533 16201 9036 8231 58945 555 2502 1952 3476 1295 1385 3702 1839 29016 35038 701 1432 1282 1353 3096 1415 4777 12080 6261 344 5829 73 216 255 263 835 126 73 444 325 586 1017 332 263 1429 29 1936 2162 70 17 50 65 154 468 219 180 3 34 50 4
13 236 58 20 1532 1251 3933 145 108 656 1041 70 162 63 8 14004 11074 5759 6616 13942 5803 4021 66457 201 2222 646 1200 1226 915 1421 680 33678 28018 230 836 1108 946 2047 720 5762 9546 3667 41 4816 21 173 116 87 91 78 39 294 114 193 813 145 324 517 0 1571 1261 2 12 19 10 126 159 70 110 0 12 5 0
17 278 106 30 1977 2173 3840 383 205 644 1417 159 224 123 15 16070 18614 9401 8392 17169 9287 9873 58435 830 2843 1371 2881 1341 1571 2565 1329 29475 34288 750 1663 1359 1779 3460 1866 4826 12075 6470 151 5672 48 243 232 254 306 146 114 575 229 525 1019 391 265 846 10 2072 2239 20 34 52 27 173 309 162 211 0 28 17 1
17 256 103 33 1839 1931 3597 352 147 624 1469 178 201 133 17 16199 17800 7631 8193 13867 7321 8602 56463 703 2282 1363 2992 1419 1224 2995 1412 29585 35317 751 1346 1160 1337 2266 1259 5164 10890 6631 245 6159 59 207 256 238 489 90 82 406 216 436 789 369 299 1036 0 1913 2026 43 11 31 48 130 331 178 154 2 27 30 0
12 221 50 16 1460 1067 3875 124 81 669 920 37 141 54 5 13608 9897 4802 6620 12468 4797 3468 67668 187 2112 377 603 1144 837 949 359 35071 26337 107 810 1065 770 1429 532 6060 8570 3240 29 4540 6 188 79 47 65 57 24 255 82 113 689 125 345 331 0 1477 1077 0 7 4 3 118 97 37 82 0 7 4 0
22 311 179 52 2117 3443 3621 822 282 605 1954 430 285 254 34 16890 26605 14224 8095 17231 14134 20437 49131 2257 2982 2083 6807 1213 2471 4495 3595 24391 40851 2442 2251 1363 2172 4539 3364 4110 13845 10622 837 6799 194 206 396 620 1271 192 189 734 363 1108 1144 869 200 1833 29 2259 3642 148 27 108 90 194 581 453 295 7 53 76 3
16 252 90 30 1748 1753 3741 288 152 631 1339 140 192 116 16 15273 15811 7057 7543 14775 7598 7316 59368 552 2261 990 2065 1315 1163 2439 1195 30729 33491 518 1188 1212 1349 2608 1238 5292 10498 5743 194 5808 44 207 192 183 451 106 82 407 155 354 854 306 305 985 7 1795 1808 27 16 45 41 130 265 145 159 0 23 26 1
17 270 102 34 1917 2066 3771 346 161 620 1490 176 221 140 18 15984 18087 8891 8280 16022 8871 9024 58064 700 2315 1583 3105 1478 1361 3141 1541 29301 34923 691 1545 1348 1422 2665 1445 4876 11721 6474 288 5843 54 196 287 275 649 119 65 394 265 479 959 374 284 1077 0 2012 2187 57 11 36 48 144 366 176 176 2 33 38 0
13 230 54 24 1513 1113 3883 115 100 665 1121 90 163 69 12 13520 10022 4710 6772 13568 5052 3015 66010 119 2250 905 1516 1104 876 2130 843 33910 28792 233 812 1124 910 1749 550 5795 9281 3546 90 4926 33 183 171 130 243 86 36 307 167 265 775 118 311 780 0 1577 1143 16 11 26 23 136 233 90 102 1 19 15 0
20 283 146 44 2039 2716 3565 607 224 593 1741 306 236 195 32 16854 23443 10560 8443 15821 10798 14602 51564 1528 2315 1654 4725 1547 1606 3943 2547 26482 38961 1544 1839 1353 1928 3582 2427 4530 12192 8939 492 6682 107 217 306 333 777 144 147 532 277 742 957 627 269 1674 73 2123 2826 76 21 62 63 141 458 331 235 4 33 56 7
19 281 137 34 2073 2615 3621 579 219 645 1549 219 228 154 17 16908 22966 10361 8944 16200 10292 14156 53110 1499 3048 1197 3651 1395 1996 2727 1810 27936 37247 1242 1960 1402 1967 3498 2374 4800 11999 8279 202 6363 78 260 266 308 271 119 138 649 219 566 952 582 252 969 14 2148 2671 21 41 61 26 186 313 220 221 0 27 17 1
19 286 132 39 2044 2594 3740 518 222 619 1636 262 237 166 23 16489 21906 10658 8347 17283 11276 13059 54477 1196 2614 1568 4340 1452 1789 3451 2254 27637 37536 1310 1836 1411 1984 3773 2255 4538 12333 8001 355 6240 108 250 275 332 566 149 128 600 254 718 1052 529 264 1294 20 2137 2674 50 23 69 53 165 409 270 226 1 31 35 2
12 238 43 23 1613 1019 4063 72 83 664 1093 79 170 56 13 13535 8952 5132 7219 15606 4980 2210 69750 48 2445 1456 1616 1151 770 2542 804 34454 26502 159 918 1260 802 1585 362 5561 9768 2774 64 4275 33 250 178 114 265 67 17 278 247 278 862 74 301 772 7 1681 1051 16 12 16 22 138 292 80 85 0 19 13 1
10 208 29 16 1249 668 4007 44 56 676 830 31 131 38 7 11651 6021 3345 5629 11728 3195 1307 73113 34 1944 639 580 937 531 1349 320 36988 22485 48 487 958 498 1062 227 6312 7905 1921 28 3860 5 163 110 50 181 41 12 179 111 86 667 48 344 463 0 1280 689 7 7 11 20 110 148 31 57 0 12 9 0
22 297 178 53 2174 3270 3481 803 238 586 1955 451 268 249 37 17177 27526 12431 8926 16370 12888 19315 47951 2139 2570 2001 6877 1519 2045 4796 3681 24696 41268 2514 2345 1421 2066 3671 2888 4172 13000 10710 835 6975 238 233 430 594 1089 124 119 621 375 1020 1013 838 229 1961 61 2279 3458 131 31 85 76 162 581 474 249 6 48 74 5
12 217 41 25 1410 848 3830 68 64 663 1111 69 150 68 15 12794 7997 3706 6541 11652 3618 1846 67738 59 2137 1199 1211 1071 668 2721 614 34820 27430 100 605 1007 588 1090 291 5981 8620 2887 94 4691 21 162 159 81 507 44 13 204 203 181 642 82 322 938 4 1478 917 32 6 13 33 120 289 73 70 2 20 27 1
