99 0 4150 701 0 0 0 98233 0 0 0 49710 0 8431 475 0 0 0 0 0 0 0 0 1477225 0 0 0 0 0 0 0 0 0 1493309 0 0 0 0 0 0 0 0 506199 0 125579 0 0 0 0 0 0 0 0 0 0 28651 0 0 28412 0 0 85472 0 0 0 0 0 14648 0 3644 0 1204 33
13 240 59 19 1616 1286 3977 154 117 676 1024 62 168 63 7 13992 11472 5837 7170 15009 6026 4279 66720 231 2609 617 1083 1221 1019 1317 574 33929 27875 215 963 1274 1088 2179 773 5735 9704 3703 32 4684 15 211 128 110 77 102 48 405 93 215 868 154 320 442 0 1654 1299 2 21 17 4 154 146 62 117 0 14 4 0
14 258 70 21 1751 1583 4049 203 135 686 1109 78 196 75 8 14600 13417 7438 7542 16945 7725 5832 65495 346 3118 826 1465 1133 1390 1469 737 32781 29213 300 1284 1424 1169 2557 1023 5437 10896 4278 46 4805 21 229 205 195 90 109 44 481 117 260 1014 203 282 480 0 1846 1607 2 15 30 8 183 177 78 137 0 23 5 0
13 227 55 23 1508 1119 3804 125 86 654 1123 80 155 70 11 13999 10288 4849 6839 12322 4691 3315 65420 152 2138 1029 1463 1231 830 2182 707 33677 28893 214 813 1033 818 1443 491 5885 9109 3668 85 4984 21 185 128 86 262 58 33 233 163 226 698 129 339 700 0 1549 1160 19 8 11 21 118 232 80 87 0 14 15 0
18 284 119 34 1981 2398 3788 456 223 643 1532 193 226 150 17 16391 19999 10271 8158 16735 10151 11645 56490 1066 3025 1592 3456 1400 1795 2928 1647 28384 35888 910 1680 1399 1877 3707 2126 4772 12286 7303 283 6004 55 250 197 210 574 161 160 652 274 605 1021 473 273 996 0 2042 2477 48 37 42 43 182 358 193 230 1 23 31 0
12 227 47 19 1498 1044 3954 101 76 670 999 57 151 53 9 13483 9574 4848 6862 13425 4938 2918 68553 118 2322 878 1132 1181 837 1637 549 34838 26495 150 813 1176 668 1423 448 5924 9000 3029 35 4482 14 216 114 68 124 60 17 253 149 155 759 102 334 532 7 1526 1063 4 6 8 13 130 184 58 77 0 11 6 1
8 181 20 8 1044 443 3979 30 37 680 564 5 93 20 1 9961 4394 2045 5058 9610 2071 866 76817 25 1478 59 70 915 332 180 50 39757 18089 10 367 827 375 692 136 6831 5973 1340 0 3104 0 136 29 13 0 24 10 116 13 15 490 30 402 71 0 1050 443 0 2 2 0 77 17 5 37 0 3 0 0
16 267 87 33 1817 1834 3881 257 150 666 1441 168 215 111 24 15282 15386 8120 7731 16033 8282 6967 60768 423 3071 1682 3084 1154 1581 3197 1509 30477 33556 605 1302 1330 1248 2723 1146 5156 11486 5442 175 5573 60 206 300 252 445 97 59 485 282 502 987 264 250 1226 49 1923 1897 27 30 39 45 184 410 183 152 1 36 26 7
14 252 69 22 1737 1504 3946 194 130 669 1132 85 190 76 9 14965 13208 6917 7615 15522 6860 5399 64686 313 2756 920 1562 1247 1172 1668 771 32571 29533 315 1186 1367 1183 2286 920 5475 10579 4289 57 4914 24 225 207 182 130 106 55 436 152 273 914 195 296 548 0 1813 1539 5 17 30 9 164 194 85 133 0 23 7 0
14 226 66 25 1583 1219 3687 168 108 657 1191 105 156 78 13 14324 11903 4566 7345 12273 4766 3962 62395 229 2344 858 1709 1307 909 2202 833 33100 31009 338 863 1064 1090 1693 695 5814 8955 4379 86 5418 37 179 159 108 207 92 49 300 160 275 662 170 333 805 9 1630 1241 13 20 25 17 122 229 106 112 0 15 12 1
13 238 58 20 1625 1241 3915 147 108 662 1075 66 162 65 8 14304 11256 5561 7425 14251 5424 3970 66257 211 2443 1026 1381 1281 903 1700 575 33649 28239 216 1018 1218 1009 1921 716 5670 9656 3718 46 4763 14 199 91 64 139 76 34 342 156 219 794 148 333 483 0 1654 1262 7 6 13 16 135 195 66 109 0 10 7 0
18 282 103 50 1964 2092 3815 296 197 607 1814 283 247 194 43 15298 17218 9053 8088 16995 9238 7752 57441 443 2671 2511 4633 1328 1412 5430 2467 27802 37340 881 1550 1402 1711 3344 1451 4421 12513 6746 538 5949 136 215 403 338 1627 157 96 522 406 904 1053 368 237 2221 58 2078 2292 171 21 76 142 158 675 347 215 10 47 96 12
17 262 105 31 1854 2052 3657 378 164 641 1426 154 193 133 15 16231 18176 8479 8181 14400 8189 9567 56974 832 2688 1248 2647 1384 1470 2678 1343 29484 34877 674 1421 1246 1447 2623 1555 5184 10981 6623 217 6060 35 215 122 112 467 94 79 505 216 416 827 399 309 923 0 1893 2096 40 12 22 42 152 294 154 166 1 13 28 0
12 223 48 18 1468 1011 3889 108 82 663 976 51 151 54 7 13493 9423 4516 6722 12675 4420 2901 67966 134 2208 741 970 1196 730 1424 441 34791 26538 147 747 1108 758 1388 488 5983 8873 3141 33 4550 9 159 132 93 106 67 18 254 130 152 713 109 347 439 0 1513 1036 6 6 15 13 117 155 51 83 0 15 6 0
18 252 111 42 1850 1940 3464 371 143 615 1650 248 204 167 30 16246 18268 7093 8375 12880 7061 8505 53885 699 2313 1601 3825 1492 1225 4095 1882 28682 37579 975 1354 1236 1367 2010 1217 5085 10652 7363 414 6623 93 220 362 273 829 69 65 401 297 563 724 405 297 1664 37 1926 2069 91 11 45 67 129 463 277 156 6 34 58 5
12 229 45 21 1510 978 3957 87 90 667 1031 67 165 55 11 13506 8853 4491 6826 13508 4351 2398 68706 83 2283 1019 1219 1129 746 1922 600 34618 26543 155 790 1227 821 1602 442 5858 9329 2932 53 4446 20 178 230 131 183 79 22 282 149 225 772 88 319 667 6 1573 1011 10 12 27 17 133 220 69 96 0 23 10 1
11 212 39 16 1370 837 3922 76 71 682 889 41 126 41 7 12595 7905 3722 6382 12199 3840 2119 70116 79 2225 594 775 1066 688 1289 389 36227 24798 102 640 1078 659 1238 358 6259 7904 2547 12 4220 9 173 18 8 38 65 21 264 115 132 655 76 356 423 7 1378 840 1 14 5 5 121 133 41 71 0 2 2 1
16 263 93 27 1838 1897 3814 315 165 632 1308 125 205 107 13 16058 16662 8213 7833 15637 8161 8200 60002 648 2491 1058 2167 1455 1220 2109 1094 30314 32937 529 1388 1296 1428 2763 1402 5145 11267 5779 127 5583 33 214 214 226 237 116 91 451 189 371 925 318 307 756 9 1910 1939 13 19 38 17 139 247 128 171 0 26 14 1
21 303 159 51 2138 3084 3649 673 249 589 1920 382 279 238 37 16795 25104 12628 8650 17161 12657 16907 50969 1702 2642 2359 6222 1454 1899 4729 3148 25153 40129 1900 2093 1414 2036 4077 2729 4134 13543 9662 773 6584 168 213 458 567 1318 176 142 667 416 1027 1111 733 230 1902 54 2254 3327 137 22 81 117 166 612 422 270 8 58 81 7
15 246 83 22 1744 1672 3753 274 125 663 1188 84 167 89 8 15362 15315 7039 7903 14213 7106 7181 60985 557 2707 765 1596 1380 1311 1571 734 31956 31727 364 1295 1272 1201 2057 1093 5558 9932 5235 58 5491 18 231 57 48 122 75 53 379 139 228 785 274 326 493 0 1767 1678 4 21 6 8 146 174 84 125 0 5 6 0
17 267 98 38 1850 1921 3719 303 160 634 1581 209 225 143 25 15941 16637 7982 7946 14788 7735 7634 57836 522 2643 1958 3679 1317 1363 3733 1687 29172 35450 748 1390 1258 1336 2556 1210 4972 11765 6365 336 5979 81 198 342 310 758 98 80 462 322 610 901 322 272 1387 22 1988 2086 71 18 51 69 158 470 226 169 4 40 45 3
13 239 55 23 1604 1195 3975 123 104 672 1127 84 169 68 11 13877 10578 5346 7068 14977 5646 3411 66966 140 2596 1132 1615 1169 981 2179 768 33719 28482 234 937 1247 936 1966 605 5640 9722 3558 76 4756 26 227 163 105 247 89 30 342 207 279 853 126 316 682 0 1663 1226 16 14 18 27 147 248 84 107 0 16 13 0
21 314 166 44 2108 3378 3785 757 280 605 1790 335 276 213 25 16947 25841 14654 8105 18107 14846 19933 51990 2109 2782 1916 5590 1444 2275 3590 2942 25099 39124 1934 2220 1512 2083 4855 3303 4180 13969 9642 539 6418 135 230 311 478 802 224 171 770 268 971 1229 783 244 1390 14 2195 3507 82 34 90 65 187 473 338 288 3 40 47 1
11 224 40 15 1501 951 4067 83 71 661 849 34 149 43 5 13200 8718 4746 6926 14536 4861 2552 71518 96 2120 459 624 1223 686 979 368 35817 23925 90 858 1272 695 1426 407 5940 8762 2520 17 3947 5 181 125 81 55 50 15 209 104 99 798 83 354 322 0 1540 965 2 1 7 2 113 105 34 72 0 13 3 0
13 234 54 24 1567 1127 3921 120 93 644 1159 80 168 74 12 13939 10326 4890 6945 14145 5169 3200 66554 144 2043 1326 1563 1277 729 2449 674 33551 28873 198 839 1184 840 1661 523 5617 9611 3636 96 4860 22 208 162 114 375 62 27 265 231 248 807 132 334 737 0 1620 1189 22 11 18 39 116 275 80 96 1 20 20 0
17 283 105 31 1913 2231 3937 374 196 644 1455 164 225 125 17 15822 18057 10022 7787 17631 10209 10083 59411 799 2898 1640 3213 1290 1673 2731 1410 29258 34382 741 1615 1371 1552 3585 1779 4807 12290 6363 178 5683 47 234 199 228 394 160 101 549 275 563 1103 380 270 929 18 1989 2295 22 29 29 37 176 351 172 200 1 24 20 2
8 175 19 9 1031 395 3893 25 31 676 592 10 88 19 2 9982 4133 1699 5326 8356 1664 660 76043 16 1429 157 179 912 265 408 101 39805 18567 18 346 765 340 524 113 6902 5646 1303 0 3185 1 115 47 16 0 17 6 100 33 16 408 25 406 139 0 1044 395 0 1 4 0 68 39 10 31 0 4 0 0
18 262 117 36 1922 2141 3551 428 162 631 1575 220 207 148 20 16553 19799 8243 8560 14144 8073 10153 54498 916 2561 1544 3796 1510 1504 3341 1691 28731 36967 1012 1451 1262 1556 2394 1496 5040 11139 7476 292 6445 84 228 236 254 519 90 87 461 297 533 807 440 293 1158 12 1993 2220 49 14 40 52 148 380 222 170 1 26 31 1
10 212 30 15 1297 695 4050 49 66 679 811 28 135 37 6 12118 6244 3437 5693 12557 3348 1425 73543 42 2070 636 524 997 557 1215 286 36888 22202 50 555 1022 569 1254 286 6273 8114 1971 25 3744 1 169 107 44 133 57 15 230 98 98 709 50 351 389 0 1326 723 7 10 10 12 117 133 28 67 0 12 7 0
11 206 34 21 1323 673 3841 52 63 681 997 50 132 50 13 12138 6534 2760 6354 10815 2801 1276 69646 37 2275 1024 912 980 553 2236 408 36172 25548 80 504 945 600 994 253 6258 7781 2407 52 4403 9 172 134 54 281 61 11 218 195 171 582 56 335 773 5 1376 711 13 9 8 29 121 240 59 65 1 15 16 2
22 303 181 50 2139 3354 3518 842 265 601 1949 428 265 238 32 17405 27352 13175 8467 16189 13071 20151 48214 2339 2859 2261 7076 1479 2250 4498 3373 24596 41079 2527 2180 1386 2180 4077 3177 4225 13277 10811 722 7016 223 261 288 514 953 150 168 719 405 1132 1037 866 243 1713 38 2244 3489 93 14 72 73 182 568 442 270 4 39 58 3
14 252 68 23 1725 1446 3909 187 145 684 1158 88 191 79 10 15095 12646 6522 7554 14962 6123 4956 64433 296 3073 1017 1615 1156 1192 1826 770 32522 29646 300 1130 1245 1255 2448 967 5500 10674 4296 84 4927 24 238 212 182 189 95 75 535 207 311 868 189 286 606 0 1810 1487 8 35 31 25 179 220 88 150 1 24 11 0
15 243 77 28 1678 1505 3803 217 114 641 1315 127 177 96 15 14518 13782 5940 7411 14796 6836 5507 61595 345 2279 1310 2327 1296 1029 2648 1013 31921 32616 428 1070 1288 1042 1977 826 5413 9969 5036 147 5613 44 188 172 140 346 79 32 310 226 371 843 221 320 885 8 1732 1549 22 16 21 29 129 301 130 118 0 18 19 1
16 252 92 28 1817 1790 3710 305 137 643 1344 131 186 111 13 15639 16599 7122 8251 14564 7388 7682 58982 609 2482 1198 2336 1452 1248 2406 1069 30851 33745 527 1313 1313 1308 2287 1204 5286 10440 5882 161 5801 39 246 155 146 343 77 53 419 204 338 818 314 315 794 0 1871 1841 20 13 22 35 140 268 131 138 0 17 19 0
13 241 51 27 1573 1090 3971 99 114 669 1200 93 187 78 16 13700 9423 4965 6809 14516 4966 2620 67188 93 2586 1429 1670 1104 821 2812 828 33319 28606 194 848 1187 947 1959 549 5605 10219 3424 123 4776 27 184 268 159 487 96 40 371 226 334 855 107 293 960 4 1692 1187 39 27 39 49 157 328 98 124 2 32 27 1
14 240 69 22 1639 1449 3843 201 111 664 1123 71 163 83 9 14800 13063 6255 7298 13993 6528 5492 63671 359 2577 718 1192 1268 1167 1627 718 32836 30019 239 1071 1220 1028 2023 879 5695 9651 4421 90 5148 6 202 75 59 232 68 37 358 126 199 801 207 334 584 0 1659 1469 14 10 9 14 140 173 71 111 1 8 14 0
12 229 48 18 1500 1040 3967 109 97 686 979 49 153 55 7 13449 9416 4712 6657 13701 4683 2983 68616 142 2567 831 969 1065 927 1426 434 34924 26362 130 769 1152 892 1761 547 5967 9115 3113 43 4455 9 214 114 65 124 86 32 289 135 190 772 110 326 434 0 1549 1059 5 18 13 13 145 164 49 98 0 11 7 0
19 289 132 39 2046 2648 3711 525 213 629 1624 247 252 175 22 16838 22044 11248 8457 16555 11058 13660 54349 1265 3017 1521 3940 1368 1878 3298 2184 27260 37136 1191 1935 1453 1766 3483 2198 4629 12767 8046 412 6194 79 233 372 424 676 138 116 665 253 656 1039 546 246 1266 9 2169 2812 75 21 72 51 187 399 253 224 2 43 43 1
15 239 83 22 1672 1589 3684 275 120 646 1187 82 165 90 8 15302 14946 6331 7545 13025 6384 6882 60390 563 2258 723 1444 1435 1085 1558 638 31902 31966 356 1129 1101 1102 1923 1011 5684 9699 5336 60 5669 14 188 88 87 128 77 52 313 127 241 725 276 343 496 0 1699 1608 7 16 12 7 123 166 82 121 0 10 7 0
15 245 76 29 1654 1475 3735 214 120 657 1339 123 188 100 18 15072 13287 6027 7321 13201 5852 5279 61193 346 2600 1488 2237 1170 1128 2727 957 31543 32465 403 1009 1091 1047 1918 881 5545 10367 5047 156 5624 29 193 217 187 427 65 38 367 247 344 779 222 294 1006 18 1735 1559 26 21 32 32 151 335 136 125 1 27 25 3
13 231 55 23 1578 1124 3856 130 99 651 1120 70 165 75 11 14049 10486 4812 7190 13420 4832 3369 65861 180 2194 1011 1287 1279 754 2151 611 33672 28709 168 857 1204 961 1681 585 5710 9428 3689 104 4873 12 192 176 113 335 67 39 281 198 207 744 140 332 693 0 1634 1179 19 16 16 41 119 233 70 107 2 20 20 0
15 245 82 23 1706 1653 3791 266 122 657 1185 88 174 92 9 15203 15111 6859 7494 14594 7428 7017 61311 532 2445 676 1476 1362 1278 1587 793 32034 31732 355 1159 1257 1126 2148 1046 5573 9950 5174 83 5508 20 218 126 116 169 78 49 374 126 225 830 271 322 573 0 1738 1675 6 10 16 13 140 170 88 123 0 13 10 0
16 290 89 31 1885 2010 4163 273 229 642 1386 156 248 115 16 15119 15464 9713 7379 19170 9726 7555 63366 476 2871 1621 2754 1197 1440 2712 1485 29768 32209 575 1461 1425 1693 4450 1727 4663 13044 5387 213 5111 58 216 332 318 480 248 140 657 239 616 1260 282 253 939 0 1992 2120 32 32 79 43 183 348 156 242 2 41 26 0
12 215 49 17 1377 995 3834 116 68 678 958 44 138 54 6 12953 9268 4109 6286 11631 4417 3100 67244 160 2173 617 829 1086 840 1167 371 35307 26887 128 708 1004 641 1203 415 6239 8277 3246 32 4728 6 176 103 66 85 39 18 209 93 121 656 116 350 383 0 1413 1011 4 12 6 9 122 129 44 69 0 10 5 0
16 265 88 32 1849 1798 3830 264 170 650 1415 161 211 118 17 15506 15611 7788 7949 15739 7601 6899 60344 442 2780 1546 2846 1285 1350 3108 1365 30330 33441 581 1306 1337 1487 2832 1235 5078 11422 5592 223 5566 60 248 249 205 535 144 85 521 237 514 933 279 279 1030 0 1937 1869 42 23 71 49 165 352 161 185 2 29 30 0
12 232 47 19 1524 1041 4025 100 94 659 999 58 162 54 8 13490 9283 4891 6687 14541 4996 2823 69273 111 2265 901 1147 1204 767 1618 521 34653 26296 158 834 1178 858 1742 484 5800 9405 3026 38 4399 15 180 161 97 132 83 33 263 164 210 835 102 337 492 0 1566 1071 6 4 20 10 123 187 58 97 0 17 7 0
15 266 73 32 1763 1625 3983 189 143 649 1379 134 217 114 18 15111 13381 7796 7259 16222 7485 5415 63725 272 2836 1733 2466 1187 1261 3222 1296 30880 31679 368 1195 1328 1149 2661 925 5072 11671 4717 230 5176 39 195 278 221 790 119 70 404 282 408 1014 214 275 1092 0 1867 1747 61 22 47 64 167 385 134 158 6 35 41 0
20 291 149 41 2040 2846 3606 636 234 631 1725 292 245 190 22 17016 23683 11522 8404 15805 11185 15670 51878 1638 3096 1826 4934 1398 2142 3550 2327 26462 38632 1573 1891 1299 1883 3674 2531 4599 12727 9048 459 6606 120 261 271 375 694 146 141 681 302 833 1002 655 257 1269 0 2152 2961 64 17 63 61 187 436 292 238 3 33 41 0
13 240 59 19 1588 1317 4012 154 108 663 1017 63 165 61 8 14070 11492 6012 6848 15341 6578 4471 67114 231 2400 577 1072 1161 990 1264 638 33757 27798 223 1030 1287 943 2141 741 5686 9655 3663 16 4712 15 203 102 86 32 89 39 345 91 187 897 154 330 480 9 1623 1324 1 8 15 4 135 139 63 109 0 11 2 1
13 232 58 20 1504 1200 3899 147 103 657 1062 67 158 63 9 13976 10699 5155 6519 13563 5441 3913 66146 213 2210 824 1257 1127 866 1550 576 33729 28413 217 827 1080 904 1864 637 5840 9346 3737 37 4911 16 192 119 85 96 77 45 300 132 213 785 147 336 528 8 1535 1212 3 12 17 9 124 178 68 105 0 12 5 1
20 307 146 44 2093 2986 3827 592 265 607 1791 332 263 188 28 16327 23244 12973 8045 18282 13218 15532 53961 1392 2882 2301 5816 1423 2011 4051 2846 25987 38509 1706 2093 1509 2078 4602 2742 4178 13614 8650 475 6232 176 274 257 381 770 189 158 702 366 1065 1196 609 246 1501 37 2182 3095 62 23 79 61 180 534 343 270 0 35 42 3
11 231 41 14 1473 1009 4178 94 79 685 835 20 154 47 4 13005 8627 5214 6330 15560 5514 2946 72485 136 2547 501 430 1077 854 847 233 35964 23539 40 868 1278 680 1645 491 5914 9122 2590 30 3918 0 216 109 52 107 74 22 270 81 60 906 98 329 243 0 1510 1040 0 5 3 8 144 98 20 80 0 11 6 0
16 262 92 28 1828 1853 3809 310 170 668 1341 122 198 114 14 15662 16265 7671 7908 15513 7893 7902 59895 642 2994 1256 2148 1282 1521 2321 1000 30740 33266 488 1347 1320 1459 2879 1489 5229 11015 5820 159 5613 26 256 158 156 434 130 86 588 210 359 911 327 284 817 6 1898 1907 21 25 27 47 175 279 128 173 0 19 22 1
17 275 103 33 1905 2085 3820 351 195 656 1467 182 229 128 19 16034 17594 8832 8111 16358 8882 8950 58426 702 3035 1481 3153 1239 1650 2879 1546 29488 34627 758 1532 1336 1599 3303 1666 4950 11980 6386 233 5793 67 235 305 325 429 152 108 595 266 556 1012 357 254 1061 19 2008 2163 27 35 65 43 190 362 187 206 2 36 26 2
18 303 121 32 2055 2656 4001 476 250 645 1485 183 255 142 15 16333 20589 12582 8103 19117 12264 13180 58325 1148 3193 1566 3371 1287 1962 2543 1692 27990 34894 923 1950 1515 1986 4467 2459 4523 13524 7095 217 5602 59 245 259 351 379 203 165 778 244 645 1231 485 244 852 0 2147 2737 23 36 55 37 202 330 183 254 1 33 21 0
10 216 31 14 1363 725 4088 51 74 693 799 31 136 33 5 12163 6525 3562 6210 13237 3476 1490 73775 41 2473 667 647 982 596 1107 297 37059 22039 65 643 1161 646 1412 296 6194 8267 1983 12 3658 8 196 89 42 36 64 20 287 97 134 735 51 338 311 0 1398 733 0 15 13 2 134 125 31 74 0 9 2 0
19 294 130 41 2034 2628 3785 501 222 609 1720 263 250 181 24 16353 21548 11303 8231 17318 11165 12930 55040 1159 2571 2266 4798 1527 1708 3943 2210 26990 37603 1183 1810 1466 1751 3833 2193 4401 13071 8053 482 6171 104 224 264 351 903 135 110 574 381 836 1094 532 267 1342 8 2135 2771 84 22 54 73 165 498 270 234 2 36 51 1
10 202 33 12 1239 708 3940 65 54 690 758 17 122 35 3 11580 6684 3120 5696 11125 3212 1795 72288 75 2128 339 342 972 601 637 133 37468 22511 40 530 943 525 992 283 6486 7441 2192 10 3897 0 192 72 44 31 39 8 192 57 58 613 65 362 188 0 1270 723 1 8 4 5 117 70 17 54 0 9 2 0
17 256 100 36 1817 1894 3631 324 138 617 1526 193 200 142 21 15958 17110 7555 7986 13962 7644 8050 56928 605 2285 1569 3248 1427 1190 3466 1569 29411 35676 724 1319 1235 1250 2128 1167 5118 10836 6533 323 6152 65 173 246 215 704 86 54 376 305 465 820 345 307 1256 8 1880 1991 63 11 37 59 126 393 198 143 6 26 42 1
23 303 193 60 2120 3429 3428 890 269 580 2149 545 275 293 43 16972 27870 12814 8385 15663 12889 20341 46366 2387 2650 2696 8769 1406 2122 5690 4173 23562 42777 3077 2165 1341 2109 4014 3245 4009 13384 11801 1147 7292 302 226 364 590 1544 161 158 706 430 1346 1015 951 229 2260 62 2238 3652 241 31 85 125 170 723 576 289 6 49 101 5
12 227 45 21 1469 973 3934 90 90 682 1036 62 154 56 12 13262 8727 4406 6602 13022 4292 2477 68497 99 2463 984 1149 1099 825 1917 570 34815 26621 132 718 1111 821 1643 462 5945 9084 2953 58 4530 16 220 129 72 216 77 29 307 175 205 740 92 319 696 11 1522 998 7 16 16 21 143 226 67 93 0 14 11 2
12 231 41 25 1478 886 3980 66 91 662 1127 75 173 62 17 13383 7954 4133 6456 13437 3944 1818 69185 47 2352 1512 1412 1061 660 2698 644 34347 26851 130 661 1081 756 1565 333 5754 9662 2784 73 4490 23 188 230 114 395 87 28 273 236 283 792 73 305 960 13 1567 952 27 12 37 34 134 336 84 102 0 29 22 3
14 254 67 24 1756 1463 3963 181 133 658 1181 89 196 83 11 14825 12847 6785 7766 15918 6541 4978 64945 286 2603 1152 1687 1323 1101 2077 811 32368 29695 276 1186 1333 1181 2380 903 5345 10831 4249 108 4873 22 225 273 187 284 113 56 387 195 295 923 187 292 663 0 1847 1532 17 19 31 30 154 245 89 138 0 27 16 0
11 217 36 19 1374 789 3983 60 66 684 947 48 151 48 9 12434 7313 3594 6275 12621 3706 1688 70933 52 2407 898 889 961 681 1776 431 36021 24760 77 594 1091 569 1219 293 6116 8603 2419 53 4200 16 196 185 93 227 42 16 218 143 126 729 65 324 574 0 1451 849 6 11 15 27 134 196 48 70 1 22 12 0
21 298 156 54 2070 2960 3590 637 238 603 1978 402 273 249 42 16661 23853 11963 8351 16033 11884 15712 50664 1525 2815 2523 6485 1303 2035 5182 3240 25241 40492 1911 1922 1372 1944 3715 2453 4234 13319 9706 837 6738 166 210 451 550 1566 146 138 661 430 1076 1049 707 213 2119 79 2210 3203 199 26 100 129 182 672 441 250 12 54 98 10
17 271 103 33 1879 2096 3779 352 167 640 1466 179 220 131 18 16227 17790 8981 7805 15520 8885 9209 58175 710 2798 1479 3101 1341 1569 2896 1591 29242 34800 738 1482 1370 1473 2880 1508 5002 11759 6437 247 5853 66 221 270 288 466 114 66 479 240 501 956 365 281 1051 9 1969 2180 31 21 47 33 164 350 183 171 2 31 28 1
17 279 103 33 1926 2147 3879 353 173 642 1507 178 232 130 19 15884 17878 9423 8013 16996 9506 9384 58960 713 2846 1871 3528 1270 1581 3049 1470 29300 34830 750 1538 1409 1499 3055 1498 4817 12311 6405 229 5748 53 214 282 319 538 128 76 518 352 556 1053 361 261 1016 18 2029 2241 42 23 42 45 175 405 184 184 0 35 28 2
13 246 61 17 1662 1367 4014 172 125 685 997 46 169 63 5 14485 11973 6428 7317 15535 6360 4866 66996 295 2820 658 968 1268 1133 1027 414 33792 27473 176 1101 1287 1103 2331 884 5672 10046 3779 16 4583 7 227 78 74 39 91 53 451 116 182 888 172 313 296 0 1697 1372 1 17 11 3 161 125 46 125 0 9 2 0
20 289 149 41 2059 2806 3628 641 249 609 1717 284 235 191 24 16794 23865 10988 8526 16478 11340 15476 51928 1684 2622 1749 4679 1550 1796 3590 2229 26613 38744 1534 1851 1409 2088 4059 2723 4490 12417 9047 421 6593 104 254 207 257 758 177 179 689 277 794 1009 672 274 1336 26 2131 2907 67 20 51 71 161 430 290 255 3 25 42 2
20 284 141 49 1977 2620 3568 532 203 607 1854 367 258 208 33 16879 21892 10297 8043 15048 10328 12813 51837 1121 2578 2185 5951 1345 1748 4589 2933 26324 39503 1659 1689 1330 1676 3172 1959 4556 12631 8843 675 6747 213 202 467 520 1032 106 97 542 380 883 973 567 238 1830 33 2116 2844 119 21 108 86 169 572 382 219 6 54 67 3
21 311 167 43 2157 3304 3734 767 291 608 1766 332 284 208 23 17094 26203 13767 8377 18048 13850 19358 51369 2146 2871 1762 5366 1455 2191 3443 2797 25329 39103 1966 2240 1525 2259 4939 3372 4181 13898 9755 506 6443 142 236 449 654 652 238 208 783 266 961 1207 784 229 1304 0 2283 3435 66 36 95 72 194 439 332 310 2 51 41 0
15 247 77 28 1767 1568 3776 222 118 639 1288 116 183 103 14 15421 14581 6664 7953 14440 6695 5913 61509 378 2398 1095 2011 1425 1078 2524 1051 31543 32135 371 1208 1299 1109 2056 884 5371 10202 4980 172 5421 32 221 202 140 442 74 50 339 217 310 814 238 318 881 0 1822 1645 31 13 19 32 130 275 116 120 1 20 26 0
16 268 85 35 1883 1794 3894 252 167 639 1462 154 215 126 28 15221 15355 7959 8125 16750 8091 6797 61033 442 2733 1658 2638 1362 1294 3532 1361 30219 33565 493 1372 1374 1488 2997 1289 4917 11517 5388 237 5469 36 229 292 190 818 129 74 490 298 497 991 285 266 1414 45 1968 1889 38 22 44 67 160 444 187 175 1 31 46 10
14 236 66 25 1604 1301 3778 174 103 647 1219 92 171 86 12 14494 11992 5394 7200 13199 5359 4407 63308 267 2226 1234 1730 1281 902 2374 731 32636 30702 269 927 1112 938 1683 677 5635 9740 4423 125 5299 22 165 196 138 349 69 39 271 213 269 746 183 325 735 0 1667 1358 22 13 13 38 123 265 92 109 1 20 20 0
13 245 55 23 1636 1214 3990 125 118 686 1126 80 182 70 11 14263 10546 5735 7228 14928 5487 3469 67112 152 2910 1221 1547 1077 1045 2198 715 33523 28123 213 948 1221 1008 2062 654 5611 10292 3539 87 4647 22 242 212 133 290 86 50 440 200 298 872 129 292 670 0 1712 1277 16 24 24 25 170 253 80 123 1 23 15 0
16 257 93 27 1846 1823 3750 314 157 647 1326 127 196 106 13 15880 16575 7371 8199 15243 7532 7865 59277 642 2649 1137 2303 1399 1278 2248 1011 30736 33379 536 1365 1292 1467 2580 1297 5251 10785 5860 125 5710 39 223 192 207 219 118 91 471 217 381 869 317 303 746 9 1914 1859 8 14 27 32 152 263 130 161 0 22 13 1
17 267 103 33 1883 2048 3736 351 168 623 1458 180 215 132 17 16096 17921 8639 8278 15483 8518 8985 57737 704 2417 1321 3038 1500 1345 2922 1523 29279 34867 736 1475 1285 1460 2778 1497 4998 11497 6443 261 5918 70 230 276 262 509 139 74 436 238 494 919 365 296 1033 0 1951 2145 33 15 49 35 144 331 180 174 2 30 29 0
22 299 190 41 2228 3465 3441 987 270 616 1758 307 258 225 21 18095 29877 13173 9274 16152 12792 23306 47178 3304 3023 1363 4780 1628 2385 3117 2401 25037 40260 2029 2446 1448 2357 4023 3614 4415 12906 11175 476 7035 99 232 304 501 521 165 185 730 259 787 975 1003 251 1170 11 2332 3568 40 42 64 40 185 367 314 276 3 36 35 1
16 278 84 36 1921 1873 4016 241 179 636 1471 163 234 127 29 15298 15312 8802 8047 17991 8906 6857 62205 403 2735 1741 2727 1328 1347 3618 1616 29938 33141 497 1443 1491 1540 3410 1322 4734 12221 5251 254 5234 49 217 366 261 819 163 86 560 300 565 1118 273 251 1469 45 2027 1999 45 18 53 63 168 459 196 192 0 40 48 10
13 252 56 22 1630 1334 4122 133 111 685 1104 74 182 69 10 13987 10992 6741 6797 16476 6807 4059 68287 175 2928 1197 1519 1080 1183 2017 771 33445 27757 208 1033 1316 870 2232 702 5550 10516 3502 78 4566 17 224 143 102 248 87 29 412 184 267 989 136 300 606 0 1679 1372 13 18 14 23 172 238 74 114 1 16 13 0
9 182 24 12 1095 484 3863 34 34 678 716 21 94 24 5 10370 4939 2016 5474 9031 2097 903 73639 23 1568 374 405 921 372 931 184 38783 21210 39 370 821 385 591 122 6785 6062 1642 0 3680 3 131 14 11 0 16 7 104 73 59 456 34 395 302 5 1102 484 0 2 1 0 81 88 21 34 0 2 0 1
19 278 127 44 1962 2390 3629 459 212 636 1704 302 243 178 30 16458 20409 9337 8305 15565 9604 10986 53701 935 2977 1635 4579 1216 1816 3877 2490 27557 38011 1318 1640 1348 1818 3308 2011 4729 12169 7918 491 6468 151 225 393 463 806 142 118 636 300 809 973 477 236 1656 39 2092 2536 86 32 68 68 186 477 321 226 2 45 52 4
19 312 133 38 2100 2879 3980 526 289 643 1621 262 269 159 22 16227 21889 13257 8263 19353 13098 14285 56686 1218 3327 1844 4525 1222 2192 3180 2466 26974 36299 1357 2097 1546 2144 5224 2908 4305 13945 7699 298 5757 121 253 308 410 464 250 200 894 269 869 1287 532 215 1197 25 2201 2947 28 44 91 58 221 422 267 296 2 37 26 2
9 187 23 13 1129 483 3898 30 38 675 729 23 104 25 6 10726 4867 2126 5511 9463 2080 841 74115 18 1740 451 417 957 363 1001 200 38488 20925 35 388 805 396 659 117 6666 6502 1565 8 3593 4 147 79 26 39 23 8 112 88 70 486 30 382 366 4 1150 487 0 5 7 3 86 111 24 38 0 7 2 1
10 210 31 14 1345 724 4029 52 58 675 790 29 130 34 5 12222 6762 3561 6287 12693 3528 1571 73264 45 2110 489 549 1076 565 1036 297 36998 22252 58 621 1088 557 1132 265 6250 7909 2002 16 3715 6 176 89 45 62 35 10 191 106 92 685 52 363 326 0 1370 733 1 7 7 4 110 110 29 59 0 9 3 0
14 250 66 25 1668 1414 3911 172 129 674 1206 97 186 82 13 14622 12118 6532 7280 14680 6216 4692 64560 253 2874 1204 1816 1119 1149 2284 868 32377 29925 299 1053 1234 1125 2232 835 5537 10534 4228 107 5085 25 210 181 142 279 105 50 397 206 341 863 175 298 756 6 1755 1458 18 24 27 33 164 272 101 135 0 21 16 1
16 273 94 26 1911 2015 3927 321 173 647 1310 125 212 103 11 15914 17286 9113 8108 17204 9088 8761 60928 652 2781 1284 2449 1415 1430 2145 1080 30326 32635 577 1517 1411 1493 3092 1496 5013 11772 5711 89 5401 38 248 161 213 187 130 82 512 199 425 1029 322 290 636 0 1982 2049 8 25 33 13 165 255 125 176 0 22 9 0
22 311 183 48 2172 3474 3610 869 308 602 1887 410 277 233 28 17136 27672 13935 8452 17294 13982 21164 48968 2480 2948 1980 6494 1438 2343 4079 3324 24501 40497 2527 2300 1488 2446 4905 3691 4111 13730 10705 646 6750 204 234 327 532 783 218 226 805 313 1166 1130 891 235 1558 16 2284 3615 84 45 118 70 185 508 412 319 4 43 50 1
22 310 177 54 2077 3336 3644 791 296 599 1994 455 294 257 37 16534 25796 13247 7778 17091 13876 18957 49462 2082 2830 2361 7191 1269 2249 4710 3696 24430 41095 2471 2028 1430 2200 4829 3353 4073 13960 10615 920 6833 247 196 443 701 1246 210 204 774 376 1274 1172 839 204 1958 41 2243 3595 134 47 136 91 193 623 484 318 12 63 81 4
13 234 58 20 1568 1220 3901 150 99 672 1068 61 161 66 9 14008 11142 5312 6959 13828 5469 4039 66096 232 2448 883 1214 1197 951 1648 523 33925 28391 183 886 1215 906 1783 663 5795 9447 3752 55 4867 10 202 103 82 153 70 29 324 149 192 791 151 323 520 7 1614 1247 5 13 16 14 141 185 63 101 0 13 8 1
15 261 77 28 1797 1627 3935 220 138 658 1347 121 202 99 15 15118 14200 7190 7735 16236 7314 5837 62817 363 2752 1827 2577 1293 1216 2767 999 31500 32003 403 1222 1319 1183 2461 1002 5182 11170 4968 156 5323 32 210 219 185 426 109 44 429 312 407 962 226 290 830 7 1890 1695 30 14 31 49 163 356 125 142 0 25 22 1
11 229 33 22 1407 801 4129 46 73 685 1011 54 166 51 14 12424 6660 4107 5968 14285 4101 1412 72425 27 2561 1294 1037 940 736 2324 584 35614 24476 78 650 1177 584 1506 288 5894 9373 2202 53 4056 12 197 210 89 378 57 12 259 231 188 860 51 296 807 7 1477 860 21 10 19 24 151 285 59 83 1 25 19 2
15 260 80 25 1747 1681 3945 247 167 663 1245 103 190 93 12 15051 14434 7335 7295 16137 7622 6553 62900 459 2776 1122 1900 1248 1312 2059 925 31608 31425 387 1180 1320 1342 3044 1229 5292 10885 5026 104 5265 24 224 120 103 242 162 110 525 180 379 965 250 295 692 9 1796 1712 13 27 25 12 165 246 105 171 0 14 13 1
19 288 128 43 2009 2494 3722 474 222 616 1750 287 248 180 28 16358 20840 10250 8290 16466 10249 11731 54598 1007 2752 2272 5045 1398 1688 4184 2293 27205 37927 1293 1699 1393 1876 3588 2068 4481 12804 8006 472 6298 120 259 263 367 897 175 120 600 377 893 1039 498 250 1519 27 2108 2645 99 26 67 77 171 533 303 242 1 40 53 3
19 294 130 41 2062 2630 3775 502 227 628 1714 262 247 180 25 16402 21496 11292 8357 17361 11130 12905 54931 1155 2912 2157 4715 1420 1896 3915 2265 27226 37614 1218 1894 1418 1850 3774 2279 4463 12924 8040 445 6159 88 262 296 333 878 174 120 691 396 802 1080 531 251 1386 18 2142 2751 93 23 51 79 185 491 274 237 2 33 50 2
15 257 76 29 1793 1579 3892 206 139 643 1321 137 210 96 16 15204 13945 6862 7879 15881 6969 5422 62542 300 2477 1428 2478 1323 1097 2753 1172 31367 31849 455 1175 1374 1277 2433 948 5191 11121 4850 151 5279 55 216 356 269 346 113 48 396 251 415 945 211 290 927 8 1890 1666 24 18 59 34 152 323 140 148 0 39 20 1
13 224 54 24 1495 1069 3797 117 88 647 1133 87 155 69 13 13681 10055 4393 6942 12394 4582 3035 65360 130 2000 999 1473 1241 715 2256 724 33801 29070 223 800 1104 804 1462 473 5860 8936 3616 83 5034 28 160 148 102 259 66 28 251 170 253 691 121 343 802 7 1534 1106 18 6 22 24 109 244 89 90 0 17 15 1
9 195 27 9 1210 631 3991 50 41 687 635 6 106 27 1 11152 6129 3097 5840 11179 3111 1547 74766 55 2006 82 105 1024 526 206 67 38550 20065 15 572 1010 400 747 214 6599 6805 1758 0 3397 0 160 5 5 0 27 5 149 14 15 573 50 379 69 0 1214 631 0 5 1 0 100 20 6 41 0 1 0 0
21 311 168 42 2196 3363 3713 784 257 598 1777 318 283 204 24 17242 27013 14331 8848 18217 14053 20199 51153 2270 2800 1899 5621 1491 2108 3505 2692 25239 39186 1889 2351 1542 2076 4383 3122 4153 13958 9810 451 6458 137 242 417 632 581 154 133 669 358 891 1186 803 243 1260 29 2329 3514 43 17 83 42 181 466 323 263 2 52 36 2
16 263 94 26 1800 1910 3810 321 167 678 1307 125 197 103 11 15764 16518 8117 7736 15100 8108 8297 59870 652 3082 1125 2342 1214 1668 2023 1042 30780 33013 577 1287 1266 1410 2866 1445 5334 11109 5810 89 5651 38 244 136 161 163 111 86 540 192 403 916 322 282 654 0 1869 1942 8 33 22 18 188 242 125 170 0 17 9 0
