99 0 4150 701 0 0 0 98137 0 0 0 49878 0 8383 451 0 0 0 0 0 0 0 0 1471453 0 0 0 0 0 0 0 0 0 1500590 0 0 0 0 0 0 0 0 505996 0 127255 0 0 0 0 0 0 0 0 0 0 28164 0 0 27281 0 0 85310 0 0 0 0 0 13633 0 3531 0 1135 28
21 308 163 47 2122 3205 3677 721 264 609 1873 354 277 226 29 16825 25273 13395 8322 17280 13066 18284 51022 1942 2849 2333 6088 1220 2262 4234 2899 25304 39697 1879 2191 1344 2046 4302 2970 4161 13837 9785 697 6553 146 222 376 520 1066 193 162 675 390 1001 1126 755 205 1574 19 2252 3394 105 30 85 106 189 554 369 283 8 48 63 2
17 275 104 32 1913 2121 3808 364 195 624 1451 168 219 132 16 16017 17914 9148 7903 16351 8922 9431 58285 762 2490 1464 2920 1319 1363 2771 1437 29215 34475 715 1575 1342 1647 3300 1743 4848 11959 6474 242 5764 49 227 225 224 492 154 99 531 254 535 982 376 269 954 0 1990 2198 37 17 49 50 151 332 168 202 3 26 28 0
17 273 103 33 1898 2068 3767 352 196 637 1476 180 216 129 19 16115 17783 8902 8019 15674 8401 8849 57948 711 2681 1579 3180 1263 1427 3000 1552 29289 34643 744 1433 1280 1631 3237 1713 4922 11833 6431 235 5854 65 216 206 225 435 144 109 549 259 591 935 361 257 1063 18 1978 2136 31 30 34 40 162 365 186 201 0 26 27 2
14 244 71 20 1643 1508 3873 212 116 632 1090 71 171 74 7 15044 13387 6851 7087 14418 6770 5864 63921 377 1881 632 1250 1227 916 1274 650 32476 29595 292 1112 1236 1053 2113 908 5554 10053 4438 28 5120 17 153 121 109 58 79 42 259 95 210 830 212 329 439 0 1677 1516 1 11 15 2 111 144 71 116 0 12 3 0
13 219 57 21 1518 1112 3696 141 73 652 1080 68 145 68 9 14022 10969 4553 7202 11247 4303 3653 64234 199 2013 757 1190 1191 777 1764 565 34072 29036 202 837 1023 743 1169 473 5945 8598 3819 66 5064 13 203 118 80 195 30 19 207 162 164 593 144 329 581 0 1556 1141 12 4 11 14 106 181 68 73 0 12 11 0
13 233 59 19 1600 1261 3884 157 90 645 1027 56 164 66 7 14298 11793 5655 7286 14081 5727 4394 65821 249 2027 621 998 1218 804 1329 507 33829 28130 185 975 1227 865 1622 638 5722 9441 3773 45 4804 8 177 141 115 128 63 25 247 111 145 781 159 322 443 0 1647 1292 6 8 14 9 111 142 56 95 0 17 7 0
17 261 105 31 1911 2058 3644 375 145 631 1424 161 202 128 16 16177 18797 8469 8494 14696 8189 9604 56758 815 2512 1230 2761 1417 1410 2709 1393 29652 34950 697 1543 1312 1354 2327 1395 5110 11012 6589 215 6016 46 223 233 222 378 82 54 389 231 383 831 381 280 947 9 1959 2120 27 16 27 31 145 292 165 150 1 23 23 1
19 305 127 44 2003 2665 3881 469 245 612 1771 282 282 188 30 16047 20261 12234 7539 17702 11401 12479 56075 1011 2801 2576 5086 1045 1811 4264 2453 26599 37296 1221 1750 1409 1819 4288 2216 4268 14147 7815 511 5974 106 188 409 520 1094 172 157 630 388 906 1191 507 193 1572 33 2167 2883 109 31 100 104 186 578 307 268 5 59 62 4
13 235 55 23 1543 1186 3907 124 95 653 1114 82 165 69 11 14161 10508 5457 6688 13613 5428 3468 66403 145 2193 1026 1501 1134 855 2098 769 33512 28458 226 896 1124 813 1728 565 5710 9580 3561 79 4841 25 164 154 100 263 59 27 269 158 254 786 129 308 699 0 1599 1224 14 11 16 15 125 231 82 98 1 16 14 0
17 285 105 31 1931 2271 3965 372 201 649 1427 167 230 125 16 15804 18342 10294 7724 17982 10577 10220 59645 786 2992 1408 3034 1157 1778 2585 1563 29378 34042 750 1640 1397 1574 3802 1855 4785 12425 6303 187 5583 53 218 229 265 360 160 99 580 239 535 1137 377 244 915 10 2025 2330 26 23 44 35 186 320 170 205 0 27 20 1
17 289 104 32 1964 2278 3990 364 209 632 1462 168 233 132 16 15909 18288 10742 7731 18407 10516 10085 59942 766 2713 1664 3163 1238 1605 2827 1562 29047 34109 704 1660 1454 1704 3872 1872 4638 12693 6312 246 5506 54 234 215 243 536 174 113 572 270 596 1151 378 254 929 0 2039 2351 34 25 34 44 170 357 168 216 2 26 28 0
19 284 129 42 1945 2532 3689 478 198 611 1700 293 242 173 25 16518 20861 10584 7891 15876 10571 12168 54203 995 2522 1883 4884 1265 1648 3855 2489 27205 37748 1363 1643 1310 1600 3275 1926 4657 12498 7952 448 6386 147 187 321 411 755 140 94 540 289 771 1015 494 243 1444 10 2048 2646 75 29 64 56 159 470 298 203 1 39 44 1
11 215 41 14 1405 880 3931 92 77 676 852 24 132 45 4 12866 8273 3954 6431 12509 3843 2518 70067 125 2153 499 511 1052 697 896 192 36276 24460 61 721 977 742 1391 440 6149 8176 2692 21 4164 0 186 46 23 88 54 23 227 109 86 666 93 335 248 0 1418 889 2 11 6 8 116 99 24 78 0 5 4 0
15 263 77 28 1802 1668 3946 222 149 638 1302 116 207 103 14 15181 14319 7665 7611 16382 7502 6060 62991 372 2457 1440 2160 1243 1143 2591 1088 31212 31459 388 1280 1312 1275 2725 1129 5097 11352 4905 162 5171 27 199 232 196 479 120 54 419 227 356 983 238 276 843 0 1871 1743 34 15 45 41 149 305 116 159 2 28 26 0
15 255 81 24 1759 1704 3825 260 140 651 1214 88 186 97 10 15456 15031 7656 7719 14860 7259 7068 61740 519 2506 944 1572 1266 1215 1791 788 31494 31298 330 1271 1217 1202 2410 1153 5367 10703 5096 116 5345 11 214 148 123 288 87 62 422 165 286 853 268 293 616 0 1810 1742 16 14 13 26 147 209 88 143 1 15 16 0
15 250 77 28 1711 1541 3805 218 142 642 1289 125 193 97 15 15111 13876 6552 7416 14419 6502 5568 61701 352 2322 1178 2094 1213 1049 2484 1041 31551 31898 417 1080 1218 1246 2359 992 5378 10603 4955 150 5455 42 189 207 199 340 109 62 387 179 395 845 224 284 891 8 1783 1604 23 17 48 32 140 284 128 145 0 28 20 1
19 305 135 36 2049 2844 3903 554 264 611 1588 238 265 157 20 16689 22052 12889 7875 18470 12553 14771 55862 1376 2709 1673 4176 1229 1852 2914 2122 26921 36384 1272 1973 1453 2033 4694 2730 4375 13749 7880 259 5934 94 226 296 435 374 227 172 653 253 752 1210 557 228 1075 25 2153 2930 26 25 88 42 178 385 243 272 0 41 22 2
15 269 84 21 1797 1861 4015 286 171 656 1165 72 199 90 7 15566 15457 8850 7318 17018 8609 7969 63357 616 2651 910 1521 1192 1385 1377 629 31368 30541 312 1342 1344 1377 3216 1472 5180 11478 5086 57 5115 12 215 115 126 127 149 86 489 159 271 1034 287 283 400 0 1849 1882 3 12 19 12 161 174 72 172 0 14 6 0
14 237 68 23 1647 1374 3807 186 113 656 1151 90 165 78 10 14574 12794 5764 7444 13857 5943 4881 63321 289 2302 801 1532 1189 1026 1911 776 33044 30325 313 994 1214 1084 2003 792 5629 9554 4363 74 5206 28 213 124 107 190 65 50 326 147 258 768 190 314 639 0 1682 1396 7 14 12 18 130 198 90 114 0 13 10 0
23 329 198 55 2241 3883 3666 965 338 568 2043 496 318 271 39 16751 29219 16367 8524 18496 15835 24154 48214 2831 2614 2527 7979 1243 2252 4746 4195 23063 41337 3036 2605 1420 2484 5476 4251 3649 14978 11403 901 6569 249 180 547 840 1189 251 243 841 412 1375 1262 1003 180 1963 77 2400 4120 145 38 140 102 179 652 529 361 3 68 75 6
17 273 103 33 1885 2029 3834 355 200 626 1489 173 225 134 18 15392 17306 8335 7742 16802 8703 8763 58425 734 2440 1615 3149 1253 1303 3133 1330 29548 34907 700 1425 1328 1638 3418 1654 4799 11952 6514 264 5842 55 214 282 268 560 165 125 517 263 566 1017 370 258 1017 7 1988 2130 37 28 67 56 155 378 179 215 2 34 31 1
15 259 76 29 1745 1629 3968 209 150 653 1301 132 198 97 17 14897 13875 7113 7212 16484 7838 5772 63198 319 2598 1298 2229 1117 1239 2671 1243 31661 31691 437 1181 1303 1224 2829 1046 5173 10924 4764 143 5271 43 217 206 173 367 143 72 445 195 437 992 215 265 1001 18 1827 1676 31 22 34 28 158 309 136 155 0 24 21 2
14 239 75 16 1667 1507 3811 254 138 657 1010 31 157 76 3 14932 14082 6389 7469 14116 6498 6488 63032 562 2273 256 521 1272 1046 552 276 33151 29500 141 1108 1211 1323 2263 1179 5692 9534 4736 10 5156 2 207 22 27 20 102 78 374 41 95 772 254 329 193 0 1675 1508 0 18 5 0 127 59 31 138 0 3 1 0
17 257 104 32 1810 1988 3634 362 141 625 1444 174 199 126 18 16055 17866 7951 8028 14036 8005 9010 56670 745 2257 1231 2956 1293 1294 2711 1464 29666 35166 761 1383 1220 1259 2302 1306 5190 10887 6569 200 6173 55 179 202 238 369 73 59 372 226 413 819 366 287 1037 18 1871 2046 29 10 28 20 135 312 182 143 0 25 22 2
18 267 122 31 1926 2338 3591 490 173 618 1435 170 210 142 14 16897 20722 9482 8319 14438 9196 12298 54545 1231 2372 892 2576 1465 1468 2245 1454 28641 35875 858 1690 1295 1600 2758 1856 5043 11352 7510 211 6315 50 214 227 255 321 84 80 441 156 394 849 499 285 866 0 1988 2391 21 13 40 19 134 244 170 179 0 24 20 0
13 246 54 24 1621 1194 4028 122 115 648 1160 76 184 76 12 14067 10293 5660 6864 15458 5493 3378 67452 154 2295 1491 1521 1100 817 2418 671 33320 28279 184 919 1259 1015 2138 646 5426 10424 3578 104 4652 12 189 213 126 420 97 38 305 219 283 904 132 294 720 0 1704 1268 30 15 26 48 134 288 76 122 1 24 22 0
19 284 131 40 2015 2578 3666 504 194 612 1668 273 239 169 23 16878 21819 10775 8460 16068 10597 12910 53864 1122 2494 1784 4622 1340 1686 3619 2308 27381 37599 1333 1816 1342 1650 3171 1969 4615 12409 8036 390 6354 124 202 302 381 671 122 91 519 332 711 984 520 250 1317 11 2113 2686 58 13 48 45 159 435 277 204 2 35 38 1
12 225 46 20 1462 1010 3955 96 76 662 1011 59 151 54 11 13108 9170 4657 6500 13667 4899 2753 68572 110 2131 849 1088 1027 764 1744 587 34935 26658 141 779 1142 676 1421 416 5886 8903 2994 45 4532 13 181 130 78 128 51 20 232 137 183 761 97 315 636 12 1492 1033 5 11 6 12 120 197 61 77 0 14 9 2
15 245 77 28 1659 1542 3752 219 119 651 1278 122 186 100 14 14905 13737 6466 7143 13648 6461 5670 61254 355 2447 1047 2000 1161 1162 2412 1084 31665 32026 409 1057 1138 1047 2008 922 5522 10281 4975 161 5549 37 194 222 194 390 80 36 357 168 305 796 229 285 888 0 1732 1611 27 17 31 28 140 263 122 122 2 25 23 0
20 292 145 45 2071 2794 3625 593 225 602 1802 314 251 203 30 16608 23103 11390 8426 16472 11086 14714 52095 1458 2597 2155 5332 1387 1826 4250 2584 26252 38998 1525 1986 1338 1962 3595 2381 4394 12896 8939 571 6520 127 226 318 397 997 144 134 554 369 860 1006 628 234 1613 40 2172 2951 92 21 53 65 162 531 334 236 6 38 60 4
20 275 156 34 2036 2814 3461 738 202 613 1579 207 214 180 15 17595 25492 10639 8680 14877 10692 17472 50123 2257 2422 1005 3290 1534 1779 2501 1614 27226 38536 1241 1905 1311 1788 3076 2500 4819 11537 9501 287 6957 49 238 167 219 398 101 119 494 194 487 858 749 285 893 0 2089 2867 30 21 34 22 143 274 207 202 1 18 24 0
17 273 99 37 1895 2043 3818 313 156 618 1549 202 232 142 23 15713 17313 8917 7993 16460 9006 8403 58543 569 2455 1829 3543 1218 1324 3565 1784 29129 35088 717 1517 1371 1345 2722 1273 4793 12066 6299 338 5806 82 170 359 340 732 100 54 418 289 577 1003 334 254 1298 15 2004 2193 66 16 52 59 152 439 213 165 1 42 43 2
22 310 180 51 2175 3424 3592 837 277 576 1952 422 290 245 36 17087 27473 13834 8442 17251 13646 20388 48887 2365 2531 2362 6957 1415 2034 4445 3450 24307 40828 2403 2276 1437 2260 4421 3363 3985 13919 10651 766 6743 198 193 463 692 1050 183 171 612 411 1054 1126 871 207 1829 70 2325 3633 112 30 111 94 161 599 454 294 2 59 68 6
16 278 94 26 1875 2069 3995 326 202 655 1271 115 213 108 11 15733 16850 9749 7567 17717 9665 9064 61502 693 2916 915 1934 1215 1546 1904 1121 30327 32123 508 1535 1382 1610 3711 1796 4974 11914 5638 119 5306 24 228 140 160 255 168 111 620 129 394 1088 331 264 674 0 1923 2101 15 36 40 22 179 221 115 203 1 18 14 0
14 249 68 23 1732 1452 3923 185 133 655 1149 92 185 77 10 14813 12963 6541 7608 15599 6578 5033 64488 283 2490 919 1625 1213 1049 1853 836 32621 29741 322 1165 1315 1229 2306 906 5423 10392 4269 73 4948 29 206 205 155 162 104 64 393 157 288 887 186 285 621 0 1795 1489 7 20 29 14 145 208 92 138 0 21 9 0
11 205 37 18 1304 766 3811 65 53 674 912 46 133 46 8 12491 7305 3333 6155 10335 3175 1774 69204 58 1997 569 752 937 618 1511 439 36249 25053 90 597 916 513 900 254 6307 7804 2506 41 4360 11 178 143 81 137 26 9 166 96 110 563 67 328 539 0 1360 799 8 8 10 11 110 149 46 55 0 16 9 0
12 216 49 17 1419 1013 3797 118 74 653 949 40 133 56 6 13560 9650 4465 6476 11454 4202 3216 67027 172 1811 511 695 1153 680 1185 371 34960 26671 106 763 965 686 1265 475 6086 8317 3238 42 4663 4 166 31 25 132 42 22 202 90 109 614 120 346 397 0 1432 1020 4 5 2 11 98 121 40 75 0 4 7 0
17 261 102 34 1827 1992 3676 342 148 618 1494 189 197 126 23 15877 17519 8197 7829 14601 8183 8755 57150 666 2242 1557 3264 1368 1285 3186 1604 29452 35284 783 1415 1242 1330 2399 1289 5063 11030 6455 212 6084 67 210 146 172 436 106 64 363 254 507 854 346 287 1236 44 1874 2033 26 9 28 26 132 368 204 150 0 18 27 5
17 274 109 27 1919 2264 3790 418 183 643 1316 130 219 121 11 16451 19321 9969 8086 16180 9713 11235 57911 1001 2771 741 1980 1301 1645 1726 1217 29496 33756 654 1670 1331 1549 3151 1834 5060 11810 6574 117 5758 31 221 221 283 200 129 101 533 130 330 976 423 264 679 0 1984 2312 12 20 41 10 164 196 130 186 0 27 12 0
12 215 46 20 1400 938 3826 94 66 663 1005 62 145 54 10 12969 8951 3961 6440 11828 4116 2512 67358 98 2023 712 1047 998 704 1656 550 35174 27024 158 683 994 618 1185 373 6086 8393 3066 42 4716 17 174 147 102 140 36 13 179 130 149 648 96 326 614 5 1458 970 5 7 10 12 111 180 65 67 0 18 8 1
16 269 88 32 1818 1877 3893 274 167 651 1396 143 214 124 19 15291 15589 8496 7458 16345 8376 7494 60867 509 2815 1358 2436 1085 1444 2929 1330 30329 33128 497 1387 1339 1357 3025 1346 5034 11630 5517 235 5519 29 224 239 209 669 125 83 509 187 444 993 297 244 1091 10 1903 1971 47 24 33 59 171 345 155 174 2 30 37 2
14 239 67 24 1655 1407 3843 178 90 640 1172 95 174 80 11 14591 13021 6193 7379 14411 6419 4964 63762 268 2024 900 1690 1239 934 2004 865 32783 30364 303 1054 1242 861 1665 650 5556 9793 4295 99 5174 31 183 193 155 254 50 22 238 159 221 809 181 311 694 0 1718 1451 11 9 19 14 119 221 95 91 0 20 13 0
16 255 91 29 1815 1788 3746 294 159 625 1335 140 192 112 14 15627 16347 7295 7927 15111 7493 7369 59306 557 2138 1028 2254 1370 1110 2374 1227 30659 33373 561 1294 1250 1459 2698 1336 5177 10672 5763 171 5717 40 210 188 169 339 124 80 410 174 399 853 301 301 880 0 1864 1838 28 12 31 25 125 262 140 164 1 20 21 0
15 252 77 28 1742 1584 3860 218 132 645 1300 124 190 99 14 14862 14174 6727 7497 15494 7124 5726 62167 351 2416 1292 2206 1197 1138 2543 1092 31695 32039 413 1179 1293 1146 2323 992 5251 10564 4955 160 5387 40 217 199 176 400 96 45 368 219 374 899 226 284 862 0 1817 1640 29 18 24 31 142 292 124 136 0 22 22 0
18 291 111 42 1955 2305 3902 375 221 599 1690 238 255 175 28 15655 18449 10084 7618 17796 10229 9853 57822 741 2340 2405 4171 1216 1360 4152 2075 27836 36330 886 1608 1343 1688 3985 1849 4376 13122 7034 466 5823 83 204 366 359 1160 193 134 549 346 783 1141 423 236 1542 20 2069 2494 108 34 84 101 157 539 258 233 7 46 65 3
18 274 121 32 1945 2370 3665 488 177 634 1492 161 221 150 17 16804 20577 9789 8157 15269 9513 12333 55266 1256 2701 1358 2886 1288 1692 2625 1309 28632 36030 768 1674 1327 1504 2900 1903 4934 11822 7499 251 6191 23 237 258 280 540 98 91 504 226 383 922 509 261 942 17 2035 2461 32 16 22 44 162 316 170 185 2 29 30 2
16 264 88 32 1807 1825 3800 266 150 621 1409 157 213 120 17 15826 15690 8186 7694 15137 7629 7102 60136 465 2211 1529 2728 1327 1172 2961 1410 29942 33287 534 1323 1247 1263 2518 1169 5066 11550 5603 246 5573 62 182 270 254 567 100 71 388 240 447 908 284 279 1034 0 1874 1938 38 19 37 41 135 345 157 156 2 32 32 0
17 254 99 37 1836 1813 3587 312 154 624 1533 203 205 143 22 15817 16715 6896 8166 13751 6798 7366 56483 554 2396 1600 3255 1257 1154 3639 1559 29650 35710 742 1250 1200 1493 2301 1204 5104 10823 6502 335 6158 76 188 334 264 670 107 72 420 259 556 773 333 275 1324 7 1930 1928 77 23 49 68 138 399 209 168 2 33 44 1
15 246 83 22 1768 1674 3737 274 129 643 1172 84 170 89 8 15631 15572 7049 8082 14194 6889 7230 60782 557 2227 668 1430 1401 1120 1454 748 31820 31555 364 1317 1268 1259 2154 1103 5487 10018 5220 58 5456 18 202 89 74 105 81 62 360 122 231 770 274 321 506 0 1792 1686 4 10 10 8 127 158 84 129 0 8 6 0
19 272 133 38 1971 2461 3567 530 198 602 1623 257 208 157 25 16691 21986 9531 8408 15197 9767 12727 52835 1255 2258 1511 4166 1488 1461 3364 2093 27731 37861 1331 1647 1288 1790 3129 2052 4749 11439 8179 265 6611 105 244 137 180 398 123 116 468 250 675 882 533 283 1341 58 2012 2494 29 10 34 25 132 384 268 198 0 16 27 5
17 265 104 32 1862 2030 3714 370 161 635 1456 158 216 134 18 15939 17776 8299 7998 15343 8374 9310 57314 808 2533 1405 2775 1200 1368 2790 1271 29664 34937 661 1414 1289 1450 2631 1442 5056 11444 6608 242 6012 30 195 286 283 499 112 79 470 243 425 907 384 263 1008 12 1970 2139 40 19 49 47 151 338 170 166 0 33 31 2
21 312 159 51 2097 3169 3724 676 267 601 1969 376 284 241 37 16183 24304 13592 8076 17665 13212 17169 51580 1738 2788 2846 6670 1138 2103 4814 3135 25022 40014 1847 2039 1343 2029 4434 2965 4000 14132 9706 795 6505 140 218 361 522 1462 173 144 739 497 1096 1171 727 195 1889 60 2231 3401 165 32 88 123 189 673 414 281 9 50 84 6
17 260 95 41 1739 1834 3678 268 139 612 1610 236 219 149 27 15538 15699 7621 7288 13965 7466 6729 57591 383 2174 1886 3882 1120 1176 4061 1959 29134 35804 767 1159 1166 1133 2319 1037 5016 11381 6259 393 6142 122 173 345 329 905 70 39 343 304 618 869 293 265 1572 16 1839 1997 102 13 53 59 133 484 244 148 3 42 55 2
12 218 47 19 1452 980 3837 101 70 653 972 56 153 55 8 13492 9329 4293 6788 12137 4241 2761 67469 116 1866 556 886 1116 635 1439 532 34911 26683 150 766 1045 683 1225 395 6031 8648 3103 40 4600 14 158 203 138 116 39 17 205 94 132 666 105 323 528 0 1507 1014 6 9 20 9 109 146 56 73 0 22 8 0
16 240 83 37 1686 1523 3587 221 105 622 1505 182 181 135 22 15084 14219 5909 7533 12512 5884 5332 58232 313 2076 1601 3031 1259 1014 3906 1472 30706 34835 520 1023 1113 1013 1638 723 5356 9956 5716 327 6075 80 167 225 171 844 45 35 252 325 424 701 254 298 1385 0 1741 1627 85 9 27 54 115 417 182 110 7 24 52 0
17 274 103 33 1898 2138 3846 353 174 624 1456 177 221 132 18 16026 18110 9301 7812 16771 9679 9386 58665 719 2446 1456 3079 1296 1444 2839 1682 29353 34644 726 1572 1376 1435 3066 1582 4842 11831 6366 245 5763 62 233 262 266 453 133 79 469 217 494 1025 369 264 1063 12 1978 2212 37 16 42 31 149 341 178 182 2 30 29 1
13 230 57 21 1597 1170 3850 139 102 647 1070 72 158 66 9 14129 11056 4976 7263 13738 5051 3647 65606 192 2023 757 1239 1263 761 1715 643 33891 28525 207 904 1197 1023 1788 650 5703 9200 3709 67 4844 23 196 153 96 160 76 38 281 158 205 742 141 324 578 0 1636 1194 4 10 16 17 111 182 72 104 0 14 9 0
12 220 48 18 1488 1013 3858 111 66 663 989 45 143 57 7 13320 9739 4446 6979 12600 4417 3081 67547 151 2071 805 946 1122 743 1528 372 35148 26845 116 825 1116 635 1167 413 5972 8583 3185 50 4583 4 189 87 55 193 41 12 197 141 112 672 113 330 434 0 1528 1037 6 6 7 17 115 165 45 68 1 10 9 0
11 213 36 19 1409 802 3902 62 48 664 946 45 143 48 10 12831 7621 3785 6574 12038 3629 1841 70092 56 2041 844 868 1086 598 1838 453 35977 24903 80 680 1074 485 864 223 6079 8290 2416 47 4185 7 175 168 77 213 21 10 160 167 96 646 65 321 614 4 1471 853 9 3 8 17 110 195 48 50 1 18 12 1
7 164 13 8 859 266 3921 12 21 699 522 8 77 13 2 8266 2763 1090 4275 7162 1133 318 78429 4 1538 179 140 689 233 408 63 41362 16387 10 207 647 212 346 48 7162 4918 909 0 2828 1 124 55 19 0 11 2 89 33 28 360 12 377 137 0 880 266 0 2 1 0 80 42 8 21 0 5 0 0
10 199 29 16 1230 609 3932 42 50 677 836 37 123 32 9 11380 5843 2575 5786 11146 2859 1142 72226 29 1945 616 649 860 484 1393 330 37536 23052 60 480 963 479 894 186 6372 7305 1949 16 3949 10 169 126 58 58 37 9 177 111 113 602 42 338 526 10 1265 620 0 5 12 0 104 149 37 50 0 15 4 2
10 228 35 10 1437 900 4265 77 90 693 686 7 143 35 1 12374 7648 4948 6174 15868 4864 2484 75164 105 2456 123 140 975 783 209 72 37144 20780 21 814 1325 798 1982 489 6008 8791 2125 0 3410 0 216 43 21 0 78 33 279 17 28 906 77 319 61 0 1453 900 0 14 7 0 142 24 7 90 0 4 0 0
21 312 163 47 2115 3200 3740 718 305 602 1876 359 277 225 28 16277 25039 13415 8014 18020 13262 17857 51561 1917 2802 2412 6165 1224 2114 4225 2907 25274 39643 1903 2048 1382 2283 5098 3301 4028 13983 9748 696 6480 161 233 316 462 1054 224 226 753 376 1170 1183 754 209 1542 12 2237 3357 110 40 111 101 188 558 364 323 5 43 62 1
11 219 38 17 1327 846 4022 72 78 681 906 40 141 46 7 12290 7349 3908 5683 12878 4096 2021 71128 73 2254 738 762 881 725 1402 375 36061 24426 88 607 1031 663 1520 390 6117 8510 2489 34 4198 5 153 84 53 162 78 19 237 111 148 756 74 314 449 0 1352 864 8 21 7 14 128 157 40 79 0 10 8 0
16 249 81 39 1701 1524 3694 206 128 632 1555 190 200 136 28 14611 13689 5963 7366 13791 6148 4953 59288 265 2390 1979 3220 1077 1064 4256 1478 30522 34747 538 955 1127 1106 2099 821 5177 10632 5548 305 5950 74 189 304 234 955 85 58 360 344 523 807 237 266 1578 24 1792 1666 105 19 30 79 138 498 206 135 3 34 59 4
13 240 55 23 1572 1179 3946 123 110 660 1125 84 178 68 11 14058 10304 5410 6750 14312 5210 3343 66679 139 2313 1197 1598 1018 905 2109 726 33534 28265 236 874 1155 985 1974 586 5597 10063 3561 76 4776 26 193 214 143 261 83 51 286 189 279 837 126 294 675 0 1641 1235 14 15 29 18 141 247 84 116 1 24 13 0
16 266 92 28 1846 1955 3849 313 159 629 1305 117 206 115 15 15882 16790 8900 7825 16117 8744 8600 60329 664 2353 925 1909 1306 1251 2148 1135 30235 32713 460 1492 1314 1373 2776 1441 5074 11388 5667 167 5534 13 207 192 182 393 102 70 419 157 325 955 326 278 855 13 1905 2027 25 23 26 35 140 251 126 163 0 24 24 2
15 254 80 25 1768 1651 3844 247 141 628 1225 103 199 93 12 15581 14746 7217 7636 15143 7134 6487 61938 456 2194 942 1749 1333 999 1953 887 31392 31357 396 1227 1314 1307 2459 1136 5282 10868 5030 97 5334 22 193 248 235 213 103 48 357 149 309 896 251 291 700 9 1834 1702 15 8 38 20 126 226 105 148 0 30 13 1
14 256 73 18 1767 1643 3996 235 138 655 1049 47 180 77 5 15189 14394 7847 7589 16558 7669 6763 64877 483 2538 558 915 1274 1195 970 453 32589 28934 192 1329 1337 1212 2642 1164 5365 10597 4470 33 4819 4 237 78 76 73 106 55 387 91 161 947 236 303 301 0 1800 1655 2 14 11 6 143 115 47 138 0 9 4 0
15 264 81 24 1795 1780 3982 254 153 656 1222 100 194 91 10 15284 15071 8236 7468 16863 8344 7165 63096 473 2675 1053 1899 1178 1353 1908 921 31580 31145 409 1376 1347 1293 2869 1229 5182 11120 4974 81 5188 25 248 107 126 199 136 68 438 164 356 999 257 287 600 0 1833 1804 10 26 16 14 160 226 100 154 0 14 10 0
10 200 33 12 1286 692 3920 64 65 664 748 19 115 34 3 11892 6893 3056 6164 11464 3124 1727 71956 71 1633 240 308 1059 453 617 178 37519 22545 47 537 954 686 1125 302 6374 7214 2187 6 3861 2 148 41 21 18 53 27 180 30 60 583 64 362 205 0 1296 694 0 6 5 2 87 58 19 65 0 4 1 0
15 248 82 23 1696 1640 3761 264 138 667 1190 92 183 90 9 15161 14683 6882 7415 14015 6693 6771 61075 517 2667 731 1536 1121 1320 1571 786 31880 31515 380 1165 1140 1182 2339 1129 5594 10341 5187 74 5488 24 210 186 170 127 80 65 425 125 275 803 266 287 559 0 1749 1670 4 22 24 7 156 178 92 140 0 19 8 0
16 267 92 28 1899 1893 3832 303 177 623 1330 135 214 109 13 15981 16553 8358 8295 16227 7947 7924 60115 590 2358 1199 2319 1357 1113 2334 1135 30222 32839 562 1446 1329 1647 2908 1422 4986 11590 5723 146 5472 41 191 277 267 286 149 98 471 208 449 949 309 281 780 0 1971 1952 20 22 46 35 137 269 135 186 0 30 17 0
16 250 89 31 1737 1697 3685 277 150 652 1383 149 185 117 17 15346 15433 6729 7670 13686 6944 6774 58913 502 2603 1269 2393 1163 1286 2788 1226 30897 33798 547 1124 1122 1324 2370 1206 5358 10367 5776 209 5874 45 212 160 143 469 107 71 464 178 443 791 290 288 1030 8 1798 1755 34 29 24 37 150 308 153 153 3 18 28 1
13 231 59 19 1539 1249 3896 155 93 663 1029 61 154 62 8 13945 11352 5357 6812 13876 5897 4253 65876 236 2199 617 1092 1107 947 1345 598 34182 28250 215 946 1210 833 1732 670 5816 9151 3758 21 4870 12 211 80 74 49 80 30 302 95 155 781 155 321 476 8 1561 1253 2 11 6 3 127 148 62 93 0 9 3 1
13 246 56 22 1595 1275 4025 137 123 671 1081 66 175 73 10 14020 10780 6168 6803 15176 6068 3945 67398 196 2622 947 1158 1005 1016 1867 687 33498 27723 177 982 1188 985 2321 772 5582 10182 3558 88 4639 6 200 110 88 329 101 56 435 138 239 902 144 290 636 0 1628 1315 20 15 12 22 152 209 66 128 1 15 17 0
13 236 57 21 1572 1237 3915 143 89 648 1087 64 165 70 9 14054 11059 5662 6950 14085 5648 4066 66286 215 2111 995 1263 1211 866 1829 567 33587 28304 170 963 1138 792 1662 581 5669 9652 3702 81 4820 14 198 139 94 253 59 23 226 175 195 798 149 316 554 0 1612 1280 9 6 11 22 120 205 64 90 0 15 13 0
11 221 39 16 1378 856 4024 78 89 671 878 36 149 45 6 12628 7748 3968 6053 13161 3948 2113 71152 87 2135 608 660 970 633 1163 315 35927 24137 84 622 1080 752 1720 450 6053 8749 2532 29 4146 4 154 130 81 116 77 28 257 93 129 766 79 320 381 0 1418 881 5 9 16 14 119 131 36 92 0 16 6 0
11 215 42 13 1434 921 3918 97 73 672 817 22 133 43 3 13042 8764 4208 6731 12488 4068 2745 69964 135 2057 285 406 1114 679 569 210 36146 24183 66 813 1122 733 1339 445 6156 8198 2711 7 4122 2 186 64 38 19 39 20 224 55 64 657 97 336 194 0 1453 924 0 10 7 1 111 64 22 73 0 6 1 0
19 298 134 37 2068 2790 3819 543 222 629 1626 246 252 157 23 16588 22487 12317 8363 18038 12170 14565 55062 1325 2850 1831 4463 1283 2001 3146 2172 27327 36976 1293 2031 1443 1773 3849 2346 4465 13189 7927 254 6080 96 228 270 397 418 157 120 642 315 725 1122 548 222 1202 49 2171 2864 29 24 40 35 190 422 253 228 0 35 25 4
15 253 70 35 1733 1469 3858 170 120 628 1427 140 203 120 25 14672 12838 6574 7367 15276 6588 4634 62528 229 2274 1734 2405 1212 980 3746 1262 31232 32496 338 1078 1218 1059 2071 785 5110 10885 4684 250 5354 36 203 319 198 918 97 33 334 297 409 889 198 267 1412 18 1838 1607 74 6 34 70 137 440 158 129 6 34 54 4
11 213 41 14 1384 905 3907 92 62 668 843 24 129 45 4 12789 8567 4244 6425 12119 4098 2659 69894 125 1969 401 469 1095 683 824 243 36153 24422 61 737 991 579 1125 389 6176 8073 2679 21 4188 0 179 42 23 77 34 12 191 71 59 642 93 347 260 0 1400 912 2 3 2 8 106 88 24 62 0 4 4 0
13 228 54 24 1541 1111 3808 127 94 648 1121 69 158 75 15 13929 10358 4867 7050 12808 4716 3383 65435 175 2075 942 1144 1142 743 2194 666 33691 28709 168 837 1058 910 1579 572 5759 9166 3610 98 4935 2 176 146 70 332 66 31 256 155 198 697 136 316 858 11 1588 1165 18 14 20 35 113 243 81 96 0 16 23 3
9 197 22 14 1170 499 4021 25 47 672 739 27 122 25 7 11095 4654 2404 5334 11092 2346 722 75293 12 1741 560 476 866 368 1207 260 38233 20353 32 377 875 449 911 143 6447 7252 1456 13 3471 8 151 154 54 62 44 7 135 97 85 609 25 341 423 4 1210 512 0 1 14 5 95 135 28 47 0 15 3 1
18 277 112 41 1909 2202 3771 378 196 621 1651 248 232 162 28 15823 18417 8949 7773 16260 9663 9463 56597 727 2573 1929 4158 1183 1493 4036 2132 28443 36662 967 1517 1324 1590 3389 1685 4673 12075 7094 422 6134 115 218 315 317 824 140 109 542 299 725 1019 406 241 1541 29 2016 2331 62 26 61 71 160 483 271 206 5 36 52 4
13 242 56 22 1621 1253 3977 131 102 659 1101 79 173 65 11 14205 10864 5963 7146 14819 5886 3744 66897 166 2361 1070 1541 1101 937 2002 767 33541 28133 226 1046 1262 915 1860 646 5565 9979 3542 63 4677 24 207 160 115 169 77 25 319 172 244 856 131 298 651 7 1681 1285 7 11 20 15 136 228 81 102 0 17 9 1
11 209 36 19 1291 739 3909 58 67 644 953 52 132 46 9 12329 6876 3225 5755 11484 3331 1549 70242 42 1516 883 929 1029 463 1832 435 35910 25158 96 522 957 625 1198 248 6120 7997 2458 44 4347 16 113 106 58 183 56 21 133 123 197 647 60 353 587 0 1317 762 10 5 7 14 85 194 52 67 0 11 10 0
14 252 68 23 1764 1483 3946 188 139 669 1153 86 181 80 10 14671 13048 6794 7761 15969 6670 5256 64580 299 2741 935 1558 1177 1178 1952 793 32756 29678 301 1223 1359 1315 2510 943 5364 10438 4258 78 4897 18 264 130 100 228 109 68 458 167 316 892 192 281 621 0 1804 1510 15 20 23 18 160 215 86 141 0 14 12 0
14 251 71 20 1729 1554 3941 215 133 664 1085 65 179 77 7 14922 13599 7169 7528 15665 7163 6042 64501 400 2622 667 1144 1248 1191 1319 619 32698 29291 250 1246 1256 1217 2396 1045 5492 10377 4403 49 4950 11 227 132 109 106 109 57 396 106 199 894 216 293 436 0 1761 1569 4 17 15 16 150 146 65 135 0 13 6 0
22 292 189 42 2170 3392 3365 974 245 602 1766 313 242 232 21 18167 29541 12856 9143 15017 12229 22867 46540 3228 2606 1314 4770 1588 2175 3241 2512 25083 40396 2028 2322 1391 2144 3556 3386 4457 12448 11226 534 7217 92 226 224 357 676 122 155 653 250 661 896 1004 257 1226 0 2255 3489 71 12 45 46 159 364 313 252 2 27 43 0
14 240 69 22 1627 1445 3817 199 107 674 1129 75 166 81 9 14640 12950 6321 7191 13621 6299 5441 63430 347 2665 709 1313 1102 1242 1695 723 32987 29984 258 1062 1177 965 1927 825 5725 9737 4413 83 5178 10 222 81 85 228 60 43 338 144 185 777 202 290 575 0 1664 1466 14 19 13 11 151 179 75 108 0 11 12 0
15 251 83 22 1762 1722 3811 275 127 645 1172 82 183 90 8 15536 15536 7522 7807 14797 7529 7429 61477 564 2328 700 1464 1288 1167 1472 734 31692 31361 353 1328 1321 1162 2180 1107 5433 10438 5178 62 5373 15 205 142 147 131 68 50 376 105 215 855 276 302 493 0 1810 1742 6 17 21 8 135 163 82 129 0 16 7 0
15 257 79 26 1773 1678 3869 238 129 654 1262 110 200 93 14 15316 14814 7542 7657 15427 7391 6551 62221 423 2629 1215 2023 1192 1258 2222 966 31530 31543 409 1253 1334 1077 2223 1005 5295 10997 4965 104 5306 26 213 223 220 262 98 47 409 210 315 908 242 267 777 16 1851 1730 14 10 30 24 156 272 114 132 0 28 15 2
20 290 142 48 2006 2709 3590 549 217 614 1869 352 249 205 34 16649 22260 11072 8056 15447 10459 13489 51981 1208 2761 2506 6051 1192 1928 4752 2851 26220 39353 1650 1723 1278 1748 3384 2158 4454 12832 8856 619 6612 181 218 311 405 1076 125 116 588 410 973 966 582 216 1805 43 2130 2856 104 26 55 89 178 593 385 228 3 39 65 5
17 269 105 31 1856 2124 3709 372 167 650 1410 166 218 127 15 16389 18171 9276 7888 14633 8614 9816 57445 786 2882 1179 2688 1132 1626 2446 1441 29398 34390 739 1461 1247 1382 2689 1517 5129 11665 6491 208 5913 53 211 275 297 367 101 78 522 185 461 892 378 251 914 0 1951 2202 26 21 47 26 173 285 166 173 2 31 22 0
10 220 29 16 1346 732 4129 43 60 686 838 33 145 37 7 12076 6337 3994 5916 13502 3694 1385 74251 31 2293 880 686 907 636 1478 377 36769 21903 52 622 1111 475 1255 245 6103 8667 1867 28 3657 6 183 125 59 175 49 13 206 129 102 772 45 307 441 0 1391 761 7 6 10 14 136 168 33 60 0 14 8 0
11 219 38 17 1420 860 4001 73 69 665 904 38 144 47 7 12834 7858 4110 6379 13325 4137 2132 70916 77 2095 725 723 1109 639 1450 376 35996 24450 82 699 1110 655 1337 348 5992 8522 2500 37 4109 2 158 125 63 172 45 17 202 133 119 737 75 327 448 0 1466 888 10 4 9 14 113 155 38 71 0 13 9 0
20 279 138 52 1972 2530 3543 495 196 596 1889 392 245 215 38 16350 21798 9622 8177 15199 10126 11836 51611 946 2410 2288 6051 1234 1629 5028 3148 26457 39809 1683 1598 1299 1645 3042 1841 4494 12236 8758 735 6765 237 204 403 465 1226 116 91 494 381 971 936 530 231 2077 49 2094 2712 158 20 82 76 151 610 417 203 5 45 80 5
12 239 52 14 1540 1243 4117 140 100 668 866 23 160 54 3 13809 10692 6283 6690 15613 6457 4295 69865 238 2296 243 408 1109 940 546 257 34776 25169 77 1000 1235 790 2046 733 5771 9587 3197 14 4252 0 170 75 54 37 94 28 306 53 59 920 140 320 192 0 1560 1248 1 12 9 4 133 61 23 102 0 8 2 0
