99 0 4150 701 0 0 0 98106 0 0 0 49957 0 8318 468 0 0 0 0 0 0 0 0 1469946 0 0 0 0 0 0 0 0 0 1503198 0 0 0 0 0 0 0 0 504559 0 128497 0 0 0 0 0 0 0 0 0 0 27437 0 0 28363 0 0 83628 0 0 0 0 0 14025 0 3485 0 1206 32
15 257 81 24 1718 1712 3852 259 136 666 1230 91 192 94 11 14946 14609 7715 7135 14620 7300 7035 61972 509 2763 1143 1811 1163 1430 1893 800 31635 31351 357 1229 1216 1146 2394 1129 5365 10933 5083 92 5364 14 220 158 133 230 91 58 397 156 258 884 266 290 626 7 1775 1763 11 13 21 22 166 233 95 143 0 20 13 1
15 258 74 31 1675 1573 3889 194 126 670 1361 138 213 104 19 14591 13174 7167 6763 14725 6934 5290 62575 277 2822 1565 2489 1005 1351 2938 1232 31538 31920 411 1058 1144 969 2223 839 5295 11287 4784 188 5405 52 209 286 293 558 108 41 407 249 417 933 210 250 1091 11 1807 1677 35 23 45 36 182 365 147 133 1 41 31 2
18 282 116 37 1918 2326 3750 418 198 625 1572 226 250 150 22 16100 19192 10060 7709 15887 9548 10727 56269 880 2589 1655 3847 1208 1598 3222 1890 28202 35933 1002 1584 1295 1577 3250 1788 4696 12693 7142 313 6073 90 202 368 453 540 131 102 533 276 650 1032 433 248 1226 21 2049 2463 53 19 75 51 167 407 231 223 0 52 35 2
20 287 142 48 2013 2655 3560 552 237 599 1806 345 259 210 33 16453 22249 10653 8060 15270 10144 13214 51682 1238 2512 1933 5214 1373 1634 4320 2817 26265 38907 1600 1724 1264 1990 3560 2316 4391 12825 8800 639 6607 161 209 418 520 1028 149 162 584 347 955 953 593 240 1810 41 2136 2859 128 52 86 84 158 532 364 253 7 53 70 4
17 269 102 34 1850 2036 3735 337 174 661 1480 194 220 131 18 15729 17334 8678 7694 14981 8360 8665 57680 629 2991 1441 3303 1175 1690 2981 1661 29666 34881 798 1422 1246 1446 2819 1426 5020 11646 6386 260 5947 79 210 265 293 473 109 95 540 257 550 918 346 255 1088 0 1965 2124 45 33 59 46 184 355 194 185 0 33 29 0
15 255 69 36 1687 1429 3835 158 125 637 1469 153 211 117 27 14564 12177 6383 6976 14296 5993 4186 62371 189 2367 2126 2736 1125 977 3913 1358 31099 32470 350 986 1146 1015 2121 722 5096 11206 4697 259 5427 62 190 327 233 812 79 44 386 341 462 871 181 268 1484 24 1804 1569 63 14 40 85 148 493 172 144 6 40 54 5
9 179 24 12 1033 443 3790 34 46 670 709 20 94 26 4 10145 4688 1793 5005 7606 1563 788 72975 24 1405 335 318 826 302 775 151 38776 21191 32 265 632 451 673 157 6750 6049 1689 10 3739 4 133 47 22 27 33 12 125 53 72 389 34 395 277 0 1044 448 0 5 3 5 70 78 20 46 0 5 2 0
17 265 107 29 1851 2098 3705 394 177 652 1390 150 199 123 13 15623 18299 8589 7755 14935 8620 9881 57177 882 2830 1121 2606 1304 1595 2255 1282 29805 34633 717 1508 1281 1465 2894 1700 5105 11151 6635 156 6025 42 248 142 159 272 112 96 554 190 413 879 398 292 789 0 1898 2135 18 16 24 27 164 261 150 179 1 16 16 0
17 283 100 36 1900 2098 3892 322 201 645 1528 198 250 138 22 15497 17094 9613 7557 16724 9029 8521 59187 590 2884 1841 3450 1136 1630 3368 1709 29168 34499 755 1405 1327 1590 3432 1613 4695 12806 6240 300 5662 72 218 386 397 633 167 95 575 284 664 1086 338 232 1221 15 2033 2243 61 26 76 76 184 428 207 225 1 52 39 2
16 273 90 30 1773 1907 3929 283 186 633 1372 152 222 107 18 15428 15303 8726 6921 16099 8417 7527 61188 516 2465 1447 2688 1140 1282 2510 1362 30023 32727 588 1278 1214 1445 3363 1464 4944 12060 5542 153 5511 57 170 276 264 302 147 98 506 214 514 1037 286 276 972 28 1850 1960 12 19 57 22 154 336 158 196 1 33 18 3
13 242 58 20 1537 1281 3987 150 116 662 1059 60 166 68 8 13810 10934 6146 6258 14458 6035 4243 66896 229 2297 898 1140 1147 975 1527 546 33629 27825 186 880 1155 955 2159 761 5602 9921 3694 57 4778 9 215 79 61 196 92 43 316 131 228 860 155 324 495 0 1577 1305 9 11 11 18 138 183 60 118 0 10 10 0
14 244 64 27 1573 1326 3870 162 108 662 1244 96 193 90 16 13931 11475 5893 6449 13778 5795 4266 64166 234 2472 1360 1798 1037 1081 2577 826 32671 30341 267 865 1152 865 1922 684 5505 10444 4227 138 5202 15 193 279 197 467 63 48 302 198 260 841 174 281 917 11 1681 1441 25 16 29 32 154 305 103 118 5 36 27 2
13 246 57 21 1612 1288 4022 143 117 674 1074 64 178 70 9 13950 11098 6247 6791 15081 6085 4070 67219 219 2621 959 1225 1134 1072 1723 619 33723 27739 158 979 1216 953 2188 772 5510 10238 3616 87 4657 20 228 156 107 250 104 38 364 160 222 903 151 300 554 0 1663 1335 3 11 20 19 155 202 64 120 0 18 13 0
15 244 79 26 1683 1549 3722 238 128 645 1267 109 172 95 13 14808 13977 6431 7290 13353 6270 5951 60850 422 2271 1085 1995 1345 1075 2291 933 31800 32085 405 1160 1154 1157 2029 1011 5420 10036 5107 117 5597 22 218 110 89 288 89 58 337 192 302 755 241 323 772 7 1719 1584 21 20 14 19 131 253 113 130 0 12 16 1
14 229 68 23 1578 1278 3691 188 114 645 1151 86 160 80 10 14238 12316 5084 7120 12091 4946 4515 62272 301 1970 737 1394 1269 829 1801 677 33068 30582 295 902 1107 1047 1744 791 5698 9235 4479 81 5377 21 205 144 108 192 74 53 305 139 249 664 193 336 644 0 1628 1319 12 10 17 16 113 190 86 119 0 16 12 0
16 245 84 36 1669 1577 3600 240 126 648 1464 161 191 134 25 14927 14173 6295 7202 12200 5925 5825 58413 397 2540 1496 2521 1160 1221 3501 1353 30652 34271 483 1006 1044 1139 1842 947 5366 10380 5655 299 5994 36 201 235 194 824 77 61 407 219 393 714 267 280 1427 19 1756 1702 71 24 28 51 147 395 186 134 6 29 52 4
21 291 168 42 2085 3136 3485 780 231 611 1756 325 233 202 23 17154 26600 12539 8571 15326 12051 19079 49099 2219 2701 1600 5277 1542 2142 3503 2696 25788 39629 1965 2029 1327 1905 3487 2866 4466 12417 10017 444 6929 142 249 181 257 539 124 131 622 298 776 934 790 271 1310 13 2149 3196 48 22 37 48 167 413 329 232 0 20 34 1
21 302 161 49 2051 3060 3655 693 276 601 1888 375 270 230 32 16251 24421 12386 7782 16793 12563 16669 50800 1778 2667 2170 6085 1314 2022 4366 3092 25463 39966 1958 1876 1336 2095 4504 3069 4169 13443 9795 703 6719 167 212 341 499 1092 200 179 722 367 1062 1112 743 232 1744 32 2153 3243 136 23 94 93 179 563 392 295 3 47 70 3
18 268 113 40 1870 2174 3609 390 163 627 1622 240 217 158 28 15840 18813 8957 7899 14190 8608 9820 55098 780 2536 1711 3942 1295 1551 3813 2005 28533 36768 971 1487 1215 1394 2498 1512 4873 11547 7146 376 6340 94 241 235 268 775 102 72 445 262 579 864 412 266 1530 45 1963 2278 70 26 36 58 154 455 255 171 2 31 50 5
15 255 77 28 1734 1619 3864 218 133 641 1283 125 201 97 15 15003 14111 7206 7324 15057 7204 5906 62213 348 2386 1177 2143 1266 1125 2405 1158 31486 31635 427 1199 1273 1127 2298 974 5222 10927 4879 148 5337 38 171 258 229 330 109 52 368 195 349 907 222 294 891 7 1834 1691 24 13 40 30 142 283 129 140 1 30 20 1
14 231 69 22 1518 1359 3741 198 104 653 1126 77 155 80 9 14026 12448 5666 6529 12369 5778 5086 62731 339 2089 653 1254 1141 1004 1530 695 33054 30330 273 856 1048 902 1717 803 5774 9256 4482 73 5403 14 205 80 66 179 68 37 276 130 194 708 203 341 589 0 1544 1381 11 10 11 14 121 167 77 104 0 9 11 0
14 256 70 21 1644 1529 4002 206 161 671 1105 72 186 78 8 14324 12685 7166 6658 15438 6995 5665 65085 366 2666 806 1283 1132 1264 1407 672 32639 29114 266 1086 1229 1240 2967 1113 5411 10764 4331 62 4927 14 210 130 98 128 140 98 455 113 284 953 208 300 494 0 1687 1557 4 33 35 8 162 171 72 163 1 15 8 0
9 196 24 12 1121 566 4015 34 38 681 702 20 112 26 4 10665 5058 2825 4883 10640 2789 1046 75113 23 1802 402 391 832 483 839 223 38472 20267 35 463 875 345 784 163 6489 7040 1575 8 3510 3 136 47 26 34 24 3 105 55 47 596 34 368 266 0 1146 574 1 3 2 5 99 88 20 38 0 6 2 0
21 293 166 44 2038 3088 3492 757 238 613 1792 335 252 213 25 17139 25552 12379 8180 14829 11569 18235 49353 2120 2794 1769 5424 1415 2152 3694 2722 25610 39610 1898 1942 1278 1868 3578 2855 4451 12881 10013 570 6952 146 224 286 449 728 141 133 618 276 800 960 780 250 1416 11 2152 3198 68 20 71 71 173 449 341 255 3 37 47 1
13 227 59 19 1529 1218 3816 160 96 646 1020 50 147 69 7 13691 11450 5263 6796 13019 5332 4303 65189 267 1923 527 798 1283 782 1228 501 33981 28301 155 897 1117 901 1683 699 5783 8944 3838 57 4944 2 197 57 33 155 63 31 275 74 137 703 165 359 467 0 1537 1236 9 2 9 13 105 129 50 96 0 6 10 0
11 221 40 15 1420 875 4003 83 87 674 875 34 143 43 5 12617 7988 4059 6222 13189 3944 2271 70803 96 2229 712 733 1134 657 1111 281 36069 24229 90 680 1107 814 1579 422 5975 8662 2592 17 4100 5 167 90 56 61 69 36 262 112 135 739 83 338 302 0 1447 886 2 14 11 8 123 128 34 88 0 10 3 0
11 217 38 17 1398 855 3954 71 58 669 907 42 146 45 7 12530 7891 4084 6315 12503 3955 2093 70445 70 2107 745 822 1063 662 1393 403 36024 24504 91 707 1084 541 1048 284 6030 8561 2496 34 4166 8 164 159 94 121 41 9 180 130 121 695 72 337 443 0 1442 883 6 3 8 13 117 156 42 61 0 17 7 0
15 252 73 32 1723 1505 3822 184 126 640 1377 146 197 105 20 14670 13272 6652 7314 14499 6453 4813 62043 245 2418 1578 2603 1210 1061 3298 1328 31428 32258 415 1087 1214 1130 2127 862 5177 10766 4778 204 5419 56 243 236 199 556 97 40 345 247 407 855 194 294 1167 14 1807 1595 47 23 33 48 141 377 154 135 2 29 32 2
12 217 45 21 1405 897 3825 91 72 662 1038 59 154 59 11 12929 8513 3833 6296 11638 3689 2317 67377 99 2036 922 1065 1093 657 1933 471 35099 27109 133 595 992 700 1173 362 5967 8690 3080 62 4688 9 148 205 120 237 46 22 197 159 169 661 95 328 659 5 1494 959 14 6 12 19 117 217 62 80 1 24 14 1
16 266 90 30 1828 1846 3838 286 166 642 1398 144 207 114 16 15363 15814 8121 7579 15663 7896 7417 60230 533 2528 1598 2736 1291 1277 2791 1194 30500 33324 553 1313 1302 1435 2766 1335 4963 11456 5698 186 5598 39 239 207 185 444 118 74 488 255 477 946 294 290 918 8 1907 1925 33 23 38 43 157 336 148 171 1 24 24 1
16 269 89 31 1834 1861 3852 275 173 646 1382 153 223 115 17 15260 15708 8448 7556 15606 7911 7219 60404 486 2718 1394 2641 1239 1344 2788 1384 30326 32945 572 1301 1281 1453 2873 1381 4973 11823 5563 205 5484 48 217 299 287 442 145 83 509 223 462 969 282 265 994 7 1953 1967 32 31 55 33 169 328 158 187 3 37 26 1
18 280 108 45 1880 2201 3746 335 174 621 1695 274 258 175 32 15637 17887 9634 7594 15456 9304 8887 56634 554 2644 2040 4386 1116 1603 4294 2524 27959 36495 965 1450 1216 1353 2894 1397 4668 12703 6878 510 6041 134 177 488 508 1075 137 76 479 341 710 1006 369 217 1787 29 2036 2413 120 23 89 70 176 533 297 201 9 61 69 4
12 224 42 24 1475 918 3922 72 74 662 1078 70 160 64 14 12890 8420 4216 6567 13077 4296 2036 68364 58 2174 1061 1196 1117 720 2415 714 34950 26925 126 721 1153 687 1306 342 5777 8999 2842 86 4516 17 193 203 114 386 64 22 245 193 203 744 78 321 877 3 1537 983 27 6 12 25 126 262 75 80 2 23 22 1
15 256 74 31 1715 1529 3876 195 148 638 1347 134 206 109 17 14656 13145 6753 7085 15094 6599 5071 62485 283 2303 1429 2266 1244 1084 3001 1177 31364 31879 390 1028 1217 1244 2620 1002 5138 11110 4832 215 5326 43 221 308 217 598 110 60 400 254 431 918 213 290 1051 0 1796 1648 46 18 46 58 145 343 134 161 6 34 35 0
17 253 104 32 1764 1919 3604 363 148 636 1445 170 194 131 16 15527 17355 7472 7421 13530 7614 8723 56290 755 2355 1186 2794 1299 1366 2717 1327 30031 35368 724 1197 1190 1372 2256 1310 5211 10628 6690 239 6254 55 202 192 208 454 103 73 385 203 423 796 375 305 985 0 1839 1978 32 22 39 34 144 304 170 156 3 23 27 0
17 255 104 32 1815 1981 3608 364 145 631 1431 169 189 130 17 15728 17973 7923 7829 13774 7882 9077 56412 760 2345 1097 2744 1434 1368 2760 1471 29831 35226 729 1407 1197 1275 2275 1384 5183 10607 6591 225 6169 48 218 141 142 409 83 60 392 206 384 786 373 314 1026 8 1857 2030 34 20 21 36 135 296 174 149 2 16 26 1
14 248 70 21 1708 1535 3892 205 108 642 1119 74 177 77 8 14814 13714 7169 7408 14850 6882 5885 64100 360 2266 842 1439 1382 1039 1554 703 32514 29593 276 1223 1271 956 1964 848 5399 10327 4373 57 5001 16 194 121 112 131 70 34 286 148 197 845 206 328 489 0 1754 1557 5 5 12 13 128 177 74 112 0 14 7 0
14 242 67 24 1610 1391 3831 180 110 644 1175 92 180 80 12 14454 12347 6249 6882 13699 6017 4778 63656 278 2143 997 1654 1241 957 2010 826 32571 30053 297 1008 1180 948 1822 799 5507 10149 4308 92 5178 23 202 177 160 230 77 32 283 172 242 804 182 318 708 7 1680 1440 13 11 27 16 126 235 95 113 0 24 13 1
13 228 57 21 1529 1166 3811 140 90 654 1076 70 157 67 9 13745 10997 5045 6826 12591 4898 3705 65234 195 2090 853 1236 1196 847 1709 619 33942 28588 206 828 1077 834 1531 592 5766 9185 3749 64 4929 19 224 135 100 185 61 25 229 122 182 704 144 337 573 0 1575 1191 7 16 17 13 118 186 70 94 0 15 10 0
13 230 53 25 1555 1121 3808 115 84 659 1145 82 163 74 15 13545 10292 5029 7004 12529 4705 3184 65492 137 2322 1089 1415 1231 861 2371 793 33701 28741 188 886 1122 794 1397 486 5684 9359 3531 103 4878 19 204 175 109 380 55 25 271 198 226 692 123 320 884 9 1620 1166 23 12 12 23 127 266 89 90 0 20 22 2
22 289 171 60 2036 2976 3366 715 243 593 2079 493 264 289 43 16584 25221 11028 8069 14144 10503 16135 47314 1697 2661 2488 7367 1309 1967 5702 3731 24633 41916 2412 1756 1183 1958 3474 2581 4203 12751 10824 1162 7267 271 212 405 540 1766 131 167 633 392 1159 890 811 224 2366 35 2178 3254 253 36 103 144 168 683 524 269 25 54 121 4
19 294 133 38 1987 2712 3796 547 220 603 1640 222 250 176 24 16343 21863 11800 7658 17086 11779 14344 54959 1425 2441 1855 3972 1366 1707 3217 1904 27172 37062 1032 1846 1359 1670 3816 2375 4412 13097 8072 409 6209 63 214 254 332 729 169 107 523 276 638 1118 579 265 1262 32 2071 2855 38 17 52 72 155 437 246 230 3 38 45 4
12 235 49 17 1554 1129 4007 116 93 671 940 44 165 54 6 13548 10090 5649 6810 14324 5214 3411 68908 161 2390 620 821 1142 884 1175 444 34748 25742 125 866 1209 834 1753 588 5734 9602 3091 33 4294 8 231 168 111 83 66 24 287 100 128 817 117 320 374 0 1606 1150 2 15 17 13 140 131 44 95 0 17 5 0
19 278 121 50 1895 2296 3618 400 186 616 1832 328 252 201 40 15639 19069 9265 7557 14600 9140 9857 53935 714 2660 2319 5222 1142 1638 4997 2719 27318 38469 1243 1425 1248 1527 2978 1547 4547 12403 7812 606 6496 166 233 431 479 1244 118 97 524 353 843 949 452 214 2120 69 2048 2519 157 22 83 107 169 619 365 208 9 56 87 8
15 256 83 22 1767 1719 3848 274 156 650 1165 84 194 89 8 15276 15123 7669 7595 15120 7361 7164 61800 557 2456 669 1446 1357 1215 1408 737 31656 31022 363 1228 1278 1420 2642 1308 5309 10857 5145 60 5278 19 180 187 197 103 104 78 445 130 244 891 274 306 489 0 1832 1742 1 20 36 10 145 161 84 160 1 22 6 0
22 289 174 57 2004 3042 3365 756 226 589 2069 471 253 270 43 16796 25432 11388 7892 13867 10710 17216 47215 1918 2555 2578 7522 1312 2003 5390 3497 24638 41950 2440 1755 1168 1797 3294 2537 4267 12689 10936 989 7338 240 212 317 483 1508 118 128 565 429 1120 893 823 241 2249 73 2101 3224 198 23 53 129 158 689 516 244 11 41 100 7
11 211 37 18 1319 766 3890 66 69 683 926 45 140 45 9 12118 7163 3414 5797 11310 3288 1700 69896 60 2209 721 834 1002 648 1551 417 36301 24898 93 544 955 627 1142 314 6197 8176 2499 34 4314 9 157 154 73 128 60 22 221 112 128 638 68 331 542 5 1381 796 4 7 16 7 126 176 47 74 1 17 8 1
14 226 66 25 1479 1239 3696 171 89 623 1197 99 162 81 13 14100 11584 4978 6354 11747 5045 4163 62480 244 1563 948 1675 1207 651 2109 790 32822 30898 316 761 983 805 1403 600 5742 9234 4413 98 5528 28 113 196 154 259 58 29 195 143 236 676 175 351 793 6 1529 1284 14 8 20 12 90 237 103 93 1 21 15 1
13 222 55 23 1438 1093 3761 128 77 647 1103 76 157 69 13 13412 10118 4633 6335 11493 4539 3321 64941 165 1913 820 1258 1139 749 1977 683 33871 28938 206 742 967 680 1262 488 5883 8941 3676 76 5090 15 156 200 120 213 63 19 200 114 182 663 132 333 758 10 1489 1146 12 10 13 13 108 220 82 81 0 22 15 2
20 299 144 46 2010 2833 3710 574 248 579 1794 334 279 202 30 16262 22650 12100 7744 16683 11630 14385 52973 1334 2303 2105 5375 1408 1583 4042 2845 25822 38468 1621 1802 1320 1834 4162 2505 4229 13684 8784 574 6410 155 185 454 637 941 153 160 546 328 917 1120 606 240 1624 33 2116 3017 110 19 106 77 154 536 349 273 2 60 58 3
14 229 68 23 1594 1343 3712 189 82 649 1154 85 158 79 11 14250 12823 5510 7248 12467 5656 4939 62437 306 2126 778 1484 1320 943 1809 766 33163 30653 295 1028 1111 811 1324 642 5701 9145 4443 74 5380 16 183 142 105 194 51 21 241 128 163 688 191 340 669 7 1631 1371 12 4 12 8 117 198 88 84 0 14 11 1
10 209 30 15 1257 680 4013 46 62 686 815 34 131 34 6 11506 6182 3285 5529 11895 3159 1347 73058 33 2118 632 647 941 605 1196 327 37235 22371 62 503 963 517 1205 229 6242 7946 1962 20 3834 9 180 104 49 82 46 19 192 102 113 672 46 345 389 0 1291 694 2 5 14 7 121 134 34 62 0 11 4 0
14 259 66 25 1701 1463 4003 172 147 661 1200 96 205 84 12 14685 12263 7123 6957 15710 6506 4756 65327 256 2681 1305 1827 1136 1108 2244 906 32229 29419 282 1060 1242 1193 2631 922 5237 11297 4172 124 4881 32 208 244 199 285 132 72 425 189 336 961 180 277 720 0 1809 1542 10 21 45 44 164 269 96 156 3 31 18 0
11 228 40 15 1408 937 4099 82 87 683 869 36 150 42 5 12565 8092 4703 6023 14009 4578 2429 71770 91 2379 721 779 1006 791 1099 334 35912 23809 99 736 1135 677 1726 436 5935 9081 2520 12 4048 7 185 77 61 51 70 31 265 105 139 828 82 328 301 0 1434 944 1 8 12 4 138 129 36 87 0 10 2 0
17 274 99 37 1819 2000 3816 310 181 622 1522 209 250 137 24 15592 16530 8710 7170 15645 8512 7930 58608 537 2374 1640 3385 1177 1312 3261 1777 29096 34728 788 1308 1262 1414 3038 1429 4828 12446 6227 287 5837 88 190 460 479 614 135 86 491 255 598 1031 329 244 1331 27 1948 2173 61 26 86 53 156 419 221 205 1 61 38 3
15 253 81 24 1721 1646 3806 257 153 657 1224 95 183 92 11 14942 14395 7065 7430 14233 6803 6571 61561 495 2612 1039 1754 1269 1229 1866 806 31650 31468 380 1255 1187 1289 2542 1244 5348 10605 5108 85 5416 16 231 115 109 204 100 75 442 154 306 833 259 308 639 9 1765 1674 11 23 21 17 150 223 97 155 1 14 11 1
22 291 180 51 2100 3206 3397 829 234 585 1913 436 262 241 34 17243 27531 12034 8499 14867 11861 19249 47112 2265 2467 1853 6558 1558 1945 4319 3450 24833 41144 2554 2017 1329 1975 3511 2879 4295 12725 10820 726 7194 217 204 400 609 883 112 126 588 335 935 936 857 245 1843 52 2208 3370 123 22 86 68 153 526 454 248 1 51 62 4
22 308 175 56 2163 3325 3559 775 258 582 2039 453 294 269 43 16450 26791 13499 8334 16777 13032 19009 48769 2066 2710 2535 7341 1360 2063 5087 3763 24304 41238 2317 2249 1347 2073 4089 3012 3900 13934 10639 975 6786 226 209 499 707 1449 138 134 647 460 1117 1085 852 204 2175 90 2336 3611 179 19 107 127 176 690 491 288 9 63 102 8
16 251 88 32 1797 1721 3663 265 126 636 1402 161 195 115 19 15454 15901 7115 7905 13656 6736 6803 58732 459 2480 1249 2695 1317 1201 2975 1385 30694 33852 555 1254 1239 1176 2041 993 5188 10610 5682 224 5802 68 214 250 209 446 77 46 349 243 378 776 275 297 1106 16 1884 1795 23 16 43 35 136 334 169 134 2 27 27 2
11 221 39 16 1424 883 4002 78 72 687 895 36 144 45 6 12574 8026 4278 6330 13170 4166 2251 70844 87 2376 754 784 1015 745 1283 356 36154 24353 84 734 1115 655 1306 354 6031 8641 2544 29 4112 4 208 91 58 110 46 30 251 125 108 731 79 332 369 0 1470 907 5 10 6 12 136 148 36 72 0 11 6 0
14 232 72 19 1594 1399 3727 221 114 651 1077 64 156 73 6 14456 13248 5738 7067 12548 5697 5525 62456 409 2149 523 1089 1338 966 1110 539 33153 30116 282 990 1103 1060 1831 897 5717 9287 4617 10 5329 14 180 84 92 13 63 54 293 91 180 697 221 345 382 0 1621 1400 0 11 6 3 116 119 64 114 0 9 1 0
9 212 22 14 1246 554 4213 26 59 698 750 25 137 26 7 11135 4766 2965 5188 13447 2890 821 76992 13 2258 836 528 837 524 1261 259 38339 19727 33 443 1083 512 1276 169 6188 8119 1404 12 3279 4 190 122 47 76 56 13 192 147 109 790 26 328 410 4 1301 573 3 9 13 10 135 158 26 60 0 16 4 1
14 248 67 24 1658 1445 3890 181 113 655 1177 89 188 83 11 14612 12634 6739 7062 14446 6384 5044 64218 285 2413 1050 1654 1198 1058 2035 822 32514 29812 278 1053 1172 971 1992 787 5445 10524 4285 109 5072 21 171 202 164 294 76 39 331 181 253 853 186 304 675 0 1740 1505 16 10 31 14 147 235 89 123 1 25 16 0
7 167 11 10 842 234 3967 8 20 675 570 8 79 15 4 8332 2309 1055 3872 7629 1035 223 78988 2 1112 441 164 691 155 892 61 41038 16415 5 173 610 191 369 35 6948 5149 793 5 2866 0 80 36 7 84 19 3 55 70 27 398 9 402 271 0 856 243 2 0 0 9 59 93 8 20 0 4 4 0
14 249 68 23 1650 1455 3899 186 125 662 1146 90 193 78 10 14370 12613 6728 7163 14441 6343 5039 64270 289 2492 882 1594 1127 1121 1761 827 32547 29593 313 1049 1198 1037 2211 885 5497 10642 4281 76 5041 26 189 255 220 159 75 47 381 143 262 874 188 294 616 0 1727 1503 9 13 31 15 155 205 90 135 0 29 10 0
15 245 82 23 1686 1648 3759 262 116 645 1202 96 174 88 9 15000 15026 7009 7267 14181 7059 6898 60982 500 2281 766 1744 1328 1178 1661 836 31901 31767 411 1181 1172 1011 1988 971 5467 10074 5181 60 5559 27 175 108 124 101 73 44 295 147 255 796 262 327 556 0 1728 1666 3 6 14 6 129 187 96 116 0 13 6 0
13 234 59 19 1565 1259 3904 155 97 657 1031 60 162 64 7 13843 11411 5654 6871 13915 5833 4286 65996 239 2161 632 1088 1259 917 1336 552 34029 28112 199 995 1149 854 1672 673 5697 9463 3763 40 4816 15 176 118 106 84 88 30 273 106 167 796 156 330 441 0 1614 1276 1 6 13 12 126 147 60 99 0 14 5 0
11 214 42 13 1320 898 3944 98 85 680 804 20 134 44 3 12329 8101 4009 5761 11995 4096 2659 70159 140 2134 183 281 1000 749 516 203 36309 24104 57 650 993 744 1559 502 6205 8165 2725 12 4206 0 156 79 43 28 74 33 255 21 54 684 98 347 206 0 1340 905 1 6 10 3 119 50 20 87 0 8 2 0
15 242 82 23 1738 1584 3694 263 136 649 1192 94 170 89 9 14989 15056 6377 7822 13403 6248 6533 60405 508 2412 680 1547 1412 1079 1612 780 32028 31827 397 1211 1228 1291 2112 1115 5457 9853 5230 67 5539 24 216 111 104 114 106 63 395 135 270 732 263 331 570 0 1773 1597 5 19 23 10 131 174 94 138 0 12 7 0
18 269 115 38 1868 2141 3618 409 198 632 1594 229 221 155 23 16067 18566 8414 7687 14278 8135 9654 55069 852 2645 1641 3713 1274 1546 3466 1781 28560 36600 971 1435 1229 1638 3060 1752 4888 11711 7323 358 6346 90 243 284 297 634 130 114 533 264 688 870 427 267 1310 19 1949 2253 61 25 61 59 160 416 238 205 2 33 40 2
17 283 107 29 1901 2301 3907 395 203 666 1377 148 222 124 13 15690 18407 10560 7543 16994 10368 10837 58928 893 3067 1116 2591 1191 1901 2187 1386 29611 33830 696 1626 1386 1619 3614 1977 4906 12238 6399 166 5649 41 242 168 204 295 163 98 654 183 474 1068 400 253 779 0 1976 2347 18 41 30 30 197 266 148 210 1 21 17 0
16 283 89 31 1899 1975 4022 270 198 650 1416 163 229 110 17 14978 15697 9461 7524 17713 8969 7468 61982 451 2822 1836 3171 1263 1457 2935 1512 30028 32677 627 1515 1387 1587 3624 1491 4736 12518 5430 179 5276 64 250 236 242 401 160 102 604 291 615 1111 273 261 956 9 1991 2037 29 28 61 37 183 377 166 201 0 29 21 1
16 273 90 30 1848 1917 3926 286 182 630 1382 143 216 116 15 15114 15956 8809 7478 16592 8547 7611 61029 536 2469 1549 2656 1380 1256 2685 1302 30183 32907 537 1385 1383 1508 3222 1494 4838 11894 5612 202 5447 42 214 197 211 459 141 83 483 248 499 1019 298 286 892 0 1920 1988 35 21 36 42 151 327 143 192 1 26 26 0
12 223 51 15 1412 1061 3866 131 103 668 908 32 139 53 4 13275 9578 4785 6139 12022 4431 3440 67603 205 2117 408 586 1114 787 780 285 34921 26088 107 748 941 903 1732 665 6020 8751 3292 14 4595 3 178 25 18 32 86 43 271 63 113 676 131 349 258 0 1425 1063 1 17 7 6 118 87 32 103 0 3 2 0
17 266 110 26 1941 2190 3694 429 173 638 1334 123 193 117 11 16217 19879 9238 8440 15378 8976 11082 56948 1055 2591 888 2189 1500 1457 1830 1072 29826 34302 639 1611 1331 1565 2784 1754 5031 11096 6727 78 5928 30 273 98 93 112 106 92 511 161 345 867 430 310 634 12 1966 2202 4 26 18 11 147 209 124 173 0 9 7 1
15 255 80 25 1742 1663 3831 248 147 656 1225 101 194 94 12 14943 14600 7392 7398 14777 6978 6542 61825 465 2704 910 1704 1250 1260 1882 933 31587 31337 378 1216 1242 1266 2553 1176 5301 10816 5045 104 5354 25 207 206 185 249 105 73 418 150 286 870 256 294 706 8 1812 1708 10 14 33 13 156 225 104 151 0 23 14 1
16 284 94 26 1857 2119 4053 332 205 659 1287 105 222 110 13 15236 16674 10388 7266 17818 9941 9439 61998 741 2906 1117 1948 1231 1677 1997 990 30242 31942 444 1512 1333 1489 3845 1835 4892 12397 5614 126 5250 9 224 168 153 319 194 110 614 160 388 1141 338 261 703 15 1912 2177 15 30 43 22 186 254 114 209 0 21 16 2
16 248 94 26 1746 1760 3670 323 149 620 1304 121 179 105 11 15276 16284 6931 7465 13907 7057 7731 58469 670 1936 970 2131 1489 992 2063 977 30889 33585 545 1201 1215 1405 2399 1288 5279 10253 6009 103 5947 34 196 116 118 179 97 84 339 139 315 781 326 342 675 0 1782 1787 10 10 33 14 110 224 121 151 0 14 11 0
17 257 108 28 1781 2038 3642 409 162 633 1366 134 192 125 12 15730 18311 8174 7465 14100 8321 9989 56577 968 2283 903 2247 1395 1352 2045 1104 29954 34769 641 1299 1230 1340 2592 1570 5208 10772 6789 157 6228 26 207 146 152 280 80 94 417 161 329 829 415 312 738 0 1831 2084 21 13 32 19 137 229 134 166 1 17 17 0
20 277 143 47 2002 2566 3483 568 215 599 1821 329 223 212 31 16298 22647 9701 8213 14530 9583 13203 50856 1326 2423 2024 5198 1557 1626 4499 2541 26733 39535 1550 1682 1269 1918 3226 2200 4485 11845 9104 640 6857 132 237 220 232 1078 124 119 507 342 895 870 612 277 1744 25 2061 2665 131 20 50 89 145 534 348 229 7 25 71 3
13 236 56 22 1512 1181 3887 131 105 673 1105 78 168 67 10 13725 10316 5357 6312 13043 5079 3481 66117 165 2518 1079 1485 1054 938 1922 685 33710 28330 223 820 1067 881 1773 641 5725 9744 3640 70 4880 24 179 146 111 200 85 30 333 148 251 774 134 309 619 0 1583 1219 10 22 23 18 149 223 78 109 0 18 11 0
13 234 57 21 1572 1208 3869 149 100 651 1066 52 167 76 9 13891 11011 5463 6999 13503 5239 4051 65823 246 2097 771 908 1204 823 1610 490 33715 28198 122 915 1135 909 1713 682 5662 9614 3753 99 4804 2 175 187 95 326 75 38 309 149 143 757 163 329 573 0 1614 1275 9 9 12 29 122 182 52 108 3 19 19 0
17 298 109 27 1968 2474 4059 418 227 661 1354 130 243 121 11 15810 19062 12202 7565 18589 11469 11999 60326 1003 3214 1311 2549 1170 1975 1956 1188 29149 33114 648 1783 1468 1698 4271 2199 4642 13242 6356 124 5377 30 242 202 274 220 197 121 680 182 494 1227 420 242 617 0 2060 2527 13 34 45 29 208 258 130 230 0 27 12 0
11 215 39 16 1346 857 3934 78 69 662 885 36 135 45 6 12348 7894 4053 5996 12021 3853 2240 70299 86 1923 628 676 1032 648 1194 341 35957 24469 87 658 966 592 1268 347 6088 8316 2564 27 4224 3 182 72 39 112 51 21 165 100 118 666 79 358 388 0 1363 873 6 5 7 9 105 132 36 70 0 8 6 0
20 284 152 38 2056 2835 3526 688 216 627 1671 241 229 190 21 16633 24522 11183 8472 15238 10809 16615 50806 1988 2788 1533 4159 1496 2030 3267 1927 27016 38641 1311 1916 1354 1861 3266 2557 4603 12178 9290 414 6758 60 270 206 261 620 135 122 603 287 603 915 708 265 1154 18 2132 2928 49 23 43 58 172 382 255 218 2 24 38 2
18 284 119 34 1898 2400 3791 446 224 639 1518 214 231 138 18 16018 19330 10371 7412 15986 10160 11449 56536 976 2836 1493 3617 1311 1780 2788 1782 28342 35684 1062 1590 1283 1754 3804 2101 4758 12435 7166 212 6057 93 239 211 305 345 155 139 612 218 708 1027 450 262 1034 12 1990 2456 19 32 47 35 180 346 216 229 0 28 19 1
13 240 61 17 1549 1316 3942 174 124 672 996 42 160 65 5 13922 11513 6083 6542 13929 5867 4752 66321 309 2427 631 833 1090 1059 1035 388 33885 27640 150 951 1163 991 2251 868 5712 9742 3859 29 4755 4 235 42 41 81 83 68 368 70 140 819 175 329 306 0 1564 1324 2 17 11 6 142 118 42 124 0 6 4 0
18 267 112 41 1834 2170 3648 385 155 626 1619 234 220 169 28 15591 18689 8823 7533 14449 9155 9821 55440 783 2509 1578 3634 1270 1565 3709 2078 28652 36772 891 1400 1273 1257 2606 1466 4874 11495 7187 440 6379 80 219 286 286 930 92 64 416 274 535 902 421 265 1556 32 1930 2319 89 21 32 55 155 445 254 168 7 34 59 4
14 236 66 25 1609 1348 3818 169 98 647 1178 102 173 81 12 14069 12432 5728 7061 13903 5992 4568 63405 235 2209 774 1650 1276 940 2080 920 32914 30521 321 1007 1216 869 1781 659 5549 9644 4273 105 5244 33 182 210 163 250 61 30 295 137 257 787 172 317 774 0 1664 1399 18 7 26 19 127 224 102 99 0 22 15 0
17 274 106 30 1908 2213 3778 383 170 657 1401 158 215 125 14 16008 18711 9867 7966 15715 9448 10432 57931 834 3003 1202 2741 1279 1759 2446 1431 29565 34257 728 1596 1343 1391 2842 1640 4992 11793 6465 181 5784 48 237 213 207 326 107 65 581 204 429 947 389 267 844 0 1982 2279 22 19 41 30 184 281 158 174 1 23 19 0
13 224 58 20 1478 1169 3767 146 81 661 1055 68 151 64 8 13567 10889 5004 6575 11851 4821 3849 64803 207 2162 645 1195 1190 880 1491 602 34088 28673 220 827 991 753 1383 549 5941 8921 3793 46 5046 18 176 99 106 99 40 22 237 124 170 663 146 337 514 0 1513 1183 4 9 6 11 119 161 68 83 0 13 6 0
14 265 63 28 1710 1474 4133 143 126 658 1283 123 218 81 17 14097 11883 7440 6803 17248 7325 4223 66579 156 2612 1796 2518 1056 1161 2806 1186 32220 29731 344 1057 1351 1008 2533 743 5070 11748 3928 116 4814 52 185 298 259 368 103 32 386 300 423 1093 145 255 941 16 1829 1557 25 9 41 30 173 366 127 138 0 39 18 2
11 214 40 15 1352 869 3928 84 69 678 857 32 138 44 5 12413 7993 3957 6036 11950 3921 2339 70091 103 2081 456 583 1018 725 968 315 36291 24393 75 677 1033 622 1257 383 6152 8265 2617 25 4204 6 188 111 64 70 52 19 211 71 82 670 85 345 325 0 1386 884 0 8 13 2 119 103 32 71 0 12 4 0
18 269 114 39 1837 2198 3675 395 168 633 1613 242 213 155 24 15556 18756 8866 7567 14797 9289 9857 55568 781 2642 1686 4068 1303 1648 3619 2092 28770 36802 1009 1393 1248 1365 2842 1567 4856 11498 7219 369 6363 110 216 198 250 665 105 74 464 278 626 917 414 271 1388 20 1922 2277 62 21 29 44 161 435 250 171 2 25 41 2
18 277 113 40 1883 2228 3701 383 185 623 1651 250 230 159 24 15882 18635 9510 7563 15158 9015 9661 55964 721 2586 2047 4382 1337 1532 3854 2095 28192 36572 1027 1436 1228 1525 3005 1628 4704 12183 7158 402 6217 116 210 249 316 781 121 79 470 322 739 950 405 264 1386 9 1988 2346 73 29 48 64 163 476 255 196 5 34 46 1
14 247 68 23 1678 1491 3877 188 100 667 1158 87 181 78 11 14553 13064 6927 7293 14526 6626 5448 64043 302 2643 1006 1624 1193 1255 1938 834 32717 29863 298 1177 1200 885 1826 736 5504 10304 4290 74 5032 22 210 167 150 182 58 26 316 150 228 833 190 304 645 7 1738 1522 7 11 21 15 154 220 90 101 0 19 10 1
12 219 43 23 1384 871 3832 79 78 668 1080 65 151 63 13 12854 7994 3778 6062 11330 3561 2024 67613 75 2202 1145 1175 1004 663 2310 546 34878 27103 122 585 952 691 1284 379 5937 8792 2980 81 4731 14 193 154 83 356 56 18 227 192 189 650 86 329 795 4 1449 926 21 16 18 40 123 262 69 82 2 19 20 1
15 251 83 22 1699 1700 3805 274 134 655 1182 84 182 89 8 15082 14966 7427 7205 14234 7258 7221 61385 558 2409 781 1564 1213 1256 1471 717 31886 31391 360 1195 1243 1165 2288 1158 5434 10487 5199 62 5453 20 195 131 139 100 85 50 382 114 251 838 274 309 484 0 1757 1715 0 16 16 12 145 173 84 139 1 15 6 0
17 284 98 38 1895 2113 3923 307 184 641 1593 201 235 147 25 15098 16728 9813 7350 17038 9550 8421 59559 559 2825 2242 3784 1222 1640 3935 1881 29085 34921 685 1531 1340 1421 3251 1500 4644 12602 6212 355 5639 77 219 252 257 901 134 82 575 343 652 1088 337 245 1373 21 1988 2240 72 24 43 80 183 494 219 196 3 33 49 3
