27 270 143 208 1835 3081 421 140 43 1016 2045 1180 904 795 810 6347 18788 15896 2174 5303 4955 4132 51 20 5083 4506 9456 4778 12496 15081 13881 1647 1639 836 163 190 151 466 335 1200 2908 1382 1388 5047 1675 3342 4470 7404 11418 0 0 335 141 344 489 220 2336 7217 3015 3656 4303 2028 32 64 48 2409 4155 4071 220 55 2078 2307 1935
23 205 115 138 1573 2136 325 119 49 783 1194 784 541 490 378 9832 16062 7814 2203 5705 3310 3045 38 12 6332 2788 5462 5762 8634 9817 7793 1292 853 560 263 76 211 451 287 1182 1986 868 1033 3317 1015 3554 2585 4075 6074 0 0 335 85 365 275 179 2005 2753 1403 2104 2555 1149 37 48 55 1381 1633 1927 226 46 866 947 584
26 238 108 217 1396 2272 381 94 31 769 2050 783 783 744 979 6875 12917 11189 1708 4715 3870 2919 86 5 4350 4626 6133 3851 8546 12937 9356 1365 1806 524 207 146 57 349 154 1014 2870 1118 825 4473 798 2320 2592 4355 10883 0 0 249 162 278 315 269 1498 8576 1971 2761 3666 1210 15 30 74 1583 4352 3786 178 19 2011 2706 2837
29 184 182 224 1130 2164 209 278 46 465 1586 1671 655 738 967 8648 13107 5559 1385 2707 2338 5046 20 53 3135 2845 10108 3942 5746 10762 8464 529 942 2096 148 81 40 289 305 517 1809 1214 2583 3077 2538 1879 2411 5295 6887 0 0 138 140 448 237 241 788 6336 5460 2155 2765 1919 4 127 38 948 3719 3718 197 37 1795 2230 2876
26 216 119 206 1712 2207 250 76 12 763 2067 919 551 790 815 6839 16719 9444 1784 3902 2622 2216 32 0 4019 4564 8329 6102 8558 16309 9190 878 1324 299 137 128 68 117 42 646 1839 1971 978 5509 1183 3959 3176 3800 10945 0 0 84 187 149 174 172 1839 8149 2111 2552 3049 1847 4 8 22 1182 3426 3824 59 85 941 2497 1954
31 147 169 296 1222 1859 127 145 14 381 1677 1578 423 1310 1462 7364 15455 4047 2032 1979 1634 2194 16 8 3068 1770 8714 4323 5545 14185 9776 259 960 815 43 112 58 60 116 315 916 1591 2020 3287 2418 2106 2590 3791 10919 0 0 78 112 148 120 378 784 8372 4637 1336 2376 3546 6 16 23 586 3252 7839 87 127 886 5124 4553
10 64 10 35 724 135 81 0 2 281 309 20 64 40 60 5308 1254 287 1278 1529 144 0 12 0 2362 314 172 3352 690 3555 132 421 310 0 14 36 11 36 0 421 209 96 0 1206 6 1515 542 43 417 0 0 15 65 8 15 0 1030 566 10 428 133 12 0 1 2 95 207 62 4 1 40 64 55
28 125 123 255 1185 1109 128 96 20 313 1392 967 417 976 1237 9585 10350 1208 1535 2305 1244 1164 20 10 2382 1362 4609 4551 3155 13051 4119 408 891 435 60 86 160 87 124 279 990 1183 1269 2470 958 1787 3198 2147 6571 0 0 112 95 195 122 221 532 7054 2579 1456 2351 2072 17 29 19 612 2977 5054 124 91 1030 3926 3860
21 139 45 165 1071 514 178 22 14 435 1214 222 512 345 741 10127 3563 669 1256 2340 665 340 25 0 3195 1382 1415 3613 1664 9498 712 561 932 74 54 88 30 77 30 485 1446 424 155 2747 77 1811 2978 1002 2806 0 0 68 95 109 220 93 876 5159 469 1977 1268 233 11 14 34 1111 3117 1357 65 12 1399 1274 2241
21 218 64 146 1821 1371 350 43 29 801 1709 345 611 397 545 8966 10266 7214 1968 5665 1961 1146 98 5 5139 5133 3055 6785 5556 14857 3693 1392 1634 152 119 155 177 298 130 899 2483 865 348 4613 214 3833 3771 2187 6054 0 0 219 140 168 312 102 1810 6196 630 2664 2460 444 27 29 58 1457 3248 1576 137 3 1137 1220 1291
13 136 36 42 1019 549 202 21 39 634 277 137 364 59 69 8269 3555 1160 1205 2400 613 371 43 0 4318 336 594 3446 2329 2258 704 815 157 74 120 74 190 244 32 831 740 101 47 640 87 2744 2020 1114 426 0 0 408 32 61 335 15 1823 362 169 1283 516 61 15 131 2 1459 260 151 72 0 613 37 74
19 180 66 105 1409 1162 284 29 36 664 1054 391 476 253 296 10166 8109 4607 1818 4816 1448 607 88 0 4780 2279 3096 4930 4250 8891 3040 1073 1040 79 145 130 154 312 93 929 1900 442 264 2808 433 2473 2516 2223 3116 0 0 270 101 234 206 42 1406 2963 718 2260 1382 372 24 43 32 1158 1608 940 167 7 834 503 518
27 253 143 208 1852 2854 365 128 38 953 2062 1209 793 773 815 6899 19348 13850 1938 5379 4079 3140 59 21 4798 3705 10261 5577 10969 15579 12618 1469 1720 713 202 118 244 283 269 782 2636 1414 1340 5720 1966 3675 4075 7072 11463 0 0 296 192 287 386 222 2311 7437 3085 3503 3141 1772 27 57 70 2118 4278 4247 210 27 1619 2200 1957
12 82 13 53 759 177 59 0 16 254 307 34 193 62 124 8176 1558 451 1148 966 90 0 1 0 2364 285 130 2715 637 3019 272 130 89 0 40 63 75 100 0 244 306 67 0 641 12 1207 1337 126 546 0 0 142 37 41 32 0 479 536 28 652 257 20 12 21 9 349 436 134 68 0 318 125 176
10 52 13 32 738 123 26 0 2 134 213 33 64 38 49 5659 1530 238 1399 582 35 0 0 0 1290 275 122 4015 266 3071 160 60 72 0 12 49 18 8 0 79 101 125 0 537 9 1263 798 88 248 0 0 17 45 8 9 0 252 353 28 278 110 27 0 0 0 54 130 57 8 0 56 49 40
25 191 115 185 1407 1875 249 149 51 578 1599 750 504 698 703 9013 12527 7022 1519 3573 2174 3432 32 16 3299 2816 5372 5630 6113 12916 6334 836 1173 839 117 109 130 551 292 529 1632 971 1089 3672 765 2721 2727 3144 8455 0 0 309 92 359 223 447 1102 6330 1410 1884 2535 990 28 110 75 919 2652 3374 227 23 899 2053 1644
24 114 125 151 1008 1094 100 138 16 347 782 899 357 538 449 10017 9408 1074 1234 1700 874 1588 0 13 3066 635 3565 3921 3275 7268 3602 289 413 715 70 69 108 68 84 326 659 834 1300 1902 1098 1862 2511 2466 3084 0 0 70 25 141 143 116 690 1980 1822 1010 1798 1428 12 12 29 850 1465 2135 74 44 655 1174 781
22 214 122 109 1582 2109 430 145 35 941 1065 865 625 275 255 8923 15032 5379 1874 7056 3998 3410 118 0 5570 3098 6995 5168 8991 8040 6438 2155 760 897 288 155 137 287 129 1480 2857 802 905 3182 1282 3456 2908 5109 3022 0 0 309 135 312 564 56 2448 2133 1716 2905 1679 803 8 77 4 2179 1707 949 101 15 1242 294 398
11 101 14 41 869 233 98 0 15 362 307 38 220 50 77 8281 2001 845 1490 1495 117 0 6 0 3296 680 138 3048 827 2898 318 244 86 0 63 67 68 108 0 373 439 69 0 842 7 1642 1294 238 481 0 0 136 39 24 115 0 742 458 42 727 342 38 12 18 9 532 353 74 66 1 299 86 82
18 96 53 100 772 526 134 23 13 366 644 270 218 239 284 7448 4026 335 1090 1771 702 342 35 0 2842 388 1487 3004 2161 5530 1037 534 625 56 49 39 39 100 29 532 665 264 182 2005 203 1477 1090 759 1809 0 0 75 50 79 93 51 1022 1853 461 1037 707 327 4 15 19 468 975 725 51 12 310 549 494
24 129 69 207 1171 666 121 31 19 342 1327 418 468 589 986 10016 5881 722 1546 2110 621 397 10 2 2785 1539 2232 4386 1845 11719 1496 306 836 86 81 62 128 64 47 257 1042 836 369 2504 263 1788 3428 1254 4119 0 0 133 121 119 110 102 571 6362 919 1684 1794 728 9 39 35 841 3232 2603 139 34 1233 2448 3072
11 92 20 35 828 309 109 2 9 298 293 62 150 50 51 7529 2446 1168 1501 2210 317 32 8 0 2351 529 385 3510 1011 3342 458 415 217 1 48 99 49 50 6 272 458 106 14 679 25 1573 811 308 465 0 0 64 29 34 24 0 563 393 59 554 289 56 4 3 2 332 231 77 33 0 151 60 38
21 117 79 131 1162 1068 191 59 25 474 796 446 213 432 393 9606 10015 1517 1842 3744 1868 1107 15 7 4093 705 2445 5037 4776 8354 3742 995 718 199 64 100 182 246 147 801 750 453 521 2381 336 2346 1548 1222 4138 0 0 218 40 181 119 115 1295 2258 722 985 1092 792 38 16 38 522 885 1494 77 54 226 1061 684
23 131 66 187 1108 658 131 42 24 387 1196 375 490 510 844 10560 5095 831 1321 1797 615 555 11 6 2894 979 2047 3922 1869 10181 1302 390 761 146 78 61 128 118 61 298 1122 628 385 2635 174 1892 3324 1282 3566 0 0 148 79 164 133 139 729 5162 810 1734 1641 577 22 29 60 1042 2999 2158 161 24 1339 1916 2520
27 224 173 178 1546 2917 385 228 76 760 1425 1492 665 657 548 9218 19578 10300 1754 5368 4662 5709 150 27 5408 2484 10188 5245 10337 10862 12767 1421 1174 1543 196 143 220 905 597 1252 2495 1008 2064 3537 2664 3129 2941 6769 7623 0 0 557 50 639 387 214 1738 3807 3577 2385 2791 2087 67 130 48 1405 2329 3033 356 56 1298 1299 986
12 72 14 52 703 126 59 0 2 183 300 41 181 58 121 5966 1120 165 1191 792 63 0 7 0 1374 239 154 3220 295 2906 111 142 128 0 21 27 0 16 0 147 344 100 0 529 12 1287 1463 173 267 0 0 6 59 12 49 0 291 598 47 615 259 26 1 0 1 283 455 128 7 0 303 107 175
9 61 7 29 499 79 65 0 5 220 185 9 107 31 44 4415 555 65 649 759 68 0 2 0 1536 32 32 2061 282 1678 45 228 113 0 19 51 54 20 0 282 223 33 0 505 1 936 576 35 179 0 0 39 5 9 48 0 468 244 2 412 173 7 2 3 5 259 169 30 15 3 113 50 33
15 85 21 84 895 248 103 5 11 235 546 57 187 144 249 8447 2573 355 1523 2129 271 64 19 0 2246 566 326 3973 823 6047 292 341 382 6 28 117 63 72 12 260 569 146 23 1221 19 1395 1405 200 1278 0 0 71 50 40 74 25 472 1573 38 747 444 55 3 8 20 211 766 326 55 10 301 414 449
27 158 99 252 1153 1337 165 64 23 365 1779 692 473 899 1270 8304 9602 3801 1591 2370 1577 1216 17 6 2418 3059 4085 4381 3600 13189 5168 416 1165 283 83 105 78 132 104 335 1142 1313 672 3117 690 1895 2554 2192 9094 0 0 118 113 242 137 274 599 9130 1549 1413 2644 1275 12 22 62 609 3700 4741 123 56 1007 3913 4091
24 158 79 197 1071 1046 200 72 34 423 1430 498 545 526 928 9416 6259 2666 1411 2772 1158 1288 41 11 3281 2007 2839 3769 3031 10451 3125 539 1078 320 85 74 66 251 127 513 1579 576 626 2703 260 1570 2696 1935 4954 0 0 199 84 275 267 202 730 6486 1355 1862 1994 540 13 57 74 954 3563 2381 158 8 1375 1970 2953
14 78 19 72 876 199 81 1 9 149 405 57 196 111 195 8620 2232 372 1563 1633 185 12 18 0 1581 441 225 4341 386 4930 271 171 220 0 26 64 65 57 2 104 435 144 9 535 17 1071 1662 194 783 0 0 45 65 33 78 2 150 959 54 545 389 63 2 7 3 211 609 253 56 5 347 277 321
20 166 75 115 1308 1428 283 68 26 703 1012 396 331 354 322 8926 11071 4700 1945 5108 2586 1841 50 12 6009 2148 2936 4901 6789 8636 4413 1420 892 256 173 87 100 286 122 1287 1329 640 477 3243 280 3051 1296 1751 4836 0 0 230 107 182 142 119 2089 2488 612 1563 1496 553 13 16 35 753 1220 1204 97 37 427 761 534
18 91 44 109 1017 510 80 14 8 285 665 191 178 280 331 9149 5334 845 1951 1691 405 220 1 0 2743 582 1003 4664 1738 7640 1188 192 395 23 67 91 76 48 11 247 426 325 116 1688 111 1854 1552 553 2456 0 0 66 71 58 43 48 600 2009 234 717 699 294 1 5 14 317 864 853 35 35 219 753 593
21 177 91 119 1379 1465 289 47 43 621 1003 631 493 326 326 10295 10528 4901 1725 4655 2096 919 87 1 4511 1512 4376 4865 5102 8656 4812 1141 993 171 167 135 216 405 137 920 1850 504 450 2546 914 2366 2474 3183 3584 0 0 336 87 302 218 50 1311 2604 1252 2172 1471 686 20 68 34 1112 1520 1332 208 14 903 588 527
8 65 4 24 491 62 85 0 3 279 213 2 87 20 34 4174 455 53 670 1069 90 0 18 0 2009 225 10 1812 303 1671 15 355 133 0 8 31 21 22 0 421 306 38 0 711 0 1063 351 12 199 0 0 23 29 2 22 0 709 257 0 470 107 1 0 0 5 223 180 8 11 3 67 35 23
18 171 37 116 1328 693 280 12 4 596 1338 152 434 252 400 9887 4462 2868 1552 4534 1036 315 30 0 3725 3635 1585 4723 2548 10371 1256 1129 1216 22 109 104 24 44 8 675 1936 695 97 3643 62 2438 2562 744 3353 0 0 38 160 24 264 39 1184 4532 222 1995 1480 196 1 0 9 953 2247 736 23 17 809 817 852
30 250 204 231 1727 3703 304 352 52 882 2031 1817 706 1022 869 6227 23743 15686 1649 3792 4393 9593 23 91 4045 3605 14166 5543 13977 14743 17957 1055 1317 2612 143 133 162 531 526 838 1977 1779 3510 5098 2786 3965 3776 7900 13155 0 0 372 138 502 299 406 2079 7250 4667 2787 3909 3160 35 78 36 1637 3503 5350 236 94 1302 2735 1994
12 82 7 59 797 76 77 0 1 248 450 11 187 48 161 6522 542 137 1442 1160 60 0 3 0 1796 573 81 3541 238 4072 28 224 211 0 4 27 12 4 0 184 432 128 0 1039 1 1509 1533 37 344 0 0 9 67 2 70 0 553 1174 5 912 203 8 0 0 0 265 633 64 8 0 327 144 273
19 143 41 130 1133 453 196 25 9 483 1007 208 548 206 530 10068 3283 448 1319 2697 627 365 34 0 3273 1267 1454 3815 1612 7769 329 756 769 83 43 88 21 81 22 473 1623 314 171 2154 44 2173 3328 1083 1649 0 0 42 99 50 214 63 1044 3717 570 2318 950 112 7 2 32 1277 2445 710 45 0 1582 646 1477
28 160 140 238 1058 1683 180 167 28 406 1547 1133 517 873 1103 8506 10604 3881 1339 2712 2003 2950 27 20 2853 2095 6522 3914 4419 11028 6847 557 1028 1020 124 95 42 200 133 435 1331 1128 1724 2983 1195 1750 2251 3388 7839 0 0 142 100 266 149 331 673 6944 3254 1758 2495 1839 7 40 71 823 3407 4617 178 43 1252 3012 3420
30 229 176 259 1515 2925 255 200 41 712 2038 1607 798 1114 1139 6448 18915 11667 2028 3371 3633 4542 38 49 3771 3507 11065 4297 9826 14457 14742 853 1303 1253 143 142 74 142 298 690 1885 1697 2292 4451 2526 2583 3513 7239 12734 0 0 229 153 341 216 406 1291 8503 4563 2568 4118 3123 29 97 49 1758 4154 6260 266 73 2068 3755 3105
20 133 79 111 1236 1217 227 78 23 555 776 432 244 324 306 9384 10629 2583 1853 4443 2319 1888 67 0 4894 1172 2672 5126 5810 7823 3906 1326 661 361 135 102 133 274 96 1096 815 461 501 2323 315 2532 1424 1391 3548 0 0 225 94 167 122 103 1650 1916 725 1235 957 541 12 25 26 464 909 1103 75 21 320 663 512
19 121 54 117 896 731 202 29 11 433 807 252 309 327 361 8910 5098 1075 1018 2935 1251 518 35 0 3393 778 1114 3296 2772 6148 1759 845 824 86 46 75 91 79 20 674 898 368 208 2204 149 1749 1788 1158 3040 0 0 58 27 74 292 84 909 2370 339 920 1289 383 12 6 31 908 1332 1065 50 31 456 876 655
28 160 120 258 1132 1601 168 121 24 368 1721 885 475 987 1283 8298 10787 4522 1530 2379 1834 2372 13 24 2406 2601 5020 4344 4199 12622 6661 426 1144 629 112 100 98 160 135 332 1108 1206 1278 2954 820 1867 2496 2713 9760 0 0 120 109 252 145 393 596 8646 2181 1405 2832 1581 8 24 64 621 3525 5326 125 63 1002 4076 4104
16 204 29 91 1423 629 402 4 53 947 903 108 711 178 270 10804 4082 2952 2031 6126 825 102 96 0 7278 2088 660 3956 2922 7018 1076 1736 600 4 172 74 159 579 22 1650 2898 197 32 2578 64 2635 3052 894 2039 0 0 495 71 219 564 12 2363 1945 109 2842 1700 112 85 71 30 2599 1840 525 329 6 1597 474 482
16 143 56 64 1054 1015 275 47 24 773 504 240 289 163 110 7888 6806 2176 1390 3756 1858 1176 64 0 5044 519 1253 3399 5542 4135 2340 1277 492 172 142 110 133 265 80 1564 936 231 209 1904 172 2697 1478 1448 1750 0 0 233 31 127 287 58 2522 752 261 1068 992 248 20 23 19 1404 465 391 64 14 330 201 94
14 110 37 54 902 612 180 20 19 621 452 131 164 122 91 6720 4436 1074 1315 2632 923 456 16 0 4212 276 832 3294 3529 4122 1158 896 519 42 100 56 80 130 49 1108 556 153 111 1904 67 2279 851 581 1371 0 0 190 23 83 106 25 2315 740 113 870 570 135 33 10 30 757 361 258 46 11 118 163 76
23 190 104 149 1465 1679 270 58 24 603 1353 776 550 458 479 10170 11563 6139 1680 4501 2104 1181 46 0 3826 2732 5777 5377 5321 11297 6089 900 1125 215 151 111 145 211 85 675 1916 1003 677 3289 1062 2571 3127 3659 5024 0 0 153 119 238 292 53 1085 4221 1793 2133 2192 1130 6 21 27 1179 2340 1849 112 45 1038 1093 938
13 77 24 54 691 239 72 4 14 252 299 76 179 100 106 6052 1907 167 1007 1016 201 54 1 0 1724 160 271 2935 764 2762 311 173 159 4 53 56 130 41 18 271 299 122 20 745 38 1398 1260 271 572 0 0 127 10 44 82 12 498 502 62 590 434 77 18 15 14 381 346 220 48 7 269 161 114
13 150 20 58 1206 404 314 5 6 595 694 63 345 79 139 9430 2691 1754 1514 4810 665 139 65 0 4048 1900 650 4017 1544 5232 490 1544 734 6 106 118 32 73 5 898 1746 213 30 1915 9 2426 2147 423 998 0 0 65 105 15 275 8 1290 1488 87 1704 667 52 4 2 2 952 949 157 40 0 558 159 207
23 148 52 201 1111 675 185 18 15 370 1535 279 508 480 994 9458 4897 1540 1525 2784 788 289 27 1 2961 2554 1655 4034 1885 11500 1624 488 1157 67 76 70 29 104 22 380 1549 684 140 2852 117 1666 2964 1135 4427 0 0 64 102 131 236 82 610 7512 633 1639 1822 461 7 9 66 843 3838 1877 78 21 1236 2227 3229
9 109 1 35 925 14 127 0 1 575 268 0 294 7 77 8017 107 27 1192 1587 11 0 16 0 4253 175 0 3109 40 2269 0 459 130 0 13 101 11 2 0 720 599 16 0 792 0 2581 1836 0 27 0 0 12 31 0 137 0 1838 370 0 1230 71 0 0 0 1 1263 502 0 6 0 491 21 105
10 79 11 34 757 185 130 2 15 381 324 19 86 44 55 5444 1480 385 1134 2273 258 40 14 0 2784 281 138 3383 871 3142 150 660 410 0 65 32 80 85 12 452 347 48 7 1347 3 1891 549 73 572 0 0 173 25 40 35 7 1435 541 9 580 180 14 32 5 30 197 212 52 28 3 54 68 47
13 131 9 69 1158 122 183 0 9 529 496 20 468 59 207 9711 924 109 1402 2459 220 0 43 0 3543 514 114 3990 411 4078 73 752 320 0 55 119 65 28 0 377 1098 94 0 1001 6 2946 3273 134 330 0 0 94 56 18 265 0 1379 1228 14 1902 466 4 5 13 2 1465 940 126 53 0 1163 165 400
29 165 138 268 1312 1733 148 96 13 431 1729 1162 566 1114 1282 7596 13844 4797 2131 2241 1523 1664 21 2 3267 2497 6725 4394 5277 14578 7766 299 1018 425 36 131 62 63 78 377 1236 1519 1342 3447 1579 2153 3086 3794 10215 0 0 90 95 137 152 296 812 8120 3015 1666 3110 2523 6 9 24 788 3585 6271 94 124 1532 4325 3849
15 97 21 84 763 284 131 7 5 378 672 57 196 138 253 7113 1821 470 1134 1765 423 148 31 0 2779 653 376 2991 1280 5446 297 576 650 9 15 41 8 49 7 634 572 189 36 2035 14 1403 1059 242 1426 0 0 49 70 19 70 30 1039 2029 43 1062 483 49 1 4 9 432 989 311 22 1 262 403 469
11 90 20 35 902 349 126 0 3 308 317 65 114 50 50 7028 3067 1362 1775 2651 465 0 6 0 2629 422 440 4583 1205 3741 566 455 266 0 69 92 40 23 0 330 400 94 0 847 41 1696 677 349 666 0 0 30 44 15 53 0 631 439 54 522 190 42 0 1 4 238 234 110 6 1 80 46 36
17 88 48 88 730 448 112 15 10 342 532 232 204 211 222 6938 3443 172 955 1412 587 233 20 0 2575 204 1186 2899 1855 4783 832 453 449 27 62 49 58 43 20 526 563 311 119 1681 181 1342 1007 596 1435 0 0 88 30 61 75 37 953 1325 340 1052 676 296 8 4 12 390 663 620 49 20 341 406 334
26 159 137 188 1340 1682 184 119 10 449 1283 1116 495 699 666 10313 13809 3803 1689 3129 1903 2201 28 14 3805 2046 6586 5510 5050 11105 6626 546 754 637 69 119 33 82 64 497 1503 1158 1177 2703 1736 2401 3202 3748 6067 0 0 61 90 89 179 230 839 4311 2703 1737 2348 1817 3 5 12 834 2370 3353 65 61 1093 1813 1409
12 105 21 45 845 369 174 3 17 568 422 58 165 85 74 6249 2609 641 1147 2713 529 57 14 0 3853 478 322 3133 2004 3605 523 809 514 1 60 60 97 115 16 881 564 136 16 1773 21 2309 895 315 977 0 0 189 15 68 96 9 2072 645 42 758 501 68 37 5 30 725 365 142 46 15 124 121 60
12 100 27 39 998 469 157 3 7 337 333 100 142 61 56 7636 4220 1743 1941 3311 706 63 18 0 2867 394 654 5103 1581 3952 896 583 278 3 94 104 62 57 6 381 488 103 20 838 70 1844 875 532 743 0 0 69 45 38 99 1 660 460 99 585 261 75 2 2 4 315 250 127 18 1 113 59 40
11 74 7 48 672 81 74 0 5 170 265 16 192 31 118 7646 657 191 961 1155 44 0 8 0 1629 243 49 2628 177 2657 72 155 114 0 24 59 24 28 0 165 386 24 0 341 0 790 1327 76 210 0 0 30 38 17 84 0 191 485 20 550 157 5 2 4 0 299 467 58 20 0 328 61 186
27 244 129 222 1405 2636 383 151 43 789 2042 986 790 800 988 6792 14808 12653 1611 4551 4311 4495 74 9 4357 4326 7586 3827 9623 12520 11304 1384 1716 966 217 139 121 515 296 1017 2768 1188 1332 4527 1018 2423 2578 5219 11524 0 0 319 150 400 324 324 1518 8306 2629 2751 3762 1470 27 48 86 1620 4309 4169 197 20 2006 2769 2844
27 178 147 204 1456 2035 199 178 20 479 1491 1158 531 825 764 9294 15644 6409 1696 3353 2203 3627 24 0 3393 2342 7320 6076 5840 13025 8108 600 953 1139 123 104 111 168 125 420 1474 1135 1568 3099 1638 2776 3294 4344 8240 0 0 95 117 181 188 426 932 5569 2626 1802 2726 1859 7 22 30 802 2670 4230 120 58 1091 2272 1734
26 186 125 200 1443 1941 176 150 32 595 1711 876 467 798 776 8619 13730 7052 1592 2749 1665 3468 13 12 3432 3019 6635 5759 6675 14113 7007 507 1056 835 96 120 134 256 173 485 1181 1301 1290 4200 967 2943 2717 3179 9387 0 0 224 89 291 121 442 1231 6972 1752 1936 2617 1446 13 40 75 907 2719 3882 149 48 785 2445 1831
3 46 0 3 400 0 94 0 0 261 32 0 30 0 1 2962 0 0 524 1315 0 0 17 0 1875 49 0 1511 0 251 0 516 29 0 0 52 0 0 0 343 117 0 0 87 0 1310 185 0 0 0 0 0 7 0 21 0 944 4 0 165 0 0 0 0 0 135 12 0 0 0 6 0 0
23 153 95 158 1061 1062 155 94 18 481 1118 672 575 369 636 10186 6205 2122 1233 1733 936 1349 26 20 3472 1315 4009 3556 3191 8362 2708 417 631 529 107 65 64 125 50 524 1354 629 627 2482 567 1834 2913 2733 2868 0 0 127 103 168 182 115 996 3890 2000 2274 1577 603 0 37 21 1254 2888 1654 65 29 1570 889 1822
13 145 17 61 1186 254 165 0 27 736 504 50 464 87 149 10327 2107 456 1671 2520 189 0 10 0 5638 533 267 3860 1061 4265 241 687 186 0 153 60 115 129 0 994 1144 183 0 1555 19 2718 2368 310 546 0 0 284 85 85 166 0 2183 771 46 2134 794 48 33 23 4 1866 968 190 162 0 895 197 215
18 185 77 76 1464 1646 419 82 45 820 695 395 357 196 143 9295 11982 6779 1967 6895 3630 2354 111 13 5747 1456 3157 5811 7845 6119 4710 2387 728 331 172 211 305 622 206 1523 1677 304 450 1942 383 3539 1795 2334 2593 0 0 413 54 265 233 66 2437 1041 524 1722 1113 361 32 54 13 977 638 537 128 7 439 234 154
25 132 82 218 1102 842 154 52 17 352 1390 535 451 660 1053 9506 6772 1063 1520 2429 953 737 23 2 2906 1464 2949 4047 2428 11692 2248 407 1020 233 83 70 34 108 42 348 1207 745 511 2770 325 1665 2966 1662 5050 0 0 69 89 167 204 159 605 6844 1351 1571 1822 961 9 16 62 796 3340 3007 88 36 1119 2726 3339
9 80 8 28 773 80 126 0 0 289 210 28 175 0 56 5677 773 0 1376 2250 126 0 14 0 2443 240 210 3078 289 2180 0 458 103 0 0 47 0 0 0 405 539 0 0 510 0 1540 1225 175 0 0 0 0 38 0 120 0 623 369 56 705 0 0 0 0 0 404 261 0 0 0 263 0 70
21 181 66 144 1437 1157 269 42 17 593 1493 353 468 422 513 9960 7906 4499 1499 4658 1606 1034 30 2 3226 3516 3182 5425 4014 11855 3074 1039 1217 130 158 99 126 208 60 567 1855 1033 391 3781 199 2695 2993 1489 5190 0 0 131 148 120 247 97 1123 5360 622 1998 2177 582 7 11 32 961 2424 1486 89 29 871 1331 1116
15 205 27 78 1654 630 387 1 39 1033 962 108 600 132 214 11078 4589 3300 2521 6947 851 26 86 0 7377 3139 829 5041 2952 7859 1105 1742 630 0 215 120 143 428 6 1585 2671 266 12 3352 50 3737 3173 928 1692 0 0 430 102 182 419 0 2987 2137 156 3012 1357 128 56 44 20 2302 1800 348 211 0 1083 310 361
30 288 203 232 1626 4146 439 352 61 995 2164 1824 960 980 904 6015 22129 20523 1696 4404 6192 10342 51 81 4101 4360 14913 3889 14856 12642 19755 1659 1638 2656 297 177 202 687 581 972 3288 1454 3457 5338 2861 3197 3754 10239 13948 0 0 384 131 596 463 411 2006 7170 4884 3231 4797 2833 60 74 77 2463 4468 5260 306 56 2230 2680 2226
26 298 145 180 1673 3395 537 175 51 1149 2055 1160 949 635 630 6851 17306 19466 1569 5934 5916 5825 69 13 5300 6007 11396 3984 13355 12184 13642 2191 1677 1020 333 162 170 650 318 1390 4154 1392 1681 5625 1742 3333 3344 7741 10417 0 0 433 184 487 514 252 2545 6015 2769 3840 4128 1485 33 55 52 2703 3987 3033 257 26 2117 1514 1415
25 237 103 197 1836 2063 280 50 14 888 1951 762 823 695 793 7382 14823 10069 2593 4513 2573 1230 12 0 5108 4846 5670 5364 8292 15945 8076 927 1324 186 99 180 68 82 66 908 2149 1494 610 5044 949 3324 4642 4845 9350 0 0 129 148 122 296 118 2002 7237 1740 3253 3873 1394 5 9 25 2292 4173 3368 91 67 1949 2267 1951
25 254 121 179 1763 2580 402 101 46 1039 1892 942 766 596 661 8388 16075 13319 1910 5397 3643 2762 92 8 5821 3594 8498 5194 11119 14036 10275 1569 1711 524 176 133 203 514 221 1303 2986 1024 966 5500 1410 3358 3524 5846 9371 0 0 399 178 393 397 176 2723 6339 2243 3640 2870 1152 36 57 63 2103 3766 3071 267 5 1515 1576 1519
18 140 51 102 1116 832 220 18 27 579 828 263 333 236 299 9145 6741 1752 1442 3775 1342 376 35 0 4976 1191 1559 4168 3772 6480 2445 889 640 56 81 100 152 264 10 978 1198 473 121 2330 209 2267 1623 1162 2495 0 0 208 48 171 148 37 1487 2311 450 1735 1101 306 12 55 21 887 1156 793 120 1 538 553 534
20 189 91 99 1551 1820 344 96 29 849 917 529 398 292 223 9253 14342 6716 2206 6548 3246 2695 31 8 6555 2172 4255 5690 8792 7899 5836 1704 792 439 223 148 199 374 105 1517 1588 620 630 2923 545 3940 1967 2838 3888 0 0 264 121 207 268 92 2515 1750 835 1944 1462 632 7 43 14 1097 963 906 110 24 546 443 291
31 164 224 241 1257 2555 139 437 29 462 1453 2034 427 1117 907 8763 18132 6538 1456 2136 2065 7616 2 156 3054 1224 11730 5384 7339 12414 11824 397 843 3423 96 99 121 174 323 385 864 1004 4097 3409 3369 2564 2432 5232 9897 0 0 172 77 271 112 669 913 5602 5199 1540 2207 3399 19 34 62 681 2348 6041 117 83 776 2980 2049
1 8 0 0 80 0 0 0 0 28 0 0 0 0 0 773 0 0 126 0 0 0 0 0 210 0 0 289 0 0 0 0 0 0 0 0 0 0 0 0 0 0 0 0 0 175 0 0 0 0 0 0 0 0 0 0 56 0 0 0 0 0 0 0 0 0 0 0 0 0 0 0 0
31 173 173 292 1224 2286 182 177 21 454 1832 1589 515 1308 1421 6782 16223 6521 1900 2405 2682 3490 15 26 3088 2289 9567 4112 6968 13668 12190 534 1180 1080 58 128 57 113 161 444 1199 1557 2212 3517 2366 2164 2353 4609 12528 0 0 105 105 254 143 480 882 8822 4586 1578 3045 3460 8 17 46 718 3442 7766 114 116 1198 5028 4345
11 106 22 33 819 356 205 0 16 487 304 77 184 44 44 6705 2732 635 1041 2883 567 0 123 0 3696 413 476 2711 1612 2195 544 1126 294 0 123 72 42 171 0 944 806 125 0 963 52 1680 884 423 369 0 0 124 18 68 106 0 1296 361 73 1005 357 50 13 14 4 570 243 89 44 0 177 37 29
18 162 50 103 1243 878 273 10 24 633 954 264 437 242 300 9812 6997 2489 1507 4357 1414 230 55 0 5360 2175 1708 4459 3682 7296 2334 1061 690 25 71 130 125 285 7 1012 1728 637 79 2729 255 2530 2106 1456 2852 0 0 158 52 118 262 21 1483 2519 422 1972 1316 283 3 61 20 1107 1459 900 117 9 822 543 523
24 199 84 192 1521 1334 247 34 44 624 1525 549 815 648 793 9235 10002 4854 2354 4123 1384 669 73 0 4704 3224 3316 4632 4590 13029 4218 640 939 88 107 151 195 353 74 654 2385 974 421 3386 564 2459 4221 2905 6454 0 0 289 52 331 310 117 1126 5530 1068 2513 3515 1042 22 74 32 1765 3431 2967 383 68 2413 2273 2018
22 171 101 130 1206 1395 219 94 43 499 1046 671 532 396 379 10508 8801 4221 1527 2948 1368 1732 25 16 3520 1986 4356 4349 4027 8033 4071 615 580 393 133 105 116 364 159 490 1693 764 822 2278 798 2079 2916 2847 3371 0 0 237 77 315 297 114 845 2765 1330 1771 2240 835 21 71 15 1062 1775 1467 229 10 1083 858 672
18 123 47 106 900 681 237 27 26 454 738 203 310 265 321 8795 4697 1027 1022 3412 1309 495 48 0 3453 624 786 3232 2734 5586 1575 1075 846 79 26 85 118 232 41 818 882 210 167 2073 111 1729 1809 1034 2624 0 0 180 14 121 380 80 982 2152 259 903 1075 246 13 47 43 901 1196 840 117 4 458 690 584
22 136 59 172 1241 583 120 21 29 407 1089 339 563 439 741 11190 5232 621 1641 1870 428 248 8 0 3279 1032 1685 4304 1647 9857 1181 295 537 56 135 73 188 96 37 314 1147 677 236 2266 208 2057 3963 1196 2655 0 0 229 84 201 156 51 768 4191 716 2003 1795 520 19 52 31 1182 2823 1837 207 25 1660 1569 2097
7 45 3 18 425 30 14 0 5 150 102 2 64 11 22 3595 226 49 613 196 1 0 0 0 1109 36 7 1790 78 977 9 21 21 0 14 23 42 6 0 76 38 7 0 235 0 723 448 7 63 0 0 48 9 2 9 0 318 109 0 273 46 1 3 2 4 130 76 6 15 0 53 15 13
24 215 91 185 1682 1816 286 47 18 772 1981 614 556 633 730 7577 13227 8494 1739 4206 2332 1467 60 0 4408 4832 5718 5928 7422 15843 6564 926 1496 165 111 145 66 216 56 845 2106 1582 525 5330 644 3649 3074 2862 9383 0 0 150 182 158 214 132 1901 7812 1260 2600 2795 1144 0 29 25 1127 3345 2870 99 53 1001 2066 1767
18 107 49 104 802 599 155 33 19 414 704 209 239 267 307 7929 3981 745 992 2073 901 554 39 0 3217 492 1030 3033 2471 5735 1238 664 695 98 44 54 104 117 55 646 648 273 213 2069 86 1540 1212 735 2325 0 0 123 26 108 137 86 1049 2091 278 1023 957 274 24 13 37 652 1021 787 78 13 314 680 545
28 275 174 204 1799 3606 406 254 49 1005 2059 1466 831 830 726 6348 21168 18130 1669 4552 5176 7932 57 13 4652 4903 12732 5332 14102 14663 15882 1413 1581 1779 208 168 142 513 339 1193 2856 1634 2425 5231 2183 3819 3997 7915 11940 0 0 372 136 510 418 315 2397 6630 3567 3404 4438 2355 19 79 33 1994 3660 4099 234 80 1682 2076 1583
18 90 44 109 1015 511 91 19 13 276 669 185 162 277 335 8935 5442 873 2010 1887 492 312 5 1 2665 571 1029 4924 1743 7874 1158 233 446 36 54 95 88 79 27 280 442 296 150 1662 94 1752 1359 482 2493 0 0 99 69 81 44 59 614 2093 218 700 615 268 2 9 28 242 826 837 54 23 184 763 611
28 170 126 252 1112 1755 195 132 26 387 1751 979 516 922 1243 8252 10957 5293 1546 2609 2116 2769 14 5 2558 2785 5720 4180 4512 12109 7538 475 1219 785 125 98 49 202 119 386 1370 1187 1396 2955 961 1838 2382 3177 9544 0 0 105 126 304 179 314 599 8484 2709 1489 2856 1555 5 33 68 689 3812 5032 119 42 1100 3685 3991
8 60 5 23 611 78 95 1 12 261 194 5 62 17 33 4790 666 165 884 1628 91 18 14 0 1870 175 37 2853 359 1926 23 485 255 0 15 51 59 74 9 483 197 4 2 815 0 1217 516 14 233 0 0 115 13 19 24 3 986 291 2 364 51 0 31 3 21 56 96 15 17 0 58 22 26
17 91 36 100 974 427 80 7 8 287 629 143 192 233 297 9021 4327 716 1791 1638 309 96 6 0 2748 612 735 4171 1496 6957 871 215 354 7 40 105 77 54 6 262 475 290 54 1612 79 1770 1577 470 2074 0 0 59 59 51 44 30 598 1793 160 735 659 209 2 5 13 343 862 666 40 31 268 622 522
27 257 144 207 1801 2957 380 134 30 978 2069 1215 798 768 808 6883 18954 14647 1962 5403 4191 3551 60 27 5021 3773 10516 5256 11666 15215 13137 1446 1815 747 197 132 171 267 219 956 2775 1293 1374 5721 1967 3531 3944 7251 11628 0 0 232 178 231 416 240 2362 7430 3117 3445 3234 1769 19 35 74 2163 4261 4161 156 27 1619 2185 1936
18 83 51 102 982 486 61 19 7 217 593 259 159 241 297 9020 5260 843 1873 1313 330 314 6 0 2094 558 1295 4906 1333 7562 1163 197 299 43 27 107 52 44 20 232 302 403 171 1308 179 1492 1442 567 1842 0 0 49 75 39 31 28 401 1697 444 631 472 330 3 4 17 181 803 749 28 14 214 573 529
17 81 38 98 970 374 89 16 16 204 568 151 161 220 293 8811 4360 523 1767 1921 374 213 11 1 1900 519 771 4896 1010 7148 675 262 428 31 26 115 93 88 40 246 432 226 115 1226 56 1481 1498 363 1698 0 0 97 52 78 51 43 383 1733 196 577 481 200 10 16 25 167 762 610 65 12 221 584 532
25 200 111 189 1507 1919 237 111 26 623 1711 753 559 714 722 8926 13165 7933 1715 3300 2079 2811 51 8 3759 3631 5740 5872 6678 13901 6880 644 1206 529 78 136 116 236 148 619 1795 1200 1032 3956 777 3063 3147 3334 8726 0 0 171 92 206 186 320 1281 6620 1492 2065 3119 1300 15 26 55 1026 2906 3260 137 51 1066 2196 1685
