20 131 68 122 1044 1029 130 40 9 341 964 367 239 370 363 3638 7739 3686 1091 1824 1167 919 3 1 1683 1552 2730 3286 2910 7899 3124 345 543 118 25 92 64 65 37 214 569 604 375 1861 279 1698 1455 1183 4143 0 0 47 65 70 63 65 621 2943 569 933 1053 579 4 5 10 360 1121 1272 35 40 290 929 618
22 157 118 113 922 1735 158 162 30 384 766 756 368 362 260 4731 9796 6304 735 1877 1725 3313 11 31 1953 1176 4407 2520 4294 5019 5844 372 344 911 46 37 121 191 233 254 800 463 955 1279 950 1223 1507 3257 3612 0 0 156 40 146 129 177 518 1511 1292 963 1241 868 18 37 40 668 943 1220 107 23 556 562 326
19 130 63 108 985 973 135 47 15 349 861 310 238 310 302 4739 6366 3534 868 1836 1040 1102 21 5 1711 1415 2365 3210 2997 6993 2705 345 506 154 35 69 94 126 54 259 634 460 350 1568 177 1406 1465 977 3405 0 0 79 63 85 62 74 661 2484 458 978 1010 452 6 16 13 324 929 966 71 23 324 730 487
17 75 41 95 491 404 62 17 4 141 516 188 136 188 287 2863 2277 842 528 795 353 334 8 0 837 550 876 1305 921 3697 917 147 271 51 10 27 18 46 12 150 264 223 97 717 97 493 672 384 1469 0 0 21 44 20 29 39 184 1536 333 373 401 188 1 3 11 111 717 573 11 0 171 448 554
17 167 62 74 1091 1223 286 52 31 538 705 303 341 168 157 4386 7311 5805 1196 3888 1865 1469 58 3 2938 1619 2434 2733 4146 5166 2917 978 483 184 97 117 99 379 125 715 1451 225 312 1593 260 1833 1546 1734 2368 0 0 199 47 149 199 36 983 1276 425 1202 904 223 19 25 21 715 838 489 120 0 458 254 194
18 153 78 75 739 1309 206 76 25 448 626 410 308 200 130 4291 5923 5156 643 2182 1587 1909 45 0 2178 1412 2752 1846 3946 3562 3374 563 370 329 77 37 49 242 91 472 1023 377 424 1254 417 1004 846 2031 2219 0 0 167 35 159 140 58 751 913 540 897 1004 425 12 27 20 664 631 506 76 24 361 222 115
15 131 33 72 910 631 176 12 9 398 697 125 244 143 175 4956 3686 2887 879 2350 781 342 41 0 2422 1624 1052 2492 2226 5332 1282 440 519 24 35 83 29 102 6 465 836 255 78 1424 58 1263 1218 618 1938 0 0 59 56 40 113 18 724 1620 149 987 677 120 2 8 11 436 791 377 44 5 330 285 251
16 79 44 76 452 436 76 18 13 177 371 205 176 152 185 3029 2150 765 477 912 400 244 10 0 1013 241 854 1041 1000 2336 939 168 226 57 41 22 80 94 38 179 336 95 94 595 150 471 724 618 1111 0 0 68 18 74 42 26 207 837 310 500 387 177 12 11 22 234 430 479 26 2 322 242 283
16 130 63 57 640 979 251 55 50 356 385 298 243 121 86 4114 4535 2896 431 2844 1664 1086 67 0 1389 690 1454 1545 2724 2116 2379 1016 240 226 56 37 159 553 227 349 886 163 243 643 287 936 820 1434 1205 0 0 276 9 172 211 20 599 467 347 585 623 216 56 89 10 500 328 315 113 5 234 94 67
10 46 15 30 393 115 38 2 1 74 177 47 60 20 51 3054 912 185 510 605 70 26 0 0 514 259 198 1313 159 1649 146 72 89 1 13 55 6 4 1 44 145 61 10 297 20 416 390 100 91 0 0 7 12 6 17 2 73 323 60 127 79 0 0 0 0 38 137 47 1 0 54 15 55
11 50 13 42 485 161 43 2 0 122 269 28 35 55 80 2994 1555 383 781 730 164 39 0 0 899 277 186 1794 441 2506 206 121 157 1 2 51 0 0 0 112 101 68 9 556 7 687 292 60 577 0 0 0 31 0 4 5 162 580 15 139 76 19 0 0 0 42 143 93 0 0 12 96 85
19 153 81 90 907 1334 141 91 25 450 736 416 317 272 190 4785 7189 5488 854 1735 1148 2122 6 11 2335 1549 2729 2453 4074 4953 3483 287 367 392 40 45 99 156 135 412 673 440 499 1478 392 1219 1346 2038 3152 0 0 151 47 124 97 129 733 1382 520 969 1117 434 16 19 35 698 838 878 93 17 397 387 217
23 159 102 151 676 1538 195 68 27 370 1004 724 451 490 489 3696 6724 5598 639 1321 1916 1415 41 3 1561 1492 4209 1348 3901 4522 5958 476 494 296 25 50 54 230 152 363 1280 481 639 1759 930 786 1114 3075 5041 0 0 97 43 158 185 117 491 2882 1552 1057 1690 1095 16 30 38 647 1592 2044 159 28 922 1210 941
15 70 25 80 491 228 70 0 2 107 428 108 160 109 238 2938 1373 411 594 1014 217 0 12 0 701 438 448 1369 348 3119 400 144 260 0 21 16 14 6 0 77 353 89 0 500 59 424 923 352 745 0 0 8 53 16 72 0 80 1220 189 352 251 74 0 1 0 145 743 345 8 0 239 235 463
15 96 38 67 585 497 119 20 4 225 413 153 213 128 154 3373 2856 1304 555 1604 555 422 18 0 1231 666 833 1380 1331 2849 972 335 279 52 19 60 20 35 10 208 581 147 112 672 78 744 894 571 1119 0 0 30 31 22 108 24 317 777 205 527 537 118 1 2 0 294 505 345 16 0 374 213 218
22 113 76 155 622 912 76 49 11 306 905 448 267 477 566 3384 4883 2388 575 735 609 736 9 5 1464 856 2304 1359 2745 5072 2935 119 391 181 18 52 54 59 57 255 423 404 388 1912 451 801 972 1464 4449 0 0 58 41 66 57 161 514 3276 796 879 1037 560 4 5 32 412 1410 2062 55 28 438 1418 1265
12 90 32 34 657 465 122 6 5 264 261 128 127 46 40 4333 3280 1270 746 2022 586 123 22 0 1937 501 861 1888 1380 1927 900 387 144 9 31 64 19 36 2 319 436 91 34 466 109 1000 697 540 426 0 0 22 15 31 70 2 436 275 133 474 202 78 1 2 4 280 175 75 9 2 111 30 23
10 61 21 24 390 278 60 10 7 162 151 50 53 38 22 2763 1688 740 466 942 287 214 3 0 1060 196 253 1174 802 1048 368 202 61 17 26 26 32 51 11 166 129 33 33 264 15 588 219 148 337 0 0 43 2 23 6 3 252 136 24 173 129 31 2 3 3 86 61 56 13 2 19 21 8
18 76 87 66 532 701 34 91 13 208 297 499 134 121 105 3728 4569 869 630 541 289 1071 1 9 1101 201 1903 1509 1921 2342 1864 67 66 417 79 15 54 49 62 91 162 166 489 574 670 699 623 1073 744 0 0 103 48 95 6 6 413 373 722 422 334 278 10 7 5 248 294 271 32 1 124 103 94
12 59 21 45 570 281 57 9 4 170 282 55 39 73 83 3407 2677 673 916 1037 283 183 2 0 1332 242 350 2064 910 2640 472 152 180 14 12 71 35 32 12 188 124 63 37 633 15 909 295 98 802 0 0 30 23 17 4 16 280 578 41 193 111 33 3 0 5 49 124 144 6 0 15 109 86
9 45 15 21 266 145 21 0 6 80 113 41 45 23 20 2140 687 333 291 242 51 0 1 0 445 154 170 878 255 818 194 24 17 0 12 5 43 26 0 35 58 27 0 152 21 248 187 111 157 0 0 27 6 19 8 0 70 103 28 100 59 22 1 6 2 52 61 34 9 0 20 13 8
9 30 11 25 292 74 10 0 3 42 86 25 37 27 32 2228 588 78 385 170 28 0 0 0 336 47 63 1128 106 880 92 10 11 0 12 3 24 7 0 19 34 25 0 78 8 209 337 41 119 0 0 14 13 10 0 0 26 83 16 82 60 14 0 1 1 28 66 42 8 0 25 25 21
17 148 62 74 910 1091 215 52 22 434 655 307 289 160 161 5176 5960 4634 691 2666 1410 1287 58 4 2399 1339 2334 2294 3336 4512 2731 542 484 206 64 92 79 214 64 497 1002 270 285 1312 232 1219 1299 1507 1970 0 0 129 39 129 165 15 731 1275 473 997 754 255 12 18 12 573 762 459 89 0 372 241 210
13 94 39 39 631 600 131 7 7 320 240 185 137 38 56 3825 3948 1810 692 1652 809 161 32 0 1922 229 1064 1933 2093 1727 1483 515 177 16 23 62 39 90 19 465 398 18 38 642 210 1080 595 818 455 0 0 57 23 42 49 0 701 275 236 480 77 45 3 4 0 281 208 104 8 0 128 22 44
20 137 65 125 868 935 96 11 10 373 926 393 361 351 385 4609 5562 3349 878 1243 633 208 9 0 2093 1669 2225 2186 2694 5966 2838 148 326 16 28 34 52 82 9 247 609 612 118 1887 444 1159 1849 1749 3694 0 0 60 59 77 87 37 577 2513 712 928 1226 572 0 17 8 759 1590 1357 52 44 604 852 693
20 94 74 116 558 856 93 76 15 208 592 382 154 340 342 3274 5027 1866 440 1225 804 1337 12 9 1236 546 1754 1422 2152 3630 2625 245 366 323 28 28 70 147 54 162 322 239 450 959 274 726 612 928 3083 0 0 51 23 88 64 160 309 1633 588 428 595 411 2 29 35 179 661 1266 35 9 163 730 625
12 79 22 44 479 277 81 0 0 198 244 81 174 58 81 2971 1414 728 536 1122 256 0 7 0 1076 272 321 1155 696 1789 470 231 141 0 0 55 0 0 0 177 324 66 0 352 44 599 836 411 435 0 0 0 4 0 85 0 249 353 101 386 252 62 0 0 0 372 297 126 0 0 260 73 89
15 67 19 86 488 177 45 1 0 97 491 61 135 122 271 2899 1025 393 624 694 104 16 3 0 594 628 254 1411 250 3576 263 60 216 0 15 12 0 0 0 40 246 184 10 579 15 432 894 168 847 0 0 0 59 0 32 2 75 1518 74 295 306 67 0 0 0 117 786 296 0 0 165 361 540
14 78 38 53 713 533 98 20 7 259 339 146 64 104 94 3961 4745 1196 1004 1787 670 423 9 0 1938 320 965 2457 1873 3016 1254 305 257 48 35 87 62 65 20 346 232 94 102 850 96 1267 432 342 1160 0 0 53 33 38 25 22 479 616 154 331 155 106 2 3 8 128 157 248 12 1 29 132 92
20 138 99 91 878 1253 152 121 30 378 621 592 344 235 192 5344 7455 3208 786 1940 1168 2068 21 34 2129 1171 3423 2365 3460 4464 3356 418 227 558 78 50 107 220 209 337 921 301 757 1169 692 1406 1519 2351 1930 0 0 165 46 116 176 48 667 1201 980 1098 1117 529 31 34 11 614 783 668 136 8 545 334 237
20 101 78 112 628 922 82 82 11 222 595 416 190 326 316 3671 5704 2191 525 1187 710 1459 6 14 1320 695 1931 1575 2254 3705 2813 192 327 349 57 20 54 99 45 151 326 292 489 923 336 833 824 1152 2927 0 0 50 40 66 48 151 306 1516 664 523 734 431 1 15 29 233 689 1198 28 9 258 653 551
23 117 91 162 644 1087 84 69 12 314 909 587 277 530 585 3381 5952 2772 595 857 852 1076 7 7 1548 786 2972 1389 3182 5021 3976 167 382 295 30 52 57 62 78 264 438 452 584 1875 625 826 970 1799 4788 0 0 61 46 73 57 178 507 3215 1170 928 1136 820 6 7 28 425 1365 2332 59 36 464 1517 1291
15 67 19 86 488 177 45 1 0 97 491 61 135 122 271 2899 1025 393 624 694 104 16 3 0 594 628 254 1411 250 3576 263 60 216 0 15 12 0 0 0 40 246 184 10 579 15 432 894 168 847 0 0 0 59 0 32 2 75 1518 74 295 306 67 0 0 0 117 786 296 0 0 165 361 540
8 55 8 20 328 121 32 0 0 175 132 14 66 20 22 2015 614 391 429 497 69 0 0 0 945 188 46 822 416 889 102 61 61 0 0 16 0 0 0 120 72 3 0 272 3 516 278 90 206 0 0 0 2 0 11 0 378 132 6 233 90 8 0 0 0 152 90 24 0 0 42 18 11
23 90 93 160 506 800 47 59 4 197 704 630 234 516 566 3178 4231 1362 433 504 446 750 0 4 1120 558 2266 1457 1869 4435 2868 63 261 215 2 48 0 4 26 142 235 425 594 1219 743 683 921 1511 3201 0 0 8 28 24 44 140 285 2508 1334 556 999 898 2 2 10 339 1204 2212 20 51 386 1441 1223
14 104 7 84 631 98 127 0 9 279 650 9 293 66 289 3861 499 272 466 1401 81 0 25 0 1327 1203 34 1743 285 3758 60 328 365 0 6 59 44 86 0 275 783 82 0 1402 0 915 1460 45 604 0 0 49 22 12 168 0 394 2034 3 833 316 8 9 6 18 520 1283 74 66 4 578 273 639
21 155 98 112 968 1556 184 107 28 406 848 600 320 341 282 4530 8808 5887 769 2082 1917 2293 12 34 1791 1376 4038 2773 4262 6015 5346 507 484 500 33 34 89 229 254 304 800 524 659 1497 649 1351 1514 2407 3663 0 0 159 61 107 125 131 634 1991 1092 984 1156 745 25 28 33 584 1026 1120 82 28 433 622 405
12 81 16 50 455 178 71 0 23 297 291 46 188 68 106 3246 935 142 329 574 84 0 10 0 1649 181 106 1269 699 1814 253 203 103 0 10 20 53 119 0 324 287 73 0 848 27 767 689 186 465 0 0 142 14 38 94 0 682 544 32 582 293 20 13 46 2 485 385 170 98 0 258 116 130
20 158 73 117 1023 1250 215 33 29 448 930 439 382 337 331 3718 7687 4984 1029 2632 1633 789 38 0 2259 1649 3010 2599 3991 6622 4168 599 599 89 42 94 98 292 57 482 1185 443 332 1763 451 1479 1707 2025 3838 0 0 141 43 194 188 51 811 2446 791 1207 1380 653 8 50 25 697 1245 1138 146 25 628 781 534
10 29 18 27 240 123 1 5 0 57 86 44 26 41 30 1672 1006 152 265 12 4 46 0 0 296 46 125 770 272 744 184 0 3 6 0 2 0 0 0 3 2 20 19 119 15 322 172 73 191 0 0 0 0 0 0 4 76 98 25 66 62 32 0 0 0 28 37 59 0 1 12 35 14
8 45 6 22 367 98 65 0 2 153 133 9 40 18 29 2365 775 159 428 1000 162 0 19 0 1154 100 33 1128 426 1139 102 239 116 0 13 55 10 20 0 235 133 11 0 370 1 701 216 28 233 0 0 13 6 5 12 0 342 152 4 152 57 4 0 0 1 55 71 21 6 0 24 20 20
9 25 12 24 197 74 1 3 0 39 82 21 22 33 27 1425 598 86 186 12 3 25 0 0 234 68 53 650 123 682 69 0 3 2 0 2 0 0 0 3 2 22 10 107 4 202 128 36 151 0 0 0 0 0 0 4 34 99 6 40 54 13 0 0 0 21 37 42 0 1 9 31 13
20 132 79 111 961 1112 138 80 21 327 830 426 262 330 304 4500 7322 3715 911 1882 1071 1669 20 10 1699 1212 2987 3084 2913 6671 3041 362 486 316 47 70 105 174 80 223 759 358 577 1486 336 1508 1417 1412 3486 0 0 103 45 127 66 111 523 2292 661 935 1012 493 8 18 34 380 980 1143 101 11 364 692 495
13 73 16 62 466 161 51 1 5 258 383 38 161 97 150 3017 931 108 318 616 85 8 9 0 1293 239 128 1456 600 2536 185 125 161 0 10 18 26 12 2 171 280 150 7 1089 13 824 685 129 578 0 0 31 23 13 37 3 637 846 21 606 404 33 1 2 8 384 541 185 28 13 213 233 207
20 126 65 125 1018 937 108 29 6 318 981 351 232 381 379 3724 7171 3209 1054 1532 915 613 2 0 1512 1640 2639 3292 2512 8036 2768 268 520 71 45 79 41 31 15 142 514 646 277 1889 291 1679 1470 1101 4154 0 0 31 59 48 36 74 568 3079 536 874 1031 595 3 2 13 365 1155 1309 28 46 277 993 653
10 45 19 26 307 188 22 0 1 135 117 60 49 32 28 1918 1252 315 383 378 98 0 0 0 744 57 261 832 635 874 326 52 47 0 2 12 5 3 0 90 46 17 0 225 35 486 212 154 207 0 0 1 1 5 2 0 298 114 50 196 71 41 0 0 0 79 65 48 3 0 32 23 13
14 89 38 53 740 570 135 13 6 288 387 158 94 101 92 4080 4627 1355 901 2282 908 285 7 0 1979 598 1141 2394 1975 3184 1387 547 332 28 38 65 48 58 12 375 353 158 70 938 123 1356 515 449 1155 0 0 50 56 37 52 17 530 659 185 445 241 130 0 3 7 168 211 235 10 4 68 122 87
23 165 104 149 673 1644 218 76 28 415 1034 727 448 502 466 3780 6558 6119 571 1315 2303 1625 39 9 1536 1525 4471 1327 4454 4687 6371 659 556 320 20 41 44 241 181 448 1326 508 709 1897 933 770 1091 3217 5424 0 0 93 41 156 185 135 572 2886 1484 1076 1685 1117 30 28 32 775 1563 2064 163 42 863 1198 844
17 78 45 91 444 451 95 18 19 143 451 219 154 183 260 2979 2106 868 395 1097 505 237 13 0 701 257 933 1166 883 2810 1123 229 323 63 24 21 129 146 41 119 400 94 92 663 159 456 736 581 1455 0 0 72 9 115 73 34 144 1189 367 320 298 179 19 31 29 156 670 661 38 2 218 340 483
20 105 54 136 705 596 78 19 18 257 807 283 278 349 489 3390 3810 1424 617 1064 363 215 11 0 1070 863 1428 1884 1636 5315 1530 157 314 49 17 56 107 114 36 140 553 365 145 1565 265 958 1496 894 2953 0 0 65 38 87 69 80 414 2833 455 889 910 308 4 29 28 360 1348 1382 115 10 531 1064 1087
18 80 55 98 460 540 88 29 15 147 474 280 158 233 274 3016 2708 987 375 1079 564 385 0 0 734 343 1186 1263 1064 2915 1461 216 301 97 23 13 129 116 44 103 391 193 199 680 201 485 719 682 1785 0 0 46 13 83 62 42 151 1213 456 383 442 308 11 23 24 152 614 820 43 15 227 427 495
8 33 9 19 214 81 15 0 0 45 88 18 31 18 20 1642 522 176 232 184 36 0 0 0 271 106 72 612 126 644 81 12 18 0 0 6 0 0 0 19 41 9 0 93 9 201 128 45 117 0 0 0 8 0 5 0 34 93 6 60 45 0 0 0 0 18 45 36 0 0 17 9 10
15 106 27 78 585 319 105 2 20 273 455 105 335 135 213 4138 1399 858 427 1099 137 17 16 0 1306 514 365 1624 833 2643 554 265 211 1 30 18 67 120 13 192 786 125 14 709 78 836 1425 481 796 0 0 112 28 79 108 8 415 1043 118 936 777 67 15 18 16 601 765 430 116 1 694 292 356
12 65 16 50 473 154 35 0 9 224 325 48 109 64 108 2878 978 299 352 405 68 0 0 0 920 254 304 1672 470 2316 210 84 140 0 6 43 55 24 0 196 119 128 0 1033 20 880 622 86 424 0 0 52 6 32 17 0 551 659 48 479 188 32 9 4 14 206 350 144 36 0 130 112 139
17 117 66 70 814 861 117 56 9 293 541 336 226 150 138 5345 5247 2563 895 1758 827 1010 19 0 1962 1057 2306 2549 2091 4353 2040 252 247 244 50 65 10 40 53 298 646 297 274 983 293 1151 1170 1216 1313 0 0 37 59 47 56 22 407 990 501 809 611 288 1 8 1 383 631 417 18 5 296 165 171
25 77 131 169 510 819 45 112 11 192 573 1053 217 571 564 3331 5382 489 403 531 498 1137 4 12 1180 265 3225 1417 2270 4169 3144 85 209 546 0 43 24 53 69 185 260 350 1158 1027 1671 665 946 1720 2640 0 0 53 23 52 30 166 328 1933 2560 650 780 1450 0 21 8 304 950 2494 82 48 452 1413 1132
13 103 4 74 673 59 127 0 5 288 569 4 299 36 246 3956 331 187 583 1484 40 0 20 0 1560 1056 9 1842 174 3478 19 319 296 0 9 71 25 45 0 324 799 26 0 1215 0 987 1603 32 335 0 0 33 27 5 172 0 413 1656 1 906 198 2 3 1 9 561 1165 33 39 0 605 145 534
18 101 33 120 588 386 68 8 6 242 793 130 263 244 434 3362 1978 975 443 858 206 130 4 0 1067 1226 576 1694 1045 4755 800 131 351 12 5 44 27 31 8 128 458 358 65 1450 53 822 1148 444 1915 0 0 29 47 27 55 31 339 2849 184 780 894 159 1 3 15 404 1416 714 40 20 457 838 984
17 80 48 88 482 464 34 27 5 293 466 206 170 227 220 3157 2665 591 376 446 174 389 0 2 1371 219 910 1337 1643 3058 1014 78 162 69 9 27 14 14 17 172 156 278 190 1438 114 1036 659 536 1483 0 0 35 24 25 19 42 631 1062 250 542 630 252 6 1 5 509 626 656 26 27 235 469 309
7 42 6 15 272 68 29 0 1 129 102 9 40 12 14 1845 389 144 195 353 9 0 2 0 583 93 42 756 217 649 56 91 59 0 7 16 4 7 0 69 97 21 0 251 1 468 194 29 68 0 0 9 6 4 1 0 240 111 4 163 56 4 0 0 0 67 38 12 1 0 25 8 6
18 88 58 95 523 644 101 44 10 197 494 291 169 214 267 3164 3491 1375 484 1267 736 878 24 0 1157 433 1309 1226 1760 3324 1685 301 316 177 12 41 43 113 42 246 412 150 232 747 192 573 700 708 1813 0 0 50 24 52 70 74 310 1302 523 468 504 260 5 8 19 157 642 690 31 0 260 428 484
21 123 73 137 784 916 103 46 28 313 796 422 346 405 457 3593 5268 2548 643 1269 757 686 11 2 1430 940 2119 1897 2624 5200 2877 247 350 174 29 55 149 156 100 220 687 316 329 1428 409 1052 1790 1505 3519 0 0 134 35 158 55 143 496 2461 749 1072 1272 550 21 36 28 480 1223 1607 174 17 730 1075 930
5 22 0 10 110 0 12 0 0 30 44 0 22 0 10 882 0 0 39 115 0 0 0 0 165 48 0 270 0 261 0 14 3 0 0 0 0 0 0 9 35 0 0 47 0 70 66 0 0 0 0 0 1 0 5 0 21 39 0 45 0 0 0 0 0 14 27 0 0 0 13 0 5
20 98 56 134 540 577 64 26 13 219 737 291 261 348 475 3353 2801 1330 420 719 316 306 4 2 1013 779 1173 1626 1391 4515 1559 98 341 73 2 44 23 39 56 132 408 331 207 1268 219 739 1080 906 2490 0 0 39 24 70 56 81 284 2598 506 647 999 349 12 9 26 396 1312 1295 64 25 448 1039 1049
10 43 14 31 355 141 45 4 4 123 162 28 38 44 44 2578 1036 135 440 632 141 53 4 0 938 116 134 1194 456 1435 160 144 121 4 15 32 6 29 9 131 102 34 15 375 4 510 228 48 344 0 0 15 8 12 6 5 248 241 13 195 98 19 3 1 3 30 76 65 6 1 23 53 31
15 101 34 71 497 429 101 14 12 307 461 126 250 148 167 3284 2088 1012 404 907 286 237 18 0 1364 630 541 1320 1362 2622 761 298 196 31 9 30 0 95 12 260 589 192 78 1170 68 1053 806 582 1122 0 0 34 31 39 124 28 578 915 129 522 691 114 1 19 12 604 681 407 55 3 389 280 227
10 120 5 40 753 112 224 0 13 451 392 10 275 20 90 4311 574 604 612 2731 193 0 48 0 2803 1270 20 1923 387 2491 121 839 190 0 15 72 41 182 0 600 909 22 0 1044 0 1343 1270 90 312 0 0 109 27 6 271 0 878 710 10 897 136 0 11 23 0 800 599 40 52 0 416 30 130
20 94 59 131 544 553 65 18 14 196 659 334 273 340 448 3597 2780 1182 387 713 273 172 4 0 935 508 1257 1711 1203 4256 1546 114 315 47 2 35 38 56 41 100 459 321 155 1055 319 750 1265 1004 2148 0 0 52 18 79 66 57 235 2134 612 602 944 415 9 10 30 397 1232 1332 82 21 520 938 949
9 54 9 27 331 97 34 0 1 181 177 18 78 27 39 2180 569 134 344 399 45 0 0 0 886 200 54 729 325 1058 59 91 80 0 10 42 3 7 0 91 106 42 0 486 3 584 376 100 220 0 0 10 9 2 17 0 367 238 12 215 85 12 0 0 1 206 158 36 4 0 65 33 30
12 71 19 47 420 213 50 0 1 190 248 61 159 68 91 2890 1053 434 493 536 143 0 3 0 1096 258 222 865 604 1562 293 103 112 0 22 36 3 8 0 146 225 66 0 431 30 540 736 268 478 0 0 11 21 6 31 0 292 429 60 430 302 48 0 0 2 307 239 153 2 2 259 101 101
8 55 0 28 405 0 44 0 0 194 193 0 96 0 56 2517 0 0 331 468 0 0 9 0 1095 125 0 1465 0 1316 0 117 99 0 0 20 0 0 0 248 185 0 0 567 0 626 498 0 0 0 0 0 26 0 12 0 484 363 0 471 0 0 0 0 0 160 216 0 0 0 120 0 70
12 53 27 39 410 271 62 12 7 174 196 80 51 74 54 3101 1930 245 441 866 300 176 13 0 1296 119 347 1288 943 1663 449 192 156 22 19 41 26 57 21 233 151 61 55 504 30 631 264 166 569 0 0 40 8 27 9 9 372 270 55 243 143 72 2 3 4 90 102 137 12 4 24 75 36
9 46 9 27 385 126 62 1 3 153 156 15 40 30 38 2499 982 183 439 952 179 18 8 0 1120 108 64 1236 519 1334 153 204 132 0 10 56 23 32 2 226 121 23 5 419 1 717 253 35 307 0 0 21 5 10 16 1 343 208 7 161 85 10 1 1 1 51 81 35 6 1 22 39 27
12 79 31 35 425 432 109 7 1 230 183 120 126 49 44 2676 2200 1154 479 1383 631 141 14 0 1238 75 556 1060 1262 1217 889 379 136 9 21 44 0 5 3 264 251 6 45 336 91 599 449 561 395 0 0 2 1 4 88 0 404 184 125 314 177 79 0 0 0 308 159 75 3 0 119 44 27
6 24 0 15 228 0 10 0 0 33 58 0 31 0 20 1744 0 0 323 159 0 0 0 0 302 38 0 855 0 567 0 8 10 0 0 12 0 0 0 17 34 0 0 46 0 158 245 0 0 0 0 0 5 0 3 0 21 61 0 73 0 0 0 0 0 23 55 0 0 0 23 0 15
23 114 115 138 512 1125 102 130 33 264 619 794 349 437 410 3369 5266 2040 431 964 891 1846 19 35 1415 623 3124 1306 2911 3435 3920 229 224 646 25 42 25 170 163 290 733 259 1028 1048 1010 739 766 2324 2619 0 0 108 27 170 113 140 410 1681 1629 769 1206 915 9 68 20 477 980 1775 204 11 781 934 732
13 74 36 42 477 414 80 16 6 214 264 129 99 90 51 3716 2557 839 487 1110 434 291 19 0 1486 370 687 1418 1230 1921 734 223 157 30 17 55 34 51 13 277 260 128 90 640 76 792 398 379 704 0 0 34 9 32 29 10 419 294 102 296 297 142 0 2 2 184 168 156 15 9 71 74 26
21 106 88 122 630 1033 62 72 7 245 677 545 198 366 347 3911 6227 2436 518 891 686 1288 5 11 1481 1023 2653 1537 2681 3880 3772 128 197 294 39 22 29 39 48 177 262 605 552 1056 568 829 839 1370 3148 0 0 55 35 48 28 112 361 1676 1035 554 822 709 3 4 8 274 807 1323 21 49 239 720 612
19 87 59 112 535 664 98 42 17 182 578 290 145 297 340 3188 3979 1266 401 1298 748 694 24 0 1061 624 1256 1390 1664 3658 1979 276 368 148 19 36 76 156 41 163 338 259 280 883 190 648 682 686 2566 0 0 60 13 107 77 96 273 1688 438 353 559 334 2 32 35 156 687 1042 42 5 139 706 637
21 100 61 149 631 652 53 23 6 258 880 338 228 414 555 3185 3994 1485 559 654 356 274 3 0 1088 942 1772 1647 1814 5418 1848 89 327 60 17 44 35 25 22 139 296 499 202 1812 318 894 1092 939 3512 0 0 31 50 42 28 92 412 3316 588 789 896 434 2 1 19 355 1415 1656 29 31 341 1335 1269
20 168 84 106 1043 1511 232 82 33 514 905 485 355 296 277 3860 8642 6500 1082 2826 1921 2197 42 7 2578 1625 3768 2578 5046 6266 4644 647 599 353 81 115 93 324 150 598 1230 362 596 1951 441 1632 1540 2142 3741 0 0 201 31 207 167 64 976 2136 848 1218 1216 538 20 28 36 655 1145 963 145 12 523 597 426
9 42 5 31 370 61 30 0 0 82 189 6 43 23 55 2992 493 184 510 316 52 0 5 0 641 245 38 1352 139 1719 35 70 77 0 0 22 0 0 0 64 99 32 0 359 1 381 317 19 240 0 0 0 8 0 6 0 88 367 1 98 41 2 0 0 0 30 103 25 0 0 46 42 55
22 104 74 157 615 815 66 38 10 280 885 447 232 472 583 3237 4664 1861 528 760 527 505 8 4 1224 753 2290 1457 2410 5163 2681 115 362 126 13 54 54 59 46 207 350 455 324 1866 459 832 1016 1241 4083 0 0 50 40 72 44 130 469 3304 851 792 909 603 5 5 26 376 1388 1998 46 31 335 1464 1325
12 69 25 41 502 320 89 3 3 256 273 83 80 75 59 3638 2270 324 494 1287 429 55 12 0 1918 409 450 1406 1265 2013 601 281 202 2 19 44 10 22 5 324 252 146 22 764 39 958 366 244 698 0 0 26 31 16 37 1 563 350 71 361 226 99 1 0 1 199 173 132 8 5 47 84 40
22 135 87 144 854 1155 64 38 3 367 992 576 341 474 452 4152 7006 3798 870 834 616 721 4 0 1905 1526 3347 2121 3248 6296 3946 102 271 118 12 28 21 19 21 176 380 817 402 2051 680 1180 1719 2133 4739 0 0 16 69 16 29 84 572 2817 1105 974 1356 987 1 1 4 708 1553 1895 17 66 581 1162 816
5 32 2 8 208 24 38 0 0 82 52 1 26 4 5 1475 136 64 117 418 2 0 7 0 376 29 0 618 60 326 7 166 44 0 6 11 0 0 0 59 104 4 0 126 0 309 150 5 22 0 0 0 3 0 1 0 109 33 0 52 26 0 0 0 0 45 17 2 0 0 10 2 1
11 51 27 28 335 287 45 11 3 116 133 85 42 40 29 2396 1894 589 411 599 275 174 0 1 784 106 427 1019 721 974 536 141 45 18 15 6 6 20 13 100 100 17 45 217 53 463 142 178 276 0 0 12 7 5 5 3 174 127 64 130 73 43 1 0 3 39 61 64 6 0 18 26 13
19 149 76 95 849 1118 156 70 24 439 734 435 391 212 252 4705 5632 3890 755 1941 949 1411 16 4 2338 1412 2634 1995 3298 4503 2857 411 304 319 74 39 62 239 88 348 1008 314 433 1579 402 1238 1758 2115 2205 0 0 146 60 145 154 33 723 1552 846 1093 1080 305 10 35 7 883 1334 700 98 13 629 399 422
20 130 83 107 943 1104 123 90 26 308 776 459 269 306 285 4821 7116 3503 950 1733 922 1692 16 16 1662 1195 3006 3120 2673 6322 2984 284 376 374 39 52 120 187 138 178 726 335 615 1340 401 1427 1522 1545 3055 0 0 124 44 152 63 103 471 2047 743 905 941 456 13 17 36 392 989 1080 108 5 378 593 459
14 79 27 64 477 309 65 8 8 305 420 89 141 122 145 2834 1751 486 346 810 265 157 0 0 1320 324 542 1373 1226 2681 498 216 232 12 13 42 31 24 3 336 236 176 48 1368 36 981 498 207 974 0 0 47 20 30 44 16 755 902 84 598 432 88 5 7 12 358 441 287 37 6 177 236 188
10 63 4 41 460 38 75 0 7 208 275 4 120 24 92 2643 277 3 302 925 70 0 23 0 944 151 16 1619 117 1932 15 247 172 0 1 38 38 22 0 218 309 26 0 808 1 814 666 11 134 0 0 37 8 8 51 0 521 570 0 468 94 0 9 3 14 212 364 24 28 0 144 60 125
22 143 93 138 939 1327 126 62 23 373 966 613 332 448 417 4057 8127 4342 969 1335 1186 1216 20 11 1839 1525 3873 2719 3795 6878 4863 266 438 223 27 55 106 163 113 249 645 582 588 1700 696 1253 1599 2163 4422 0 0 123 45 157 107 100 701 2866 1206 1037 1378 979 5 31 22 584 1275 1665 106 41 527 1086 720
11 79 25 30 531 385 85 0 0 248 175 100 115 25 40 3521 2487 1307 610 990 420 0 21 0 1556 139 480 1781 1240 1347 770 272 106 0 19 49 0 0 0 314 244 5 0 414 100 794 513 530 340 0 0 0 18 0 40 0 489 199 100 376 45 0 0 0 0 225 151 100 0 0 103 0 30
19 90 60 111 479 677 95 31 12 174 603 313 158 301 324 3078 3327 1442 321 1018 786 508 3 1 766 775 1508 1296 1526 3433 2140 274 320 82 8 27 68 104 35 120 420 425 276 884 211 587 625 681 2509 0 0 45 15 95 40 52 230 1608 505 385 669 463 2 10 12 144 690 1007 42 36 184 650 593
16 80 34 86 510 316 54 4 4 255 462 135 207 194 227 3227 1988 198 361 739 200 43 18 0 1201 370 435 1452 1038 3087 601 147 191 4 6 29 16 24 10 138 343 266 33 1162 80 1026 985 438 1070 0 0 25 22 20 26 11 505 1085 155 492 715 185 3 0 5 551 758 526 21 28 315 461 337
7 23 4 17 137 26 9 0 1 29 66 4 22 12 19 1148 166 35 74 116 7 0 1 0 178 51 14 367 40 428 12 12 7 0 0 2 3 5 0 3 29 9 0 68 1 86 92 6 54 0 0 4 0 2 3 0 20 68 0 34 24 0 0 0 0 14 41 12 3 0 11 12 10
11 32 25 30 262 171 9 7 0 57 103 80 23 44 34 1869 1395 223 336 142 54 81 0 0 391 44 306 848 329 906 315 8 11 12 9 6 0 0 0 21 23 17 27 142 49 299 109 89 216 0 0 0 7 0 1 5 59 121 66 69 47 49 0 0 0 15 41 70 0 1 10 34 17
9 54 9 27 331 97 34 0 1 181 177 18 78 27 39 2180 569 134 344 399 45 0 0 0 886 200 54 729 325 1058 59 91 80 0 10 42 3 7 0 91 106 42 0 486 3 584 376 100 220 0 0 10 9 2 17 0 367 238 12 215 85 12 0 0 1 206 158 36 4 0 65 33 30
23 159 115 138 646 1634 189 135 38 346 854 801 467 408 427 3617 7024 5383 588 1595 1853 2715 22 16 1674 1506 4212 1415 3926 3592 6180 445 301 742 112 38 60 286 220 267 1312 450 1108 1240 887 867 957 3156 3391 0 0 205 70 284 203 44 464 2096 1784 993 1885 923 11 50 17 613 1518 1574 177 12 948 939 826
10 44 8 37 421 94 30 0 0 94 234 14 34 36 70 2916 883 256 685 390 73 0 4 0 706 257 98 1568 222 2207 87 72 113 0 0 52 0 0 0 68 80 52 0 451 3 518 276 33 372 0 0 0 18 0 2 0 104 497 6 111 42 8 0 0 0 31 131 52 0 0 22 66 75
