25 187 150 150 1183 2360 279 223 54 522 1208 1117 406 547 413 3786 14305 8186 1037 3453 3393 4966 9 55 2558 1947 8258 2708 6695 7499 9328 982 912 1337 124 117 219 481 381 570 1358 841 1824 2455 1631 1581 1926 4114 6327 0 0 383 104 396 276 188 861 3243 2168 1459 1721 1438 26 129 55 742 1402 2348 152 26 556 985 650
15 141 43 62 946 851 259 28 32 494 649 164 205 147 116 5423 5101 3790 1005 3494 1441 729 51 4 3363 1313 1425 2650 3017 4664 1713 1028 633 71 74 86 118 401 113 712 897 245 146 1818 85 1547 1002 821 2138 0 0 211 70 141 127 32 939 1196 161 740 607 177 37 33 29 528 593 357 67 8 159 211 113
12 110 38 28 759 635 150 40 32 346 241 110 135 40 30 5275 3752 2593 886 2397 627 862 39 11 2045 502 741 2375 1994 1748 838 479 159 104 67 89 101 218 124 364 484 56 104 527 46 1033 891 578 480 0 0 225 21 98 81 4 618 222 87 464 227 36 32 23 5 266 149 57 47 0 93 29 17
25 180 135 165 769 2086 241 196 61 451 1258 934 427 649 521 4125 8716 7562 665 2220 2601 4267 34 31 2253 2031 6243 1397 5526 5686 7681 634 911 1155 115 50 115 541 410 500 1389 709 1515 2378 1109 829 1056 3551 7322 0 0 306 30 509 171 363 613 3824 1716 1116 2086 1346 44 73 128 705 1726 2932 210 41 655 1477 965
17 65 66 70 516 566 57 53 27 137 188 345 116 141 141 4344 4701 587 679 874 466 661 7 0 1215 127 717 1824 1342 1638 1781 108 70 256 41 42 113 137 146 140 159 40 190 249 346 655 608 717 785 0 0 128 11 96 40 40 191 279 543 243 282 245 15 45 15 100 136 435 58 2 148 148 175
18 121 66 87 874 777 181 40 23 352 644 350 295 236 190 5255 5329 1290 1006 2562 1043 616 43 0 2168 1048 2193 2475 2230 4749 1641 577 430 120 51 123 114 179 69 417 1075 379 314 1396 341 1352 1572 1291 1898 0 0 124 58 135 175 46 598 1374 484 1066 972 409 9 27 16 575 784 748 94 30 486 327 241
15 39 37 68 337 255 25 0 3 84 185 181 50 119 155 3078 2196 25 409 361 160 0 0 0 682 108 424 1121 625 1587 829 34 67 0 2 22 13 13 0 65 82 105 0 252 156 385 334 216 589 0 0 8 22 25 14 0 101 353 288 185 187 158 0 2 5 53 127 368 5 15 36 158 222
23 190 122 131 1072 2039 267 146 40 552 1183 843 439 438 344 4680 10534 7850 1026 2919 2774 3538 44 27 2904 2572 6719 2224 6100 6801 7160 841 749 758 209 90 131 415 254 622 1510 884 1174 2489 1091 1307 1722 3432 5026 0 0 263 120 309 213 122 947 2926 1582 1622 1997 1102 21 53 35 814 1551 1682 136 45 638 736 536
20 172 84 106 1052 1511 245 74 26 536 1027 491 339 308 267 5186 8027 6426 1080 3015 1960 1992 38 3 2754 2118 4179 2661 4943 6590 4497 715 783 335 137 98 148 266 83 670 1318 592 480 2354 516 1485 1558 2184 4060 0 0 196 80 200 164 96 1017 2575 801 1329 1247 570 25 31 44 656 1189 1110 79 12 431 530 392
15 109 42 63 825 627 99 19 9 333 553 164 164 161 111 5143 4382 2169 1119 1685 555 419 23 0 2249 1034 1224 2725 1973 4182 1254 302 206 43 46 55 43 80 27 255 485 390 116 1355 86 1311 1002 572 1714 0 0 51 73 52 30 26 633 933 162 607 617 237 3 3 5 335 463 346 27 29 141 228 92
12 100 27 39 644 379 138 11 22 397 303 83 187 71 55 5112 2090 747 737 1650 411 181 0 0 2729 341 423 1637 1413 2075 487 470 203 25 58 49 96 150 18 539 540 106 36 817 40 1206 833 463 574 0 0 212 19 68 107 13 849 365 66 695 427 65 24 27 24 591 274 137 56 4 189 72 37
9 62 8 28 417 118 64 1 10 167 214 20 72 13 50 3097 793 394 523 854 127 20 8 0 1173 293 125 1172 298 1378 159 137 107 0 12 31 55 62 4 150 180 5 5 455 0 536 311 53 163 0 0 80 18 31 18 1 278 356 30 293 35 0 7 10 7 98 204 20 8 0 62 15 55
22 172 104 127 1175 1742 245 112 37 517 1122 663 337 418 347 4478 11086 6499 1251 3229 2383 2693 41 12 2960 2064 5365 2962 5578 7710 5850 757 863 526 88 146 191 361 190 721 1272 696 871 2352 820 1524 1702 2502 5296 0 0 288 93 281 133 157 965 3057 1085 1443 1428 746 15 52 44 583 1238 1776 121 12 426 754 556
17 125 39 97 943 657 145 14 3 317 945 162 196 219 285 5084 4408 2646 1365 2120 799 361 17 0 2162 2102 1417 3083 1810 7169 1456 344 696 31 58 82 3 30 9 317 693 495 97 1933 86 1274 1182 596 2878 0 0 17 129 17 51 37 414 3044 204 750 699 201 0 1 6 281 1037 654 11 5 195 564 501
17 107 30 106 817 417 155 5 10 313 801 110 237 215 350 5066 2906 858 1067 2248 600 93 14 0 2431 900 709 2257 1353 6308 785 454 735 7 55 98 51 95 7 405 836 285 38 1731 39 1059 1200 389 2164 0 0 78 74 56 107 18 528 2663 129 1020 778 159 4 8 27 409 1179 589 44 21 371 669 711
16 103 57 63 752 743 139 34 17 297 436 274 166 148 104 4942 5409 1579 937 2182 962 616 19 1 2315 837 1599 2379 2245 3225 1914 424 273 100 42 101 71 137 63 375 575 291 226 898 250 1152 875 826 1224 0 0 89 14 105 69 12 510 662 327 553 636 277 6 11 1 329 316 375 47 14 147 151 87
10 72 14 31 662 179 67 1 4 219 251 35 105 39 45 4662 1480 468 949 1078 121 19 0 0 2033 351 230 2143 470 2310 191 168 124 0 41 68 18 24 1 178 284 78 7 601 8 1065 771 126 308 0 0 38 43 10 25 0 376 313 28 384 210 30 0 4 1 239 233 55 12 0 81 48 34
21 163 75 135 779 1256 230 52 28 426 1220 426 364 417 435 4521 5231 4951 783 2143 1794 1295 31 0 1989 2537 3195 1752 3631 6468 3660 714 866 209 86 44 49 276 126 502 1372 743 354 2370 421 914 1031 1759 5196 0 0 148 122 206 146 164 651 3938 692 1157 1587 561 29 14 83 578 1734 1660 89 18 548 1073 833
16 105 29 91 854 404 144 8 19 308 665 108 234 166 278 5614 2867 1009 1123 2107 507 141 15 0 2198 609 697 2493 1206 5518 796 397 577 14 56 120 116 173 15 377 731 181 53 1449 37 1236 1415 363 1613 0 0 129 40 100 86 23 528 2019 148 1042 616 117 17 18 39 380 903 444 76 2 408 453 529
16 104 24 96 814 343 153 5 16 308 727 78 229 165 312 5371 2372 793 1094 2142 477 93 18 0 2348 701 512 2271 1103 5841 564 458 667 7 47 111 82 153 12 375 782 155 33 1608 25 1111 1254 295 1724 0 0 125 49 66 108 18 548 2380 80 1008 572 83 12 23 37 376 1080 428 63 3 370 512 631
10 64 14 31 449 191 77 0 3 190 247 39 66 34 47 2859 1214 549 568 1054 228 0 8 0 1305 343 243 1104 544 1819 279 278 184 0 16 35 18 28 0 224 233 68 0 698 16 654 298 122 346 0 0 23 23 14 10 0 353 414 34 275 123 20 1 1 3 84 140 67 5 0 44 32 41
15 47 45 60 400 269 23 28 9 123 249 184 61 133 110 3134 2178 141 537 322 119 228 0 0 896 68 745 1216 698 2174 485 44 85 89 13 11 53 32 21 57 78 109 131 524 122 548 379 211 616 0 0 56 25 54 4 27 224 496 201 252 192 164 5 8 6 91 204 349 20 5 46 169 108
26 150 148 177 943 1799 157 161 24 351 1107 1181 398 707 551 4098 11099 4523 994 1907 1871 2939 4 7 2270 1887 6781 2041 4491 7079 7603 406 563 866 85 65 112 175 121 323 1046 1121 1732 2107 1750 1129 1914 3365 6019 0 0 96 82 217 135 211 496 2945 2551 915 2103 2126 2 37 18 581 1640 3062 146 103 705 1554 988
21 171 87 123 1096 1574 256 71 29 532 1172 528 308 384 347 4257 9328 6238 1032 3353 2413 1827 33 11 2931 2424 4679 2707 5316 7418 5317 844 941 257 94 87 146 281 143 706 1219 783 606 2570 574 1538 1387 1990 5154 0 0 232 134 195 133 114 1030 3406 882 1420 1324 685 10 37 42 541 1227 1466 97 14 360 803 573
11 27 5 50 194 45 20 0 3 55 163 7 28 31 127 1731 301 3 196 228 52 0 1 0 367 11 2 522 126 1222 54 40 92 0 3 26 11 7 0 56 35 0 0 261 0 189 136 6 220 0 0 16 9 7 7 0 62 441 4 83 56 3 1 1 13 31 137 38 5 0 14 83 202
17 76 60 76 544 550 63 39 8 192 374 292 138 199 150 4602 3818 735 693 976 471 506 8 0 1672 322 1199 1539 1483 2721 1392 180 174 122 19 17 42 36 26 187 263 243 283 602 246 650 771 695 1240 0 0 46 23 57 32 19 308 700 348 409 516 325 0 4 6 266 350 600 23 17 153 264 156
10 24 1 44 186 8 7 0 1 38 138 0 34 8 112 1517 50 3 202 81 6 0 0 0 220 11 0 488 15 1049 0 11 46 0 4 17 4 1 0 20 10 0 0 178 0 148 206 0 52 0 0 7 18 0 0 0 37 375 0 104 12 0 0 0 6 19 139 0 2 0 39 28 182
18 130 55 98 936 745 149 26 14 386 923 287 257 228 275 4559 4992 1924 1205 2313 775 503 13 1 2407 2188 2333 2600 2251 6518 1583 451 658 76 60 117 38 79 42 367 789 504 198 2133 222 1436 1383 1010 2445 0 0 92 129 104 116 36 677 2774 507 1090 762 309 7 17 11 491 1273 730 33 14 328 490 477
20 174 91 99 1002 1617 249 103 31 558 945 518 341 293 226 5288 8131 6834 1129 2955 2091 2741 34 5 2962 1887 4235 2529 5284 5808 4485 799 705 496 113 85 130 317 145 684 1292 504 636 2283 537 1484 1482 2400 3886 0 0 197 68 225 163 103 1064 2104 772 1316 1218 538 38 29 46 723 1069 1002 84 13 418 452 291
20 113 65 125 880 710 143 55 25 260 807 334 290 337 414 5211 5126 1198 1145 2348 954 792 18 0 1859 1156 1492 2469 1576 6367 1700 484 548 235 103 78 97 133 92 218 762 444 360 1525 177 1099 1861 1113 2616 0 0 153 99 153 160 105 330 2658 600 754 1125 384 8 45 36 458 1432 1212 79 13 449 905 854
10 24 1 44 186 8 7 0 1 38 138 0 34 8 112 1517 50 3 202 81 6 0 0 0 220 11 0 488 15 1049 0 11 46 0 4 17 4 1 0 20 10 0 0 178 0 148 206 0 52 0 0 7 18 0 0 0 37 375 0 104 12 0 0 0 6 19 139 0 2 0 39 28 182
14 132 33 58 917 671 228 12 16 472 651 118 181 124 110 5179 4126 3083 1045 3286 1142 321 43 2 3333 1490 1160 2582 2430 4762 1238 895 623 19 70 84 66 194 41 670 827 257 64 1887 65 1472 850 613 1910 0 0 121 88 73 89 22 941 1216 111 764 483 128 17 8 27 450 593 283 35 8 135 190 109
23 136 137 116 995 1552 147 181 23 314 860 1019 267 296 275 5048 10685 3809 1196 2159 1564 3182 14 31 1902 1617 6820 3121 3600 6619 5174 397 558 1035 95 99 86 126 147 286 820 545 1384 1614 1681 1426 1499 2453 2685 0 0 108 102 214 83 42 398 2153 2080 914 961 836 8 26 10 328 982 906 60 9 355 445 406
10 52 10 35 358 89 30 0 3 128 223 23 75 34 63 2798 562 151 520 362 34 0 0 0 994 263 133 1016 237 1579 75 41 79 0 9 14 5 14 0 91 119 48 0 436 3 427 351 52 198 0 0 23 31 9 12 0 229 401 22 266 118 16 0 1 2 95 212 51 11 0 65 52 66
15 107 49 56 698 687 72 35 23 333 461 199 152 134 87 5001 4140 2373 1005 1139 399 656 6 1 2187 898 1386 2273 2205 3312 1397 166 169 97 43 34 38 86 75 231 302 272 193 1179 126 1021 688 682 1334 0 0 94 59 119 26 29 669 739 205 570 472 214 28 17 14 279 316 261 57 16 125 157 66
22 193 96 135 994 1723 285 81 34 512 1294 608 484 461 390 4038 8447 7472 900 3168 2522 2080 46 5 2419 3374 4917 1893 4636 6589 5501 792 876 355 227 89 82 330 154 477 1817 946 635 2638 690 1147 1683 2838 5771 0 0 201 75 284 220 174 716 3427 1071 1503 2342 905 26 33 58 861 1852 1789 118 64 793 979 648
16 125 51 69 938 784 202 30 19 352 565 230 244 164 136 5274 5227 2559 1154 2890 1147 646 9 0 2262 929 1677 2975 2343 4438 1765 725 429 84 50 142 82 222 47 360 978 241 199 1054 168 1469 1480 961 1591 0 0 88 58 105 127 23 607 1122 276 977 765 244 14 18 11 395 512 436 67 8 342 236 146
14 100 18 73 879 263 132 3 8 291 543 52 239 103 206 5838 2001 713 1225 2049 340 55 13 0 2135 649 286 2615 767 4817 391 382 429 2 55 108 57 74 5 365 707 143 20 1153 11 1376 1644 218 979 0 0 58 53 37 83 9 458 1398 57 933 516 44 5 4 16 431 792 225 30 2 426 270 361
19 138 71 100 937 1086 176 68 18 326 878 369 242 265 267 5081 6548 4052 1246 2340 1292 1480 19 11 2009 1704 2885 2986 2649 6465 2896 419 635 251 63 95 51 160 103 306 913 467 476 1684 250 1266 1283 1244 3056 0 0 91 96 115 84 66 403 2516 602 776 960 396 5 9 13 329 959 852 57 5 276 525 442
12 52 21 45 391 185 54 0 5 117 249 70 64 70 80 3301 1250 348 553 725 173 0 9 0 996 174 331 1260 402 2041 279 145 182 0 18 13 30 32 0 138 161 78 0 589 39 431 342 150 489 0 0 33 11 24 23 0 234 486 67 175 148 60 1 2 10 43 175 153 12 2 47 98 76
9 39 9 27 320 79 25 4 2 91 137 9 46 33 38 2563 626 82 488 432 42 56 2 0 817 95 21 1123 221 1235 31 42 56 4 8 18 4 12 4 57 74 36 2 226 1 361 248 28 211 0 0 16 9 0 8 14 114 182 1 145 83 3 0 1 2 60 102 29 6 0 32 45 27
19 134 71 100 1032 974 159 63 20 380 864 378 267 262 266 4674 7065 2766 1216 2665 1068 1182 9 9 2462 1763 2796 3066 2769 6472 2386 495 622 256 87 126 128 148 111 372 754 452 397 1886 285 1550 1592 1381 2653 0 0 112 112 112 135 63 640 2493 632 1089 877 399 11 23 20 481 1160 908 51 13 332 470 444
11 27 5 50 194 45 20 0 3 55 163 7 28 31 127 1731 301 3 196 228 52 0 1 0 367 11 2 522 126 1222 54 40 92 0 3 26 11 7 0 56 35 0 0 261 0 189 136 6 220 0 0 16 9 7 7 0 62 441 4 83 56 3 1 1 13 31 137 38 5 0 14 83 202
18 140 67 86 1116 1053 189 59 22 368 743 341 270 213 203 5893 7661 3966 1520 2955 1319 1291 30 11 2805 1478 2575 3336 2880 6270 2670 479 530 219 114 125 66 176 120 425 944 371 345 1509 297 1429 1730 1332 2403 0 0 125 92 120 122 58 579 1718 508 912 924 280 10 19 14 405 830 715 60 3 365 337 287
12 50 24 42 350 185 43 11 4 112 207 65 75 77 67 2701 1281 144 405 515 160 114 2 0 721 145 280 1054 414 1560 206 101 93 19 17 18 22 18 7 81 172 73 44 375 27 503 321 149 402 0 0 30 22 17 15 17 148 338 35 215 199 41 1 1 4 98 171 164 10 1 70 92 55
12 75 26 40 490 359 88 7 5 241 294 87 81 65 61 3411 2146 923 623 1205 409 143 9 0 1707 333 540 1174 1163 2023 682 288 212 12 37 30 21 44 9 305 277 114 36 791 40 715 337 245 628 0 0 45 23 23 13 3 453 466 86 340 241 73 1 1 6 155 168 123 10 4 45 66 52
12 52 21 45 391 185 54 0 5 117 249 70 64 70 80 3301 1250 348 553 725 173 0 9 0 996 174 331 1260 402 2041 279 145 182 0 18 13 30 32 0 138 161 78 0 589 39 431 342 150 489 0 0 33 11 24 23 0 234 486 67 175 148 60 1 2 10 43 175 153 12 2 47 98 76
21 180 107 103 1020 1791 244 148 58 574 873 630 410 329 223 5466 9057 6873 1065 2939 2177 3427 69 30 3343 1738 4482 2368 5678 5418 5290 838 591 749 167 71 218 484 319 652 1370 521 926 1923 670 1421 1560 2946 3571 0 0 422 55 363 129 120 1025 1741 935 1503 1649 723 57 88 39 920 960 1059 205 20 579 496 257
9 46 9 27 287 76 43 0 1 118 184 18 53 27 39 2113 516 49 317 552 89 0 9 0 710 225 123 797 199 1160 47 121 94 0 7 15 0 4 0 102 147 61 0 389 6 408 181 37 166 0 0 5 22 4 5 0 174 246 9 195 71 6 0 0 0 78 155 45 3 0 34 30 30
4 35 0 6 312 0 51 0 0 122 53 0 26 0 4 2121 0 0 433 698 0 0 13 0 907 64 0 1121 0 446 0 190 33 0 0 55 0 0 0 157 86 0 0 168 0 580 168 0 0 0 0 0 14 0 17 0 286 37 0 126 0 0 0 0 0 36 16 0 0 0 12 0 1
13 43 30 48 371 173 26 14 5 89 195 98 69 92 82 2906 1457 89 429 332 101 114 0 0 559 62 351 1162 349 1711 204 66 70 31 11 19 26 17 9 52 112 89 58 333 53 472 451 157 387 0 0 31 25 19 6 20 132 359 78 227 178 68 3 3 3 61 154 220 18 1 77 111 75
9 54 6 30 379 83 53 0 3 153 241 9 51 24 51 2728 498 263 511 797 62 0 6 0 1164 344 63 1068 226 1754 65 158 181 0 8 21 15 28 0 182 145 35 0 642 0 460 221 26 258 0 0 24 19 7 4 0 286 461 5 230 71 6 1 0 7 50 141 27 7 0 35 39 49
16 99 26 94 795 324 111 6 6 289 697 93 226 160 301 5585 2159 693 1154 1566 307 101 8 0 2250 719 631 2258 971 5672 495 296 518 7 64 94 31 46 10 312 650 220 48 1544 24 1045 1327 308 1456 0 0 47 83 27 72 16 521 2220 130 1037 594 101 4 0 18 364 1067 411 29 3 379 474 606
15 132 51 54 858 844 191 36 15 432 500 223 237 109 87 5578 4889 3040 1080 2628 1103 778 13 4 2789 1252 1650 2534 2715 3589 1731 685 354 108 87 84 64 110 68 491 831 244 182 1229 184 1459 996 1152 1191 0 0 115 71 50 138 18 908 772 261 983 623 165 6 12 4 497 473 247 49 1 241 122 73
22 167 110 121 1094 1698 203 114 26 484 1055 736 351 386 304 4571 10428 6075 1152 2581 1914 2609 29 6 2822 2034 5916 2799 5031 6895 5616 522 673 547 128 123 117 223 134 501 1151 729 936 2370 975 1622 1671 2685 4381 0 0 154 121 210 151 112 896 2569 1291 1423 1365 878 2 26 23 591 1293 1489 101 41 483 582 458
10 24 1 44 186 8 7 0 1 38 138 0 34 8 112 1517 50 3 202 81 6 0 0 0 220 11 0 488 15 1049 0 11 46 0 4 17 4 1 0 20 10 0 0 178 0 148 206 0 52 0 0 7 18 0 0 0 37 375 0 104 12 0 0 0 6 19 139 0 2 0 39 28 182
19 113 71 100 810 838 153 28 13 253 742 440 214 243 258 5560 5709 2113 1118 2119 1136 514 48 0 1717 1270 3017 2445 1960 5587 2408 466 549 84 20 129 32 62 31 281 855 387 240 1404 519 1034 1222 1166 2197 0 0 50 33 118 76 40 312 2059 849 620 676 502 1 13 19 259 838 765 27 13 297 471 393
23 180 106 147 826 1802 250 126 42 497 1272 660 401 528 457 4357 7822 7098 786 2398 2477 3080 34 5 2354 2389 4864 1518 5238 5943 5931 739 879 659 156 41 100 409 242 582 1387 742 899 2651 685 1005 1153 2789 6649 0 0 237 88 331 174 283 744 3865 1112 1176 1914 897 39 36 108 777 1762 2214 129 28 554 1239 834
13 36 21 57 275 174 37 0 6 74 164 78 41 75 133 2465 1408 43 260 463 207 0 3 0 572 38 137 872 389 1300 485 74 99 0 2 46 29 27 0 64 79 49 0 253 27 298 196 77 439 0 0 20 5 47 16 0 76 346 126 108 167 62 4 1 3 55 109 170 14 16 23 111 203
19 112 88 83 673 994 148 90 17 234 488 505 250 216 158 5524 5840 2283 819 1887 1166 1439 34 9 1701 675 2577 1902 2151 3086 2741 397 274 408 32 70 52 126 65 232 888 252 562 721 557 805 1185 1686 1494 0 0 53 13 126 105 26 283 863 752 571 839 521 4 16 5 354 510 614 61 13 359 247 167
24 120 113 163 933 1242 129 100 21 306 942 799 267 588 537 4565 9260 2254 1152 1970 1309 1598 2 1 2157 1012 4215 2467 3304 7162 4825 374 554 472 56 69 135 182 103 230 694 807 998 1843 939 1260 1772 1912 4753 0 0 144 100 187 114 154 434 2897 1622 767 1293 1346 13 38 26 477 1408 2525 70 60 361 1453 1056
22 135 110 121 1028 1453 128 151 17 350 898 679 225 389 321 5273 10271 4396 1447 1828 1378 3010 13 28 2510 1309 4828 3240 3921 7145 4736 312 546 789 109 102 66 115 133 376 583 579 1058 1791 649 1350 1295 1721 3848 0 0 115 109 134 33 121 549 2584 1191 899 1050 827 19 9 19 293 868 1384 36 18 260 738 512
23 139 99 154 947 1312 208 87 43 317 984 643 338 532 509 4499 8697 3247 1027 2884 2002 1625 19 3 2047 1369 3331 2422 3302 6695 4849 720 703 405 70 76 210 413 233 271 1046 669 748 1616 663 1234 1837 1977 4846 0 0 257 72 319 206 170 450 3025 1214 807 1688 1003 30 84 40 466 1506 2254 143 51 519 1332 1012
11 78 17 38 494 254 102 4 13 232 282 46 109 49 66 3844 1584 714 578 1370 313 79 19 0 1770 363 260 1276 781 1838 378 283 198 4 19 36 45 98 12 302 321 54 23 609 9 610 435 154 515 0 0 99 12 39 45 1 401 442 45 397 226 25 4 15 10 213 243 93 26 4 97 57 69
24 135 115 161 774 1324 117 104 13 280 1095 827 330 564 529 4855 6734 3551 924 1364 1146 1711 6 0 1591 1716 5078 2120 2817 6876 4700 264 529 544 100 50 41 70 54 233 806 953 940 1843 1042 897 1306 2305 4862 0 0 65 142 128 70 156 316 3592 1731 949 1520 1253 2 7 37 381 1669 2532 53 51 551 1331 1046
5 30 0 10 168 0 30 0 0 70 50 0 35 0 10 1322 0 0 134 251 0 0 0 0 410 10 0 425 0 278 0 72 23 0 0 18 0 0 0 59 59 0 0 88 0 181 160 0 0 0 0 0 1 0 19 0 84 27 0 72 0 0 0 0 0 60 48 0 0 0 19 0 5
20 190 81 109 1097 1583 333 62 33 590 1111 472 425 328 278 4416 8349 7135 1010 3978 2759 1668 59 0 3164 2777 3906 2368 5026 6494 4776 1212 915 271 231 89 97 377 132 718 1748 741 440 2496 481 1394 1681 2529 4464 0 0 235 90 239 264 72 1030 2685 765 1567 1675 596 18 40 33 925 1398 1191 110 42 596 589 398
13 35 21 57 273 163 28 0 7 73 161 81 41 69 136 2396 1289 25 311 353 156 0 0 0 509 33 126 802 401 1289 468 55 61 0 7 26 29 23 0 67 72 54 0 229 40 321 216 90 384 0 0 26 16 33 12 0 84 375 123 136 134 49 1 9 13 41 105 183 13 0 29 113 207
14 70 42 49 587 464 96 34 7 213 250 146 91 110 74 4168 3743 593 762 1649 677 526 17 0 1653 265 675 2090 1523 2189 915 368 187 107 21 88 44 49 20 269 279 69 115 519 82 974 554 419 853 0 0 66 18 27 28 45 380 355 122 359 253 116 0 9 3 151 169 236 16 4 70 120 54
9 55 12 24 512 119 35 0 6 208 195 28 57 28 28 3745 989 215 716 536 52 0 1 0 1669 122 174 1743 392 1742 99 84 94 0 39 31 25 27 0 201 95 88 0 641 8 919 378 74 204 0 0 63 38 18 6 0 509 225 19 342 91 22 15 0 14 98 112 35 10 0 34 27 15
13 81 25 53 503 336 115 7 11 214 348 77 133 100 102 4225 2036 722 601 1447 505 110 24 0 1649 414 343 1380 994 2293 603 369 236 9 14 26 51 104 18 252 437 102 38 609 33 648 554 281 854 0 0 47 13 51 49 14 339 649 64 396 424 72 7 5 13 254 314 208 29 8 127 164 105
11 59 15 40 417 180 63 0 4 148 276 40 63 55 70 3213 1161 454 597 885 196 0 1 0 1122 311 219 1328 409 2044 272 152 187 0 18 18 27 33 0 156 170 89 0 684 10 488 292 104 478 0 0 33 16 16 22 0 264 538 36 226 155 43 1 1 10 63 171 86 8 2 40 87 66
9 69 8 28 622 112 76 0 1 216 242 14 98 28 42 4524 875 289 908 1209 105 0 6 0 2024 378 96 2022 313 2160 79 216 125 0 33 70 5 7 0 194 321 56 0 578 3 1011 699 65 248 0 0 10 40 2 25 0 382 310 6 377 150 8 0 0 1 225 232 38 4 0 77 38 33
20 125 87 103 900 973 157 80 40 369 794 523 264 280 257 4827 6757 1749 1037 2321 1051 1239 23 2 2182 1386 3540 2640 2805 5844 2332 471 585 344 50 133 143 220 133 388 861 412 600 1887 569 1374 1347 1520 2496 0 0 235 69 267 133 64 656 2131 897 1046 763 534 20 93 25 499 1045 968 109 12 371 458 397
18 122 57 96 860 810 143 41 10 287 814 271 215 247 257 5353 5184 2779 1164 1990 952 813 25 5 2014 1593 2045 2648 1966 6159 1918 375 558 127 39 107 24 44 50 282 759 446 279 1586 162 1102 1135 890 2671 0 0 48 67 60 59 62 361 2381 405 699 842 316 3 9 12 287 864 758 20 14 265 518 414
9 79 1 35 733 17 90 0 2 254 225 0 193 7 77 5558 124 62 1052 1407 14 0 1 0 2173 275 0 2306 52 2117 0 276 134 0 8 90 5 10 0 282 424 0 0 373 0 1154 1410 0 75 0 0 24 18 0 69 0 455 439 0 717 44 0 1 0 0 432 289 0 14 0 330 21 105
11 92 20 35 548 328 104 7 13 277 312 51 127 57 50 4430 1742 1300 640 1352 265 140 17 0 1710 661 333 1652 1044 1996 399 342 175 9 20 55 44 116 20 189 406 72 28 670 17 788 515 266 646 0 0 90 28 36 39 10 510 411 33 438 287 37 7 6 15 257 255 93 34 1 87 67 35
17 93 57 79 665 628 94 25 14 215 462 294 185 192 169 5636 4333 1238 885 1307 596 366 14 2 1879 618 1457 1920 1511 3289 1646 215 233 69 20 46 65 105 43 187 484 244 171 719 288 755 1117 878 1425 0 0 59 9 86 43 33 276 964 427 537 586 323 3 12 17 304 463 557 40 13 252 303 194
18 133 51 102 999 843 151 24 7 343 990 246 207 252 294 5100 5560 3263 1320 2183 1017 593 25 2 2078 2262 2219 3256 2342 7447 2230 374 674 57 81 92 34 65 27 311 693 629 194 2039 152 1436 1305 753 3161 0 0 44 138 51 59 44 468 3101 384 816 851 331 4 0 11 291 1038 766 23 8 208 614 508
15 109 48 57 713 685 132 23 13 304 433 216 191 123 93 5463 3964 2273 841 1737 687 449 7 0 1782 587 1430 2255 1948 3052 1518 443 258 60 37 105 51 117 29 217 658 170 141 892 178 1128 1054 857 1126 0 0 69 30 67 64 15 490 627 260 553 576 219 3 9 16 394 402 260 39 7 187 152 73
10 88 15 30 572 231 151 5 14 378 271 29 131 47 39 4352 1276 403 670 1817 369 89 0 0 2540 353 165 1430 991 1854 177 645 225 6 24 46 60 106 10 615 459 58 14 825 6 1135 558 187 456 0 0 140 23 24 100 9 902 320 12 548 277 19 18 9 24 431 221 65 36 4 94 52 23
21 151 98 112 1084 1387 190 94 43 401 937 635 305 310 291 4671 9457 4503 1126 2714 1534 1819 14 11 2211 1770 4860 3226 3709 6527 4348 538 672 444 85 141 255 338 189 365 932 439 656 1965 825 1685 1740 2152 3223 0 0 234 88 330 162 104 699 2511 1190 1126 924 591 16 82 27 477 1256 1178 107 18 389 501 467
9 61 11 25 339 144 54 0 1 149 198 27 72 23 34 2475 685 446 383 507 108 0 0 0 911 370 123 1002 332 1187 181 112 84 0 20 14 8 9 0 102 185 76 0 408 10 445 244 111 199 0 0 7 26 5 23 0 213 245 21 237 97 8 0 0 0 104 160 43 2 0 44 18 26
11 27 5 50 194 45 20 0 3 55 163 7 28 31 127 1731 301 3 196 228 52 0 1 0 367 11 2 522 126 1222 54 40 92 0 3 26 11 7 0 56 35 0 0 261 0 189 136 6 220 0 0 16 9 7 7 0 62 441 4 83 56 3 1 1 13 31 137 38 5 0 14 83 202
17 94 68 68 624 757 67 60 18 233 359 334 176 172 114 4659 5083 1878 878 1097 510 922 9 3 1845 468 1438 2189 1935 2870 1914 205 144 230 27 52 59 95 76 158 281 179 312 740 326 855 635 1098 1280 0 0 81 33 83 21 56 408 552 413 442 534 312 2 26 16 263 278 425 43 19 206 189 95
17 125 55 81 1005 791 110 26 12 377 619 284 283 179 191 6155 5482 2419 1383 1718 748 563 8 0 2703 1205 1692 2949 2285 5123 2072 283 270 89 166 42 79 76 33 306 564 471 165 1422 248 1618 1781 1121 1642 0 0 99 111 66 51 21 649 1216 457 1102 887 278 2 13 8 560 804 549 47 6 442 300 267
9 39 9 27 320 79 25 4 2 91 137 9 46 33 38 2563 626 82 488 432 42 56 2 0 817 95 21 1123 221 1235 31 42 56 4 8 18 4 12 4 57 74 36 2 226 1 361 248 28 211 0 0 16 9 0 8 14 114 182 1 145 83 3 0 1 2 60 102 29 6 0 32 45 27
15 90 48 57 660 608 138 31 4 268 374 196 135 139 89 4603 4451 1142 850 2096 923 528 17 0 1947 608 1187 2202 1921 2841 1332 552 300 95 18 108 10 45 7 319 568 181 146 865 132 1176 685 640 1205 0 0 25 17 26 48 36 496 536 198 463 472 225 1 1 3 238 266 298 14 14 116 156 65
25 150 128 172 761 1657 167 138 47 345 1177 954 336 622 586 4557 7742 4842 762 1696 1856 2795 19 12 1913 1737 5798 1719 4206 6406 6468 437 719 836 114 50 135 323 269 398 946 824 1041 1992 1291 807 1116 2589 6019 0 0 254 72 443 82 275 504 3981 2121 988 1609 1402 25 63 105 395 1691 2903 138 27 500 1550 1192
20 122 85 105 839 855 142 81 41 306 687 516 347 255 288 5604 5547 1363 1034 2049 845 1088 9 13 2283 1105 2686 2337 2067 5090 1902 430 446 360 93 72 139 212 140 317 851 359 534 1255 518 995 1648 1699 1804 0 0 271 85 193 172 71 418 1845 1061 1103 1049 470 8 116 25 551 1088 789 148 12 666 511 506
22 122 89 142 828 979 136 72 22 239 871 555 334 454 459 5359 5847 2185 1059 1821 1052 1043 7 1 1546 1209 2600 2364 1916 6304 3050 338 463 316 79 79 109 174 93 217 907 640 591 1342 524 968 1923 1739 3384 0 0 98 75 168 130 141 242 2721 1069 767 1578 826 8 24 37 440 1447 1776 94 45 568 1114 912
6 32 1 14 238 10 45 0 0 62 68 0 41 4 16 1944 83 0 301 653 18 0 0 0 425 10 0 730 27 590 0 116 54 0 0 19 0 0 0 54 75 2 0 100 0 248 205 0 20 0 0 0 2 0 39 0 64 69 0 103 20 0 0 0 0 40 45 0 0 0 33 6 9
11 40 15 40 280 142 35 0 19 76 86 56 67 23 86 2273 1096 68 268 482 189 0 9 0 520 20 71 770 322 640 400 87 29 0 28 30 46 74 0 78 52 2 0 106 21 263 342 68 173 0 0 96 3 55 3 0 89 143 91 130 43 7 10 41 3 43 68 77 31 0 107 8 126
5 27 0 10 185 0 29 0 0 55 46 0 31 0 10 1596 0 0 196 399 0 0 0 0 319 4 0 526 0 361 0 65 41 0 0 19 0 0 0 53 43 0 0 63 0 177 146 0 0 0 0 0 0 0 16 0 58 42 0 87 0 0 0 0 0 35 27 0 0 0 22 0 5
18 105 41 112 816 490 119 17 13 295 787 177 241 251 371 5229 3361 870 1112 1802 509 264 13 0 2397 911 995 2279 1449 6279 1030 324 580 47 66 83 62 96 35 335 656 358 121 1644 66 975 1360 556 2156 0 0 94 89 71 91 40 473 2660 274 984 848 235 4 13 31 418 1212 763 45 10 379 744 760
9 67 11 25 570 144 73 0 16 242 200 24 80 29 31 4180 1041 334 745 975 129 0 15 0 1986 168 124 1860 453 1719 157 230 105 0 37 33 72 86 0 251 188 51 0 601 9 1039 516 78 232 0 0 156 29 50 38 0 578 226 12 336 132 13 32 12 14 163 140 46 24 0 50 28 18
13 94 40 38 516 548 124 25 16 285 278 149 135 67 45 3755 2800 1507 536 1437 602 477 27 0 1909 382 862 1180 1640 1698 988 437 191 73 47 32 31 135 44 335 488 112 93 616 113 694 455 573 564 0 0 126 16 73 36 11 502 317 129 470 365 90 11 12 2 273 166 139 33 1 101 41 25
18 146 68 85 1138 1104 211 39 25 412 768 384 280 203 190 5982 7956 4222 1427 3223 1451 902 25 4 3189 1493 3056 3327 3118 6267 3075 597 564 129 117 121 116 220 85 483 1068 397 272 1709 426 1508 1692 1542 2337 0 0 175 76 185 142 39 656 1652 624 946 878 378 22 20 28 506 839 626 62 5 359 314 243
14 51 41 50 492 321 46 28 8 132 192 150 67 108 78 3609 2921 278 737 845 335 381 5 0 1279 95 489 1856 945 2027 613 150 100 86 25 33 47 37 22 172 120 72 106 323 81 595 477 244 606 0 0 72 13 28 3 30 230 305 146 252 209 142 1 13 3 61 106 220 17 4 66 126 60
6 32 2 13 192 14 22 0 1 71 58 1 43 6 13 1559 78 12 148 193 0 0 0 0 444 15 3 508 28 344 5 43 23 0 3 16 4 0 0 44 63 8 0 87 0 205 217 0 9 0 0 8 2 1 12 0 76 30 0 78 33 0 0 0 0 77 55 3 3 0 26 6 6
