27 232 157 194 1235 2848 274 174 28 741 1634 1319 747 765 667 4347 13921 12175 1039 2890 3286 4713 46 9 3193 3541 9331 2246 9580 9553 12589 893 880 1072 90 71 95 312 180 685 2220 1199 1719 3514 2081 1930 2837 6766 9171 0 0 180 70 295 213 277 1337 5281 3214 2272 3907 2277 21 19 42 1839 2551 3554 145 76 1714 1922 1349
28 226 173 205 1227 2944 272 221 35 623 1622 1555 733 725 775 4773 14756 12195 1028 2866 3457 5638 35 0 2691 3068 10510 2495 8523 9518 13716 762 896 1687 123 87 123 348 253 471 2177 1073 1909 3027 2727 1795 2828 7355 8722 0 0 203 114 356 233 242 1019 5569 4283 2276 3032 1892 23 43 42 1373 3092 4142 173 31 1730 1649 1913
17 112 43 93 860 694 135 18 7 456 730 186 177 219 257 5579 5045 1697 1073 2310 985 401 4 1 3441 1345 1380 2870 3330 5822 1809 602 482 38 10 47 29 46 18 645 567 313 130 2319 97 1941 922 632 2628 0 0 37 49 40 40 42 1406 2034 253 836 642 252 3 1 15 384 768 617 30 8 184 520 422
11 67 16 39 487 165 46 3 10 144 189 41 148 53 68 4580 964 396 510 705 67 42 3 0 1107 237 174 1826 321 1597 181 74 40 2 8 13 38 46 7 98 205 40 17 252 11 551 932 145 297 0 0 53 2 20 51 3 157 229 31 296 244 27 2 11 0 257 214 99 41 0 212 73 67
18 93 54 99 779 686 88 32 6 357 617 254 133 260 270 5644 5158 1283 1102 1572 701 652 6 2 2885 726 1622 3037 3013 5429 1872 291 357 86 11 55 38 47 24 468 329 238 236 1850 164 1622 897 613 2520 0 0 52 30 34 31 64 1086 1755 348 652 478 327 6 0 12 245 604 812 26 12 127 573 436
21 147 71 139 1147 818 200 57 26 395 1124 468 473 242 563 6776 5915 1726 1386 3258 944 947 38 12 2714 2191 3458 3612 2128 9215 1676 562 853 306 68 131 82 116 62 491 1661 303 296 2376 293 1692 2772 1718 2153 0 0 130 53 234 213 70 584 4574 1489 1730 891 311 5 68 24 763 2409 959 38 5 1275 645 1599
25 138 88 212 958 1134 138 40 12 324 1522 620 316 664 976 5146 7227 3088 1154 1924 1234 869 16 2 2114 2394 4197 2990 3031 11081 4365 312 982 137 86 91 61 88 36 339 842 1039 485 2857 586 1477 1518 1453 6599 0 0 79 111 142 83 113 569 7578 1567 1053 1698 1113 1 8 35 377 2533 3125 47 38 494 2578 2906
25 181 148 152 1288 2211 212 219 48 535 1139 1120 449 507 454 6459 14178 7262 1249 3144 2417 4801 14 51 2930 1899 7689 4915 6926 8570 8745 683 542 1381 218 51 283 397 329 527 1368 773 1707 2474 1505 2407 2462 3923 5158 0 0 376 98 441 182 145 1241 3057 2532 1666 1969 1430 24 63 30 675 1610 1988 178 39 802 1010 862
16 87 35 85 770 443 83 16 5 260 564 131 144 180 233 5539 3424 1059 1130 1616 422 325 2 0 2046 702 837 3363 1543 5302 861 237 341 33 1 63 30 33 10 312 349 146 108 1379 44 1400 1098 380 1734 0 0 21 27 26 50 34 591 1615 152 491 453 150 1 1 9 232 653 489 23 4 161 418 388
15 68 38 67 577 390 97 10 9 235 348 162 98 140 143 5012 3165 147 673 1585 611 152 22 0 1660 227 759 2038 1459 3065 897 467 264 21 13 59 46 70 23 220 331 108 67 899 111 1005 556 372 1088 0 0 54 37 50 41 11 557 738 199 490 285 179 3 5 12 191 313 369 22 1 85 240 167
29 164 164 242 1011 2202 147 213 27 435 1528 1412 404 965 1064 4533 12943 5904 1028 1894 2104 4215 5 32 2829 2003 8038 2572 6554 9684 11280 317 734 1358 131 61 110 177 245 447 893 1294 2393 2711 1835 1402 1700 3863 9495 0 0 209 122 284 104 301 806 6724 3950 1346 2431 2376 9 37 38 671 2448 5268 88 64 651 3125 3049
11 66 27 28 423 325 63 4 3 205 129 102 100 27 32 3795 2074 627 517 995 316 67 4 0 1533 78 391 1333 993 1045 596 201 47 6 2 31 7 22 12 243 211 11 20 262 88 682 379 438 238 0 0 20 5 3 17 0 381 119 100 305 67 29 3 0 0 232 101 54 12 0 90 15 18
22 153 77 154 1195 1258 163 50 18 483 1289 458 315 474 558 6012 8589 4508 1333 2563 1376 1251 9 8 2913 2169 3540 4398 4345 10397 4123 501 784 171 64 76 130 181 77 468 904 701 441 3243 379 2148 2029 1595 5999 0 0 146 90 126 89 135 1063 4873 888 1337 1403 725 9 17 35 527 1747 1848 88 28 454 1451 1241
22 141 72 159 1035 893 182 46 23 311 1050 433 486 436 625 7634 5832 2252 1320 2516 1072 770 49 0 2401 1531 2414 3457 2011 8055 2505 452 709 194 90 92 85 212 66 335 1459 500 388 1642 288 1337 2936 1628 3525 0 0 108 76 203 185 98 452 4042 970 1366 1780 618 7 21 33 695 1964 1765 116 15 1365 1388 1591
18 115 61 92 876 723 106 30 25 307 582 324 300 238 224 8289 4941 1747 944 1653 497 497 31 0 2156 747 1705 3044 1938 4988 1773 262 261 85 17 89 128 163 35 185 739 290 241 1042 310 1345 1794 1162 1794 0 0 152 23 144 71 39 514 1269 477 887 991 374 17 51 0 583 780 789 119 11 526 421 313
13 73 20 58 658 222 57 3 1 165 344 62 154 87 134 5180 1761 508 948 1078 144 58 3 0 1460 460 353 2804 547 3377 297 108 121 2 6 36 3 5 0 129 316 98 22 595 19 911 1119 210 656 0 0 2 20 4 49 4 248 729 67 460 299 51 0 0 3 188 406 193 4 4 257 166 187
15 118 39 66 980 508 111 24 12 493 532 149 294 137 145 7078 3818 876 1376 1783 385 407 13 3 3635 687 1013 3358 2085 4765 629 354 287 58 81 99 69 76 24 363 678 225 137 1410 59 1868 1561 753 1170 0 0 109 60 52 64 23 1435 1039 182 1486 743 134 1 12 4 905 701 348 52 6 503 225 190
20 126 64 126 1190 826 161 37 15 345 936 364 301 313 426 7272 7122 2142 1478 3126 981 776 16 1 2621 1290 2516 4949 2427 8947 1976 505 668 116 19 95 100 142 51 375 1006 272 324 1987 308 1828 2477 1244 3309 0 0 86 51 77 131 69 570 3292 718 1161 872 365 10 9 37 437 1436 1192 87 1 561 836 915
8 33 1 27 306 7 11 0 0 67 116 0 54 6 50 2812 59 4 399 182 1 0 0 0 600 37 0 1096 14 1171 0 9 25 0 2 14 0 0 0 32 41 6 0 169 0 319 366 0 22 0 0 0 16 0 5 0 73 197 0 144 20 0 0 0 0 71 124 0 0 0 60 15 55
23 202 90 163 1224 1826 245 64 16 765 1566 574 510 550 583 4869 9866 8227 1192 3220 2246 1926 34 0 3911 3356 4288 2748 7563 10151 6396 948 1036 282 86 84 61 201 75 718 1557 925 526 4368 608 2209 2223 3219 8317 0 0 133 89 142 175 190 1883 5517 1096 1860 2367 882 9 16 33 1444 2411 2380 54 51 863 1588 1252
7 65 4 17 663 58 88 0 5 235 134 4 94 12 19 5111 503 148 828 1339 74 0 16 0 1728 153 26 2779 181 1393 26 314 78 0 18 69 33 34 0 210 272 19 0 273 1 1517 741 16 84 0 0 53 7 6 35 0 566 115 0 431 90 0 3 2 0 233 98 12 15 0 78 12 10
23 125 77 176 990 812 116 51 22 249 1078 477 408 510 733 7750 5260 1935 1301 1635 679 731 19 6 1933 1314 2561 3593 1567 8732 2199 187 590 202 74 73 83 109 85 191 994 588 451 1629 355 1217 3008 1406 3902 0 0 87 67 171 90 141 364 4590 1063 1237 1576 701 7 24 46 472 1990 2223 112 12 1116 1715 1986
19 137 61 110 1045 781 159 30 12 495 819 333 421 281 325 7286 5809 1373 1346 2329 882 506 9 0 3767 1038 1941 3561 2735 6781 1652 499 510 91 89 83 102 85 26 532 1091 461 257 2003 268 1575 2023 1605 2459 0 0 111 87 81 147 41 1109 2145 569 1507 1218 416 2 21 14 1275 1492 1021 41 16 913 589 608
14 137 45 46 1091 850 215 47 26 620 481 157 199 85 75 6646 5704 3457 1404 3330 1310 1151 52 15 4000 903 1416 3960 3868 4090 1462 892 398 144 162 87 94 198 116 846 677 187 154 1627 58 2350 1137 799 1141 0 0 239 82 95 106 15 1869 715 184 1200 492 88 18 27 9 545 403 171 38 1 197 107 64
26 219 144 181 1254 2492 289 155 36 613 1509 1223 701 545 677 5732 12684 10395 1078 3324 3108 3772 42 20 2751 3188 8678 2899 7301 9594 10936 821 900 950 112 84 116 361 221 488 2360 934 1447 2836 1967 1924 2912 5853 6409 0 0 217 132 340 248 138 1027 5178 3393 2311 2817 1256 8 53 20 1322 2854 2776 177 11 1631 1283 1709
23 132 73 180 1016 825 143 39 8 326 1323 472 370 472 788 5891 5581 1953 1310 2340 870 711 9 0 2122 2008 3332 3156 2085 10689 2109 408 942 113 51 115 27 61 22 333 1077 644 430 2727 343 1637 2192 1315 4323 0 0 41 93 52 98 124 512 6200 1230 1315 1304 657 0 8 16 502 2526 1978 62 40 831 1604 2336
20 163 82 108 1241 1390 257 52 27 539 847 526 403 268 294 6795 9776 4629 1292 4648 2037 1226 24 4 3747 1558 3387 4571 4852 6926 4575 969 556 217 38 89 192 275 90 612 1397 344 397 1964 694 2163 2317 2625 3268 0 0 185 37 178 309 37 1249 2071 988 1524 1155 405 12 41 16 846 1198 1164 120 3 665 449 487
26 168 107 218 1038 1686 176 66 16 462 1626 824 428 722 988 4794 9714 5292 1101 2297 1957 1517 9 0 2966 2803 5126 2495 5571 10339 7926 465 924 268 131 61 62 138 59 501 1147 1251 845 2926 962 1435 1801 2834 8166 0 0 122 148 204 117 137 849 7541 2198 1491 2296 1310 5 10 43 715 2781 3664 58 34 745 2633 2899
19 114 58 113 1029 680 89 27 3 298 792 300 287 305 337 7609 5643 1559 1334 1569 503 459 20 0 2585 1380 1824 4031 1815 7658 1567 208 381 71 20 69 12 16 8 182 626 461 240 1536 226 1569 2010 1010 2516 0 0 9 74 26 38 50 481 2351 461 980 1106 409 1 1 3 511 1181 1073 12 29 519 705 612
12 60 26 40 480 239 61 9 2 181 205 83 106 67 61 4058 2009 124 682 1090 252 107 1 0 1485 126 356 2102 735 1956 292 168 113 14 10 31 1 10 4 211 242 59 44 421 46 645 451 297 451 0 0 16 19 6 27 9 291 268 65 337 177 50 1 0 0 240 203 152 10 1 121 62 52
6 28 2 13 213 17 10 0 0 71 61 1 31 6 13 1795 103 7 203 109 2 0 0 0 338 18 1 586 54 467 8 13 12 0 1 5 0 0 0 25 28 6 0 102 0 379 196 0 19 0 0 0 5 0 4 0 104 49 0 91 32 0 0 0 0 54 41 3 0 0 17 6 6
21 129 73 137 1218 937 164 43 12 364 1031 449 294 360 478 6691 8138 2427 1530 3280 1111 898 12 1 2580 1391 3224 5006 2832 9803 2496 510 768 149 23 95 81 99 40 382 1002 340 402 2331 414 2006 2399 1420 3877 0 0 65 63 72 150 70 664 3808 965 1222 922 514 5 7 36 410 1563 1401 66 5 514 1009 1055
25 196 135 165 1140 2107 316 153 58 624 1217 1040 632 566 541 5963 11812 6510 1057 3847 3320 3389 65 21 3811 2007 6905 2739 7161 7687 8413 1170 786 831 194 97 180 611 289 835 2333 881 1501 2600 1339 1751 2263 4362 5376 0 0 453 76 538 267 119 1249 3350 2459 1982 2736 1594 41 83 21 1349 1966 2295 320 48 1583 1312 1131
25 189 139 161 1256 2187 199 132 24 619 1277 1136 512 529 503 5962 13367 7879 1334 2683 2148 3485 3 0 3526 2333 7750 3549 7279 9221 8689 642 622 778 30 108 129 294 153 492 1322 824 1162 3475 1956 2370 2583 4683 6464 0 0 173 62 141 195 186 1485 3788 2720 1775 1926 1393 6 44 20 1071 1913 2342 150 36 970 1152 925
20 176 89 101 1126 1624 280 83 25 726 888 543 391 267 247 6409 9843 5385 1156 4333 2618 2012 38 2 4579 2078 4030 3152 7110 6048 5379 1394 501 376 86 62 108 254 113 947 1467 522 621 2519 562 2582 1609 2671 3139 0 0 220 63 183 240 30 2024 1979 985 1551 1530 609 14 30 9 1183 1041 816 85 12 532 465 367
10 84 19 26 618 266 108 4 20 467 220 49 115 42 25 5035 1741 178 757 1291 315 67 11 0 3277 90 307 2032 1406 1747 266 480 181 2 70 38 74 92 14 611 300 59 22 849 18 1426 448 231 364 0 0 185 14 69 42 2 1679 173 28 677 232 44 46 13 11 497 151 51 40 4 71 30 9
22 123 101 130 953 1100 97 50 11 278 807 755 327 360 375 7902 7867 2571 1308 1471 790 771 2 0 2437 1177 3979 3911 2461 7052 3938 228 288 183 35 62 39 81 31 142 758 591 545 1403 1115 1421 1938 2325 2695 0 0 23 74 133 60 39 432 2217 1721 899 1063 973 5 8 4 521 1323 1320 36 31 583 734 654
8 16 8 20 149 52 1 2 0 30 50 10 5 22 22 1123 488 60 134 14 3 20 0 0 198 0 26 595 100 476 41 0 3 1 0 3 0 0 0 4 1 0 4 87 2 182 34 14 134 0 0 0 0 0 0 4 30 55 1 11 2 2 0 0 0 6 14 25 0 0 0 20 11
14 63 38 53 565 301 67 15 2 148 232 157 141 97 95 4799 2802 146 822 1170 312 160 2 0 1312 150 544 2661 710 2444 469 142 107 37 13 33 3 10 2 159 296 84 80 397 104 717 860 506 519 0 0 5 17 10 73 11 170 363 197 308 265 136 0 1 2 252 274 214 8 3 210 121 98
5 24 2 8 328 14 4 0 0 53 50 1 16 4 5 2394 174 20 488 64 0 0 0 0 380 33 4 1784 22 627 3 2 4 0 4 15 0 0 0 14 12 12 0 89 0 545 181 2 14 0 0 0 33 0 0 0 71 30 0 75 14 0 0 0 0 13 17 2 0 0 5 2 1
12 92 24 42 625 312 72 0 11 280 314 88 182 64 68 5852 1764 879 620 991 163 0 4 0 1723 567 475 1979 835 2254 487 172 68 0 74 33 53 65 0 183 408 124 0 700 56 1049 888 373 454 0 0 82 15 52 44 0 545 449 94 715 419 76 6 7 0 368 297 134 44 0 212 78 57
18 131 70 83 934 1051 136 68 19 437 636 338 251 240 170 6693 7340 3161 1235 2330 1108 1506 10 12 3010 1155 2149 3906 3576 4810 2627 461 317 246 123 88 71 139 103 521 604 366 396 1563 272 1782 1099 1301 2419 0 0 148 56 100 72 84 910 1180 408 882 1074 388 22 13 23 608 648 698 52 17 292 356 183
5 24 0 10 180 0 13 0 0 59 52 0 22 0 10 1458 0 0 176 138 0 0 0 0 318 10 0 509 0 407 0 23 14 0 0 6 0 0 0 32 28 0 0 105 0 305 124 0 0 0 0 0 3 0 5 0 84 39 0 59 0 0 0 0 0 36 39 0 0 0 9 0 5
18 71 58 95 683 523 44 40 0 196 476 282 104 244 250 5286 4211 927 1130 854 319 644 1 0 1636 251 1447 3257 1477 5046 1244 103 223 127 1 56 0 0 0 190 176 177 303 1129 178 1194 930 508 1818 0 0 0 30 0 15 43 412 1346 411 432 311 326 0 0 0 147 497 773 0 12 116 491 396
15 175 49 56 1086 1126 344 42 35 872 700 188 277 135 90 6108 6068 5537 1163 4787 1965 1284 43 4 5213 1751 1870 3048 5539 4552 2035 1818 710 127 167 85 112 447 115 1559 1370 290 175 2637 138 2403 952 1311 2323 0 0 410 69 165 162 59 2642 1022 160 1574 790 143 34 20 47 990 617 334 88 2 229 153 70
22 141 45 186 1011 688 156 14 3 359 1579 208 344 442 876 5159 4459 2243 1218 2322 846 316 0 0 2195 3136 1582 2962 2119 11648 1714 412 1184 28 47 90 11 23 7 366 1007 790 146 3224 68 1596 1738 687 5166 0 0 17 140 26 108 64 623 8043 342 1235 1538 371 0 1 16 472 2785 1564 9 31 617 2033 2668
14 67 34 57 687 382 86 14 12 203 281 130 92 106 114 4894 3973 412 1052 1641 516 244 19 0 1693 198 551 3071 1239 2848 846 230 174 29 21 93 84 82 26 247 264 64 82 660 82 1123 695 303 894 0 0 90 19 55 41 14 395 509 143 382 246 85 2 16 9 132 231 281 22 0 88 155 130
9 50 16 20 282 192 27 0 0 150 86 48 61 16 20 2666 1028 407 270 314 108 0 0 0 1000 43 144 819 596 601 288 58 30 0 0 6 0 0 0 121 64 4 0 151 36 388 205 216 164 0 0 0 6 0 7 0 306 60 32 205 28 0 0 0 0 124 69 48 0 0 38 0 10
18 108 61 92 840 834 148 54 20 413 618 291 172 232 239 5693 6152 1784 1057 2434 1311 1076 8 11 3026 844 1801 3132 3661 5175 2239 794 377 183 21 45 87 174 101 641 550 260 345 1851 171 1858 892 805 2437 0 0 132 39 105 52 55 1281 1592 434 743 559 288 10 17 13 307 628 747 67 3 203 444 379
7 20 7 14 157 58 2 0 0 36 30 13 16 9 13 1339 500 72 119 33 10 0 0 0 264 24 18 596 147 246 86 1 0 0 0 2 0 0 0 10 2 6 0 31 1 189 91 20 42 0 0 0 0 0 0 0 49 12 10 14 18 6 0 0 0 12 18 6 0 0 8 6 6
8 74 4 24 858 56 119 0 2 259 244 4 107 16 36 5250 645 95 1395 2691 102 0 33 0 1935 506 33 3979 166 2657 12 456 185 0 16 118 18 15 0 270 429 48 0 633 0 1793 1011 24 132 0 0 18 37 3 51 0 622 321 1 522 96 2 0 0 1 237 230 13 8 0 92 25 29
9 63 19 17 443 260 54 0 0 242 92 63 76 7 14 4067 1761 678 515 852 222 0 2 0 1974 67 311 1386 974 811 414 150 36 0 0 26 0 0 0 313 118 2 0 304 48 823 347 302 57 0 0 0 4 0 28 0 660 63 51 270 20 12 0 0 0 194 63 9 0 0 49 0 6
24 192 118 158 1290 1985 188 106 20 634 1383 878 504 522 518 5639 11792 8002 1374 2678 1808 2913 10 0 3265 2965 6518 3753 6811 10207 7292 588 678 547 36 103 117 233 98 417 1335 914 947 3696 1221 2377 2587 3766 6620 0 0 136 74 161 135 185 1515 4509 2019 1907 2233 1177 3 22 17 1013 2007 2155 120 47 940 1304 1024
21 136 81 129 975 855 149 73 26 377 823 497 495 326 434 8134 5508 1407 1224 2195 788 982 31 5 3061 1035 2557 3114 2245 6387 1780 427 446 339 93 54 73 137 94 375 1285 376 541 1518 347 1345 2808 2060 2169 0 0 144 75 182 162 75 595 2486 1164 1363 1505 587 13 49 19 1122 1731 1132 101 9 1286 814 972
12 48 17 49 444 154 26 0 1 148 238 50 67 70 100 3991 1264 55 616 402 99 0 4 0 1191 137 229 1559 556 2262 242 54 64 0 14 15 8 5 0 132 114 71 0 546 21 615 442 92 467 0 0 4 31 7 2 0 330 496 44 364 169 44 0 0 3 79 184 146 0 0 75 125 115
12 62 18 48 468 152 34 1 3 122 242 54 141 69 96 4674 981 247 546 512 70 11 3 0 1162 315 182 1969 256 2083 167 41 66 0 10 18 11 8 1 67 196 99 8 312 14 479 850 187 334 0 0 20 7 10 17 1 135 391 63 308 262 55 0 1 1 223 325 115 16 5 201 125 109
21 139 43 167 1054 585 175 22 14 338 1389 205 389 341 762 5906 3849 1793 1323 2628 691 440 13 0 2144 2619 1521 3190 1556 10923 1079 485 1125 54 40 121 34 105 34 350 1273 457 199 2766 63 1657 2276 740 3724 0 0 67 101 89 153 89 518 6743 441 1339 1195 192 1 20 29 515 2702 1225 74 7 862 1405 2310
23 155 79 174 1109 1114 171 72 16 440 1434 507 415 429 763 5587 7095 3355 1260 2601 1095 1459 14 16 2715 2722 3898 3031 3569 10756 3471 491 993 303 85 107 65 142 61 437 1266 709 659 3174 228 1757 2172 1548 4731 0 0 110 120 123 133 111 802 6438 1482 1553 1564 576 1 21 24 636 2728 1706 86 13 894 1486 2275
21 152 64 146 1198 1082 167 30 17 482 1282 359 321 408 533 6166 7384 4084 1384 2659 1205 782 9 0 2961 2355 2830 4355 3822 10387 3263 506 785 102 53 83 121 156 58 469 1000 653 236 3263 283 2140 2078 1365 5422 0 0 125 92 97 97 100 1073 4871 675 1376 1273 546 8 19 37 519 1807 1537 93 15 483 1291 1200
14 138 33 58 1067 498 210 23 20 564 436 118 410 91 132 7651 3553 1125 1320 3348 631 447 55 3 4570 722 713 3217 1887 3576 494 762 279 69 66 75 61 172 47 857 1184 115 68 957 39 1976 2428 899 744 0 0 150 28 68 232 35 1272 844 176 1426 677 48 13 21 21 1443 535 244 62 0 888 122 197
16 73 34 86 703 349 55 10 1 188 504 131 120 184 235 5356 2933 674 1124 1061 275 175 3 0 1630 526 749 3311 1006 5102 629 130 251 15 1 56 4 8 2 190 255 173 68 1080 78 1180 1000 339 1499 0 0 1 30 6 18 32 404 1472 137 439 342 137 0 0 2 147 583 540 4 9 136 419 385
14 102 25 66 897 333 94 5 2 332 479 87 255 111 161 7806 2646 692 1146 1683 302 101 6 0 3051 789 540 2962 1106 4337 489 254 157 7 40 63 11 17 2 342 554 153 38 1050 31 1386 1807 412 869 0 0 15 24 6 96 3 597 1040 101 899 573 79 1 0 4 622 683 282 12 5 456 216 239
27 117 131 220 898 1208 108 153 14 273 1262 1013 272 790 969 5599 8012 2299 1209 1680 1047 2172 4 17 1826 1085 5757 3050 2856 10604 4318 273 874 874 49 92 51 89 80 274 670 710 1594 2526 950 1441 1660 1852 6095 0 0 64 83 156 64 262 450 6311 2791 982 1348 1693 3 9 30 332 2046 3817 66 57 471 2666 2829
8 96 16 12 682 361 178 5 12 457 117 36 85 9 6 4886 2371 1734 870 2493 585 136 41 0 3454 294 274 2285 1690 912 408 790 70 6 46 80 71 136 14 625 333 24 13 350 18 1621 340 275 115 0 0 160 4 30 61 0 1433 36 16 409 81 8 9 9 0 286 41 6 10 0 28 2 1
23 197 94 159 1179 1863 302 68 37 730 1477 635 460 500 568 4953 9797 7695 1064 3835 2896 1963 41 0 3815 2930 5061 2947 7842 9600 7205 1249 1111 300 133 85 124 440 143 902 1779 791 660 3909 673 1990 1889 2973 7207 0 0 279 73 338 209 100 1957 5142 1377 1824 1949 902 13 57 49 1090 2249 2153 133 24 722 1417 1249
21 174 87 123 1220 1537 218 48 17 652 1059 579 425 351 352 6262 10168 5425 1359 3681 1830 1312 15 0 4346 2293 4022 3650 6015 7776 5198 782 570 194 32 84 74 199 101 671 1305 635 403 3047 801 2340 2152 2876 4696 0 0 178 51 73 228 73 1717 2774 1097 1660 1438 604 12 20 16 1058 1521 1525 93 21 678 677 590
17 185 67 69 1126 1436 333 66 43 900 766 314 336 179 121 6373 7674 6479 1191 4610 2277 1925 41 10 5373 1550 2893 3057 6817 4889 3273 1619 709 239 212 88 135 510 168 1513 1416 337 340 2818 280 2398 1223 1962 2724 0 0 501 60 238 208 66 2646 1175 361 1692 1029 286 39 34 48 1247 743 463 123 5 342 225 105
24 130 75 201 931 917 132 53 20 294 1427 449 303 593 929 5627 5553 2527 1218 1830 939 887 5 10 1851 2048 3032 3072 2249 10971 2804 313 1001 218 38 94 50 127 91 291 817 741 466 2672 252 1459 1713 1089 5729 0 0 74 86 193 76 171 461 7297 1007 1041 1478 709 9 17 54 354 2389 2614 68 22 519 2370 2787
15 76 41 64 720 474 113 15 8 257 358 177 108 134 129 5144 4604 435 1065 2034 714 258 36 0 1986 391 930 3051 1712 3353 1130 394 274 31 22 106 44 62 16 315 412 137 103 993 133 1264 698 425 1188 0 0 45 29 45 60 15 593 635 215 492 341 161 0 11 10 178 293 357 11 6 104 200 144
25 211 134 166 1263 2396 301 152 58 735 1448 1019 552 588 541 5015 13100 9283 934 3945 3255 3780 20 9 3537 2780 7773 3322 8881 8970 9769 1162 866 835 173 53 251 565 347 720 2064 1063 1498 3669 1347 2120 2340 4474 7545 0 0 426 80 491 237 140 1917 4161 2250 2128 2559 1501 32 94 42 1236 2202 2612 266 46 945 1304 1108
13 115 37 41 768 479 180 16 33 539 275 147 280 65 58 6523 3086 256 830 2052 626 227 27 0 3731 249 637 2142 2167 1983 607 752 135 37 85 51 88 197 46 767 678 104 81 788 106 1671 1286 936 400 0 0 244 21 133 262 5 1534 238 162 943 467 103 23 58 6 1140 346 118 62 1 383 54 48
10 82 9 36 689 130 64 1 3 309 288 16 157 37 66 6259 960 357 854 1126 66 20 0 0 2628 416 110 2069 455 2513 84 160 105 0 15 28 9 14 1 287 285 53 6 754 0 1280 1006 88 321 0 0 33 23 3 53 1 676 428 9 589 220 11 0 3 2 475 342 51 12 0 193 63 69
11 104 16 39 758 223 111 4 7 465 355 39 224 54 68 6483 1371 394 844 1351 197 71 8 0 3087 632 282 2412 953 2458 129 414 159 6 31 65 36 58 2 450 556 159 13 998 4 1713 1162 255 445 0 0 58 39 25 70 7 1397 480 35 1157 341 33 3 1 1 739 411 87 33 3 314 73 69
8 16 8 20 149 52 1 2 0 30 50 10 5 22 22 1123 488 60 134 14 3 20 0 0 198 0 26 595 100 476 41 0 3 1 0 3 0 0 0 4 1 0 4 87 2 182 34 14 134 0 0 0 0 0 0 4 30 55 1 11 2 2 0 0 0 6 14 25 0 0 0 20 11
24 166 82 194 1090 1373 177 69 19 484 1555 513 426 571 871 5141 7996 4747 1173 2410 1558 1641 8 19 2979 2965 3290 2763 4925 10744 5352 458 997 295 72 76 52 171 158 529 1065 928 616 3055 265 1599 2046 1764 6693 0 0 187 137 130 140 167 936 7262 1284 1529 2263 783 15 14 25 703 2702 2473 77 25 825 2131 2568
23 169 89 164 1179 1539 169 64 14 603 1455 568 348 541 598 5218 9441 5718 1310 2497 1615 1667 11 13 3456 2720 4810 3599 6032 10763 5487 609 863 248 96 67 49 137 79 503 963 903 571 4056 521 2191 1723 2018 7193 0 0 117 110 105 70 161 1561 5497 1175 1661 1709 966 3 15 24 697 1945 2181 56 42 503 1652 1325
6 45 4 11 474 56 38 0 9 191 87 4 32 8 8 3512 457 81 671 574 45 0 5 0 1431 45 20 2116 233 906 23 151 55 0 24 20 53 27 0 100 41 2 0 265 1 1157 247 18 90 0 0 97 23 10 11 0 636 62 0 216 22 0 16 4 10 56 29 8 8 0 13 4 2
13 63 23 55 529 240 48 3 3 179 308 75 101 94 114 4631 1869 278 705 832 190 39 0 0 1328 326 350 1944 739 2705 390 117 146 3 13 30 20 12 6 125 200 91 19 691 37 846 578 212 722 0 0 25 47 12 14 5 380 644 67 433 262 70 1 0 2 129 284 217 13 0 109 166 131
18 133 53 100 1021 694 146 23 8 504 771 266 390 247 280 7323 5137 1266 1343 2082 741 396 12 0 3783 995 1596 3500 2539 6341 1317 465 488 57 85 86 72 58 16 473 943 437 193 1986 199 1582 1886 1331 2226 0 0 74 88 47 126 38 1244 1906 402 1543 1115 322 0 12 11 1213 1322 844 30 16 800 501 488
19 134 44 127 1223 678 176 12 11 367 1082 212 315 288 457 6738 5655 2319 1526 3389 854 265 12 0 2618 1973 1558 5000 2104 9875 1498 529 807 22 18 95 81 101 20 392 1086 349 109 2342 140 1992 2429 923 3492 0 0 61 65 58 160 39 660 4089 349 1237 1006 260 5 6 35 426 1667 1003 62 5 543 918 1031
27 137 126 225 1001 1442 133 98 18 306 1464 1036 310 784 1007 5014 10021 3444 1216 1889 1550 1852 23 11 1922 1980 6457 3359 3387 10936 6299 286 869 470 153 92 106 117 96 293 740 1114 1188 2746 1272 1552 1618 2072 7033 0 0 126 110 220 91 180 548 7047 2996 969 1702 1788 2 22 31 362 2402 3896 59 52 478 2756 2941
8 16 8 20 149 52 1 2 0 30 50 10 5 22 22 1123 488 60 134 14 3 20 0 0 198 0 26 595 100 476 41 0 3 1 0 3 0 0 0 4 1 0 4 87 2 182 34 14 134 0 0 0 0 0 0 4 30 55 1 11 2 2 0 0 0 6 14 25 0 0 0 20 11
19 165 83 88 1069 1457 223 98 38 583 743 429 347 259 183 6963 8949 5519 1237 3107 1900 2440 38 10 3992 1536 3010 4098 5331 5315 3890 737 389 451 178 94 155 323 195 851 1086 385 511 1841 408 2034 1299 2123 2970 0 0 335 59 223 158 115 1288 1371 545 1261 1270 407 38 44 30 825 793 859 110 14 483 350 206
22 120 89 142 1173 1024 106 67 5 305 900 569 293 441 463 7177 9096 2317 1547 2066 921 1174 6 0 2520 1160 3282 4997 2762 9165 3259 245 505 290 56 75 31 33 23 292 621 496 611 1633 532 1792 2466 1675 3668 0 0 24 88 40 73 82 462 3054 1132 1066 1228 862 2 1 7 458 1334 1761 28 29 522 1080 936
11 55 20 35 363 168 44 3 7 154 164 62 102 47 53 3715 1083 63 378 604 126 26 8 0 1212 79 196 1336 479 1340 184 92 70 3 8 18 16 29 13 134 173 41 17 282 32 403 407 227 270 0 0 29 5 20 21 1 252 204 54 306 126 32 7 2 1 215 186 102 25 0 109 44 45
28 205 155 223 1140 2532 258 138 32 536 1689 1408 625 800 930 4341 13348 9404 970 2976 3263 3319 21 16 2463 2957 9382 2358 7340 9905 12763 787 976 861 109 71 114 300 249 427 1981 1208 1418 2979 2394 1565 2399 5683 9251 0 0 204 109 292 223 246 870 6671 4136 1861 2879 2098 18 24 56 1026 3120 4462 187 39 1390 2284 2521
22 129 63 168 1004 721 131 28 13 265 1112 369 425 438 705 7695 4626 1801 1337 1923 667 434 20 0 2084 1600 2081 3552 1467 8669 1833 226 633 104 80 72 47 69 36 229 1126 574 228 1691 277 1225 2994 1280 3594 0 0 61 83 106 128 96 368 4747 789 1320 1473 498 4 7 38 509 2134 1876 66 12 1158 1505 1930
23 202 90 163 1224 1826 245 64 16 765 1566 574 510 550 583 4869 9866 8227 1192 3220 2246 1926 34 0 3911 3356 4288 2748 7563 10151 6396 948 1036 282 86 84 61 201 75 718 1557 925 526 4368 608 2209 2223 3219 8317 0 0 133 89 142 175 190 1883 5517 1096 1860 2367 882 9 16 33 1444 2411 2380 54 51 863 1588 1252
15 92 30 75 806 388 94 5 4 273 566 124 163 127 199 5518 3131 921 1148 1946 399 111 4 0 2083 1049 933 3407 1302 5149 751 283 346 6 6 63 29 31 8 310 418 150 41 1446 58 1464 1173 371 1236 0 0 17 31 18 61 7 595 1494 193 509 375 124 2 0 7 272 747 335 19 3 196 266 332
15 91 37 68 619 470 112 5 2 275 446 161 177 144 145 5982 2942 859 712 1582 616 87 6 0 1780 644 812 2081 1531 3393 1048 436 297 6 30 61 12 24 2 271 527 177 39 1022 111 1109 792 612 1217 0 0 8 44 14 52 9 591 898 210 567 569 210 1 0 4 360 514 348 6 7 198 259 166
10 80 14 31 621 198 67 2 2 306 254 39 132 28 51 5572 1280 588 712 1101 125 43 0 0 2457 297 294 1860 674 2190 204 198 104 1 10 28 6 9 2 290 279 39 12 715 6 1160 727 190 264 0 0 24 19 2 43 0 708 342 50 571 146 20 0 1 2 385 280 33 8 0 141 39 49
9 34 3 33 345 23 9 0 0 72 141 2 54 17 65 3021 211 8 498 156 5 0 0 0 675 47 4 1282 61 1462 9 4 24 0 5 12 0 0 0 29 31 14 0 210 0 381 442 5 78 0 0 0 18 0 6 0 84 259 0 157 51 1 0 0 0 74 154 10 0 0 56 40 75
29 230 189 217 1252 3058 341 250 65 534 1620 1768 816 817 819 3922 15916 11904 832 3907 4522 5432 48 16 2154 3239 11177 2702 7361 9475 15045 1005 938 1935 223 69 223 560 524 374 2638 1219 2329 2528 3131 1519 3071 8169 8481 0 0 337 62 681 445 237 723 5542 5086 2170 3887 2676 38 84 50 1240 2946 4306 332 63 2094 1993 1979
10 95 16 29 731 242 134 0 15 498 223 44 180 40 36 5825 1738 218 907 1956 315 0 22 0 3865 158 182 2311 1234 1791 243 548 178 0 34 52 74 67 0 694 420 52 0 746 16 1661 1010 313 318 0 0 132 13 44 113 0 1636 213 36 656 280 40 20 17 12 837 203 56 30 4 189 36 22
8 46 7 21 369 98 48 0 13 119 88 21 55 0 35 3336 794 195 375 817 147 0 15 0 1034 15 34 1426 286 842 207 133 23 0 19 26 84 93 0 131 59 0 0 144 0 451 256 43 0 0 0 71 2 54 7 0 164 137 35 154 0 0 19 12 0 70 83 0 0 0 64 0 35
5 13 0 10 67 0 6 0 0 5 16 0 18 0 10 632 0 0 6 60 0 0 0 0 12 10 0 142 0 91 0 3 0 0 0 0 0 0 0 0 12 0 0 5 0 20 87 0 0 0 0 0 0 0 6 0 0 6 0 3 0 0 0 0 0 6 18 0 0 0 12 0 5
9 34 3 33 345 23 9 0 0 72 141 2 54 17 65 3021 211 8 498 156 5 0 0 0 675 47 4 1282 61 1462 9 4 24 0 5 12 0 0 0 29 31 14 0 210 0 381 442 5 78 0 0 0 18 0 6 0 84 259 0 157 51 1 0 0 0 74 154 10 0 0 56 40 75
6 51 6 9 466 84 56 0 4 195 79 8 42 8 4 3452 633 177 505 740 79 0 5 0 1391 97 45 2076 283 708 47 182 38 0 40 38 38 19 0 197 114 22 0 217 1 1102 243 38 58 0 0 34 26 8 15 0 507 36 2 261 55 5 3 0 0 87 17 4 8 0 14 3 0
7 15 4 17 119 24 1 0 0 21 46 4 10 12 19 904 208 20 86 14 2 0 0 0 122 30 8 402 42 382 12 0 3 0 0 3 0 0 0 4 1 6 0 62 1 128 57 8 66 0 0 0 0 0 0 0 20 45 0 10 6 0 0 0 0 6 24 12 0 0 4 12 10
6 26 3 12 244 20 8 0 1 60 62 3 23 6 11 1873 252 21 311 158 12 0 0 0 320 32 10 910 24 554 13 6 4 0 4 17 9 4 0 17 18 20 0 126 0 355 153 1 20 0 0 5 2 2 1 0 83 41 1 73 20 0 0 0 0 36 37 6 2 0 10 3 5
