24 236 82 194 2061 1693 481 73 41 974 2213 475 720 635 841 11958 12401 7055 2606 8121 3345 2073 132 9 7610 4609 4507 9418 7028 19050 4810 2342 2627 301 230 154 281 504 214 1842 3585 1279 580 7110 307 4477 5095 2618 9603 0 0 416 265 245 501 315 2512 9604 919 3794 3461 782 39 46 95 1988 4457 2664 256 22 1582 2415 2312
28 264 130 248 1965 2616 488 150 45 1093 2760 946 831 1038 1142 7275 17455 10466 1598 7403 4693 4151 132 30 6465 6045 8923 7800 10971 20766 9818 2201 2972 778 363 189 252 495 287 1848 4064 2248 1507 8956 973 4864 4143 4842 15192 0 0 469 290 416 476 567 2902 12879 2050 4269 5289 1824 36 34 138 2387 5705 5390 261 66 1738 4025 3265
27 278 132 219 2005 2675 515 118 50 1270 2677 1058 888 830 919 8162 16346 11783 1835 7137 4266 3602 90 2 6427 6614 11149 7711 12204 19683 9958 2297 3038 650 272 325 188 677 167 2369 4293 2389 1280 10021 1378 4953 4479 5448 12253 0 0 618 230 549 558 244 4140 11269 2675 5145 4574 1837 53 72 106 2463 5436 4321 284 55 2034 2686 2422
38 205 300 403 1460 3622 243 472 93 772 2195 3630 791 2124 2210 7383 23604 5076 1663 3114 4562 8075 28 69 4589 2476 17544 4826 13803 16915 25261 956 1437 4199 271 114 557 546 924 828 2034 2544 6842 6662 8097 3386 3728 9740 17661 0 0 914 97 1277 206 1004 2038 10626 13894 3281 5910 7900 126 249 133 1826 5011 15098 516 263 2178 8719 7730
34 314 229 332 1349 4285 494 279 97 1103 2941 2443 1471 1605 1657 6023 16924 18466 1232 5450 5870 6817 94 18 4241 5822 15436 2682 15173 14174 23077 2065 2585 2118 395 74 219 995 651 1215 5422 2671 3726 7971 4936 2292 3494 15077 20491 0 0 728 191 1122 715 615 2126 12560 7831 4093 8827 4800 79 195 233 4138 8654 11208 708 138 4301 5808 5178
22 218 73 158 1906 1430 486 46 41 883 1742 447 662 428 619 14532 10510 5636 2794 7671 2895 1241 170 0 7951 3117 4094 8420 5461 15711 3905 2438 2257 186 199 277 113 509 126 1635 3385 728 413 5643 325 4079 4586 2650 6185 0 0 342 136 328 580 89 2328 6553 991 3395 2149 592 32 60 56 1819 3705 1838 190 16 1432 1264 1601
30 311 167 268 1635 3376 516 105 75 1344 2777 1656 1358 1049 1250 8151 14928 15283 1784 6173 4640 2839 92 0 6056 5995 12296 4056 14377 16020 15595 2587 2746 565 436 98 186 926 352 1905 5382 2258 1487 9320 3235 3050 4072 11130 15149 0 0 804 341 770 635 218 3388 11597 5170 5593 6481 2775 71 118 175 4370 7500 6608 567 28 3887 3652 3667
27 253 119 232 1933 2376 497 130 37 1068 2582 837 773 911 1047 9144 15888 9301 1804 7463 4540 3600 174 23 7028 5297 8169 7788 10104 20198 8437 2289 3015 660 327 225 182 405 245 2093 3996 1857 1242 8716 761 4586 4092 4213 13380 0 0 365 263 315 483 466 2851 11856 1882 4079 4546 1588 36 22 111 2216 5246 4418 210 53 1626 3500 2957
26 168 74 251 1892 1042 256 9 72 688 1592 535 711 679 1377 14229 10185 890 2725 4162 1759 156 56 0 5804 617 2230 8770 4944 18976 4757 1315 1330 14 175 216 561 538 19 1111 2117 958 131 5043 505 4536 6485 1549 6007 0 0 556 95 629 328 48 1790 7498 1578 2951 3180 918 92 192 123 1761 4502 3425 573 52 2165 3224 5055
27 203 146 205 2132 1945 258 126 48 691 1703 1242 767 788 769 16713 18496 5169 2866 4417 2047 2370 21 3 6314 2432 8296 10547 5987 18384 7111 1074 1228 682 252 216 426 349 175 1010 2510 2014 1540 4651 1813 4545 6613 4800 6968 0 0 397 125 480 287 108 1648 5804 3188 3323 3969 2336 30 88 27 1774 3586 3876 342 90 2016 2132 1782
22 215 67 164 1959 1319 448 31 27 877 1850 409 646 429 671 14245 10094 5233 2991 7570 2525 865 124 0 8047 3607 3898 8828 5136 16763 3615 2114 2325 104 170 247 126 310 75 1592 3214 819 313 6031 298 4109 4824 2393 6272 0 0 247 189 212 517 68 2299 7402 931 3417 2102 578 16 32 53 1777 3984 1796 136 14 1379 1415 1798
24 213 104 172 1918 1746 405 78 36 845 1681 742 700 570 634 15256 13746 5529 2685 6531 2925 1869 105 1 7964 2526 6146 8651 6553 15920 5524 2067 1854 340 214 248 160 405 125 1513 3133 1176 840 5234 775 4102 4868 3711 6686 0 0 358 139 280 499 114 2146 5765 1694 3328 2842 1253 27 64 38 1954 3535 2534 221 54 1602 1499 1522
21 209 52 158 1998 1030 413 21 22 876 1876 276 615 373 660 13933 8290 4238 3135 7282 1858 582 105 0 8088 4068 2785 8992 4189 17435 2214 2055 2285 60 120 234 122 246 57 1638 2993 818 198 6286 152 4185 4870 1668 5722 0 0 178 222 180 439 60 2331 7655 558 3389 1841 358 12 20 43 1727 4042 1454 98 7 1306 1342 1796
40 290 376 404 1275 5623 198 890 63 1008 3189 4581 1186 2456 1953 2730 21610 18827 553 1835 3686 19311 7 311 1211 6055 32297 3249 20486 15164 35714 468 930 9093 316 62 129 388 790 459 2260 4586 12106 7959 10506 2378 3267 16964 24863 0 0 417 279 898 229 1394 2997 14271 15356 4552 10058 10707 47 97 73 2902 7603 17593 439 305 3156 8382 5637
26 149 59 266 1795 781 144 11 27 662 1750 330 570 723 1536 12779 8035 299 3402 2411 873 191 20 0 6546 1000 1487 8489 4294 21268 2602 645 1064 19 80 140 245 156 18 875 1293 1088 156 5870 222 3899 5326 985 6837 0 0 243 195 195 107 59 2010 9962 620 3637 2633 611 7 54 79 1246 4295 3270 248 99 1739 4069 5825
21 226 49 161 2130 1078 471 5 15 1191 2110 264 651 388 673 9634 9189 3734 3101 8456 2265 157 178 0 8396 5193 2889 8555 5752 19137 2480 2783 2491 10 114 316 50 229 5 2139 3585 1026 54 8954 206 6434 4548 1851 6529 0 0 155 278 136 425 16 3860 8583 491 4139 1942 381 12 11 40 2398 4648 1565 82 30 1251 1435 1797
21 269 69 141 1952 1650 590 48 24 1564 2070 385 806 397 500 10103 9586 7339 2422 9421 2950 1553 218 0 8602 6619 4411 7077 9826 14982 3806 3589 2671 174 267 246 84 330 98 2881 4731 1180 404 9138 276 5432 3688 2995 6666 0 0 278 342 156 559 112 5769 7102 721 5432 3213 497 38 9 38 3265 4122 1513 146 16 1561 1161 1111
30 314 172 263 1811 3651 613 222 87 1375 2799 1476 1241 1198 1164 6417 17040 15367 1455 7196 6463 6483 119 7 5008 6902 11642 4829 17260 17586 16498 3269 2711 1471 448 161 269 1221 538 1815 5452 2428 2515 8396 1995 4033 4784 9151 15884 0 0 719 286 887 965 509 4049 11764 3710 5600 8475 2996 94 185 121 3856 6429 6778 520 100 3156 4178 3146
30 243 166 269 2125 2686 331 160 43 962 2513 1479 881 1210 1211 8048 21237 8594 2417 5110 3503 4033 33 0 5658 4562 11145 8120 10779 22390 11374 1407 1801 931 331 228 236 411 221 1278 3160 2896 2006 7989 2441 5725 5871 6314 14194 0 0 444 274 494 362 452 2739 10904 3708 4130 5491 2856 18 67 52 2260 5668 7459 303 130 2174 4079 3343
20 182 21 169 1791 357 301 0 25 762 1295 69 878 240 831 15277 3145 661 2936 4979 630 0 66 0 7215 1093 305 8292 1825 15198 639 1515 1075 0 152 271 141 197 0 1285 2889 282 0 4219 18 4152 5463 350 2309 0 0 213 151 107 464 0 1990 5456 87 3659 1727 91 26 13 49 2255 3644 658 268 14 3178 1263 2714
28 163 78 300 1614 1156 233 7 13 745 2115 517 552 973 1779 9895 10571 651 2941 3568 1944 140 65 0 6571 2010 2634 6528 6241 21247 4501 1187 1787 6 60 125 61 146 7 1139 2002 1496 110 7730 540 3934 3914 1977 11013 0 0 93 235 142 206 53 2185 12375 1083 3127 3017 1093 1 10 54 1461 5167 5098 115 170 1317 5497 6825
23 170 33 220 1873 541 195 1 38 686 1637 152 743 386 1232 13939 5323 840 3702 3455 556 19 28 0 6927 1589 434 9031 2762 18740 1441 674 923 0 93 175 311 286 5 917 1963 484 11 5159 126 4267 6011 785 4450 0 0 323 199 179 281 9 1830 8415 228 3592 1798 108 30 73 115 1598 4744 1614 353 2 2499 2115 4642
20 229 64 126 2033 1382 528 34 10 1365 1743 363 603 324 419 10330 10547 4450 3018 9318 2884 1067 168 0 8663 4583 4437 8430 8440 14694 2996 3438 2407 107 157 328 71 137 32 2886 3712 817 279 8111 343 6019 3812 2464 5460 0 0 151 285 50 446 85 5191 5791 664 4585 1811 366 1 8 18 2323 3182 1303 64 6 1087 806 886
30 313 150 285 1446 3186 605 65 82 1207 2933 1446 1397 1113 1436 7123 13181 15656 1527 6824 5588 1523 134 0 5194 6928 10094 3284 12380 15501 15174 3106 3061 306 366 94 185 996 311 1489 6190 2129 911 9171 2805 2777 3288 10453 16736 0 0 699 239 870 855 232 2687 12758 4387 4397 6586 2345 97 157 245 4081 8787 7537 556 56 4007 4228 4598
12 105 20 46 1513 298 85 0 2 449 365 71 244 58 91 13576 3914 662 3202 2232 211 0 2 0 6037 579 380 8759 1285 5319 381 222 146 0 10 142 18 12 0 453 456 135 0 864 35 3846 2992 486 569 0 0 26 61 6 55 0 1224 635 88 1222 291 48 1 0 0 770 432 139 14 1 401 72 112
10 58 20 25 702 230 83 2 2 239 132 61 78 32 25 8313 2770 76 1118 1535 313 32 19 0 2413 33 251 3571 976 1736 328 335 127 1 7 114 8 19 1 283 190 19 11 353 35 1823 732 256 247 0 0 8 6 11 49 1 582 111 48 298 97 39 0 1 2 258 93 41 0 1 59 23 10
18 158 70 83 1728 1082 188 79 33 730 720 341 409 201 195 17123 10029 2734 3194 3447 1137 1622 4 15 7593 858 2381 8686 4601 8287 2107 886 450 333 240 90 220 184 145 1042 1201 296 382 2309 243 4215 3613 1892 2065 0 0 413 102 153 112 77 2168 1462 519 2297 1181 255 30 35 25 1365 1087 646 135 3 693 294 293
17 195 70 66 1958 1357 423 67 42 814 663 366 508 117 130 15567 12030 5067 3832 8314 2516 1692 148 2 9152 1699 2930 9388 5111 6739 2844 1802 457 315 219 232 209 496 137 1540 2257 300 300 1630 351 4669 4501 2766 1317 0 0 347 65 241 521 0 1954 976 573 2224 989 207 25 69 1 1831 957 357 113 3 871 99 173
24 241 86 190 2159 1731 451 51 37 1165 2184 552 777 635 786 9788 13696 5980 2964 7699 2938 1496 131 0 8119 4755 4951 8569 8435 19751 5297 2172 2272 186 210 301 207 445 109 1953 3660 1506 565 8230 482 6145 5066 3169 8941 0 0 432 252 300 529 134 3450 8903 1098 4308 3748 990 19 59 41 2676 4604 2888 246 59 1674 2188 2036
10 46 20 25 507 178 31 8 3 132 146 48 42 40 24 6548 1880 170 906 605 134 100 2 0 1239 183 263 2568 525 1644 201 93 58 11 13 27 38 4 5 78 75 56 31 316 15 964 332 90 250 0 0 19 27 9 4 3 244 150 22 200 110 35 1 1 2 63 60 56 6 0 21 29 8
16 158 33 87 1947 590 236 6 9 792 946 154 408 136 264 14476 6166 1694 3949 5256 802 174 18 0 8323 1618 1507 10217 3013 11182 953 1080 801 7 51 221 76 97 18 1348 1578 231 56 3348 69 5181 4172 924 1879 0 0 116 139 26 131 8 2590 2834 321 2865 710 146 7 5 8 1262 1488 345 64 2 819 349 517
33 196 187 341 1626 2490 273 167 47 755 2098 1882 795 1532 1875 9573 18795 3827 2238 3617 3649 3182 53 8 5118 2315 9372 6194 10175 19090 14292 1193 1620 979 294 152 280 388 219 1148 2523 2255 2482 6810 3205 3774 4400 6069 14153 0 0 426 162 603 278 538 2111 10449 6325 3449 5538 3933 22 79 93 1628 4889 9877 384 201 2434 6720 6652
27 197 83 268 1786 1405 298 4 52 835 1987 637 813 789 1495 11453 11676 2417 3064 4671 2348 84 66 0 6961 2437 3052 7154 6935 18709 6457 1387 1637 4 235 201 335 422 10 1397 2719 1246 71 6540 717 4167 4989 2818 9268 0 0 441 221 434 311 17 2287 10148 1864 4050 3633 1194 21 136 119 1851 5131 4290 465 47 2559 3829 5517
31 307 169 296 1446 3379 549 99 86 1180 2915 1699 1372 1206 1491 7136 14302 15618 1549 6208 5348 2328 105 4 5072 6078 11642 3306 12848 15669 16467 2731 2898 539 380 87 200 1009 413 1438 5693 2252 1351 9297 3469 2771 3398 11485 17552 0 0 732 229 920 761 327 2625 12723 5350 4263 6491 2765 100 158 258 4030 8732 8336 587 56 3916 4505 4763
22 195 101 130 2052 1588 326 131 56 833 1159 618 618 391 400 17007 14327 4289 3297 6113 2187 2627 65 38 7734 1291 4430 10278 6209 13086 4135 1580 1033 686 266 240 409 434 265 1394 2350 612 849 3741 461 5001 5386 3314 3912 0 0 491 67 372 421 116 2175 3245 1301 2932 2364 753 66 78 51 1994 2143 1419 276 29 1303 886 777
36 256 278 352 1794 4137 241 514 85 946 2885 2980 884 1950 1696 3907 25771 13001 1073 3159 3701 11569 18 143 3310 4628 21622 6654 15642 21031 22460 674 1610 4299 281 147 531 494 706 820 2204 3393 6484 8224 6016 4841 4579 10045 21592 0 0 837 206 1137 213 1308 2782 13739 8907 3957 6747 6257 64 227 156 2161 6208 13475 437 181 1985 6877 4958
11 104 25 30 931 428 205 13 16 437 298 71 141 44 37 10328 3425 1113 1314 2995 748 278 57 0 3595 529 605 4064 1770 2824 524 942 228 27 84 140 69 201 31 672 673 84 48 877 26 2475 890 369 540 0 0 114 34 43 100 2 1241 315 56 793 260 36 8 17 0 400 218 74 36 0 111 39 22
16 131 51 69 1478 767 154 42 11 542 570 220 303 148 150 13735 7789 1917 3107 2936 870 840 18 0 5983 781 1424 6883 3057 6409 1326 464 361 173 89 159 62 101 42 707 764 207 152 1497 129 3660 2978 1291 1600 0 0 55 63 59 107 48 1520 1159 306 1533 657 170 1 11 14 993 740 436 17 3 503 202 201
5 20 1 9 176 7 9 0 0 35 45 0 14 3 7 1929 86 0 246 159 5 0 0 0 325 30 0 691 16 389 0 9 10 0 0 4 0 0 0 17 19 5 0 51 0 173 81 0 13 0 0 0 8 0 1 0 30 36 0 51 8 0 0 0 0 11 16 0 0 0 6 3 2
34 261 235 326 1935 3711 325 377 94 889 2870 2342 922 1705 1560 4209 25188 12708 1137 4456 4320 8615 42 73 3430 5201 17585 7783 12615 21965 18408 1123 1912 2860 293 147 590 727 710 762 3066 3164 4551 7924 4400 5448 5016 8977 20000 0 0 817 207 1175 350 1124 2307 13574 6486 3673 6572 4589 75 219 172 2079 6344 11544 513 143 2122 6047 4559
21 230 80 130 2025 1635 515 71 16 1365 1727 473 603 361 425 10367 12372 5116 3013 9041 3338 1914 164 16 8637 4252 5731 8412 9748 14701 3812 3359 2341 295 172 327 79 161 90 2880 3572 837 503 8153 420 6015 3813 2985 5737 0 0 177 276 86 444 121 5188 5678 930 4570 1909 487 2 14 22 2324 3138 1474 78 6 1085 843 890
29 153 93 313 1621 1233 190 24 12 727 2045 660 491 1119 1851 9892 11826 461 2971 3012 1783 426 38 0 6421 1471 3305 6629 6589 21718 5067 944 1579 63 85 121 96 95 18 1031 1567 1692 380 7753 674 3978 3948 2148 11564 0 0 101 219 139 148 118 2157 12161 1474 3047 2965 1501 2 11 54 1431 4714 6154 91 191 1079 6143 7053
11 105 12 43 1503 225 189 0 6 476 419 29 197 50 86 10788 3023 586 3508 5080 391 0 42 0 6519 557 179 8918 1082 5969 240 825 444 0 9 212 37 64 0 838 689 67 0 1324 5 4025 2438 218 619 0 0 47 31 18 151 0 1301 767 26 961 293 27 2 3 6 671 491 80 24 0 240 93 99
24 281 90 186 2027 2090 508 45 39 1535 2399 637 948 571 771 9164 11596 9121 2598 7804 3127 1468 144 0 8311 6824 6210 6482 12112 17636 7104 2939 2581 160 318 209 138 511 158 2391 4531 1555 550 9514 645 5268 4632 4368 9065 0 0 495 392 306 467 75 5264 9520 1562 5934 4203 1061 53 29 66 3572 5356 2569 270 12 2120 1954 2038
21 146 21 189 1889 238 119 0 33 564 1220 78 698 243 1009 17653 2794 201 3143 2033 137 0 0 0 5503 308 288 9824 894 16433 449 522 673 0 104 195 275 160 0 569 1170 319 0 3567 27 4311 7062 225 1614 0 0 251 169 131 120 0 1359 5761 127 3082 1141 72 41 54 63 1702 3860 771 325 6 2444 1332 3650
34 236 236 325 1951 3382 262 320 34 893 2722 2464 808 1664 1536 5803 25382 9660 1848 3637 3701 7406 22 19 4312 3993 18349 7337 13000 22956 17006 1015 1716 2342 360 164 197 207 236 1013 2538 3398 4372 8276 4890 5507 5074 7994 18245 0 0 345 298 491 242 788 2533 12658 7301 3842 5855 5238 10 46 74 1993 5952 11017 195 175 1873 5819 4415
6 26 8 7 227 72 16 0 4 51 24 16 13 0 4 2379 586 109 324 276 40 0 0 0 445 5 48 923 142 279 82 26 2 0 11 13 42 18 0 41 18 0 0 35 6 267 56 32 0 0 0 22 0 12 1 0 51 12 8 30 0 0 2 2 0 11 6 0 0 0 4 0 1
24 156 40 236 1883 587 144 1 42 656 1631 203 643 471 1349 14065 6136 504 3671 2630 590 19 10 0 6641 1120 631 9211 3078 19600 1838 509 812 0 79 169 378 300 4 806 1294 664 12 5213 168 4273 6226 812 4887 0 0 344 195 235 158 9 1804 8792 361 3473 1815 215 32 102 112 1458 4589 2054 369 11 2030 2635 5161
9 75 8 28 922 129 106 0 5 301 245 16 108 24 44 9389 1443 378 2078 2266 124 0 35 0 4174 238 111 5317 554 3340 101 403 218 0 8 92 7 73 0 424 343 16 0 739 3 2047 975 97 274 0 0 24 10 13 45 0 852 364 11 569 109 6 1 4 4 260 220 39 10 0 102 27 40
16 127 47 73 1798 692 170 21 11 579 641 210 275 175 154 12792 8956 1340 4196 4545 932 419 11 0 7358 880 1532 10537 3038 9046 1383 665 469 43 61 260 96 84 23 824 825 383 156 2141 142 4866 3518 955 1688 0 0 108 30 66 120 31 1634 1236 267 1450 842 266 13 12 8 961 796 431 33 16 393 284 184
15 93 55 50 1014 638 92 49 6 380 338 231 157 106 69 10227 6516 948 1961 1750 618 847 3 4 4127 313 1330 4743 2646 3914 1138 344 156 159 50 104 55 43 28 401 371 161 227 892 185 2519 1358 844 893 0 0 42 36 18 50 27 1132 417 232 726 339 176 4 4 6 503 323 212 18 4 165 86 53
27 330 140 211 1748 3285 687 181 89 1656 2671 1047 1223 863 834 7734 13787 15933 1392 8373 5799 5557 146 32 6672 7959 9603 4902 16815 15351 11918 3597 2918 1055 455 203 182 1163 517 2807 6084 2143 1735 9345 1164 3855 3669 7835 12956 0 0 1017 242 767 949 371 5070 10006 2320 6197 7145 1799 139 145 123 4702 5880 4334 528 72 2838 2655 2013
17 150 54 82 1736 871 196 40 15 598 701 258 399 174 208 14779 8951 2532 3752 3912 1098 812 37 0 7036 1166 1697 8265 3323 7947 1733 599 485 176 112 185 78 164 52 835 929 258 162 1723 155 4125 4136 1646 1921 0 0 63 82 84 230 46 1596 1661 439 1999 877 226 1 27 14 1229 1035 547 21 3 786 289 337
5 13 1 9 140 5 0 0 0 17 31 0 8 3 7 1598 44 5 198 0 0 0 0 0 118 12 0 586 4 336 0 0 0 0 1 0 0 0 0 0 0 3 0 34 0 130 76 0 10 0 0 0 5 0 0 0 12 23 0 16 5 0 0 0 0 7 13 0 0 0 2 3 2
18 208 32 121 2171 773 466 4 24 1112 1539 131 588 238 443 11689 6820 2991 3616 9129 1785 129 128 0 9028 3261 1318 9617 4386 15358 1444 2802 1778 6 138 376 153 351 13 2207 3132 465 34 6115 76 6205 4630 1055 4227 0 0 296 186 99 438 14 3824 5555 167 4219 1442 150 22 40 26 1922 2723 780 166 5 1272 807 1021
20 143 6 184 1829 74 133 0 1 560 1345 4 648 100 1036 16613 846 35 3339 2319 84 0 26 0 5711 559 13 9531 314 17217 9 486 775 0 32 174 7 5 0 684 1361 158 0 4052 0 4154 6539 28 702 0 0 9 243 0 151 0 1360 6507 1 3037 543 0 0 0 6 1614 4805 65 12 11 2088 763 4005
7 44 8 13 429 90 45 2 0 111 100 12 37 10 11 4525 719 209 589 821 71 35 0 0 901 114 92 1920 218 1046 44 125 72 1 9 38 0 0 0 90 109 16 6 169 0 733 300 41 81 0 0 0 15 0 9 0 169 79 6 161 37 2 0 0 0 59 50 12 0 0 19 3 5
16 115 56 64 1466 756 161 38 15 533 505 260 217 150 112 12591 8943 1326 3301 3790 1011 735 0 1 6969 421 1781 8260 3413 6941 1563 722 395 109 54 177 113 117 48 844 654 246 245 1784 214 3801 2254 1013 1386 0 0 141 21 82 119 27 1598 813 316 1081 617 262 12 9 9 776 534 344 53 10 253 186 106
27 255 138 213 2206 2469 440 140 25 1039 2447 1123 832 784 878 9332 18859 9555 2400 7236 3832 3698 58 8 6485 5725 11075 10107 9446 20883 8728 1907 2534 776 310 259 146 316 133 1827 3902 2423 1548 8532 1457 5233 5483 5308 10551 0 0 233 349 226 428 228 3013 10177 2976 4805 4139 1832 10 22 38 1989 4954 3884 184 40 2003 2496 2305
10 92 8 37 1285 144 137 0 4 410 364 15 156 34 71 10480 1881 410 3033 3620 164 0 25 0 5854 492 90 7654 672 5095 100 517 354 0 5 135 24 43 0 621 498 45 0 1189 1 3211 1830 125 429 0 0 26 28 10 87 0 1147 643 11 789 173 11 1 1 6 506 411 46 14 0 170 62 79
33 173 172 356 1568 2267 281 144 27 784 2063 1638 576 1624 2050 8715 18386 1342 2338 3940 4167 2663 110 12 5476 1497 7741 5663 10866 19468 13563 1461 1809 810 225 127 204 215 196 1239 2333 2082 2172 7276 2353 3838 3825 4695 15363 0 0 312 184 343 234 480 2177 11339 5196 3134 4596 3859 15 34 70 1735 4464 10458 160 243 1249 7751 7586
22 139 23 208 1889 255 107 0 24 534 1378 88 619 284 1168 16652 3051 200 3355 1921 146 0 0 0 5202 367 347 10001 977 18618 486 412 736 0 87 198 252 109 0 513 1032 404 0 4121 27 4350 7004 223 1905 0 0 188 172 143 112 0 1263 6892 163 2782 1287 93 29 30 70 1544 4573 889 207 18 1951 1680 4445
5 13 1 9 140 5 0 0 0 17 31 0 8 3 7 1598 44 5 198 0 0 0 0 0 118 12 0 586 4 336 0 0 0 0 1 0 0 0 0 0 0 3 0 34 0 130 76 0 10 0 0 0 5 0 0 0 12 23 0 16 5 0 0 0 0 7 13 0 0 0 2 3 2
23 200 104 149 2014 1691 331 90 21 805 1489 759 589 396 526 15393 14536 5398 3764 6055 2595 2147 63 3 7929 2435 7003 9584 6383 14487 5158 1462 1434 454 131 259 130 215 89 1361 2324 806 835 4576 827 4171 5345 3493 4941 0 0 203 186 176 357 45 2179 5127 1985 3498 1617 905 9 16 22 1516 2811 1529 122 16 1396 1009 1247
33 219 182 346 1473 2810 387 136 51 888 2314 1839 891 1556 1925 8053 17582 4900 1931 4777 5302 2800 136 8 5705 3235 9807 4505 12889 17276 17207 1984 2280 785 223 124 169 459 285 1587 3541 2191 2103 7227 2895 3176 3496 6975 15728 0 0 392 194 599 401 375 2372 11934 6377 3722 6442 4529 23 86 110 2070 5344 9625 415 208 2648 7156 6859
26 257 143 182 2135 2637 593 200 63 1302 2048 1086 807 660 654 9970 18819 8050 2498 8962 5397 5305 178 66 7552 4250 10548 8776 13487 17267 8339 3409 2740 1182 206 396 332 903 418 2770 4141 1331 1737 8292 1352 5474 5130 5878 9274 0 0 757 166 375 822 235 4423 7488 2533 4864 3211 1438 71 138 93 2504 3960 3257 350 26 1827 1622 1502
19 192 53 118 2030 1013 352 32 32 925 1291 265 544 275 397 15085 8831 3324 3528 6608 1565 810 105 1 8451 2172 2420 10024 4761 13721 2193 1746 1280 117 168 268 189 327 68 1655 2390 479 225 4679 97 5191 4709 1573 3626 0 0 339 118 210 387 49 2828 4197 544 3281 1677 345 39 37 45 1756 2286 846 147 16 1127 791 845
10 64 24 21 587 303 81 8 3 238 179 71 44 26 15 6349 2587 645 1071 1392 396 181 3 0 2185 307 534 2606 1183 1735 418 297 108 13 30 46 22 29 6 348 180 84 30 546 44 1270 258 162 269 0 0 46 30 13 8 0 657 120 43 235 74 37 1 1 0 65 67 32 3 0 14 7 4
8 43 11 17 452 136 77 1 3 177 89 22 35 19 14 5481 1428 43 595 1280 252 17 28 0 1611 9 95 2115 613 1073 150 364 105 0 2 82 9 30 2 290 100 1 4 253 9 1141 223 79 174 0 0 18 2 9 26 1 455 67 8 173 42 8 0 1 2 91 37 26 3 0 15 10 4
26 294 128 197 1902 2825 655 146 61 1533 2489 959 957 716 779 8513 14660 11929 1794 8611 5448 4843 182 0 7396 6613 9485 6285 15299 16835 9577 3318 3242 895 350 331 179 943 274 3099 4896 1709 1326 9943 1110 4648 4217 6253 11371 0 0 787 205 537 923 242 5262 9758 2268 5366 4513 1355 64 124 109 3401 5339 3661 296 40 2049 2112 1941
8 29 14 14 227 94 33 6 4 55 61 24 20 18 8 2566 691 40 243 454 99 48 8 0 430 48 76 948 155 517 72 56 49 7 4 22 32 18 8 43 39 20 14 111 6 252 121 52 96 0 0 14 0 8 13 2 57 39 5 53 24 9 2 2 0 24 22 21 4 0 4 5 1
18 146 4 149 1893 41 83 0 9 586 949 3 737 58 755 18153 511 35 3401 1564 9 0 4 0 6338 401 8 9792 127 12926 9 199 297 0 32 102 71 21 0 532 858 69 0 2451 0 4325 7308 14 320 0 0 75 213 0 113 0 1460 4041 1 3421 282 0 6 6 6 1938 3171 42 126 3 2689 387 2627
20 143 6 184 1829 74 133 0 1 560 1345 4 648 100 1036 16613 846 35 3339 2319 84 0 26 0 5711 559 13 9531 314 17217 9 486 775 0 32 174 7 5 0 684 1361 158 0 4052 0 4154 6539 28 702 0 0 9 243 0 151 0 1360 6507 1 3037 543 0 0 0 6 1614 4805 65 12 11 2088 763 4005
10 40 20 25 507 130 18 3 6 86 98 59 60 33 25 7339 1635 81 758 335 40 17 0 0 745 38 159 2615 267 1255 156 35 20 3 11 23 74 9 6 31 77 41 14 136 32 795 652 139 118 0 0 25 7 16 8 1 115 85 43 160 111 38 3 6 2 90 62 46 12 0 46 23 10
8 51 10 18 519 111 59 1 4 130 130 20 54 17 18 5701 1016 207 718 1001 88 14 0 0 1033 168 122 2399 294 1393 89 178 98 0 6 47 16 40 2 73 135 22 4 208 6 1007 473 67 113 0 0 8 12 14 26 1 228 123 11 202 73 6 2 2 0 97 84 23 4 0 30 10 9
30 282 167 268 1917 3185 420 177 63 1209 3023 1482 922 1181 1220 6048 19086 12715 1277 5958 4543 4760 21 37 5123 7490 14468 7039 13718 20419 14347 1644 2530 1052 395 202 225 618 329 1770 3607 3498 2053 10325 2202 4646 4255 6448 16009 0 0 718 282 751 441 474 3726 13777 4074 5056 6184 3064 46 98 116 2576 6225 6646 372 112 2039 4272 3419
7 27 9 12 207 68 36 2 0 52 60 13 17 13 7 2222 514 22 263 519 96 18 8 0 393 66 56 867 123 445 40 69 55 1 6 22 0 0 0 54 41 14 4 106 4 228 106 35 81 0 0 0 4 0 12 2 59 38 2 51 17 3 0 0 0 16 21 14 0 0 4 4 1
11 72 30 25 642 381 103 30 10 259 193 67 63 46 22 7272 3221 744 929 1683 514 523 3 8 2348 236 420 2863 1261 1835 341 369 147 65 50 50 73 79 40 270 222 51 48 613 33 1563 369 273 534 0 0 77 6 22 34 30 654 168 23 291 99 10 13 4 10 161 102 89 10 0 23 16 8
15 135 44 61 1414 722 154 28 27 566 548 176 283 136 115 15175 6439 1946 2441 2561 833 610 5 0 5157 1077 1156 6458 2779 5415 1317 589 290 79 206 82 230 138 79 458 751 313 159 1481 98 3817 2595 941 1462 0 0 387 89 99 72 19 1530 858 193 1315 775 161 32 43 2 949 643 343 85 12 369 180 121
4 17 0 6 110 0 9 0 0 27 27 0 12 0 4 1291 0 0 70 83 0 0 0 0 172 15 0 293 0 179 0 8 5 0 0 9 0 0 0 16 20 0 0 30 0 97 59 0 0 0 0 0 0 0 1 0 20 18 0 33 0 0 0 0 0 9 9 0 0 0 5 0 1
30 290 166 269 1658 3018 446 155 126 1112 2456 1520 1342 1143 1242 8822 16044 11676 1979 6061 4181 3293 99 0 5774 6330 10064 5445 11389 16251 13658 1978 1853 935 429 118 381 1185 726 1295 4679 2345 1821 7504 2692 3727 4103 8902 12950 0 0 1024 189 1056 518 494 2633 9764 4190 4559 7276 2558 164 318 166 3722 6436 7074 944 77 4252 3993 3571
7 39 7 14 430 82 28 0 1 141 76 11 37 13 11 5458 897 73 596 532 52 0 5 0 1435 59 40 2161 333 956 60 73 51 0 2 39 7 2 0 113 61 4 0 182 3 942 260 49 108 0 0 10 4 2 1 0 351 59 3 171 42 4 0 0 0 75 31 15 3 0 19 7 3
4 10 1 5 70 3 2 0 0 10 15 0 6 2 2 570 18 0 84 16 0 0 0 0 62 6 0 148 3 97 0 1 2 0 0 4 0 0 0 2 4 4 0 10 0 41 43 0 3 0 0 0 0 0 0 0 3 2 0 9 3 0 0 0 0 4 6 0 0 0 1 1 0
29 153 93 313 1621 1233 190 24 12 727 2045 660 491 1119 1851 9892 11826 461 2971 3012 1783 426 38 0 6421 1471 3305 6629 6589 21718 5067 944 1579 63 85 121 96 95 18 1031 1567 1692 380 7753 674 3978 3948 2148 11564 0 0 101 219 139 148 118 2157 12161 1474 3047 2965 1501 2 11 54 1431 4714 6154 91 191 1079 6143 7053
11 72 30 25 642 381 103 30 10 259 193 67 63 46 22 7272 3221 744 929 1683 514 523 3 8 2348 236 420 2863 1261 1835 341 369 147 65 50 50 73 79 40 270 222 51 48 613 33 1563 369 273 534 0 0 77 6 22 34 30 654 168 23 291 99 10 13 4 10 161 102 89 10 0 23 16 8
8 31 12 16 280 87 17 3 0 70 84 23 23 17 13 3434 716 82 446 268 48 36 1 0 653 70 110 1289 200 845 66 32 25 2 7 16 0 0 0 60 42 24 11 151 4 337 134 34 93 0 0 0 11 0 2 0 98 73 12 95 47 11 0 0 0 22 30 15 0 0 9 11 4
25 186 59 241 1867 999 264 3 62 772 1755 388 793 572 1337 13127 8811 1765 3305 4286 1494 62 70 0 6923 1718 1533 8302 4963 18389 3940 1161 1296 2 178 208 480 490 11 1239 2374 702 47 5639 360 4352 5816 1798 6755 0 0 554 181 412 341 15 2084 8875 1011 3744 2655 539 46 171 134 1768 4794 2887 527 4 2589 2812 4973
4 21 0 6 194 0 27 0 0 30 39 0 12 0 4 1756 0 0 282 472 0 0 8 0 254 54 0 744 0 323 0 41 33 0 0 23 0 0 0 24 26 0 0 51 0 151 122 0 0 0 0 0 0 0 11 0 17 21 0 15 0 0 0 0 0 12 18 0 0 0 2 0 1
39 310 346 395 1073 5513 328 696 83 923 3039 4194 1531 2326 1923 4263 17943 21244 619 2929 5364 15371 16 167 2103 6336 26138 2038 16848 12252 33949 1066 1563 6563 194 100 110 578 827 599 3747 3779 10001 6659 9870 1643 2781 20555 24022 0 0 464 152 1016 606 1261 1636 12725 14109 3641 11401 9724 48 187 116 3683 8313 16601 738 311 4905 8029 5615
24 158 42 234 1780 621 279 2 52 671 1585 211 662 496 1315 14191 5888 218 2635 4268 1428 38 82 0 5690 395 845 8168 3481 18998 1972 1636 1535 1 38 241 354 482 10 1287 2190 510 20 5394 130 4260 6003 631 4938 0 0 361 76 348 391 20 1851 8016 398 2751 2229 323 85 106 127 1638 4602 2029 447 39 2034 2738 4928
5 25 3 7 208 32 28 0 0 39 40 3 14 3 4 1944 191 78 294 464 31 0 8 0 289 36 14 788 56 338 18 39 33 0 6 23 0 0 0 29 26 2 0 49 0 162 135 7 19 0 0 0 0 0 11 0 24 19 1 21 13 0 0 0 0 15 16 3 0 0 2 0 1
11 95 25 30 934 422 191 10 11 435 276 73 115 49 33 9308 4227 859 2025 3546 814 224 72 0 5291 502 604 4882 2069 2970 589 954 238 17 39 90 21 134 17 823 588 51 39 856 38 2335 607 355 551 0 0 66 30 43 68 7 1391 300 48 683 230 48 7 6 4 331 173 80 23 0 75 38 15
38 319 325 378 1269 5467 335 665 95 997 3076 3771 1535 2163 1837 4143 19353 22280 805 3417 4916 15505 37 213 2180 6337 23542 2449 17634 13380 32214 1036 1572 6232 384 58 248 753 941 504 3958 3810 8914 6637 8198 1750 3774 19896 23821 0 0 643 233 1196 598 1045 2018 12909 12206 4299 11141 8233 48 221 133 3790 8666 15817 708 238 4640 7302 5417
18 247 38 115 1912 862 487 0 45 1262 1271 190 988 228 398 14446 5808 4280 2848 8355 1043 0 152 0 9106 3638 970 7898 3855 10880 1972 2676 1162 0 296 277 214 511 0 2069 4309 722 0 4515 166 4936 4574 1712 2625 0 0 554 227 213 627 0 3692 3358 312 4640 2616 180 51 76 18 3894 2858 890 337 1 2624 638 873
3 10 0 3 58 0 6 0 0 10 8 0 6 0 1 447 0 0 69 50 0 0 0 0 66 0 0 110 0 57 0 5 2 0 0 4 0 0 0 6 6 0 0 7 0 35 27 0 0 0 0 0 0 0 2 0 3 1 0 5 0 0 0 0 0 4 3 0 0 0 1 0 0
32 186 151 345 1525 2214 324 87 32 830 2200 1395 644 1479 1999 8505 16807 1888 2293 4373 4300 1752 127 3 5791 2256 6961 5186 10965 18645 12883 1714 2093 465 158 123 143 311 205 1403 2736 2040 1273 7568 1911 3728 3646 4596 15464 0 0 273 225 354 302 308 2284 12083 4423 3206 4769 3417 17 59 71 1842 5032 9232 212 218 1480 7262 7448
26 254 99 226 2000 2066 490 84 31 1075 2698 650 762 824 1042 8194 14599 8714 1878 7751 3988 2384 154 13 6936 6359 6641 8281 8730 21073 6742 2263 3106 367 312 208 188 356 165 1953 3948 2017 770 9229 618 4894 4113 3525 12922 0 0 312 316 263 426 376 2886 12575 1313 4158 4126 1123 26 17 109 2197 5699 4019 173 47 1525 3291 3013
36 325 283 347 1281 4997 405 485 107 1108 3060 3134 1552 1899 1622 4839 17912 20704 747 4340 5611 11270 33 104 2875 7323 21612 2710 17190 13536 27627 1579 1820 3997 366 102 154 802 920 764 4702 3596 6511 7437 6772 2148 3234 17459 21598 0 0 766 188 1204 620 1084 2298 12494 9663 4737 10932 6717 99 253 122 4226 8135 12895 886 236 4739 6368 4558
22 239 61 170 2074 1379 468 12 21 1310 2204 365 697 454 709 9588 10096 5076 3024 7892 2581 405 131 0 8449 5540 3967 7793 7974 18674 3924 2594 2484 27 155 322 84 308 22 2369 3585 1199 145 9406 293 6084 4444 2345 7527 0 0 262 281 192 435 29 4514 8978 773 4594 2502 614 16 15 47 2621 4722 1872 129 30 1366 1651 1881
6 25 6 9 181 42 19 0 0 44 45 8 19 8 4 1975 275 46 213 251 25 0 4 0 352 32 24 614 59 390 22 29 20 0 8 6 0 0 0 42 46 17 0 83 1 211 84 19 33 0 0 0 4 0 2 0 55 20 2 48 29 5 0 0 0 15 10 4 0 0 6 3 0
