24 211 110 166 1720 1976 294 65 30 618 1519 862 649 501 596 5547 14832 8659 1539 5105 2525 1781 43 0 3051 3581 6405 5532 6096 12469 7602 877 956 285 137 125 194 336 129 522 2235 939 706 3321 1359 2910 4396 4432 6532 0 0 186 109 222 355 89 1153 5156 2076 2401 2425 944 11 42 29 1094 2793 2568 196 0 1398 1262 1337
26 222 143 182 1304 2462 277 174 47 621 1648 1115 673 680 631 6219 12961 10379 950 3242 2952 4213 12 15 2754 4204 8255 3861 6950 10681 9732 840 761 1051 180 37 196 446 296 388 2218 1376 1626 3723 1484 2227 2887 5307 7988 0 0 212 86 402 274 214 1021 5507 2574 2048 3347 1728 39 57 39 1257 2858 3177 277 47 1343 1687 1347
28 191 169 209 1343 2485 175 211 10 546 1572 1454 540 853 758 5408 16388 8242 1224 2791 2335 4570 6 23 3179 2703 10100 4209 7473 11324 11318 485 642 1410 79 58 40 76 91 488 1380 1339 1944 3278 2495 2108 2986 5448 9049 0 0 89 111 72 146 419 977 5542 3560 2028 2535 2214 2 6 17 935 2660 4554 68 72 1085 2150 1634
17 133 36 100 980 631 211 16 21 476 879 139 288 214 311 7297 4256 2198 1242 3181 894 384 19 0 3803 1169 942 3114 2457 6384 1147 795 854 34 27 65 75 230 51 724 1090 197 100 2443 66 1791 1708 770 3018 0 0 169 44 73 154 56 1092 2673 167 1163 728 142 12 24 42 680 1300 629 101 1 432 591 594
16 125 35 85 974 554 192 14 8 439 765 151 270 146 249 7246 3929 1711 1309 3035 813 322 18 1 3539 1211 1258 3282 2068 5822 953 758 730 28 27 69 23 74 19 654 1013 173 109 2034 58 1669 1612 693 1940 0 0 63 72 35 125 13 1025 2180 275 1328 549 118 1 3 14 545 1097 396 38 0 454 361 461
24 204 105 171 1311 2024 210 90 23 748 1468 734 577 572 628 6294 11753 9429 1417 2812 2082 2544 15 11 3843 2483 5088 3712 7791 10126 7345 754 852 469 48 108 71 251 168 711 1375 447 665 4181 923 2410 2851 4246 8531 0 0 196 60 151 135 243 1647 5091 1585 2018 2152 971 21 18 47 1488 2602 2757 104 3 1156 1575 1424
25 171 117 183 1175 1835 216 34 18 474 1085 1015 574 559 692 6832 13015 6122 1650 2852 2440 744 12 0 3706 1477 5375 4121 5831 8275 9061 615 491 116 26 115 0 154 68 552 1529 368 488 2219 1734 2062 2675 4657 5805 0 0 0 49 112 285 28 915 3570 2801 1410 1853 1481 9 36 0 949 1967 2821 162 0 1455 1561 1620
15 146 57 48 1115 1018 235 50 26 723 446 247 264 97 61 8029 7134 2863 915 4136 1451 1186 25 0 4618 1020 1820 3694 4915 3495 2008 1051 250 191 158 70 127 238 68 997 979 218 198 1546 218 2874 1338 1528 1137 0 0 355 46 127 186 20 1977 439 260 1288 570 172 16 42 4 993 411 190 55 11 257 69 36
16 94 47 73 854 482 115 24 6 270 462 224 227 138 174 6903 4109 608 1254 1813 565 334 9 0 2022 481 1222 3433 1375 3824 847 366 312 84 15 60 27 36 12 344 580 166 126 910 140 1410 1930 849 1010 0 0 39 36 17 116 18 430 1036 386 822 415 197 0 15 7 452 693 380 18 14 390 202 273
7 54 13 8 412 195 36 3 1 192 43 27 42 2 3 3225 1492 691 396 506 115 59 1 0 1453 20 137 1556 697 424 202 90 13 3 1 22 2 6 3 150 62 2 6 97 15 773 202 142 11 0 0 7 2 0 10 0 416 8 10 135 15 0 0 0 0 108 16 0 2 0 11 1 0
23 208 76 177 1304 1640 219 34 6 785 1948 467 488 560 710 4578 8726 8530 1095 2934 1803 1206 33 0 3053 4981 4633 3497 7040 13025 5544 687 1269 101 59 80 23 61 8 648 1403 1117 360 5639 420 2459 2080 2336 9143 0 0 45 123 70 141 118 1926 8063 916 2322 2406 827 2 3 12 1110 3136 2336 30 52 769 1976 1749
25 224 124 176 1333 2327 273 147 36 703 1671 880 653 651 622 5775 11964 10677 1093 3201 2633 3876 31 46 3365 4259 6926 3652 7912 11032 8658 769 940 743 95 91 145 360 243 709 2105 1115 1264 3734 1095 1962 2913 4560 8355 0 0 244 75 256 257 300 1268 5769 1812 2296 3310 1196 12 42 41 1331 2868 3138 204 31 1277 1683 1342
20 153 108 82 1178 1507 240 131 30 601 622 684 359 183 142 7955 11063 3294 1491 3535 2133 2471 37 14 4400 1067 4395 3883 5818 5176 4301 1042 396 669 185 138 160 309 135 891 1350 395 832 1820 985 2401 1744 2975 1677 0 0 263 40 219 186 1 1375 855 1070 1622 1071 519 11 37 0 937 667 438 112 0 496 181 136
24 158 111 165 1294 1591 96 92 10 497 983 820 520 526 586 6893 12380 4920 1443 1689 1062 1870 1 0 3742 1735 3984 4465 5422 8835 6301 245 345 540 59 76 60 36 42 414 607 481 752 2306 1004 2342 3349 3644 5166 0 0 16 62 82 79 100 1011 2872 1938 1471 2056 1159 13 4 14 1095 1802 2488 74 10 1262 1330 1305
11 59 13 42 385 135 9 2 1 259 243 36 105 39 88 3154 894 220 128 93 24 26 0 0 1058 0 200 1375 539 1649 145 4 42 1 0 19 2 0 2 72 0 15 8 958 5 965 495 143 289 0 0 11 0 0 12 6 758 414 52 302 94 16 0 0 2 390 371 62 5 0 109 65 115
20 147 58 132 1006 940 207 31 16 474 1163 287 329 377 445 6680 5999 3185 1133 3026 1189 717 32 0 3571 1923 2070 3229 3175 8348 2349 674 992 91 37 69 42 162 56 496 1226 629 252 3076 179 1913 1616 1224 4672 0 0 83 53 103 182 93 997 3954 426 1188 1383 452 8 10 37 734 1733 1295 72 29 476 1134 894
18 105 44 109 977 536 125 26 22 371 729 191 238 244 355 7597 4329 898 1340 2207 574 480 17 0 3364 567 1152 3591 2078 7226 1109 433 469 71 34 89 114 178 50 487 668 216 185 2161 67 1636 1726 555 2262 0 0 142 55 78 118 63 972 2454 308 1054 696 212 2 45 16 434 1052 737 118 4 408 686 727
16 119 45 75 904 660 187 16 7 427 661 205 225 172 167 6266 4264 1681 1304 2606 1068 378 31 0 3004 991 1596 3258 2414 5420 1397 804 573 34 55 63 50 38 8 616 946 373 128 1789 150 1692 1134 725 1798 0 0 60 82 46 90 12 967 1441 258 1174 784 237 4 3 6 480 695 493 32 4 293 298 206
13 72 19 59 437 203 14 3 0 287 263 54 199 92 137 4246 1114 126 149 140 36 34 0 0 1305 81 64 1404 878 1779 288 7 48 3 0 18 0 0 0 94 0 13 15 801 21 1059 1016 278 471 0 0 0 0 0 42 9 702 476 45 319 498 42 0 0 0 723 441 201 0 3 324 190 186
23 118 75 178 966 1060 91 6 0 387 950 534 293 489 742 6592 8793 2512 1351 1744 953 137 14 0 3256 606 2330 3601 3999 7681 4644 250 414 8 6 103 0 0 0 334 427 266 86 2157 712 1739 1877 2038 5311 0 0 0 15 0 104 18 857 3695 1259 982 981 679 0 0 0 688 1703 2509 0 18 477 1596 1970
7 45 6 15 327 57 46 1 2 137 113 7 48 13 14 3169 365 50 344 442 61 13 1 0 788 112 43 1093 175 804 8 186 44 0 3 12 1 17 2 97 142 32 3 254 0 650 274 29 81 0 0 7 28 4 6 1 265 73 2 174 53 2 1 0 2 105 85 12 2 0 23 9 6
13 81 31 47 739 310 73 14 13 251 284 113 176 73 86 5933 2727 342 1201 1157 226 170 4 0 2161 298 515 2863 952 2534 359 168 134 39 19 58 60 52 15 248 362 76 51 521 52 1310 1358 501 485 0 0 84 13 53 51 11 461 483 146 623 267 73 5 17 13 411 330 158 28 4 255 84 97
5 27 1 9 358 9 22 0 0 72 67 0 16 3 7 2741 90 0 629 528 2 0 0 0 657 66 0 1786 34 904 0 59 32 0 0 39 0 0 0 46 50 10 0 144 0 578 173 0 19 0 0 0 11 0 2 0 110 49 0 70 8 0 0 0 0 20 28 0 0 0 4 3 2
11 82 15 40 568 194 90 1 5 309 368 39 124 54 71 4948 1197 432 697 1190 151 18 0 0 2279 489 270 1781 628 2418 182 262 261 0 34 50 27 30 1 387 380 147 7 1153 12 1050 629 162 503 0 0 50 41 18 39 1 656 593 30 553 229 32 3 1 8 350 398 96 16 0 98 83 69
20 83 46 144 662 426 22 8 3 206 703 258 221 288 586 6397 2987 899 696 346 142 100 0 0 1170 571 940 2656 1061 6118 1140 49 134 10 0 12 5 0 6 56 114 124 84 1514 162 1308 1453 718 2041 0 0 0 0 33 14 32 348 2981 643 557 726 307 3 0 0 388 1352 1007 15 18 384 1008 1574
22 143 82 149 1099 1234 208 58 15 536 1069 491 335 484 507 7537 8786 2459 1227 3207 2014 1224 62 2 4172 1480 3044 3432 5015 8561 4266 792 753 209 91 59 61 152 77 801 1219 617 521 2897 464 2037 1796 1763 5160 0 0 118 84 113 115 155 1267 3576 860 1550 1703 746 10 5 29 828 1458 1941 71 37 543 1344 1036
13 96 21 57 857 267 109 3 4 317 413 74 232 74 135 7025 2159 594 1163 1874 276 58 14 0 2834 594 408 3381 859 4048 320 374 238 2 18 69 23 35 6 389 565 152 22 1080 18 1538 1547 357 677 0 0 28 33 9 97 4 614 837 124 807 361 59 3 0 2 512 553 130 27 6 409 152 198
5 33 2 8 277 18 27 0 1 88 54 1 29 4 5 2451 141 35 269 334 14 0 0 0 557 61 5 933 26 482 3 66 11 0 1 31 6 5 0 38 50 14 0 123 0 483 183 3 18 0 0 6 0 1 14 0 170 23 0 99 18 0 0 0 0 49 23 2 2 0 13 2 1
26 216 133 192 1499 2377 239 129 28 680 1755 1059 606 687 725 4591 15065 10365 1258 3439 2501 3483 22 6 2958 3911 8331 4280 8024 12620 9823 604 1019 725 102 109 120 248 203 596 1721 1189 1280 4232 1528 2525 3327 4807 9045 0 0 192 90 198 243 213 1374 6628 2602 2320 2842 1494 16 34 39 1100 2996 3441 164 34 1179 1938 1689
9 67 3 33 367 44 33 0 3 279 218 3 134 15 66 3071 186 65 106 317 6 0 2 0 1249 200 2 1271 230 1339 39 69 34 0 0 14 0 11 0 96 143 0 0 729 0 814 460 4 100 0 0 33 0 0 35 0 873 366 1 458 120 0 0 3 0 391 286 15 15 0 165 30 80
19 133 58 113 1061 865 174 39 26 486 865 298 306 273 359 7774 6223 2081 1342 2931 1126 809 20 1 4154 1120 1840 3913 3353 7586 2331 582 589 130 119 51 108 224 79 632 953 310 292 2394 180 1900 1571 1119 2895 0 0 250 48 174 120 68 1243 2655 556 1347 1120 307 13 25 41 689 1332 922 98 16 470 675 729
21 130 90 120 967 1000 160 87 40 317 804 535 358 379 329 7079 6769 2168 1044 2483 1087 1206 5 2 2271 1232 2797 3765 2270 6520 2609 436 442 396 61 37 265 265 170 258 1032 629 629 1729 580 1489 2002 1880 2917 0 0 172 37 227 187 137 621 2178 839 1149 1329 606 23 78 31 487 1165 1531 176 16 666 722 527
8 57 10 18 585 128 53 0 5 230 129 21 66 18 17 4631 1143 108 879 958 116 0 2 0 1935 206 57 2608 562 1521 116 156 46 0 4 56 52 33 0 255 98 48 0 357 9 1141 511 122 168 0 0 41 24 12 39 0 545 103 9 208 55 6 2 4 2 219 88 30 8 0 37 9 7
20 139 61 129 1152 893 94 40 14 410 816 331 452 316 453 7201 6979 2959 1168 1754 528 821 0 0 2837 1616 1436 4288 2911 7749 2387 215 276 158 42 74 98 84 52 244 736 252 292 1885 251 2140 2832 1641 3287 0 0 52 28 72 81 72 825 2386 619 1108 1477 269 12 13 14 905 1556 1328 88 0 1091 835 1021
24 204 105 171 1311 2024 210 90 23 748 1468 734 577 572 628 6294 11753 9429 1417 2812 2082 2544 15 11 3843 2483 5088 3712 7791 10126 7345 754 852 469 48 108 71 251 168 711 1375 447 665 4181 923 2410 2851 4246 8531 0 0 196 60 151 135 243 1647 5091 1585 2018 2152 971 21 18 47 1488 2602 2757 104 3 1156 1575 1424
28 172 168 210 1372 2133 218 155 42 449 1361 1553 533 797 771 6241 16303 5096 1138 3850 2592 3104 41 16 2319 2124 8821 4940 5970 11050 9904 741 680 923 78 40 184 448 281 425 1560 1097 1774 2654 2910 2312 3575 4966 7366 0 0 245 53 379 303 191 819 4749 4252 1666 2382 2454 15 81 30 779 2343 4127 240 68 1202 2072 1688
19 91 76 95 853 607 56 59 16 222 521 441 239 233 236 7178 5333 766 1237 909 324 626 0 1 1719 494 1876 3536 1383 4648 1307 125 181 256 50 32 51 68 55 190 355 420 413 912 433 1408 2111 1143 1313 0 0 64 48 125 40 15 347 1130 782 789 743 412 2 23 1 422 849 816 45 26 405 355 367
19 143 51 120 1043 851 250 21 16 484 1045 249 323 306 393 6778 5992 2702 1180 3906 1371 477 54 0 3730 1417 1772 3262 3022 7704 2017 994 1056 53 30 74 54 182 48 617 1411 373 164 2888 161 2052 1794 1222 4025 0 0 84 56 78 240 66 1018 3363 402 1126 1064 356 6 18 40 790 1637 988 70 15 470 893 778
10 77 13 32 519 168 135 1 6 300 291 34 111 33 52 4294 1102 202 587 1648 274 15 21 0 2102 318 252 1554 634 1899 122 556 281 0 23 55 18 38 5 487 456 46 7 930 6 1024 518 170 324 0 0 45 35 21 83 0 655 429 36 437 123 22 4 1 8 323 321 48 12 0 83 42 49
14 76 25 66 471 260 20 4 0 286 264 86 232 116 158 4638 1496 150 193 212 72 44 0 0 1385 69 113 1552 1066 1904 444 16 48 6 0 18 0 0 0 122 28 11 22 699 45 1072 1166 426 559 0 0 0 0 0 56 10 645 497 88 391 620 75 0 0 0 781 430 296 0 3 436 235 221
25 210 111 189 1335 2164 231 60 15 757 1712 870 567 633 737 5205 12531 10174 1300 3229 2389 1856 34 0 3459 2901 6821 3568 8254 11490 9018 799 1087 286 61 96 60 196 100 589 1508 729 556 4847 1288 2426 2653 4604 9610 0 0 117 104 96 182 192 1705 6586 2183 2146 2089 1333 7 14 32 1395 3033 3089 89 18 1041 1939 1766
25 129 105 195 1090 1427 123 16 0 416 977 889 346 589 806 6629 12192 3104 1525 2423 1531 352 12 0 3632 545 3943 3997 5139 7848 7386 366 458 39 18 105 0 0 0 460 587 318 246 2129 1446 1878 2478 3195 5897 0 0 0 25 0 188 28 853 3646 2485 1078 1115 1289 0 0 0 819 1794 3171 0 18 618 1818 2110
19 133 58 113 1061 865 174 39 26 486 865 298 306 273 359 7774 6223 2081 1342 2931 1126 809 20 1 4154 1120 1840 3913 3353 7586 2331 582 589 130 119 51 108 224 79 632 953 310 292 2394 180 1900 1571 1119 2895 0 0 250 48 174 120 68 1243 2655 556 1347 1120 307 13 25 41 689 1332 922 98 16 470 675 729
21 73 68 142 620 478 16 12 4 202 524 468 225 320 530 6156 3877 447 680 259 100 134 0 0 1468 101 1492 2359 1325 5112 1333 20 66 36 0 4 10 14 24 90 124 49 94 1236 617 1138 1325 1196 1893 0 0 26 0 0 8 50 412 1971 1114 715 323 369 2 2 12 367 1092 1616 36 5 530 763 1321
23 146 95 158 1149 1362 190 70 15 530 1096 625 362 535 541 7612 9982 2656 1271 3066 1904 1425 39 2 4235 1595 3782 3683 5317 8896 5038 626 741 286 102 59 67 127 73 773 1188 685 658 2823 690 2039 2081 2189 5391 0 0 120 80 128 110 162 1190 3683 1211 1620 1851 975 6 7 31 884 1533 2269 69 39 628 1456 1107
11 82 15 40 568 194 90 1 5 309 368 39 124 54 71 4948 1197 432 697 1190 151 18 0 0 2279 489 270 1781 628 2418 182 262 261 0 34 50 27 30 1 387 380 147 7 1153 12 1050 629 162 503 0 0 50 41 18 39 1 656 593 30 553 229 32 3 1 8 350 398 96 16 0 98 83 69
29 219 198 208 1154 3116 261 320 32 612 1638 1754 657 878 702 5875 14892 11346 792 2782 3618 7366 22 81 2677 3130 12787 3161 9160 9425 14551 904 751 2207 103 58 130 344 241 471 2221 1365 3209 3275 3034 1762 2590 7020 9097 0 0 150 90 344 187 373 1050 5033 4281 2019 3548 2785 26 27 29 1240 2798 4223 196 70 1318 2102 1386
23 208 82 171 1353 1750 225 40 13 792 1738 536 531 530 665 5406 9927 9103 1335 3229 1896 1324 34 0 3673 3664 4583 3693 7280 11921 6058 749 1111 155 59 98 54 165 68 661 1440 718 323 5052 629 2449 2481 3148 8855 0 0 114 106 68 169 167 1904 6815 1113 2404 2048 756 6 12 30 1281 2909 2397 83 18 956 1699 1598
21 74 76 134 622 511 26 25 6 219 441 528 258 313 464 6163 4272 207 668 402 182 223 0 2 1532 6 1527 2234 1592 4541 1430 51 36 100 0 0 14 26 42 146 232 8 182 1111 691 1154 1404 1389 1593 0 0 34 0 0 22 60 457 1518 1251 757 421 474 6 3 12 437 881 1475 54 3 700 681 1066
10 58 5 40 363 52 8 1 1 254 252 5 108 27 87 2988 287 37 97 80 8 12 0 0 1023 128 22 1258 245 1649 5 4 40 0 0 18 2 0 1 70 0 17 2 948 0 939 507 38 180 0 0 11 0 0 12 5 756 453 2 302 102 0 0 0 2 390 384 25 5 0 110 61 115
14 87 14 77 921 146 75 0 6 238 515 39 229 90 235 7766 1259 295 1327 1403 96 0 4 0 2116 585 234 3955 371 5410 145 139 234 0 13 78 51 31 0 249 496 163 0 1125 10 1376 2031 126 616 0 0 39 57 18 59 0 514 1518 40 961 342 32 0 6 3 299 801 205 39 0 465 258 456
6 39 3 12 341 28 33 0 2 116 81 3 41 6 11 2664 225 22 456 370 10 0 1 0 747 101 24 1262 88 537 2 102 40 0 2 29 2 14 0 110 81 5 0 195 0 534 365 12 30 0 0 10 12 4 10 0 230 84 1 171 26 0 1 0 2 57 29 6 2 0 31 3 5
10 72 9 36 761 116 79 0 1 235 330 20 100 32 68 5227 1087 284 1544 1505 122 0 7 0 2198 614 146 3052 357 3453 76 228 234 0 4 77 12 10 0 282 299 72 0 901 1 1538 884 91 322 0 0 11 27 3 23 0 439 639 21 444 123 14 0 0 1 201 311 45 4 0 89 53 76
25 123 138 162 933 1332 92 182 20 334 980 1010 300 608 500 6686 9267 2569 1111 1504 942 2546 2 26 2554 1178 5408 3547 3505 8121 4497 182 428 1035 52 49 83 95 125 276 617 959 1610 2433 1302 1601 1749 2374 4607 0 0 94 42 159 63 220 777 3068 2050 1058 1378 1480 7 30 22 456 1445 2612 94 55 495 1351 909
22 120 75 156 949 978 61 38 6 361 882 494 324 398 610 6844 7201 2592 1061 1111 546 739 0 0 2538 934 2506 3727 3296 7579 3610 121 239 173 40 60 49 40 38 212 372 336 322 1992 459 1685 1847 1516 3971 0 0 37 33 30 42 54 800 3133 1229 1174 1247 569 0 5 8 541 1466 1735 34 12 726 1211 1551
24 213 95 181 1343 1889 255 72 19 694 1862 627 555 620 705 4844 10235 8984 915 3046 2464 2213 16 0 2705 5140 5175 3997 6783 12735 6894 820 1221 322 80 61 54 211 84 668 1513 1306 751 4608 518 2437 2695 3023 8674 0 0 139 100 191 228 117 1294 7398 1330 1922 3090 1130 7 19 24 1248 3189 2699 81 61 909 2008 1690
13 104 30 48 878 394 138 4 15 386 372 124 226 70 88 7500 3141 822 1211 2169 437 64 17 0 2919 479 773 3365 1370 3655 593 580 223 4 41 89 91 119 18 552 727 137 26 1052 83 1729 1159 593 597 0 0 117 43 60 75 6 887 664 172 955 368 96 21 7 15 548 331 140 58 3 357 86 99
16 96 9 111 705 133 64 0 9 238 719 18 285 90 452 6534 806 474 571 850 79 0 1 0 1160 1090 34 2733 383 5409 146 144 184 0 0 12 34 77 0 81 434 30 0 1487 6 1232 1712 106 1004 0 0 56 3 0 93 0 399 2869 9 806 320 6 0 18 9 419 1446 171 81 0 646 408 1220
6 37 2 13 362 18 39 0 0 102 99 1 34 6 13 3425 167 36 442 714 0 0 4 0 835 119 4 1412 40 1016 6 188 73 0 0 23 0 0 0 80 122 15 0 263 0 622 262 1 19 0 0 0 7 0 0 0 152 108 0 89 35 0 0 0 0 59 46 3 0 0 18 6 6
28 187 157 221 1266 2218 156 109 14 506 1753 1454 525 847 866 4958 13921 7518 957 1969 1874 2649 5 0 2246 3654 10323 4124 6273 12877 10168 382 890 559 89 46 39 106 72 424 1066 1556 1433 3991 2658 2283 2668 4778 9214 0 0 69 83 182 138 174 882 6879 4082 1557 2615 2506 1 15 22 885 3165 4476 58 92 987 2444 2051
18 130 62 91 971 803 186 47 19 413 739 307 315 237 225 6765 5394 1783 1200 2969 1012 835 32 0 3054 1296 1970 3417 2528 6077 1667 706 564 176 48 62 118 118 56 549 1172 457 308 1815 231 1559 1583 1271 2051 0 0 130 61 102 148 45 859 1827 425 1286 1067 316 3 27 12 628 1021 806 80 5 498 424 324
12 70 23 43 801 248 64 0 1 236 332 87 94 56 77 5464 2686 431 1580 1319 206 0 0 0 2211 361 578 3278 786 3737 382 169 199 0 23 72 12 8 0 255 245 129 0 936 54 1605 891 258 489 0 0 11 32 5 23 0 442 630 108 461 128 58 0 0 1 201 300 127 4 0 82 67 81
19 86 32 139 663 356 25 4 0 218 750 143 221 246 576 6393 2295 898 701 349 144 60 0 0 1184 749 513 2657 930 6181 837 49 149 4 0 12 0 0 0 65 123 116 30 1610 61 1307 1437 506 2038 0 0 0 3 0 17 26 362 3202 295 578 695 163 0 0 0 403 1434 765 0 18 374 950 1564
10 104 22 23 799 429 225 10 15 553 241 57 118 32 21 6156 2991 1011 685 3543 798 262 39 0 3378 601 471 2673 2358 1997 476 1197 207 17 44 93 72 198 30 1045 644 42 26 868 37 2139 540 370 476 0 0 148 18 41 89 10 1693 204 28 707 168 10 16 7 4 432 136 61 31 0 67 13 8
18 170 61 92 1125 1174 406 38 25 657 924 306 371 250 222 6908 7212 3782 1134 5684 2649 1017 56 0 3738 1865 2604 3215 4738 6295 2851 2116 1065 111 108 102 107 321 80 1017 2189 393 278 2541 295 2488 1610 1690 3461 0 0 170 73 143 339 70 1483 2063 381 1652 1300 315 32 16 28 1002 1154 859 117 5 514 447 299
5 32 4 6 262 38 19 0 5 84 34 4 23 4 2 2029 247 67 328 216 14 0 0 0 612 22 18 951 83 316 18 40 9 0 15 21 30 8 0 47 41 5 0 54 1 402 124 10 16 0 0 43 9 2 2 0 129 12 0 86 22 0 1 4 0 34 5 4 5 0 6 0 0
13 80 36 42 515 355 120 17 26 278 279 134 137 77 58 4955 2228 309 439 1129 464 216 12 0 1753 125 672 1608 1134 1999 485 479 208 37 22 50 73 186 43 404 426 119 86 843 94 1010 581 414 485 0 0 139 16 123 78 10 596 335 120 430 309 92 46 28 0 349 286 174 64 5 114 51 46
4 22 0 6 296 0 30 0 0 46 38 0 14 0 4 2297 0 0 505 708 0 0 0 0 471 10 0 1506 0 560 0 99 30 0 0 36 0 0 0 42 48 0 0 72 0 412 141 0 0 0 0 0 5 0 6 0 48 22 0 36 0 0 0 0 0 15 16 0 0 0 4 0 1
16 94 23 97 962 261 85 2 6 291 699 75 219 166 317 7636 2292 442 1441 1541 227 33 2 0 2509 845 501 3874 873 7193 369 229 370 1 6 75 44 37 3 284 539 325 16 1773 19 1675 1780 200 1369 0 0 46 80 22 51 8 707 2341 87 1079 552 104 2 2 9 295 996 396 46 12 408 535 642
21 73 68 142 620 478 16 12 4 202 524 468 225 320 530 6156 3877 447 680 259 100 134 0 0 1468 101 1492 2359 1325 5112 1333 20 66 36 0 4 10 14 24 90 124 49 94 1236 617 1138 1325 1196 1893 0 0 26 0 0 8 50 412 1971 1114 715 323 369 2 2 12 367 1092 1616 36 5 530 763 1321
19 86 32 139 663 356 25 4 0 218 750 143 221 246 576 6393 2295 898 701 349 144 60 0 0 1184 749 513 2657 930 6181 837 49 149 4 0 12 0 0 0 65 123 116 30 1610 61 1307 1437 506 2038 0 0 0 3 0 17 26 362 3202 295 578 695 163 0 0 0 403 1434 765 0 18 374 950 1564
7 46 4 17 342 50 24 0 0 154 86 6 70 8 21 2261 370 136 108 203 25 0 2 0 596 32 34 1455 159 696 24 63 14 0 0 10 0 0 0 84 61 0 0 251 0 716 356 34 68 0 0 0 0 0 22 0 413 113 4 274 32 0 0 0 0 120 35 12 0 0 83 4 15
20 99 41 149 762 563 52 6 0 294 828 205 245 310 619 6479 4005 1390 908 892 431 108 4 0 2078 784 809 3007 2103 6788 1864 160 259 9 0 50 0 0 0 170 214 162 70 1702 99 1375 1396 702 2964 0 0 0 7 0 42 14 640 3477 423 879 1013 293 0 0 0 451 1420 1076 0 18 425 1174 1669
23 118 75 178 966 1060 91 6 0 387 950 534 293 489 742 6592 8793 2512 1351 1744 953 137 14 0 3256 606 2330 3601 3999 7681 4644 250 414 8 6 103 0 0 0 334 427 266 86 2157 712 1739 1877 2038 5311 0 0 0 15 0 104 18 857 3695 1259 982 981 679 0 0 0 688 1703 2509 0 18 477 1596 1970
6 42 3 12 378 44 44 0 0 134 100 3 33 6 11 3457 341 136 479 780 6 0 9 0 1034 108 12 1458 165 1005 30 201 71 0 4 26 0 0 0 91 141 10 0 253 0 725 199 8 44 0 0 0 7 0 1 0 242 93 1 124 44 0 0 0 0 64 47 6 0 0 11 3 5
28 206 172 206 1459 2671 235 238 41 570 1583 1468 613 822 748 5035 17726 9809 1137 3592 2928 5247 20 25 2765 2793 10097 4592 7750 11561 11906 621 799 1701 72 84 176 344 353 523 1646 1112 2014 3350 2462 2315 3563 6067 9237 0 0 238 74 253 314 434 987 5601 3620 2098 2713 2071 15 86 43 962 2673 4420 245 38 1303 2050 1640
11 71 21 34 646 231 50 10 11 233 201 53 128 53 49 5325 1972 358 995 762 131 144 0 0 1989 190 232 2460 738 1901 210 99 71 18 4 48 62 47 20 193 189 50 30 389 20 1213 958 252 380 0 0 94 10 16 31 14 457 247 32 425 199 20 10 15 10 332 184 112 23 1 152 42 41
20 148 56 134 1015 894 167 27 13 470 1222 270 335 387 456 6689 5597 3207 1166 2414 913 638 15 0 3572 2440 1933 3278 2964 8877 2174 448 854 69 33 66 44 116 39 450 1050 850 231 3217 176 1876 1626 1099 4662 0 0 83 58 93 120 90 986 4188 360 1206 1504 429 4 6 28 726 1836 1348 62 39 487 1184 919
24 208 117 159 1341 2123 159 140 30 773 1423 808 589 538 538 6935 11587 9361 1528 2264 1555 3637 6 30 3781 3123 5971 3939 8191 10023 7359 480 495 723 171 68 87 215 214 541 1172 734 1207 3945 847 2553 3059 4134 7115 0 0 270 72 237 110 167 1743 4397 1725 2185 2695 1097 21 32 26 1573 2487 2351 119 24 1124 1299 1156
25 221 108 192 1280 2276 262 76 11 836 1916 793 545 670 761 4212 11601 11330 1036 3298 2827 2561 52 0 3319 3900 7076 3087 9519 12110 9419 924 1266 356 57 91 50 140 62 726 1593 1007 771 5478 918 2309 2114 3997 10452 0 0 76 107 104 231 189 2000 7722 1910 2277 2638 1390 7 4 21 1350 3149 3010 58 48 877 2205 1853
25 197 140 160 1478 2047 292 159 65 484 1161 1091 695 561 489 7687 14307 6858 1168 5121 2579 2918 26 13 2122 2345 6363 5742 5092 9414 7542 958 504 918 123 39 361 587 348 240 2442 804 1501 2041 1574 2573 4316 5221 5061 0 0 268 36 547 448 109 795 2940 2420 1811 3052 1591 37 104 19 1165 2077 2426 373 47 1595 1146 905
11 88 8 47 788 117 91 0 3 279 335 15 211 42 108 6918 846 364 1038 1477 110 0 9 0 2492 559 73 3275 346 3174 82 244 186 0 10 45 30 28 0 308 406 77 0 776 1 1345 1517 90 404 0 0 21 29 5 90 0 481 612 11 667 227 8 1 1 3 489 461 67 17 3 362 87 153
24 161 111 165 1126 1634 162 120 20 500 1239 733 395 616 555 6749 10640 5063 1194 2488 1821 2711 0 0 3828 2016 4383 3797 5452 9161 6044 450 571 647 50 64 104 170 122 574 924 1115 989 2765 699 1961 2106 2583 6207 0 0 131 57 163 120 237 1026 4200 1407 1332 2275 1271 8 27 15 902 1785 2562 86 60 616 1665 1089
16 96 9 111 705 133 64 0 9 238 719 18 285 90 452 6534 806 474 571 850 79 0 1 0 1160 1090 34 2733 383 5409 146 144 184 0 0 12 34 77 0 81 434 30 0 1487 6 1232 1712 106 1004 0 0 56 3 0 93 0 399 2869 9 806 320 6 0 18 9 419 1446 171 81 0 646 408 1220
26 214 124 201 1221 2334 195 112 16 763 1914 939 535 762 787 4360 11579 10698 961 2226 2157 3434 2 0 2871 4077 7958 3124 9160 12217 9600 545 1123 572 64 67 44 124 78 627 1185 1310 1248 5172 1070 2253 2016 4004 10622 0 0 80 105 192 143 184 1751 7711 2201 2191 3012 1747 12 16 14 1224 3041 3580 68 72 877 2392 1884
18 108 42 111 960 554 121 18 10 392 800 182 231 254 362 7465 4253 1097 1352 2046 619 357 15 0 3458 795 1266 3549 2153 7453 1154 389 528 37 45 84 60 88 22 494 666 295 130 2399 99 1691 1538 570 2614 0 0 94 65 40 78 66 1005 2649 265 1104 738 210 2 10 16 455 1111 785 62 13 381 720 735
22 125 97 134 877 1070 153 89 23 353 903 621 303 431 399 6740 6780 2248 967 2264 1239 1474 29 5 2661 1040 3701 3239 3117 7012 3072 562 628 383 44 54 80 175 96 414 923 653 778 2087 684 1434 1488 1679 3584 0 0 116 31 174 124 127 809 2712 1133 1223 1299 810 6 22 32 429 1254 1722 114 31 526 921 721
26 205 146 179 1228 2325 308 157 44 576 1450 1187 631 659 597 6903 12948 7955 893 4026 3356 3508 64 19 3155 3184 8460 3723 6768 9536 9659 1067 897 894 144 50 216 440 231 551 2473 1085 1559 3092 1822 2007 2541 5072 6901 0 0 216 81 421 267 188 1018 4440 2805 2036 3078 1840 27 52 45 1117 2400 3012 255 39 1344 1587 1185
16 111 31 89 957 417 127 7 12 364 702 134 261 145 274 8010 3132 1054 1395 2035 424 133 6 0 3078 1006 921 3745 1352 6469 767 350 414 8 42 79 76 95 15 434 742 220 58 1990 66 1649 1588 512 1453 0 0 106 54 70 115 17 902 2107 248 1128 540 95 8 5 21 434 1074 412 52 9 473 363 544
20 106 39 151 815 598 55 0 0 346 906 196 255 310 634 6449 4500 1595 1039 1015 454 0 4 0 2698 951 808 3064 2522 7220 1986 154 268 0 0 57 0 0 0 245 243 226 0 2023 153 1425 1367 785 3482 0 0 0 11 0 40 0 818 3746 357 1009 932 221 0 0 0 510 1571 1207 0 18 434 1171 1718
11 59 13 42 385 135 9 2 1 259 243 36 105 39 88 3154 894 220 128 93 24 26 0 0 1058 0 200 1375 539 1649 145 4 42 1 0 19 2 0 2 72 0 15 8 958 5 965 495 143 289 0 0 11 0 0 12 6 758 414 52 302 94 16 0 0 2 390 371 62 5 0 109 65 115
19 109 49 122 961 625 114 21 6 398 889 233 218 304 411 7497 4842 1179 1390 1857 675 413 10 0 3448 930 1668 3498 2387 8207 1448 374 570 43 47 60 35 53 11 399 662 413 176 2680 139 1828 1368 651 3063 0 0 51 90 36 46 74 1023 3085 382 1118 812 315 0 3 17 464 1252 958 32 25 308 910 854
11 66 18 37 750 197 62 0 0 226 293 59 85 44 62 5185 2166 322 1486 1339 170 0 0 0 2202 367 388 3040 644 3334 250 185 175 0 22 71 0 0 0 263 217 108 0 856 35 1476 736 198 390 0 0 0 26 0 29 0 443 538 58 432 99 24 0 0 0 164 234 110 0 0 78 42 61
20 82 56 134 620 466 26 10 7 202 562 353 258 272 505 6156 3287 758 680 289 157 124 0 0 1468 335 1128 2359 1126 5082 1241 23 81 25 0 4 10 25 20 90 183 32 76 1233 398 1138 1325 1106 1763 0 0 26 0 33 24 44 412 2150 816 715 482 233 2 5 12 367 1161 1293 51 2 596 678 1280
20 114 58 132 1013 765 115 34 11 426 911 285 234 372 449 7844 5946 1362 1432 2004 875 687 2 0 3664 946 1707 3608 3068 8402 2133 359 542 99 55 53 68 83 35 504 575 490 285 2587 153 1920 1622 790 3546 0 0 112 85 77 55 95 1055 3227 438 1127 1150 448 3 8 22 597 1220 1255 48 29 316 1116 927
18 138 42 111 990 723 236 16 14 485 997 183 299 258 359 6796 4890 2404 1168 3599 1142 384 37 0 3803 1370 1368 3082 2720 7304 1477 946 1034 34 32 66 43 151 35 693 1327 294 116 2803 103 1869 1542 946 3566 0 0 90 55 62 179 56 1082 3187 261 1202 888 230 4 13 40 711 1513 790 61 10 434 753 707
10 74 20 25 610 274 56 0 5 282 162 67 110 26 27 5788 2041 698 744 931 139 0 1 0 2233 132 303 2362 1057 1576 448 147 83 0 36 43 32 32 0 259 190 59 0 388 48 1101 642 324 176 0 0 38 7 20 30 0 635 159 57 401 149 27 10 0 3 317 103 52 17 0 90 12 14
18 160 59 94 1110 1056 353 33 24 590 900 298 358 249 236 6856 6766 3186 1177 5194 2178 845 80 0 3685 1635 2369 3422 4055 6621 2520 1734 979 93 86 94 104 290 74 876 1944 387 243 2392 285 2309 1655 1555 3208 0 0 193 61 136 305 66 1280 2133 396 1478 1195 309 22 16 28 934 1198 852 114 6 512 474 336
12 88 19 47 813 249 100 0 2 280 395 61 160 68 91 5887 1843 627 1472 1602 241 0 21 0 2297 578 402 3120 752 3674 328 341 240 0 37 73 12 14 0 318 499 171 0 952 30 1391 1225 227 596 0 0 18 49 10 53 0 565 709 60 762 372 50 0 1 0 298 405 149 8 0 193 107 99
23 182 116 137 1156 1836 309 127 28 620 1172 792 470 471 381 6852 11023 5440 1036 4138 2840 3016 25 5 3759 2175 5866 3328 6534 7894 6084 1246 946 646 107 85 102 333 144 707 2141 833 1092 2871 972 2307 1999 3329 5179 0 0 168 75 225 269 136 1294 3046 1481 1781 2140 1121 18 25 25 1125 1697 1791 144 33 797 982 596
