21 171 96 114 1234 1723 232 108 29 577 1079 574 280 352 296 4657 11538 7029 1349 3261 2294 2864 76 7 3457 2002 5245 3388 6199 8152 5662 690 739 542 101 101 127 309 175 722 1108 632 673 2769 635 2000 1388 2005 4686 0 0 209 106 211 95 159 1160 2958 943 1337 1183 596 14 23 25 499 973 1341 94 18 316 620 451
19 127 67 104 757 1057 200 50 21 348 747 349 220 291 279 4788 6201 3291 960 2579 1746 1130 5 6 2194 1124 2228 2264 3194 4544 3168 746 657 163 96 105 86 215 109 468 738 265 368 1607 307 1124 843 1259 3447 0 0 124 41 134 122 82 587 1884 500 625 828 375 15 15 25 342 857 1044 59 11 221 580 440
19 127 65 106 721 1028 195 38 15 367 806 348 211 295 288 4195 5768 3123 922 2407 1722 864 22 0 2164 1368 2557 1943 3274 4709 3125 739 700 122 107 96 34 140 63 531 804 348 284 1869 336 1130 627 1184 3572 0 0 89 64 106 72 80 687 2076 512 748 769 408 7 6 27 306 898 1060 47 10 212 610 454
24 178 137 139 929 2100 243 131 23 446 1022 1111 463 399 383 5008 10823 7705 881 2576 2825 2955 25 6 2057 1599 7609 2478 5385 5733 8719 703 694 720 126 64 45 207 149 469 1483 528 1221 1854 2015 1109 1468 4483 4228 0 0 138 59 212 190 66 595 2515 2487 1277 1539 1083 11 13 12 791 1393 1762 107 20 848 595 651
20 88 50 140 454 519 52 20 4 196 769 242 188 356 522 3055 2548 1133 546 595 296 325 1 0 1185 888 1127 1097 1258 4266 1274 98 335 49 31 17 12 19 16 134 284 296 174 1522 126 466 585 634 2915 0 0 32 35 27 27 68 290 3081 392 454 775 383 0 1 6 229 1116 1222 21 16 272 1200 1215
15 136 29 76 1046 622 183 15 13 491 900 93 178 146 201 5357 3982 3053 1239 2614 952 464 14 2 3187 2551 995 3014 2576 7263 1218 687 726 27 51 69 45 146 43 565 652 366 77 2593 14 1836 1060 303 2296 0 0 136 71 64 43 41 1072 2608 111 809 675 98 8 5 22 372 839 323 30 5 144 345 322
23 156 115 138 836 1640 201 129 34 380 1016 775 354 478 389 5055 8531 5281 729 2272 2125 2696 3 14 2378 1778 4968 2325 4271 5983 5850 612 680 690 110 52 42 259 220 392 1064 754 949 1827 939 898 1124 2620 4761 0 0 216 73 257 147 195 558 2712 1462 964 1682 1109 23 33 42 518 1326 1862 129 35 505 972 628
23 83 102 151 514 814 53 94 11 205 586 685 202 490 502 3586 4961 891 574 690 535 1174 2 4 1347 444 2693 1279 2218 3887 2872 152 162 456 40 14 37 78 52 168 339 302 794 1236 798 612 811 1253 2944 0 0 70 32 75 26 158 332 1880 1359 550 680 856 2 12 8 216 767 2219 72 14 462 1163 1034
18 138 72 81 1002 1097 170 65 18 439 771 384 221 189 178 5883 7196 3938 1049 2479 1243 1540 10 8 2593 1573 3343 3079 3489 6126 2645 581 529 261 80 86 81 148 79 369 788 337 349 2128 403 1762 1101 1262 2335 0 0 143 50 110 91 72 928 1865 591 945 712 273 7 17 20 372 696 609 45 3 253 247 244
14 64 22 69 580 199 18 1 0 154 397 68 118 125 170 4203 1703 284 962 374 60 14 0 0 1441 522 325 1852 506 3588 262 18 59 0 12 24 0 0 0 65 99 243 8 737 24 696 855 182 884 0 0 0 34 0 8 3 212 957 61 447 263 87 0 0 0 156 446 279 0 17 175 279 243
17 122 71 65 918 998 190 71 38 318 394 359 242 134 116 6199 7288 2985 1053 2868 1511 1274 49 6 2395 494 1881 2899 2642 3275 2650 692 220 285 73 55 186 295 166 321 764 118 376 735 372 1339 1418 1532 1145 0 0 196 21 182 125 24 429 531 484 533 518 200 31 54 3 460 440 364 111 5 288 140 124
24 121 125 151 802 1352 113 156 22 243 799 853 294 576 439 4716 8707 3009 851 1531 1315 2498 14 22 1633 993 3828 2356 2860 5518 5039 267 357 837 88 32 113 139 147 197 632 623 1268 1196 988 1012 1493 2297 4191 0 0 128 38 179 78 246 273 2171 1588 629 1584 1362 6 25 29 382 1075 2263 79 83 443 1254 715
11 91 20 35 584 308 128 3 2 338 324 66 137 39 57 3875 1923 937 571 1486 432 65 4 0 1644 614 475 1933 1091 2209 406 540 264 3 31 49 8 9 3 432 443 58 13 991 42 954 527 367 452 0 0 17 26 6 66 5 816 497 68 507 157 12 0 0 2 387 356 100 7 0 113 30 57
15 85 29 76 558 299 37 3 3 273 479 111 203 146 195 3633 1961 537 504 562 156 38 1 0 1407 559 619 1556 899 3390 544 107 134 1 21 24 9 10 3 102 206 303 24 1244 75 1003 866 277 923 0 0 17 30 15 6 10 523 1026 115 592 606 105 3 0 2 532 701 427 19 5 339 307 296
18 120 57 96 766 778 123 18 18 356 732 309 247 240 249 4319 4370 2373 784 1604 658 322 8 0 2134 945 1943 2131 2290 4919 2085 321 469 44 73 44 131 146 21 349 648 427 172 1767 276 1106 1094 1165 2481 0 0 103 46 104 85 10 590 1797 513 942 734 398 6 27 39 469 962 764 70 23 308 491 369
21 151 88 122 1228 1408 179 55 11 466 1118 572 236 363 340 4707 10744 5282 1484 2692 1718 1461 23 2 2809 1930 5144 3737 4527 9043 4793 533 760 219 107 118 56 119 58 450 801 787 441 2894 749 2013 1526 1676 4683 0 0 81 113 89 91 103 915 3333 1060 1088 860 680 4 4 13 361 1100 1440 41 28 254 716 547
20 152 86 104 1125 1374 209 89 15 462 936 489 274 303 259 5444 9354 5086 1316 3039 1846 2120 15 0 2819 1722 4127 3584 4342 7197 3921 699 788 425 108 141 98 110 76 551 1025 501 581 2250 435 1651 1514 1736 3661 0 0 117 77 118 101 82 836 2434 804 1113 1120 582 3 12 18 475 958 985 34 16 346 563 372
16 73 36 84 613 360 63 7 3 181 481 147 124 189 217 4472 2873 513 1017 997 396 117 8 0 1389 512 769 1977 989 4101 754 214 168 7 9 33 16 27 4 158 330 287 69 927 71 810 813 331 1461 0 0 17 43 17 12 8 255 1240 177 442 381 218 0 3 0 170 526 508 15 19 155 418 325
23 175 118 135 886 1843 251 152 57 423 1067 769 413 484 366 4879 9258 6809 675 2625 2525 3123 12 18 2222 2107 5050 2352 4630 5858 6371 765 688 832 85 46 94 486 402 366 1351 765 1067 1958 906 1012 1336 3167 5300 0 0 248 53 346 236 237 544 2671 1313 992 1881 1049 51 97 59 688 1420 1921 196 32 572 917 563
22 111 92 139 596 1032 96 68 15 265 725 616 272 404 452 3749 5471 2364 646 1244 868 1132 14 0 1472 617 2962 1509 2581 4004 3784 255 376 306 30 42 59 119 46 158 563 272 587 1331 646 655 981 1713 3176 0 0 77 21 133 45 93 378 2358 1361 782 1019 858 5 18 7 392 968 1535 78 17 522 978 934
19 148 74 97 982 1203 219 74 24 452 883 380 265 276 239 5406 7458 4570 1131 2999 1617 1752 41 6 2773 1449 3194 3077 3745 6198 2943 762 832 297 83 125 97 221 112 515 1042 351 463 2115 315 1371 1161 1493 3564 0 0 163 47 158 115 103 775 2232 539 1081 935 383 12 14 37 504 960 917 73 11 319 500 342
17 135 60 76 991 937 187 52 24 428 683 282 246 180 166 6040 6189 3322 1379 2605 1177 1239 38 3 2902 1245 2241 3177 3109 5178 1873 578 522 187 94 109 93 188 83 558 873 224 274 1582 236 1265 1372 1146 2306 0 0 174 49 131 116 68 798 1501 379 1099 695 203 5 29 19 437 692 539 69 0 330 279 212
13 92 17 61 709 208 89 0 7 236 418 51 232 85 150 5197 1406 534 973 1235 124 0 9 0 1732 653 227 2004 525 3163 260 210 195 0 50 56 32 35 0 214 566 122 0 744 25 940 1405 227 595 0 0 55 73 30 74 0 332 876 44 764 462 35 2 3 0 370 644 208 41 0 378 182 221
22 162 107 124 804 1682 210 112 29 494 974 691 344 422 315 3777 7702 5756 651 2342 2096 2556 28 5 2275 1565 4858 1667 5295 5017 5721 707 685 544 176 64 106 273 154 568 1038 589 850 2298 869 1138 1056 2741 4819 0 0 169 57 203 159 170 837 2312 1156 1206 1416 909 18 34 41 685 1150 1579 114 44 437 753 436
15 72 32 73 548 291 59 12 7 146 381 119 161 142 182 4455 1993 454 716 877 192 134 7 0 1217 358 447 1747 577 3115 445 120 168 24 77 31 39 35 12 116 329 108 72 649 56 568 949 392 915 0 0 23 10 21 51 24 175 897 139 391 434 105 0 9 11 202 552 385 29 4 216 282 274
13 82 17 61 616 192 95 4 2 249 448 49 170 77 156 4617 1285 264 771 1373 239 71 14 0 1799 482 323 1644 595 3423 203 303 312 3 38 63 6 11 2 307 464 123 25 1017 3 896 892 163 574 0 0 18 56 5 57 9 413 1084 70 682 332 36 0 1 1 338 639 140 12 2 237 179 248
14 86 18 73 653 208 105 3 6 227 508 46 195 115 200 4953 1410 297 794 1455 260 48 4 0 1539 623 246 1799 593 3858 242 316 348 2 22 90 37 40 6 228 529 161 16 981 16 912 1130 143 832 0 0 45 46 25 94 13 349 1354 27 706 515 41 4 2 6 309 718 243 31 5 300 311 327
19 94 58 113 702 595 118 33 24 237 649 286 200 315 335 4776 4242 894 797 1725 624 467 10 0 1611 437 1372 1918 1575 5036 1372 418 517 102 20 65 112 180 86 185 593 262 225 1269 250 975 1130 760 2511 0 0 146 36 117 105 99 346 1922 373 616 745 328 17 33 51 313 909 1147 88 11 259 762 579
18 155 82 71 948 1394 208 74 19 575 611 465 296 160 117 5589 8275 5128 1076 2550 1765 1699 11 9 3475 1087 3604 2626 5101 3841 4015 760 342 288 138 65 54 176 83 681 1017 331 485 1668 583 1592 1105 2194 1712 0 0 195 49 134 118 13 1224 755 648 1113 872 371 6 14 3 843 638 411 56 9 302 138 105
18 116 60 93 772 763 86 31 5 328 579 315 310 237 233 4092 4769 1978 860 1395 569 586 5 1 1886 995 1564 1978 2186 3984 1947 252 208 100 71 44 20 24 17 190 571 309 230 1205 254 1172 1644 1268 1887 0 0 33 27 25 45 31 531 1266 495 814 1096 407 4 0 1 665 770 750 37 14 584 431 347
12 90 28 38 788 402 103 8 5 314 334 90 122 76 46 4979 3315 1049 1158 1752 421 160 2 0 2538 681 697 2771 1389 2974 605 293 203 10 46 49 26 23 5 372 372 166 46 924 38 1306 822 342 727 0 0 49 35 23 57 6 593 376 69 472 349 111 4 2 3 306 227 117 15 11 90 60 27
16 145 32 88 957 639 232 3 10 435 970 127 273 185 245 5455 3816 3023 1037 3278 993 80 20 0 2618 2604 1035 2797 2098 6508 1321 815 944 2 38 131 56 132 5 494 1105 447 25 2220 74 1193 1297 713 2732 0 0 78 75 72 153 10 702 2721 151 1021 869 171 6 7 21 548 1247 506 28 12 310 474 395
21 109 91 119 790 893 104 77 11 237 745 572 260 354 327 5597 6320 1657 966 1546 829 1051 19 6 1467 1121 3006 2343 1926 5557 2514 256 383 324 39 64 21 60 52 183 678 649 660 1321 606 1048 1422 1471 2587 0 0 34 96 91 65 54 276 1913 1049 733 1107 732 1 7 12 362 1108 1293 40 22 389 706 533
13 90 12 66 521 135 83 0 7 249 371 28 280 76 182 3592 661 227 396 962 61 0 0 0 1601 360 47 1315 406 2334 151 223 153 0 4 18 20 28 0 177 590 67 0 583 12 625 1209 132 380 0 0 56 14 16 82 0 383 802 15 707 476 14 2 7 0 616 712 159 47 0 553 207 308
19 153 67 104 959 1163 225 54 24 454 979 338 282 301 276 5355 6769 4789 1003 3051 1600 1346 17 5 2649 1862 2812 2890 3579 6461 3038 769 919 184 65 124 97 231 98 489 1002 475 394 2251 232 1284 1216 1398 3900 0 0 178 54 159 149 82 729 2670 485 990 1140 453 18 19 35 569 1136 963 78 17 315 638 423
14 115 43 48 768 730 175 18 12 461 415 194 163 74 78 4623 4665 2651 826 2316 1020 420 7 2 2825 398 1537 2461 2972 2976 1653 726 397 47 70 57 57 163 28 650 511 72 88 1286 201 1347 640 901 947 0 0 104 32 79 92 8 1096 585 232 641 193 64 8 9 5 487 450 236 14 1 125 49 73
19 101 41 130 471 542 88 13 4 248 846 181 211 296 479 3077 2489 1488 480 942 594 234 16 0 1313 1185 1017 1100 1472 4275 1313 246 465 24 29 23 13 36 12 192 439 275 101 1754 101 514 473 620 3050 0 0 20 34 36 25 59 370 3211 265 596 753 232 2 0 8 309 1269 983 12 17 307 980 1114
19 77 47 124 524 356 68 5 6 124 542 255 238 274 435 3480 2244 383 446 860 290 47 0 0 724 473 817 1593 634 3747 831 123 259 10 16 31 38 27 3 102 448 222 48 675 224 468 1426 684 1349 0 0 15 20 58 100 12 98 1836 470 426 698 288 4 1 6 237 1082 1082 33 7 505 766 969
18 144 74 79 1073 1151 221 39 19 365 631 448 314 171 158 6690 8165 4222 1197 3361 1625 793 56 1 2580 1281 3034 3464 2907 4934 3402 653 396 155 88 75 113 207 65 426 1203 363 249 1292 582 1458 1875 2037 1804 0 0 97 44 146 163 22 476 1074 767 805 838 390 8 10 4 544 696 503 69 20 435 192 179
13 98 22 56 678 303 87 0 6 303 357 79 252 84 123 3605 1806 853 571 1259 220 0 3 0 1914 588 258 1864 898 2532 460 198 165 0 39 28 22 45 0 278 368 126 0 792 42 1080 1482 475 735 0 0 60 20 29 123 0 537 593 94 612 441 64 2 4 0 635 513 212 29 4 427 136 163
17 89 44 92 557 446 44 19 6 260 482 192 242 219 250 3699 2662 734 511 621 239 275 1 0 1507 430 841 1589 1341 3481 980 86 145 42 21 26 21 26 15 158 256 274 136 988 142 784 952 553 1313 0 0 43 28 31 19 46 426 1135 222 682 859 187 2 3 2 551 682 724 36 6 487 473 402
20 103 86 104 823 867 65 62 11 245 596 531 236 300 247 4595 6521 1718 1230 1163 510 962 14 3 1400 772 2576 2721 2160 5010 2522 141 173 248 71 70 48 60 44 127 426 429 502 1019 630 1188 1410 1448 2133 0 0 69 107 81 33 44 336 1317 849 765 864 671 0 13 0 321 791 1118 47 0 346 444 336
13 93 25 53 824 325 102 6 9 270 421 86 176 85 109 4293 2637 753 1027 1990 295 96 13 0 1843 722 494 2698 885 3597 455 344 245 9 122 49 63 58 24 211 466 126 34 975 48 1355 1241 386 754 0 0 65 60 19 80 8 428 824 87 617 386 48 12 6 15 337 524 225 29 0 192 123 133
24 77 112 164 474 826 42 104 4 192 633 805 152 542 573 3395 5046 838 574 546 476 1237 1 4 1329 476 3261 1212 2196 4117 3137 88 184 545 44 8 15 22 26 149 252 347 917 1387 998 562 527 1178 3231 0 0 37 39 41 16 161 312 2223 1776 452 483 1063 1 0 8 171 877 2535 13 21 260 1351 1255
9 64 15 21 467 184 66 4 5 179 142 39 88 15 26 3779 1208 458 548 1035 176 66 2 0 1107 214 224 1294 480 1139 187 221 54 4 16 42 29 40 10 128 222 27 14 277 13 739 464 156 122 0 0 34 17 12 18 2 283 143 39 303 92 6 3 1 0 166 102 17 11 0 81 12 19
23 135 113 140 650 1442 122 134 31 297 792 797 337 377 463 4664 7556 3913 725 1411 1423 2428 17 0 1928 1356 3916 1538 3572 3593 5894 270 204 834 140 36 100 188 187 265 691 409 951 1191 859 781 864 2373 2889 0 0 186 21 292 89 61 413 2317 1938 715 1421 777 12 38 7 423 1324 1566 89 15 581 830 1024
10 72 3 42 576 32 69 0 3 214 308 3 151 18 99 4440 219 70 772 917 20 0 5 0 1571 387 20 1621 71 2326 13 160 165 0 6 69 14 11 0 204 333 33 0 660 0 894 974 7 104 0 0 28 25 4 46 0 364 657 1 573 88 0 1 1 1 296 433 18 17 0 215 45 146
10 62 8 37 447 86 57 0 10 149 204 14 124 36 70 3856 571 170 465 720 54 0 3 0 1018 161 52 1247 186 1597 63 123 84 0 15 33 50 76 0 109 231 26 0 330 3 584 663 56 256 0 0 40 5 15 34 0 197 345 6 349 127 8 9 9 7 209 213 52 40 0 169 66 75
19 94 64 107 707 735 117 33 7 225 617 346 163 297 293 4365 5342 1399 1192 1713 1000 606 15 3 1446 654 1849 2347 1915 4662 2148 354 384 97 92 118 36 57 31 246 517 275 260 1185 313 1022 933 904 2635 0 0 38 42 49 74 62 313 1692 544 478 584 462 1 4 5 216 714 1014 26 20 171 637 464
21 126 84 126 815 1038 122 65 19 283 812 491 316 419 355 4597 6505 2739 926 1639 920 1132 21 0 1874 1345 2434 2234 2492 5539 3204 281 375 266 59 48 90 131 83 223 820 635 505 1352 451 1018 1503 1662 3423 0 0 117 31 141 97 133 344 2128 821 773 1562 790 3 20 23 460 1148 1449 74 71 488 938 561
10 72 6 39 556 67 73 0 0 224 293 15 144 18 87 4275 444 139 755 989 55 0 1 0 1636 330 93 1558 184 2203 45 175 152 0 8 67 0 0 0 251 320 46 0 675 0 855 850 76 127 0 0 0 31 0 65 0 395 586 20 579 74 0 0 0 0 289 393 45 0 0 203 18 127
25 186 152 148 823 2323 252 232 50 449 1103 1121 469 558 389 4358 9934 8455 571 2419 2956 5088 25 34 2192 2088 7606 1879 6047 5315 9067 666 676 1444 133 53 105 416 349 440 1606 772 1849 1874 1584 804 1213 4310 5466 0 0 257 38 417 197 231 649 2553 2135 1268 2312 1595 11 62 48 654 1411 2145 212 57 756 1013 563
15 73 33 72 557 292 53 9 4 147 390 133 166 136 177 4454 2025 454 728 855 168 99 5 0 1220 406 507 1778 533 3159 454 89 139 18 96 32 24 21 9 101 314 154 54 673 80 574 952 431 857 0 0 17 15 12 50 18 175 893 173 423 434 114 0 3 8 206 575 385 17 4 227 255 264
18 116 53 100 707 813 163 27 11 305 741 252 198 263 274 4439 4856 2542 1035 2077 1215 599 6 0 1890 1164 1720 2147 2363 4696 2095 538 625 72 95 102 22 97 41 396 684 255 186 1613 228 1048 731 931 3206 0 0 54 52 67 75 75 513 1957 302 613 683 251 5 4 23 266 855 944 37 8 207 556 438
21 148 113 97 1013 1588 139 163 27 461 690 692 314 274 201 5917 10121 5131 1174 2043 1323 3439 12 48 2613 942 4453 2934 5045 5249 4736 346 318 862 80 75 122 194 167 361 761 266 937 1569 866 1649 1564 2559 2602 0 0 195 39 175 92 81 921 1427 1082 1085 1140 605 6 32 14 657 663 938 93 5 462 323 238
16 68 39 81 569 344 34 15 6 168 426 160 119 181 204 4364 2593 487 919 492 167 181 3 0 1451 363 779 1833 875 3791 690 72 120 33 40 24 20 22 12 118 189 235 107 838 68 670 739 330 1234 0 0 50 31 32 6 22 243 1085 214 441 345 210 0 7 0 158 467 466 26 17 155 380 303
16 104 51 69 702 582 130 34 31 305 468 243 224 126 157 5502 3735 1046 791 1757 601 489 27 0 2243 532 1336 1907 1656 3414 1212 353 302 113 51 72 119 209 78 391 632 184 198 966 175 888 964 782 944 0 0 210 37 168 103 18 472 953 390 829 578 156 17 47 3 440 623 355 91 0 308 182 233
16 118 38 82 758 529 155 12 32 319 625 159 276 178 211 4878 3138 1491 798 2058 516 207 31 0 2149 1128 847 2015 1489 4250 1080 519 442 24 47 54 149 296 44 330 851 251 80 1252 81 968 1203 657 1645 0 0 171 44 127 110 28 483 1530 225 925 811 208 17 59 31 457 848 444 128 10 411 403 317
25 187 160 140 1293 2498 197 265 39 570 1164 1203 374 479 353 4361 16441 9172 1318 2753 2472 6136 21 26 3136 2098 9562 3354 7824 8075 9806 456 576 1828 128 81 194 309 283 579 1093 862 1897 2846 1866 1981 1938 4059 5472 0 0 257 123 346 139 173 1046 2864 2325 1493 1506 1327 7 62 20 623 1197 1923 124 32 510 747 506
14 98 31 60 838 406 99 6 8 294 476 124 188 106 128 4302 3121 1002 1048 1821 339 96 7 0 1963 786 789 2655 1193 3979 704 289 285 9 125 47 61 55 18 269 472 160 40 1109 77 1363 1250 496 954 0 0 63 68 21 68 8 495 981 159 723 480 109 6 6 15 361 578 263 30 2 212 175 159
19 157 71 100 832 1247 230 60 33 500 903 367 305 293 249 3935 6005 4876 733 2567 1764 1453 39 3 2394 1858 2734 1862 4192 5031 3279 834 737 220 150 74 105 342 143 672 997 421 378 2220 391 1264 1005 1728 3963 0 0 178 67 181 150 130 901 2149 451 1108 1115 322 33 40 49 618 1060 1115 108 7 342 509 350
12 78 27 39 566 333 70 8 4 306 301 91 108 64 57 3683 2254 595 519 1136 241 148 10 0 2027 377 584 1747 1279 2327 443 214 199 12 35 37 15 27 8 237 247 93 42 924 50 1037 464 350 638 0 0 45 15 14 28 6 785 444 86 542 196 69 2 0 4 286 248 115 14 1 86 72 42
10 80 9 36 522 113 66 0 5 291 305 18 146 36 66 3404 772 306 475 928 86 0 9 0 1537 559 96 1660 301 2036 107 162 117 0 23 32 23 34 0 239 277 128 0 956 9 870 550 65 249 0 0 48 11 12 40 0 714 517 6 628 203 0 1 4 0 342 295 72 20 0 187 54 69
16 68 42 78 559 328 44 18 7 139 370 184 154 166 192 4511 2471 411 720 747 161 180 2 0 1182 240 643 1790 610 3226 563 77 137 45 101 31 39 34 18 92 242 150 117 665 121 575 983 504 969 0 0 23 10 22 43 27 171 865 250 399 428 170 0 9 11 194 533 494 29 4 208 308 284
15 113 31 74 785 466 125 0 25 334 588 131 239 141 183 4765 2697 1632 876 1697 396 0 4 0 2158 937 722 2299 1406 4115 950 332 358 0 50 42 175 204 0 379 572 230 0 1320 104 1112 1312 633 1586 0 0 145 40 100 110 0 527 1329 158 879 484 120 20 48 40 443 777 442 89 6 329 272 263
9 68 12 24 680 170 89 3 5 219 224 23 70 29 29 4192 1584 392 1009 1732 202 59 10 0 1993 514 191 2589 548 2301 115 299 186 3 35 43 32 28 4 282 226 31 8 599 4 1084 548 105 309 0 0 38 25 15 35 4 389 278 13 237 109 11 1 4 3 164 160 39 5 1 34 25 18
21 94 65 145 458 672 67 26 6 194 770 381 213 395 528 3203 3366 1345 537 722 573 431 6 0 1272 1132 1842 1117 1626 4119 2250 122 274 85 36 15 5 38 23 151 383 427 249 1403 283 505 516 802 2868 0 0 34 34 56 36 49 300 2887 774 459 990 617 1 2 5 178 1118 1502 26 19 361 1200 1207
17 120 44 92 750 653 134 3 18 361 745 217 243 217 243 4333 3509 2199 770 1672 649 58 9 0 2118 1124 1381 2061 2013 4883 1627 380 484 3 34 44 131 148 5 379 687 418 30 1793 187 1088 1078 915 2434 0 0 103 46 102 88 6 603 1852 317 927 668 287 6 27 39 464 986 699 70 23 303 463 365
21 103 83 127 805 821 95 52 7 215 749 515 238 391 372 5534 6196 1396 958 1484 855 758 5 2 1361 1065 2463 2389 1722 5743 2553 272 343 186 67 40 26 39 25 128 533 723 484 1229 556 1074 1507 1272 2775 0 0 34 119 64 65 72 241 2134 915 689 1081 732 2 1 13 311 1054 1497 29 26 352 888 627
19 76 45 126 519 342 53 4 3 121 562 236 229 281 448 3428 2107 492 462 708 185 45 0 0 754 461 789 1574 563 3879 763 89 238 4 23 27 19 14 1 75 397 264 49 705 185 458 1371 602 1459 0 0 14 27 20 60 7 96 1938 420 462 724 308 1 0 6 216 1073 1054 24 7 482 837 1005
23 164 116 137 925 1712 221 47 15 388 1006 979 430 337 408 4991 9709 6145 943 2602 2337 1086 19 0 1906 1655 6706 2465 4206 5854 7303 673 695 185 124 63 26 117 48 369 1271 502 521 1841 1889 1113 1562 3749 3570 0 0 91 69 168 221 49 523 2736 2434 1134 1136 864 4 12 9 628 1526 1582 66 17 825 556 758
15 125 31 74 1020 546 134 9 6 409 872 121 160 134 191 5572 3863 2372 1313 2196 568 234 7 0 2776 2470 1349 3195 1786 7288 1028 402 596 15 42 83 32 56 7 348 584 448 61 2561 43 1819 1044 370 1953 0 0 43 66 43 36 17 791 2458 191 718 475 126 3 1 14 306 838 303 12 14 124 291 304
18 153 60 93 1230 1096 214 29 12 483 913 318 284 237 232 5446 7979 4741 1579 3119 1525 816 11 0 3056 2181 2842 3650 3834 7488 3103 672 679 93 88 137 68 121 31 566 1097 547 225 2262 290 1902 1868 1296 3049 0 0 95 76 96 108 24 1010 2317 475 1148 1057 361 3 9 17 433 901 827 30 13 407 415 337
7 57 9 12 444 124 61 0 5 194 84 17 62 11 7 3585 884 313 516 758 83 0 6 0 1406 104 65 1353 381 675 97 208 42 0 41 24 25 37 0 239 162 19 0 220 5 743 349 95 75 0 0 42 12 14 21 0 387 43 7 209 82 9 3 2 2 153 28 9 5 0 31 4 1
21 173 98 112 853 1691 262 115 46 542 965 575 356 367 273 3963 7854 6448 619 2767 2425 2757 24 12 2572 1924 4207 1720 5463 4861 5145 976 781 539 187 60 119 427 229 664 1157 506 778 2358 651 1292 1103 2613 4705 0 0 257 60 304 225 166 922 2143 820 1150 1425 622 39 69 53 767 1145 1408 150 17 404 601 371
11 66 30 25 558 344 84 18 3 219 182 90 64 36 21 4261 2784 488 551 1351 383 290 16 1 1820 365 596 1942 1148 1574 501 299 141 35 25 43 15 24 9 238 250 85 70 488 49 894 402 237 268 0 0 24 27 9 21 0 401 141 58 260 149 50 0 3 0 135 82 40 3 0 33 19 8
9 58 12 24 496 150 73 2 1 190 188 24 62 30 28 3476 1177 237 483 1319 168 38 27 0 1359 272 167 1794 519 1623 111 256 150 1 15 35 6 8 2 193 220 36 7 479 7 901 403 95 286 0 0 10 15 1 19 3 390 230 11 280 104 13 0 0 0 116 113 41 4 0 38 28 15
9 61 5 31 429 60 57 0 7 162 188 6 113 23 55 3582 382 138 465 774 33 0 6 0 1138 169 27 1183 150 1487 25 118 85 0 10 34 36 53 0 145 239 13 0 317 1 548 531 29 186 0 0 34 7 8 23 0 237 296 1 361 91 2 6 3 7 211 186 25 28 0 142 42 55
16 140 40 80 1052 800 178 20 8 483 888 164 198 172 204 5565 5225 3751 1241 2551 1124 602 9 0 2917 2218 1543 3121 2975 7062 1887 637 595 54 57 74 46 76 18 437 763 457 119 2457 65 1918 1099 667 2522 0 0 74 73 53 56 33 1000 2455 237 869 734 185 3 4 16 432 862 445 17 14 157 351 317
19 155 73 98 1229 1288 226 64 34 482 910 389 262 271 245 5570 9208 5360 1365 3128 1861 1774 41 14 2949 1798 3233 3833 4262 7458 3643 735 676 245 113 84 164 338 154 488 963 467 389 2342 344 2011 1804 1376 3527 0 0 270 57 211 115 89 989 2390 598 910 1031 431 20 38 30 426 847 924 107 7 316 471 364
11 81 19 36 567 268 73 4 4 308 310 52 112 55 54 3678 1714 679 519 1165 189 78 11 0 2028 505 349 1747 988 2308 293 218 200 4 35 37 15 27 4 238 258 93 19 924 20 1037 464 248 592 0 0 45 15 14 28 5 785 461 39 545 211 39 2 0 4 287 254 95 14 1 89 67 41
21 181 106 104 1107 1822 270 112 36 511 936 688 395 302 228 5753 10766 7386 1099 3533 2614 2768 24 17 2834 2291 5284 3014 5220 5521 5942 905 625 530 170 71 141 371 235 578 1396 662 830 2035 899 1490 1789 3056 3525 0 0 208 105 247 197 58 774 1847 1178 1235 1560 778 31 34 13 730 1062 978 121 24 517 412 281
22 107 110 121 763 1109 92 105 8 277 650 749 236 387 299 4339 7439 2037 1057 1376 998 1694 11 5 1671 771 3703 2351 3159 4960 3807 302 303 496 61 90 36 64 51 291 487 465 918 1186 963 1051 1170 1780 2729 0 0 64 86 65 40 65 480 1488 1339 854 1019 1069 3 2 7 274 782 1396 33 11 357 633 420
19 76 45 126 519 342 53 4 3 121 562 236 229 281 448 3428 2107 492 462 708 185 45 0 0 754 461 789 1574 563 3879 763 89 238 4 23 27 19 14 1 75 397 264 49 705 185 458 1371 602 1459 0 0 14 27 20 60 7 96 1938 420 462 724 308 1 0 6 216 1073 1054 24 7 482 837 1005
19 91 40 131 474 441 50 15 5 215 793 169 197 297 488 3049 2203 1037 558 633 232 244 1 0 1230 1095 855 1120 1127 4355 867 102 341 31 32 17 12 13 14 137 286 287 119 1643 75 495 611 514 2651 0 0 33 37 30 14 59 329 3144 232 557 683 223 1 2 7 254 1193 962 30 12 299 1019 1144
4 19 2 4 145 19 8 0 0 38 22 1 8 2 1 1244 139 35 152 122 4 0 0 0 285 33 1 438 42 195 7 10 7 0 0 2 0 0 0 20 13 7 0 39 0 161 36 2 12 0 0 0 3 0 0 0 41 4 0 23 7 0 0 0 0 5 1 1 0 0 2 0 0
13 98 18 60 658 245 74 0 6 276 347 61 286 76 149 3661 1250 727 646 1080 114 0 1 0 1724 528 199 1786 685 2313 370 128 73 0 40 22 34 38 0 208 483 76 0 532 26 877 1660 356 564 0 0 40 20 26 90 0 423 626 78 785 454 40 0 5 0 635 585 192 30 0 562 148 231
20 96 68 122 698 687 104 36 16 252 707 375 199 366 363 4492 4786 1023 811 1521 658 511 7 0 1814 619 1958 1900 1905 5386 1857 313 491 110 30 56 72 111 58 215 582 411 290 1439 358 921 996 879 2844 0 0 101 46 88 67 102 395 2100 580 701 866 540 6 19 41 315 933 1323 63 29 253 892 621
6 24 4 11 251 28 12 0 0 46 48 4 22 8 8 1959 283 18 290 206 13 0 0 0 436 36 7 1004 56 502 10 11 11 0 0 12 0 0 0 29 24 9 0 68 0 276 212 15 33 0 0 0 0 0 6 0 44 35 1 46 22 2 0 0 0 30 21 5 0 0 10 5 2
5 21 2 8 194 15 11 0 0 42 39 1 15 4 5 1580 135 13 227 180 5 0 1 0 419 22 3 731 33 401 1 11 12 0 0 8 0 0 0 26 25 4 0 55 0 190 95 5 20 0 0 0 0 0 1 0 48 26 0 50 10 0 0 0 0 15 12 2 0 0 6 2 1
19 94 58 113 702 595 118 33 24 237 649 286 200 315 335 4776 4242 894 797 1725 624 467 10 0 1611 437 1372 1918 1575 5036 1372 418 517 102 20 65 112 180 86 185 593 262 225 1269 250 975 1130 760 2511 0 0 146 36 117 105 99 346 1922 373 616 745 328 17 33 51 313 909 1147 88 11 259 762 579
10 73 12 33 473 173 65 0 4 237 236 28 120 40 52 4019 864 471 450 747 105 0 0 0 1442 242 93 1228 535 1643 223 158 118 0 99 36 5 22 0 226 262 51 0 578 8 776 541 141 310 0 0 34 8 16 39 0 404 345 19 410 237 22 6 0 0 282 220 63 16 0 110 55 43
7 53 8 13 492 122 52 2 10 177 104 10 36 14 9 3486 982 381 691 917 94 38 5 0 1487 139 71 1843 419 1035 77 150 51 1 23 37 51 64 9 191 99 7 3 256 2 733 259 32 160 0 0 86 6 19 2 3 357 69 2 171 48 3 15 4 5 50 30 12 9 0 16 7 2
11 79 5 50 496 55 70 0 1 267 333 7 200 31 127 3220 311 77 395 859 15 0 4 0 1519 233 30 1243 191 2187 26 269 146 0 8 13 8 9 0 135 418 39 0 811 0 820 890 34 148 0 0 4 18 4 56 0 568 621 4 610 193 3 0 0 1 527 650 38 4 0 305 83 202
10 75 12 33 512 192 63 1 0 262 253 26 115 41 52 4007 1036 578 533 800 138 22 1 0 1690 297 102 1338 696 1789 252 146 111 0 111 52 0 0 0 260 272 59 5 643 9 877 530 135 361 0 0 0 12 0 23 2 498 367 13 477 255 14 0 0 0 271 227 69 0 0 101 55 43
21 98 69 141 459 738 71 27 6 241 808 429 201 372 502 3135 3294 1634 484 765 548 461 6 0 1286 857 2370 1112 1859 4181 2325 161 427 71 29 23 18 30 16 174 375 322 269 1722 403 484 453 1012 3245 0 0 50 30 68 20 75 362 2973 950 595 711 598 1 4 6 296 1178 1384 16 21 294 1077 1137
10 76 3 42 483 33 69 0 0 266 287 3 182 18 99 3194 192 63 380 795 4 0 4 0 1426 189 12 1239 101 1879 9 275 131 0 9 13 0 0 0 150 386 29 0 725 0 857 800 18 80 0 0 0 18 0 50 0 595 498 1 622 118 0 0 0 0 473 516 18 0 0 268 45 146
8 64 4 24 448 68 69 0 0 220 202 4 89 16 36 3554 352 237 440 927 26 0 7 0 1382 227 4 1216 234 1467 34 230 119 0 48 33 0 0 0 226 292 12 0 527 1 754 418 32 164 0 0 0 9 0 23 0 416 266 0 367 108 0 0 0 0 206 190 16 0 0 68 24 29
18 91 33 120 507 359 65 9 8 190 706 131 233 239 437 3258 1758 868 533 781 191 142 8 0 1035 906 617 1379 840 4032 632 129 292 14 20 17 38 48 11 110 478 211 70 1239 56 446 981 436 1988 0 0 43 32 41 48 37 266 2619 175 644 656 155 1 5 9 231 1158 738 57 5 453 799 1011
20 100 52 138 451 642 95 21 7 228 818 261 213 351 507 3089 2855 1634 463 941 728 374 16 0 1253 997 1320 1072 1624 4125 1843 254 462 49 30 23 18 52 20 185 467 273 191 1605 148 486 463 779 3257 0 0 33 28 63 48 68 320 3121 450 478 884 400 2 1 11 294 1195 1215 30 17 305 1137 1170
