21 189 110 100 1468 2032 223 108 32 706 956 764 364 238 220 5433 14836 8882 1646 3182 2276 3276 22 6 3478 2108 6732 4674 7973 7749 7052 871 548 549 143 123 229 249 140 716 1123 497 803 2574 1166 3396 2004 3138 3191 0 0 294 99 301 132 19 1795 1872 1441 1531 1172 648 30 32 7 844 1008 765 96 8 458 283 297
17 119 40 96 941 648 128 9 11 349 842 175 196 223 273 5262 4758 2383 1259 1843 709 231 27 0 2263 1647 1484 3680 2250 7202 1570 329 523 11 33 105 24 103 12 340 599 361 92 1938 86 1825 1014 556 2677 0 0 43 62 77 57 12 793 2548 240 787 744 275 1 9 19 282 896 630 39 17 219 558 459
16 85 50 70 653 519 70 27 12 195 396 228 168 163 142 5784 3852 941 719 1123 398 425 9 0 1514 505 1093 2206 1211 3202 1104 166 155 78 55 65 25 54 22 137 403 169 158 617 188 793 991 673 1149 0 0 55 30 76 20 37 236 773 287 484 500 215 5 9 16 274 405 449 36 11 231 239 158
18 128 51 102 978 852 136 29 18 442 876 232 206 265 290 5172 5778 3059 1228 1759 958 686 30 4 2786 1542 1910 3498 3525 7401 2270 416 529 78 55 100 45 146 61 472 565 377 205 2204 113 1950 1048 735 3236 0 0 101 60 106 57 58 1244 2655 328 930 876 347 4 16 28 373 884 784 61 10 221 647 486
13 77 27 51 508 316 96 10 14 191 302 82 139 103 91 4568 2056 520 470 1282 406 153 42 0 1377 331 369 1462 823 2169 488 277 164 16 43 63 36 106 28 162 406 75 47 480 40 632 586 274 751 0 0 75 21 49 35 21 303 501 55 424 421 73 7 8 13 238 277 223 48 7 151 150 83
19 173 102 69 1030 1799 235 165 61 531 527 553 333 133 118 6247 9779 7627 976 2851 2328 3687 12 60 2495 1056 3728 3211 5492 3641 5150 733 210 845 167 56 194 367 507 435 999 154 695 940 646 1748 1413 2910 1331 0 0 384 50 222 163 15 1001 820 793 1088 794 246 105 89 2 722 466 313 128 0 382 135 128
17 199 70 66 1315 1664 350 64 28 940 782 355 341 148 113 5292 10132 8963 1437 4509 2846 2161 103 6 4880 2217 3668 3391 7873 5322 4335 1791 543 268 170 135 64 368 141 1469 1451 351 306 2737 376 3128 1526 2266 2405 0 0 311 51 137 196 30 2689 1201 456 1653 944 252 29 33 7 1204 729 446 69 4 335 132 104
12 107 24 42 873 371 171 11 21 317 352 67 206 73 69 5926 2835 1178 977 2948 495 196 7 0 2139 679 404 3596 1051 3043 414 625 179 21 82 66 108 160 36 336 739 97 40 671 26 1545 1190 397 731 0 0 155 45 59 154 17 513 484 47 720 430 40 13 23 12 432 355 156 57 2 247 83 63
18 97 62 91 392 640 122 40 19 251 423 335 274 202 239 2911 3002 949 283 1121 728 601 13 4 1054 250 1228 808 1724 1900 1536 336 307 142 25 11 51 194 70 253 455 164 251 827 303 482 502 1245 1528 0 0 79 11 80 195 49 330 754 598 505 500 271 14 33 21 552 777 691 67 12 565 330 409
9 54 7 29 369 82 29 0 2 148 216 12 65 25 47 2997 485 204 368 355 36 0 1 0 1041 305 70 1003 211 1469 74 44 49 0 7 20 16 12 0 92 115 69 0 487 0 515 293 30 209 0 0 12 38 6 10 0 250 314 10 278 81 8 0 1 2 98 188 26 4 1 49 39 42
12 67 27 39 449 262 53 14 8 197 241 79 109 70 57 4211 1687 277 496 664 193 174 1 0 1439 260 384 1360 765 1672 266 112 95 29 55 22 17 33 10 174 220 75 55 484 32 597 420 294 492 0 0 65 39 27 21 13 368 317 60 453 229 49 2 5 9 198 238 137 24 4 92 74 42
16 94 45 75 384 524 123 23 16 291 382 213 236 135 189 2686 2351 904 279 1030 625 418 15 0 1031 118 795 704 1648 1596 1049 376 367 85 29 14 43 203 45 358 270 51 83 934 187 599 562 967 1289 0 0 93 18 61 190 46 462 616 334 416 233 81 15 35 26 622 792 521 22 0 411 165 318
15 75 44 61 498 395 60 23 23 182 305 178 152 147 107 5256 2588 467 483 721 274 239 4 2 1518 248 652 1598 923 2226 728 122 106 53 35 18 89 88 53 114 298 134 150 493 104 569 661 506 833 0 0 128 16 118 37 12 306 472 179 428 480 213 24 23 10 264 325 351 72 16 166 193 92
12 89 13 53 329 158 100 0 0 273 341 42 240 46 132 2434 473 264 279 704 163 0 1 0 912 528 111 595 493 1372 133 252 273 0 0 7 0 0 0 345 328 51 0 712 15 384 574 322 366 0 0 0 49 0 168 0 469 619 55 528 193 6 0 0 0 635 700 141 0 0 395 60 218
20 160 74 116 1141 1363 202 51 19 634 989 423 325 333 333 4643 8966 5170 1192 2629 1868 1323 72 0 3723 1462 3072 3396 5893 7541 4376 725 708 206 99 127 74 174 66 826 818 389 346 2683 439 2310 1625 2086 4495 0 0 139 77 152 135 109 1803 2758 698 1283 1113 479 9 15 38 1015 1300 1279 56 10 408 716 563
7 43 2 19 407 20 26 0 0 132 126 1 56 8 26 1620 196 42 559 443 2 0 1 0 505 139 4 1347 50 1171 7 72 51 0 0 55 0 0 0 47 61 13 0 337 0 934 485 1 33 0 0 0 0 0 21 0 258 145 0 105 47 0 0 0 0 150 115 4 0 0 39 12 19
18 128 65 88 1002 909 123 45 17 435 677 333 278 239 199 5753 6475 2684 1270 2118 768 846 2 2 2848 1110 2381 3551 3358 5622 2274 393 295 146 106 44 54 94 42 314 760 366 328 1760 255 1947 1595 1236 2245 0 0 109 70 114 87 47 1216 1365 490 1178 1008 451 5 20 10 490 801 655 66 25 417 402 259
18 183 62 91 1150 1100 242 29 45 716 831 342 545 221 224 5633 6209 4473 1021 2970 1171 593 35 1 3834 2014 2268 2949 4202 5609 2708 837 402 87 46 125 219 418 87 762 1731 531 238 2012 309 2201 2296 2226 2346 0 0 297 73 250 196 19 1675 1675 569 2167 1508 423 50 69 3 1697 1253 691 242 6 1060 384 333
18 147 35 118 1048 452 213 14 20 407 835 167 586 184 451 5739 3003 1105 1164 3132 456 223 34 0 2611 1257 894 3035 1141 5893 683 630 518 33 111 68 92 119 29 487 1738 197 125 1470 44 1532 3302 948 1356 0 0 143 77 86 395 19 548 2449 380 1613 1130 107 15 28 36 1261 2265 659 113 0 1593 523 1170
19 138 39 132 1032 453 190 8 42 356 801 190 573 259 512 5740 3178 829 1055 2815 509 102 48 0 2353 899 754 3047 1088 6115 848 530 546 16 107 68 174 236 42 407 1499 183 74 1271 143 1511 3468 879 1660 0 0 235 43 205 315 22 468 2435 310 1464 1340 135 33 93 48 1142 2163 1088 233 0 1600 779 1309
16 116 41 79 955 602 120 17 12 523 710 171 202 181 191 4919 4731 1322 1148 2065 626 378 8 0 3149 1036 1348 3258 2589 5761 1162 430 430 37 43 98 95 96 26 544 550 363 121 2625 108 2377 1134 610 2020 0 0 111 37 62 49 26 1616 1733 195 1104 646 181 11 8 19 697 817 528 45 6 219 356 262
11 79 28 27 570 397 94 5 4 274 211 105 87 27 28 3145 2780 1172 576 1267 480 74 21 0 1471 313 716 1649 1347 1641 764 349 117 6 10 48 14 32 10 247 255 99 28 656 84 1244 419 376 275 0 0 22 47 14 28 0 545 154 101 277 120 50 2 2 0 217 134 33 8 0 45 11 17
14 119 11 80 845 146 94 1 22 535 603 21 377 87 255 5864 853 235 1021 1163 118 17 3 0 3600 442 92 2089 505 4195 127 247 275 0 66 48 91 102 3 475 525 120 6 2063 3 1921 2035 88 648 0 0 200 34 51 101 5 1379 1357 10 1285 491 17 41 20 44 1410 1456 143 126 2 739 304 511
24 150 101 175 766 1141 189 86 37 326 1009 709 613 546 683 4811 5319 2508 670 2151 1208 1289 46 0 1782 1299 2875 1873 2457 5942 3538 458 627 418 116 53 67 251 132 345 1587 555 884 1500 731 806 2172 2947 3725 0 0 169 34 271 337 86 338 3416 1655 1410 2419 864 9 75 43 972 2440 2668 218 37 1723 1556 1727
14 119 11 80 845 146 94 1 22 535 603 21 377 87 255 5864 853 235 1021 1163 118 17 3 0 3600 442 92 2089 505 4195 127 247 275 0 66 48 91 102 3 475 525 120 6 2063 3 1921 2035 88 648 0 0 200 34 51 101 5 1379 1357 10 1285 491 17 41 20 44 1410 1456 143 126 2 739 304 511
13 105 20 58 794 350 144 2 5 479 506 60 197 94 130 4804 2263 806 971 1836 475 38 9 0 2853 562 350 2412 1702 3754 519 621 355 1 24 98 36 31 2 613 695 117 11 1737 28 2136 1151 374 1186 0 0 59 36 13 86 7 1489 1056 50 958 435 53 0 6 5 646 613 208 23 2 231 189 166
17 79 57 79 596 518 69 30 15 167 380 275 168 215 160 5675 3850 710 596 959 461 386 19 0 1476 383 1125 2141 1071 3060 1210 146 197 81 46 60 55 77 38 111 323 180 227 537 219 699 939 699 1269 0 0 84 13 93 23 31 213 717 339 436 617 377 5 13 14 267 387 587 54 27 232 327 165
28 183 163 215 742 2241 175 216 35 431 1468 1390 581 810 860 3613 9374 7345 448 1661 2139 4579 9 32 1444 2449 8646 1779 5714 6176 9859 453 585 1375 102 20 51 249 226 308 1462 1063 2208 2485 2029 908 1165 4698 7793 0 0 192 96 366 145 314 610 5226 3745 1464 2737 2005 14 41 39 877 2985 4223 197 48 1417 2226 2270
20 77 55 135 370 511 47 30 6 113 566 267 187 366 477 3250 2810 986 306 502 371 362 9 0 725 784 973 1101 1032 2916 1602 68 157 81 2 15 19 27 16 88 274 434 209 679 166 326 519 551 2392 0 0 28 0 49 32 139 129 1659 431 196 722 375 1 3 5 105 928 1252 32 50 366 1071 1071
11 52 20 35 604 163 30 2 3 126 173 68 89 38 57 4891 1757 236 792 520 80 15 3 0 1316 95 272 3060 359 2048 204 49 55 1 0 18 19 19 4 78 116 34 12 332 40 972 955 218 218 0 0 5 13 11 15 2 203 250 75 256 84 22 0 1 1 154 201 89 9 0 93 32 57
21 154 53 157 898 730 184 30 12 414 1256 289 535 339 672 4546 3807 2047 814 2497 729 559 48 2 2061 2587 2008 2298 2191 7297 1646 495 759 101 125 66 50 94 37 394 1596 585 278 2519 77 1025 2177 1190 3294 0 0 80 115 76 251 52 668 4954 740 1842 1628 339 4 9 17 820 2873 1238 80 20 1435 1217 1921
16 72 18 102 404 144 65 4 2 105 478 45 227 150 361 2950 881 193 324 678 84 45 1 0 571 493 167 905 245 2903 146 127 219 4 2 33 9 11 3 25 381 185 20 548 11 325 947 129 732 0 0 7 15 5 140 24 87 1415 31 323 466 39 0 1 4 226 1057 322 14 7 499 554 808
26 107 96 229 684 837 94 53 12 216 1202 669 306 807 1071 3819 5144 1189 593 1265 679 696 6 0 1088 1358 3252 1952 1841 7920 2716 191 730 180 15 43 58 64 44 164 721 806 671 2067 653 862 1476 1426 5453 0 0 57 48 116 78 188 279 6004 1493 785 1503 1300 3 13 30 322 2422 3994 72 95 612 3179 3197
7 46 5 16 383 70 34 0 0 150 114 10 46 5 20 1753 496 233 507 530 37 0 2 0 743 101 60 1230 225 1026 70 101 54 0 12 54 0 0 0 83 59 2 0 331 0 809 316 40 52 0 0 0 2 0 27 0 313 121 10 116 18 0 0 0 0 114 97 10 0 0 25 0 15
22 48 75 156 339 431 23 73 8 58 405 390 78 501 576 3175 2861 452 326 382 186 645 0 0 459 106 899 1194 545 2934 1231 23 152 321 8 2 72 46 36 32 53 106 445 427 309 185 530 549 2506 0 0 24 4 48 23 300 30 1520 559 72 245 448 0 14 36 75 539 2069 12 13 63 1544 1307
16 94 45 75 384 524 123 23 16 291 382 213 236 135 189 2686 2351 904 279 1030 625 418 15 0 1031 118 795 704 1648 1596 1049 376 367 85 29 14 43 203 45 358 270 51 83 934 187 599 562 967 1289 0 0 93 18 61 190 46 462 616 334 416 233 81 15 35 26 622 792 521 22 0 411 165 318
8 63 2 26 611 39 71 0 2 212 206 1 96 10 45 4307 297 112 813 1016 54 0 10 0 1758 303 1 2747 195 2021 16 247 97 0 0 80 5 28 0 263 264 10 0 488 0 1259 740 3 141 0 0 11 10 0 27 0 471 339 0 438 54 0 0 1 0 176 171 5 10 0 109 20 45
11 52 17 38 382 142 38 0 11 125 212 50 72 53 62 3178 889 172 338 457 108 0 4 0 799 110 243 1129 299 1580 177 89 85 0 32 16 45 35 0 64 120 65 0 402 22 537 403 96 319 0 0 84 30 41 16 0 213 321 44 247 129 41 7 12 8 102 194 98 26 1 55 71 53
20 160 77 113 1090 1382 190 70 24 638 940 424 335 328 318 4896 8363 5161 1157 2299 1713 1739 50 0 3837 1372 2871 3134 5981 7015 4173 672 635 317 99 76 68 206 109 847 780 340 440 2577 390 2173 1674 2141 4350 0 0 170 75 176 138 116 1815 2529 666 1330 1155 428 10 26 38 1022 1277 1280 57 10 439 666 532
21 62 68 142 352 437 27 51 11 62 475 372 153 395 512 3255 2581 618 322 437 177 486 1 0 477 446 966 1187 481 2941 1196 25 145 197 12 2 75 49 30 29 123 250 347 419 295 189 600 658 1985 0 0 27 4 72 23 177 24 1589 702 109 540 416 0 16 40 102 852 1490 35 6 257 1198 1157
7 95 9 12 775 217 165 0 10 489 131 17 101 11 7 4572 1490 1126 953 2527 262 0 29 0 3539 325 119 2386 1085 1061 183 729 65 0 83 90 55 128 0 744 437 16 0 364 5 2095 561 159 142 0 0 96 18 24 49 0 1554 56 7 569 116 9 8 4 1 402 54 9 17 0 46 4 1
26 161 125 200 725 1505 171 80 18 324 1346 1059 569 642 819 4071 6610 4025 614 1589 1426 1417 23 3 1207 2472 6141 1987 3099 6773 5907 362 602 390 77 42 54 129 45 281 1572 970 898 2117 1658 792 1503 3745 5409 0 0 70 93 215 273 150 339 5023 2976 1218 2127 1413 7 20 38 791 3175 3395 94 35 1467 1831 2201
3 22 0 3 164 0 31 0 0 53 16 0 14 0 1 1111 0 0 149 386 0 0 8 0 350 2 0 506 0 143 0 75 10 0 0 29 0 0 0 63 34 0 0 27 0 235 78 0 0 0 0 0 0 0 9 0 59 3 0 29 0 0 0 0 0 25 5 0 0 0 3 0 0
25 150 86 214 621 1193 133 71 31 337 1509 533 418 699 997 3430 4875 3854 501 1282 1128 1460 9 4 1331 2705 2926 1411 3202 6840 4194 301 710 303 70 28 27 220 119 224 958 932 646 2669 377 702 923 1742 7148 0 0 106 56 232 88 294 493 7023 1118 931 2103 865 15 51 92 575 3102 3236 168 26 760 2772 3009
19 62 45 126 316 297 22 20 5 85 461 199 174 307 443 2881 1396 390 281 276 109 208 0 0 478 389 638 775 447 2545 629 19 106 48 12 2 26 18 11 27 137 328 134 484 142 189 648 329 1464 0 0 20 34 26 13 90 76 1387 254 287 567 209 0 4 12 146 844 1072 28 8 386 957 962
9 56 12 24 386 138 37 1 3 154 168 31 68 19 33 3093 891 359 389 451 53 19 2 0 1066 208 177 1036 349 1194 156 78 45 0 17 32 18 20 1 120 130 40 6 408 6 541 313 101 158 0 0 18 21 7 24 0 254 216 34 247 70 14 0 1 2 105 124 20 9 0 54 20 26
22 48 75 156 339 431 23 73 8 58 405 390 78 501 576 3175 2861 452 326 382 186 645 0 0 459 106 899 1194 545 2934 1231 23 152 321 8 2 72 46 36 32 53 106 445 427 309 185 530 549 2506 0 0 24 4 48 23 300 30 1520 559 72 245 448 0 14 36 75 539 2069 12 13 63 1544 1307
21 154 67 143 793 856 195 37 23 432 972 391 603 380 522 5153 3878 2011 717 2238 914 614 40 0 2316 1493 1918 1833 2333 5534 2041 606 602 132 122 54 31 145 65 468 1733 483 337 1845 325 1018 2095 1884 2830 0 0 129 56 145 253 65 637 2956 789 1711 2163 425 15 24 32 1296 2235 1583 147 33 1619 1080 1216
16 118 50 70 978 701 142 37 12 479 639 223 203 143 157 5050 5709 1802 1207 2387 798 708 21 3 3143 1076 1919 3641 2580 5396 1338 487 426 111 59 79 65 104 41 507 676 233 221 2424 147 2251 1077 815 1544 0 0 79 43 54 63 26 1526 1456 321 998 493 145 4 6 17 548 762 394 44 0 226 241 211
26 98 95 230 688 743 92 44 5 220 1157 672 270 804 1080 3886 4979 572 616 1321 686 540 11 2 1159 1082 3285 1939 1792 8127 2117 205 740 130 17 44 18 34 19 180 684 766 549 2156 780 821 1499 1367 5307 0 0 28 69 42 78 195 287 5853 1471 860 1112 1199 0 4 19 332 2373 4167 32 87 520 3139 3231
19 103 76 95 848 809 95 52 21 238 615 450 194 236 231 5953 6511 1766 1068 1604 676 848 1 3 1770 948 2786 3532 1943 5628 2243 258 343 205 59 73 37 111 51 195 470 254 367 1150 475 1305 1051 1048 1821 0 0 92 50 161 55 43 345 1649 822 639 605 495 9 29 20 221 618 700 67 13 288 419 334
19 143 67 104 969 995 172 34 6 617 831 376 368 285 274 4577 6232 1876 943 2582 1178 718 35 0 3449 1209 2466 2690 4394 5739 2745 743 522 115 49 64 38 83 12 653 981 530 278 2357 348 2117 1649 1699 2699 0 0 30 105 42 166 36 1690 2087 617 1759 1360 514 1 6 12 1282 1151 959 24 15 664 584 410
16 107 31 89 925 453 101 3 7 261 776 122 181 181 254 5670 3618 1596 1233 1670 433 53 4 0 1703 1627 976 3944 1170 6992 875 227 444 2 42 85 25 44 7 194 494 338 29 1608 59 1605 1154 411 2063 0 0 34 81 45 50 6 393 2380 151 627 566 171 1 4 10 237 879 493 28 12 206 465 432
17 146 52 84 857 1034 214 35 17 458 634 250 317 175 220 4441 6993 4949 1182 2275 1459 1030 19 0 2648 854 1504 2819 3553 4001 2668 720 543 145 52 62 50 221 54 489 685 108 135 1515 209 1543 788 1538 2822 0 0 83 42 79 258 65 796 1216 386 771 525 125 15 35 28 688 938 696 24 3 557 233 383
9 69 21 15 428 337 46 7 2 290 81 58 65 10 9 2935 2067 1108 420 478 232 171 3 0 1643 32 302 1279 1462 567 500 109 28 12 22 20 2 16 7 275 64 4 18 186 39 920 233 288 90 0 0 10 1 1 14 0 779 41 34 264 34 11 0 1 0 199 25 8 4 0 33 2 2
13 89 15 63 422 176 92 3 7 228 328 44 275 68 171 2986 895 432 324 877 146 42 2 0 1072 291 205 851 417 1809 223 218 195 2 5 45 19 27 7 230 436 80 20 499 4 425 814 221 445 0 0 38 3 8 150 6 293 637 67 640 292 20 5 4 0 566 612 139 54 0 596 162 295
10 47 13 32 370 103 28 0 7 96 168 32 69 40 48 2885 690 142 318 321 61 0 3 0 547 107 137 1181 166 1286 98 41 58 0 26 27 40 20 0 49 97 51 0 250 12 506 449 72 214 0 0 47 25 21 8 0 123 231 21 227 112 22 3 4 6 84 142 69 21 0 60 49 37
17 146 52 84 857 1034 214 35 17 458 634 250 317 175 220 4441 6993 4949 1182 2275 1459 1030 19 0 2648 854 1504 2819 3553 4001 2668 720 543 145 52 62 50 221 54 489 685 108 135 1515 209 1543 788 1538 2822 0 0 83 42 79 258 65 796 1216 386 771 525 125 15 35 28 688 938 696 24 3 557 233 383
22 48 75 156 339 431 23 73 8 58 405 390 78 501 576 3175 2861 452 326 382 186 645 0 0 459 106 899 1194 545 2934 1231 23 152 321 8 2 72 46 36 32 53 106 445 427 309 185 530 549 2506 0 0 24 4 48 23 300 30 1520 559 72 245 448 0 14 36 75 539 2069 12 13 63 1544 1307
8 54 5 23 402 72 40 0 0 206 156 6 75 18 32 1734 360 128 529 506 55 0 1 0 752 135 34 1187 355 1250 60 103 82 0 4 50 0 0 0 179 103 19 0 395 1 841 446 14 133 0 0 0 8 0 20 0 539 192 1 288 117 2 0 0 0 202 115 19 0 0 68 24 23
23 166 110 143 843 1343 200 104 64 477 907 778 637 442 447 5179 6216 3101 666 2223 1356 1499 32 9 2192 1199 3600 2120 3502 5399 3984 541 582 528 135 59 140 318 273 525 1612 510 902 1609 976 1146 2043 3600 3122 0 0 421 37 371 266 86 837 2429 1662 1800 2398 955 56 158 35 1525 1804 1900 349 13 1573 959 865
20 122 72 118 668 1043 137 46 16 288 667 433 288 292 369 4118 6956 3521 917 1402 1063 1012 14 3 1968 678 2368 2307 2931 3831 3693 340 427 197 27 47 35 162 43 212 633 263 291 1254 400 964 590 1539 3049 0 0 52 26 101 159 85 443 1516 917 497 682 475 6 33 25 363 1099 1084 53 16 575 618 759
7 40 6 15 313 77 31 0 0 117 91 7 36 16 12 2984 634 137 293 432 80 0 1 0 1100 113 20 1359 252 798 54 81 26 0 0 16 0 0 0 123 56 20 0 186 1 461 174 30 134 0 0 0 2 0 12 0 204 63 1 94 63 4 0 0 0 85 36 13 0 2 17 11 3
26 98 95 230 688 743 92 44 5 220 1157 672 270 804 1080 3886 4979 572 616 1321 686 540 11 2 1159 1082 3285 1939 1792 8127 2117 205 740 130 17 44 18 34 19 180 684 766 549 2156 780 821 1499 1367 5307 0 0 28 69 42 78 195 287 5853 1471 860 1112 1199 0 4 19 332 2373 4167 32 87 520 3139 3231
25 150 86 214 621 1193 133 71 31 337 1509 533 418 699 997 3430 4875 3854 501 1282 1128 1460 9 4 1331 2705 2926 1411 3202 6840 4194 301 710 303 70 28 27 220 119 224 958 932 646 2669 377 702 923 1742 7148 0 0 106 56 232 88 294 493 7023 1118 931 2103 865 15 51 92 575 3102 3236 168 26 760 2772 3009
21 55 62 148 345 400 23 49 8 60 462 298 111 435 548 3204 2485 534 322 382 163 472 0 0 468 325 736 1188 495 2998 1026 23 152 182 8 2 72 46 28 32 53 198 286 438 238 185 569 519 2320 0 0 24 4 48 23 232 30 1686 385 87 406 307 0 14 36 78 714 1707 12 13 144 1384 1251
20 212 87 103 1334 1793 359 87 35 801 1017 508 574 289 256 4387 10963 8402 1102 4921 2795 2575 50 0 3645 2655 4162 3405 6714 6257 5242 1490 672 421 187 95 111 364 144 877 2106 602 574 2603 510 2938 2539 3195 3486 0 0 324 97 226 442 63 1760 2086 843 1934 2088 518 35 47 10 1787 1474 1041 156 18 1072 480 377
25 159 93 207 744 1387 139 75 17 408 1481 620 457 674 931 3713 6449 4759 611 1517 1334 1619 3 8 1845 2349 3542 1566 3927 6890 5191 310 732 325 105 44 43 117 101 364 925 894 687 2910 588 858 1307 2451 7549 0 0 124 102 122 114 281 576 6396 1419 1279 1964 854 6 17 47 770 3106 3299 87 42 933 2412 2735
17 73 31 105 411 263 65 11 2 112 457 127 222 178 364 3007 1527 444 338 682 173 134 1 0 610 329 520 957 445 2811 546 127 218 19 8 35 9 11 5 29 358 176 82 565 34 338 922 335 915 0 0 7 15 5 140 34 92 1279 255 323 465 110 0 1 4 226 1016 455 14 7 495 575 809
26 103 100 225 745 791 101 58 25 224 1118 725 308 776 1041 3997 5503 697 617 1444 726 703 13 0 1145 1035 3388 2161 1871 8130 2414 237 734 213 23 44 114 97 61 182 782 680 721 2013 818 880 1774 1441 4964 0 0 115 59 203 93 187 303 5464 1689 937 1191 1216 3 72 46 329 2353 4036 146 52 681 2927 3091
25 159 93 207 744 1387 139 75 17 408 1481 620 457 674 931 3713 6449 4759 611 1517 1334 1619 3 8 1845 2349 3542 1566 3927 6890 5191 310 732 325 105 44 43 117 101 364 925 894 687 2910 588 858 1307 2451 7549 0 0 124 102 122 114 281 576 6396 1419 1279 1964 854 6 17 47 770 3106 3299 87 42 933 2412 2735
18 150 67 86 1265 1193 174 30 14 449 793 411 268 160 215 6292 9406 5017 1597 2970 1366 825 16 0 2471 1795 3452 4786 3839 7017 3884 492 446 91 125 77 127 102 24 308 796 331 256 1724 504 2481 1607 1658 2057 0 0 108 117 132 124 12 872 1949 802 1022 665 262 6 14 8 464 903 525 32 2 328 263 343
11 88 15 40 400 208 96 0 0 286 214 57 229 21 87 2608 894 635 298 731 209 0 0 0 1145 104 266 730 589 1058 300 307 175 0 0 33 0 0 0 326 282 20 0 377 15 566 697 360 180 0 0 0 8 0 147 0 518 278 104 638 106 18 0 0 0 628 389 48 0 0 402 18 127
26 206 139 186 950 2277 248 151 32 545 1427 1131 691 621 697 4025 10669 9052 663 2301 2684 3455 19 24 2276 2874 7469 2036 6243 6468 9656 592 687 928 117 98 58 242 227 569 1829 948 1319 2723 1592 1063 1950 5371 6775 0 0 189 68 272 379 202 765 4691 3011 2038 2714 1533 13 39 30 1203 2840 3052 161 43 1766 1508 1738
23 202 114 139 1266 2051 293 92 24 684 1165 835 590 448 396 4225 12412 8095 935 3324 3028 2241 35 8 3150 2380 5886 3130 6956 7421 7727 1109 726 426 132 118 86 185 136 834 1883 766 850 2767 1227 2449 2779 4556 5377 0 0 153 86 187 312 106 1402 2660 1716 1700 2301 1113 27 22 17 1709 1914 1866 120 37 1119 843 663
29 152 174 232 690 1885 95 206 12 316 1379 1599 484 882 967 3664 8596 4678 581 864 1044 3538 6 27 1237 2029 8769 1930 4138 6712 8426 145 426 1336 113 23 14 50 76 201 880 1143 2270 2254 2672 779 1189 4298 7188 0 0 74 103 132 130 306 401 5274 4675 1100 2130 2411 7 7 37 634 3053 4827 65 56 1150 2522 2649
7 29 10 11 239 90 5 4 1 80 50 14 16 10 7 2014 740 162 199 85 7 52 0 0 385 27 62 863 283 415 69 3 5 4 0 2 7 4 1 10 12 1 7 100 0 428 109 30 65 0 0 5 0 1 1 1 145 31 6 42 18 4 0 0 1 25 19 8 2 0 3 3 2
20 97 74 116 850 766 54 40 10 228 751 429 153 354 317 5699 6186 1902 1167 840 465 634 4 0 1551 990 2753 3885 1800 7114 2202 105 291 118 24 74 18 32 41 140 226 540 394 1566 384 1538 1045 814 2946 0 0 37 59 80 6 50 361 2244 702 521 627 713 3 8 11 201 761 1201 32 41 160 741 501
13 79 39 39 558 414 83 35 21 253 244 126 124 72 53 4800 2979 563 605 1188 384 476 3 9 1884 205 636 2044 1308 1858 532 267 113 91 75 27 46 120 58 299 305 61 116 499 55 772 447 460 532 0 0 157 29 78 37 16 471 285 112 508 256 75 16 17 13 266 232 140 48 0 101 63 38
15 166 46 59 1228 1045 251 0 6 734 713 257 277 84 114 5354 7176 5772 1583 3546 1573 0 36 0 4200 2069 2763 3647 4617 5414 2949 1071 461 0 81 115 39 52 0 906 1064 284 0 2689 312 2958 1490 1542 1415 0 0 81 55 46 182 0 2148 1234 419 1191 379 154 2 3 9 847 806 271 17 0 279 79 130
13 105 20 58 794 350 144 2 5 479 506 60 197 94 130 4804 2263 806 971 1836 475 38 9 0 2853 562 350 2412 1702 3754 519 621 355 1 24 98 36 31 2 613 695 117 11 1737 28 2136 1151 374 1186 0 0 59 36 13 86 7 1489 1056 50 958 435 53 0 6 5 646 613 208 23 2 231 189 166
26 98 95 230 688 743 92 44 5 220 1157 672 270 804 1080 3886 4979 572 616 1321 686 540 11 2 1159 1082 3285 1939 1792 8127 2117 205 740 130 17 44 18 34 19 180 684 766 549 2156 780 821 1499 1367 5307 0 0 28 69 42 78 195 287 5853 1471 860 1112 1199 0 4 19 332 2373 4167 32 87 520 3139 3231
12 51 27 39 628 210 21 2 1 131 185 107 82 50 61 4939 2480 280 817 397 79 15 0 0 1341 76 470 3242 502 2254 352 30 49 1 0 18 12 2 2 78 73 59 14 371 80 1018 932 261 280 0 0 4 13 2 14 2 207 248 127 256 88 60 0 0 1 154 197 112 5 2 88 39 58
15 119 17 88 876 203 79 2 33 511 609 45 394 125 283 6231 1254 271 1032 957 151 33 3 0 3359 375 185 2182 661 4403 267 217 228 1 84 51 145 155 6 342 458 192 14 1972 11 2025 2260 139 788 0 0 267 26 101 57 8 1265 1394 35 1310 675 45 57 46 44 1415 1454 271 186 2 812 411 567
23 113 66 187 839 576 123 16 23 262 998 402 433 534 819 4995 3921 374 800 1669 630 200 21 0 1617 938 1917 2396 1496 7470 1288 302 592 26 28 69 111 104 19 284 1090 550 193 1663 431 912 2563 1148 3324 0 0 118 58 147 145 75 359 4262 740 1429 1398 554 1 56 27 528 2247 2550 178 34 1296 1959 2293
29 155 161 245 627 2054 129 250 42 359 1404 1293 399 1011 1100 3282 8965 5842 431 1308 1911 4709 6 85 1453 1584 6504 1392 5209 5572 9873 318 572 1618 83 30 62 257 388 230 700 883 2401 2510 1339 765 843 3535 9346 0 0 199 35 384 86 523 493 6065 3488 774 2214 2205 33 57 85 647 2697 5350 163 62 648 3479 3201
13 83 7 71 406 64 126 0 4 148 336 12 294 53 221 2835 304 90 241 1074 80 0 0 0 405 272 41 657 105 1668 34 376 229 0 1 45 14 20 0 93 611 55 0 413 3 508 1261 52 216 0 0 14 7 8 286 0 121 622 5 320 267 3 2 2 2 460 903 87 30 0 650 175 442
11 111 2 53 812 29 107 0 2 543 433 1 322 16 148 5405 197 41 973 1384 29 0 6 0 3768 327 3 2303 100 3086 3 298 190 0 28 56 8 7 0 647 590 30 0 1517 0 1779 1600 10 114 0 0 22 71 0 127 0 1628 840 0 1401 118 0 0 1 0 1195 961 8 16 0 592 56 266
18 115 51 102 710 764 101 18 7 299 625 279 276 204 315 4342 5587 2810 1049 1281 675 402 3 2 2076 743 1582 2401 2356 4058 2398 228 330 57 41 40 12 33 19 248 485 269 119 1230 242 940 766 1120 2262 0 0 37 69 36 97 29 490 1465 550 612 466 219 2 5 3 422 1090 777 44 0 549 431 634
26 168 124 201 823 1708 144 111 13 450 1418 1007 524 629 853 4170 8058 5484 704 1439 1481 2065 8 16 2219 2193 6195 1687 4877 6831 7225 317 632 617 100 59 44 93 107 406 1040 991 1116 2877 1244 878 1686 3746 6446 0 0 68 137 114 177 139 669 5521 2968 1684 1951 1359 3 10 15 869 3136 3097 56 41 1207 1929 2424
15 83 17 88 343 156 79 0 6 131 444 52 275 117 286 2848 555 330 250 673 130 0 3 0 364 649 135 650 208 1796 218 142 195 0 13 7 29 40 0 69 477 216 0 535 36 353 968 177 619 0 0 16 48 24 132 0 96 991 38 319 460 12 3 6 0 375 1060 342 42 0 596 348 589
2 9 0 1 50 0 5 0 0 11 1 0 4 0 0 405 0 0 11 62 0 0 0 0 55 0 0 127 0 9 0 4 0 0 0 2 0 0 0 6 3 0 0 0 0 29 20 0 0 0 0 0 0 0 1 0 4 0 0 1 0 0 0 0 0 5 0 0 0 0 0 0 0
6 22 5 10 175 31 6 1 1 47 49 5 14 7 7 1793 246 24 107 103 6 10 0 0 224 44 25 640 68 391 0 6 5 0 0 2 7 5 1 10 12 3 2 91 0 220 96 13 42 0 0 5 0 0 1 1 64 35 2 27 9 0 0 0 1 22 21 5 2 0 3 3 2
6 34 3 12 247 21 23 0 0 83 77 3 36 6 11 1808 129 0 225 261 14 0 3 0 527 85 14 758 56 567 0 42 24 0 0 30 0 0 0 61 67 22 0 122 0 348 189 14 25 0 0 0 20 0 5 0 99 51 1 121 17 0 0 0 0 58 53 6 0 0 20 3 5
19 104 55 116 625 724 108 24 9 212 612 303 259 257 385 3986 5372 2207 931 1389 805 425 13 0 1528 694 1549 2343 1911 3832 2501 248 329 72 27 47 25 60 30 185 524 255 189 917 234 725 692 962 2219 0 0 43 42 46 113 51 310 1606 627 431 658 306 0 8 16 257 1089 897 45 3 532 676 821
19 65 47 124 447 337 23 23 2 96 501 229 164 272 445 3273 2481 464 456 450 155 258 1 0 568 537 832 1315 500 3415 910 25 116 65 26 5 9 7 5 29 102 364 190 650 100 359 903 393 1317 0 0 7 47 9 17 48 61 1535 458 173 439 256 0 1 4 199 1057 868 14 7 290 871 1013
13 114 9 69 924 112 88 0 2 485 448 17 402 65 204 6600 839 109 1199 1124 89 0 1 0 3466 213 38 2600 364 3490 108 222 110 0 101 50 7 8 0 466 573 116 0 1359 3 1994 2520 84 238 0 0 16 87 6 138 0 1253 788 9 1313 566 13 1 0 0 1383 1136 105 16 0 868 207 378
23 186 113 140 1218 1940 262 92 27 655 1044 829 527 439 411 4401 12032 6805 1035 3053 2699 2043 48 1 3483 1417 5068 3051 7047 7041 7606 996 710 479 99 130 95 228 142 833 1419 501 737 2358 1232 2402 2717 4500 5119 0 0 174 53 223 354 141 1419 2736 1771 1621 1748 1039 15 26 45 1590 1601 1829 105 22 994 898 706
16 107 45 75 949 590 109 25 8 475 647 195 176 165 175 4975 5023 1112 1191 2048 598 452 12 1 3123 895 1586 3453 2448 5670 1098 404 407 68 37 79 63 61 16 503 485 298 158 2493 127 2204 1085 644 1741 0 0 78 45 39 42 27 1524 1553 251 1004 474 167 3 5 17 548 741 488 30 2 180 294 237
19 103 68 103 884 754 80 43 20 229 626 362 217 303 261 6348 5965 1953 1220 1197 527 673 4 3 1519 774 1983 3826 1801 5828 2032 149 184 130 28 41 84 111 71 140 500 371 363 1146 291 1594 1541 981 2362 0 0 72 48 135 59 53 386 1585 527 645 824 540 4 20 14 225 699 981 80 33 335 576 379
