31 264 179 286 1403 3410 345 204 28 879 2604 1646 925 1287 1358 4565 16439 15710 1325 3496 4490 5557 45 13 3856 4635 12973 2800 12117 14398 16745 1000 1887 1319 186 112 99 274 204 1129 2791 1966 2432 6418 2799 2017 3368 8764 18266 0 0 196 200 297 454 590 1688 11334 4438 3351 4814 2886 7 43 64 2137 6219 8304 161 80 2221 4567 4037
30 186 154 281 1514 2086 193 163 36 513 1982 1291 627 1241 1365 7076 16380 6080 2009 2979 2182 3096 19 14 3812 2882 7523 5423 5947 16581 9004 474 1158 931 118 76 106 258 223 418 1577 1691 1893 4543 1750 2845 4158 4754 12857 0 0 142 112 363 211 590 991 9293 3243 1815 3511 2616 7 62 74 1208 4563 7248 224 88 1406 4882 4150
32 189 209 287 1392 2650 179 259 23 573 1919 2061 622 1371 1269 7117 18673 6660 1661 2458 2498 4919 12 12 3655 2663 12630 4974 8367 14266 13479 469 1075 1738 72 107 110 157 157 529 1477 1862 3462 4471 3777 3100 3640 6560 12896 0 0 119 73 282 171 525 1425 8226 5808 2304 3462 4237 2 22 35 1249 4027 8363 172 133 1415 4495 3410
31 246 186 279 1582 3109 323 229 58 746 2257 1739 949 1229 1298 6220 18012 12036 1643 3883 4106 4928 45 54 3886 4243 12010 4019 10387 15448 15694 1003 1472 1496 164 146 219 442 522 923 2898 1824 2705 4643 2724 2296 4599 8041 13718 0 0 320 154 513 386 499 1462 9664 5115 3408 5550 3434 41 79 67 1770 5276 7181 422 38 2577 4414 3805
25 252 120 180 1741 2169 444 107 69 914 1903 922 919 595 676 7776 13905 8670 1943 6624 3392 2463 85 9 5200 5639 7785 5251 7743 13769 7115 1759 1504 565 249 148 184 626 250 1174 3850 1219 1028 5301 1219 3754 4621 5411 7138 0 0 465 70 644 642 160 2001 6508 2316 3397 3842 1225 54 122 35 2461 4418 2824 414 49 2172 1644 1611
23 140 90 163 1306 1046 162 71 17 540 1128 561 436 555 584 10821 9244 1276 1794 2740 1209 1072 13 7 4845 934 3221 5299 3792 10822 2803 537 769 294 136 57 100 96 67 593 1202 758 632 3514 491 2978 3053 2101 4645 0 0 148 69 138 144 172 1318 3788 1067 1802 1876 941 19 15 33 1293 2325 2321 89 67 887 1580 1283
11 86 14 41 893 145 76 4 4 346 295 40 206 34 87 8237 1378 118 1291 1169 88 56 0 0 3040 213 258 3953 582 3057 28 196 123 4 20 81 30 16 4 330 351 61 23 793 0 2150 1724 235 226 0 0 40 38 6 91 1 835 445 64 831 169 8 1 1 3 606 489 58 21 0 306 57 115
23 164 72 181 1378 1026 194 28 23 471 1476 429 530 570 744 11196 7312 2991 1778 2957 1219 536 20 0 3224 2563 2635 5978 2780 12328 3018 629 934 73 130 53 163 177 60 328 1580 998 299 3318 377 3137 4045 1687 5414 0 0 147 85 210 179 115 892 5813 784 1683 2685 783 26 18 35 1191 3180 2410 142 61 1092 2063 1890
31 253 192 273 1530 3358 274 264 35 822 2400 1772 881 1232 1227 5452 18047 13995 1659 3030 3939 6929 31 43 3824 4975 14099 4246 11500 14961 16455 837 1283 1798 197 128 168 287 290 837 2281 2265 3177 5634 2646 2652 4024 7711 14966 0 0 274 175 366 215 447 1679 9752 4981 3490 5181 3480 15 37 53 1866 5424 7179 232 98 2244 4134 3482
22 164 68 163 1361 954 210 46 18 513 1410 390 522 442 662 10844 6850 2790 1855 3195 1111 847 25 0 3857 2382 2586 5664 2789 11829 2163 659 1022 187 121 72 35 140 52 499 1707 729 400 3556 253 3003 3679 1789 4605 0 0 124 105 133 215 100 1044 5450 833 1898 2054 454 5 21 44 1198 3188 1817 89 16 1070 1546 1709
20 200 91 99 1732 1757 399 84 41 978 1003 553 479 280 223 9542 14178 5421 2524 7355 3224 2213 63 7 7701 2019 4834 6640 8404 8538 4988 1969 960 359 203 155 227 468 185 1863 2297 478 597 3294 685 4469 2959 3247 3816 0 0 446 79 251 316 85 3042 1977 888 2810 1459 573 41 48 40 1773 1352 939 166 11 728 420 281
14 75 35 56 922 369 77 14 2 229 394 132 104 114 104 7375 4093 617 1805 1594 379 239 3 0 2381 420 804 4934 1138 5196 616 234 231 29 18 94 20 15 6 239 326 219 82 992 71 2074 989 315 927 0 0 17 70 12 25 14 480 777 142 486 333 135 1 0 3 171 327 250 3 4 89 172 102
22 158 71 160 1337 941 193 25 24 521 1295 453 517 439 623 10945 7129 2219 1852 3014 950 505 21 0 4389 1874 2920 5346 3015 11101 2499 619 853 76 125 72 59 203 48 620 1615 735 251 3341 410 2836 3556 1804 4046 0 0 186 95 166 216 72 1125 4810 1042 1991 1976 727 4 33 43 1200 2808 1733 157 7 1135 1463 1534
12 121 21 45 1080 357 215 5 15 591 484 64 230 67 84 8797 2832 888 1584 3430 573 123 39 0 4976 877 569 4527 1697 4599 380 1157 445 5 29 98 76 133 17 1077 952 183 32 1805 16 2748 1307 374 798 0 0 159 69 39 131 3 1848 764 73 1328 376 52 28 9 12 728 570 115 64 5 281 104 90
20 159 73 117 1485 982 228 50 14 615 1001 431 505 302 357 11018 8121 1804 2106 3878 1329 892 21 3 4779 1555 3106 6239 3672 9718 2068 1039 632 189 80 123 106 104 51 707 1813 586 395 2709 383 3433 3655 2113 2750 0 0 138 85 79 227 65 1444 2766 846 2386 1493 481 7 11 9 1383 1934 1127 91 18 1119 628 710
31 260 183 282 1468 3390 324 223 30 868 2518 1683 916 1272 1317 4776 17086 15133 1508 3509 4301 6037 34 19 3917 4536 13194 3208 12126 14727 16624 957 1710 1486 203 110 143 266 233 1097 2651 1973 2653 6165 2712 2192 3766 8446 17129 0 0 214 202 318 396 543 1739 10676 4607 3385 4989 3109 8 36 58 2067 5989 7959 189 86 2242 4427 3864
17 162 21 115 1550 333 257 0 26 635 1019 72 594 171 437 12493 2961 918 2316 4552 342 0 42 0 5408 1555 460 5822 1336 10137 466 928 790 0 50 143 123 272 0 1007 1880 311 0 2858 21 3437 4332 405 1648 0 0 172 60 72 414 0 1488 3304 106 2400 1073 84 14 50 27 1683 2374 438 191 12 1542 651 1068
34 252 238 323 1316 3949 279 370 31 777 2571 2444 867 1618 1552 3895 19558 15899 1091 2909 4419 8670 18 82 3063 3162 17831 2656 12314 13580 21682 725 1668 2826 186 115 132 223 335 770 2257 2042 4576 6203 4764 1996 3079 10893 20667 0 0 219 181 323 320 914 1381 11340 7252 2915 4387 4555 12 32 78 1983 6072 11038 192 92 1992 5643 4634
17 146 30 106 1540 395 159 4 40 562 815 121 523 196 359 12644 3902 792 2294 2857 346 53 13 0 4940 970 731 6347 1386 8939 646 506 452 6 73 115 272 256 19 480 1212 385 33 1959 48 3513 4137 550 1519 0 0 318 73 104 139 11 1428 2402 184 2371 1035 155 43 87 18 1436 1613 562 285 6 1330 610 765
8 51 14 14 557 186 66 3 2 188 97 31 35 13 9 4962 2011 420 977 1539 238 48 23 0 2063 115 207 2462 722 1141 230 330 102 3 25 59 10 24 1 310 96 26 7 307 15 1182 234 91 114 0 0 22 15 7 1 2 444 50 15 157 48 8 0 1 0 54 27 14 2 0 13 4 2
31 260 178 287 1391 3308 334 179 20 846 2598 1681 927 1263 1372 5166 16196 15047 1275 3321 4316 4565 33 12 3832 4423 13114 2807 11161 14436 16291 988 1816 1113 197 139 79 195 143 1022 2825 2004 2156 6443 3162 2056 3324 9118 18031 0 0 140 212 199 434 582 1553 11339 4640 3334 4354 2744 5 19 64 2146 6415 8474 136 49 2235 4415 4118
27 236 119 232 1667 2125 256 68 30 795 2337 950 807 871 1036 6525 14114 8896 1718 3620 2373 1621 43 0 3876 6430 7612 4730 7321 16094 8627 761 1239 306 214 146 128 209 107 668 2175 2262 852 6225 1226 3842 4475 4655 10878 0 0 211 134 321 330 168 1724 10207 2399 3021 4294 1899 18 33 57 1928 5134 4585 199 52 1887 3186 2877
9 61 9 27 595 106 69 0 2 172 230 18 74 27 39 5077 824 261 1003 1326 88 0 3 0 1625 356 92 2886 239 2498 93 194 161 0 19 70 20 12 0 195 247 75 0 587 3 1053 497 71 196 0 0 18 24 8 22 0 296 353 12 300 118 12 1 0 2 115 168 36 4 0 51 33 30
27 179 100 251 1490 1507 255 50 14 584 1947 714 586 922 1239 7756 12160 3973 1962 4031 2233 1040 34 0 4960 2662 4355 4970 5323 16588 5383 883 1593 174 99 91 60 159 46 809 1951 1247 563 5041 937 2793 3693 3404 10877 0 0 86 134 126 347 289 1207 9293 1459 1934 2571 1230 0 19 52 1400 4781 5077 88 71 1233 3900 3850
10 89 9 36 885 106 114 1 2 354 271 27 210 15 77 8048 994 60 1292 1688 119 18 16 0 3060 275 184 3921 430 2590 0 371 130 0 12 86 20 8 2 369 485 3 6 679 0 2150 1705 205 153 0 0 28 35 0 142 1 841 405 50 809 61 0 1 0 3 619 474 27 11 0 306 21 105
23 155 90 163 1389 1133 157 95 31 541 1151 560 532 485 631 12596 8281 2494 1820 2206 1127 1526 13 20 3904 1212 3211 5512 3701 10751 3119 478 626 423 133 60 142 209 159 576 1144 741 796 3159 384 3117 4338 2351 4234 0 0 215 92 214 174 178 1158 3714 1296 1901 1824 662 17 27 59 1446 2830 2014 165 28 1270 1453 1601
25 183 132 168 1386 1731 270 176 52 586 1223 988 667 532 604 12097 11756 4068 1656 3865 2349 2984 47 27 3944 1680 5935 5447 5298 9928 5438 995 813 1059 153 61 226 388 304 721 2070 702 1481 2986 1110 3093 4156 4424 4732 0 0 295 79 418 430 165 1204 3511 2523 2057 2428 1205 41 71 76 1673 3019 2237 256 25 1629 1372 1446
22 197 114 117 1326 1873 374 123 32 858 1050 781 575 349 287 10686 11289 4382 1483 5020 3373 2707 72 8 5474 2144 5770 4922 8069 7510 5703 1773 825 649 166 79 168 318 139 1544 2354 675 930 2948 1038 3026 2598 4352 3715 0 0 271 118 262 492 77 2316 2270 1508 2676 1911 926 19 34 25 2008 1701 1153 146 37 1070 582 407
23 275 81 172 1833 1956 524 55 40 1142 2208 506 903 524 686 6799 10830 11481 1890 7436 3296 1752 73 5 5555 6987 5419 4931 8377 14843 5925 2093 2084 210 262 163 159 433 163 1628 4427 1228 537 6744 416 3734 4341 3528 8790 0 0 387 185 287 644 123 2808 8020 1061 4372 3844 747 31 52 63 2591 4703 2285 223 18 2130 1719 1734
33 205 231 297 1378 3027 209 327 29 625 2085 2375 695 1430 1324 5952 19744 8397 1496 2775 3132 6214 18 42 3432 3158 15289 4241 9608 14388 15848 625 1235 2412 88 124 55 166 247 662 1729 2039 4300 5088 4538 3162 3580 7911 13983 0 0 94 84 336 213 518 1452 8897 7119 2256 3789 4742 7 50 29 1470 4654 8833 187 141 1589 4666 3609
10 65 17 28 617 217 109 4 5 269 228 41 65 42 33 4957 1901 279 946 1858 347 86 14 0 2097 200 295 2613 946 2288 208 515 244 4 45 85 24 42 4 450 302 52 14 785 18 1496 371 123 418 0 0 45 28 18 23 6 755 293 21 383 163 24 2 1 8 129 112 68 8 1 35 37 17
29 269 147 259 1521 2987 367 145 39 927 2563 1225 952 1084 1200 5152 14999 14802 1379 3921 4143 3954 67 13 4084 5642 9817 3340 10949 15106 13236 1075 1910 822 180 150 134 362 269 1095 2979 1847 1595 6268 1867 2432 3697 7290 15940 0 0 304 175 363 441 479 1897 11258 2988 3807 5031 2009 25 59 73 2289 5847 6566 230 50 2339 3901 3461
11 79 19 36 875 251 89 1 4 369 321 55 105 58 51 7314 2529 417 1577 1853 265 23 10 0 3786 321 435 4123 1114 3749 287 347 240 0 14 43 40 14 0 482 313 133 7 1228 25 2376 815 195 570 0 0 38 29 17 29 1 1155 430 40 638 227 50 3 1 2 333 255 106 15 6 79 59 36
8 82 11 17 885 194 131 2 7 364 196 21 85 18 15 6924 1789 675 1529 2749 239 49 16 0 3582 434 199 3992 805 2233 149 602 180 1 21 141 54 79 7 587 335 64 7 676 5 2349 667 111 210 0 0 59 39 12 42 1 1009 172 10 552 111 9 4 3 0 224 86 21 17 0 55 10 6
19 157 90 81 1254 1375 243 104 52 663 639 493 354 232 140 10134 9601 3103 1661 3423 1943 2169 30 13 4227 992 3174 5516 5732 5504 3561 1024 433 445 201 79 326 434 219 910 1090 367 664 1667 542 3320 1965 2278 2174 0 0 548 105 283 237 58 1939 989 610 1725 1290 511 50 94 8 1081 607 650 186 12 459 252 119
12 70 20 46 774 212 60 0 1 192 366 64 95 72 84 6631 1937 452 1449 1170 162 0 9 0 2011 527 431 4115 546 4487 296 156 166 0 14 53 11 7 0 144 283 221 0 890 33 1543 733 145 568 0 0 4 66 4 21 0 353 696 58 438 235 58 0 0 1 117 293 154 5 2 89 108 82
19 175 66 105 1535 1079 265 50 48 754 923 337 526 298 284 11335 9383 2670 2245 4611 1462 1051 25 0 6498 1679 2096 5895 4588 8194 2602 1033 585 189 251 82 205 371 134 1117 1800 597 349 2759 220 3684 3079 1831 2707 0 0 457 84 265 276 73 2043 2145 526 2358 2039 462 65 75 20 1640 1530 934 247 29 991 646 448
14 106 41 50 967 528 108 10 11 484 384 186 222 90 78 8985 4478 720 1236 1587 474 172 13 0 3424 453 1100 3846 2352 3556 985 344 205 16 72 117 72 82 16 579 455 250 74 1229 166 2826 1503 824 699 0 0 111 59 62 94 4 1336 469 227 1014 481 158 3 8 3 790 411 205 35 8 290 73 70
12 75 22 44 878 277 107 8 6 228 318 61 109 74 77 7178 3026 521 1714 2238 384 142 9 0 2425 362 364 4552 921 4071 356 412 238 12 15 134 42 53 12 286 388 80 36 740 18 1938 962 209 662 0 0 39 25 18 57 12 471 581 47 434 288 50 1 4 3 186 260 140 19 0 97 107 73
29 222 150 256 1468 2389 240 155 36 621 2163 1258 796 1069 1172 6974 14720 9285 1862 2814 2555 3648 31 8 4006 4750 8754 5004 6776 15395 9987 598 1161 886 120 78 97 337 212 536 2123 2018 1884 5051 1612 2767 3986 5498 12386 0 0 163 118 375 272 342 1083 8864 3267 2184 4298 2450 9 64 59 1598 5353 6019 198 98 1961 3777 3408
16 126 40 80 1187 546 186 15 23 598 678 164 310 187 194 9862 4863 721 1601 3059 840 304 28 0 4886 608 1185 4871 2630 6669 865 1022 519 26 93 87 111 173 22 1011 1032 395 107 2509 93 2910 1889 654 1742 0 0 237 74 99 113 36 1893 1446 196 1702 928 213 16 30 16 930 912 480 125 13 522 389 267
19 144 38 133 1433 495 168 10 10 536 1053 174 512 268 517 12306 4326 911 2037 2924 507 156 25 0 4562 1197 1025 5717 1841 10566 792 577 660 14 52 104 79 72 14 594 1297 520 91 2853 95 3081 4146 992 2324 0 0 63 99 40 244 41 1275 3505 312 2087 1118 171 2 7 30 1400 2642 916 72 19 1267 912 1305
26 233 114 211 1581 2088 316 90 24 842 2105 850 792 766 894 7644 13162 8273 1739 4240 2689 2293 39 6 4608 5374 6851 4331 7922 14340 7691 1104 1393 432 174 154 89 212 100 1057 2766 1625 985 5845 941 3805 4059 4516 9850 0 0 175 132 221 420 197 1927 8536 2038 2940 3990 1530 14 23 41 2070 4602 3778 168 42 1847 2629 2372
29 193 156 250 1322 2256 253 165 41 632 1830 1314 618 1089 1086 8143 14424 5994 1534 3246 2933 3415 58 17 4187 2684 8410 4609 8056 13218 10101 836 1259 929 64 81 130 366 254 836 1940 1406 1950 4364 1907 2917 3163 4873 11319 0 0 228 74 423 293 414 1629 7727 3178 2284 3474 2518 28 78 42 1354 3717 6208 232 90 1360 3655 2885
12 72 29 37 693 335 104 8 11 287 277 103 79 60 49 5754 2861 483 1023 1785 419 164 9 0 2266 154 677 3123 1359 2936 515 429 270 16 60 82 72 88 18 429 311 83 34 900 69 1594 482 243 531 0 0 109 25 59 28 6 770 388 96 439 203 74 12 3 10 163 169 115 17 1 46 53 31
24 203 105 171 1551 1651 329 91 17 790 1652 759 666 519 655 9050 11581 4507 1863 5058 2514 2147 46 8 5396 3657 6169 5279 6768 13124 4686 1423 1290 422 94 103 61 152 77 1151 2853 943 884 4852 889 3446 3660 3736 6238 0 0 97 130 147 379 151 2083 6005 1876 2981 2476 881 1 16 28 1735 3681 2381 90 17 1521 1485 1632
8 58 7 21 653 81 46 1 4 256 177 10 70 19 26 6071 846 99 1114 908 46 17 4 0 2594 161 72 3003 353 2038 17 134 90 0 15 27 20 26 3 303 136 33 4 638 0 1516 564 50 161 0 0 39 15 7 12 1 806 204 4 420 72 4 1 1 4 170 134 22 8 0 49 18 17
10 56 12 33 630 133 58 0 1 143 229 30 70 36 54 6251 1390 253 1200 1222 136 0 3 0 1659 276 183 3286 318 2784 132 146 148 0 14 79 12 6 0 153 190 38 0 495 8 1053 579 108 302 0 0 8 13 6 21 0 232 387 26 252 93 20 0 0 1 107 198 60 1 0 53 46 50
9 95 7 29 888 111 125 0 5 426 253 16 193 17 51 8562 919 289 1117 1830 70 0 30 0 3085 376 82 3614 468 2313 50 541 183 0 8 109 19 58 0 435 517 27 0 682 0 2614 1445 156 172 0 0 18 38 19 86 0 1183 337 20 834 92 5 3 1 4 700 335 26 10 0 249 20 55
8 35 12 16 418 101 22 0 1 102 90 30 26 12 14 4001 1125 100 855 548 60 0 0 0 1259 89 156 2292 297 1215 106 50 39 0 2 17 11 7 0 104 46 9 0 231 18 800 205 66 87 0 0 6 12 5 1 0 208 83 16 120 14 0 0 0 0 30 47 30 1 0 9 0 6
16 119 33 87 1141 426 132 14 23 494 631 119 341 182 245 10563 3409 571 1483 2002 464 238 11 0 4224 443 671 4866 1849 6290 575 515 398 30 51 82 184 114 22 734 772 214 73 1777 64 2338 2416 588 1540 0 0 218 64 78 116 49 1403 1624 118 1768 829 102 13 45 17 886 1003 527 115 4 693 436 417
18 220 71 82 1731 1479 519 52 29 1117 1003 401 600 178 185 10151 10712 5054 2263 8542 3051 1515 129 0 8283 3415 4069 5566 7363 7716 3147 2813 899 189 193 189 106 375 99 2215 3456 435 381 3417 422 4718 3375 2931 2401 0 0 264 81 169 521 21 3321 1933 678 3225 1641 325 15 26 2 2345 1514 503 142 0 1068 285 256
9 62 8 28 585 91 64 0 3 173 243 14 78 28 42 5302 613 234 962 1171 59 0 8 0 1659 421 52 2757 182 2619 75 152 141 0 10 68 25 23 0 182 245 99 0 630 1 1043 505 55 198 0 0 13 24 9 22 0 287 385 8 307 118 12 3 0 1 123 177 32 11 0 58 40 33
5 11 2 8 110 10 4 0 0 17 24 1 5 4 5 1287 92 0 157 84 4 0 0 0 188 3 2 556 17 258 0 4 5 0 0 1 0 0 0 8 7 1 0 33 0 64 41 4 19 0 0 0 1 0 0 0 12 14 0 6 1 0 0 0 0 6 10 2 0 0 0 2 1
16 165 12 108 1551 219 285 0 15 651 1028 24 599 120 416 12402 1864 744 2349 5023 249 0 70 0 5529 1903 129 5786 904 9882 211 1041 821 0 42 142 72 182 0 1053 2131 221 0 2844 9 3445 4294 160 1290 0 0 115 69 27 446 0 1509 3319 10 2450 878 12 9 17 27 1717 2467 222 122 12 1540 522 1033
28 173 122 256 1406 1723 223 104 13 610 1848 918 537 1024 1230 8048 12866 3970 1832 3394 2362 2246 24 13 5163 2013 5851 4772 6588 15758 6690 797 1416 496 131 72 37 157 75 873 1616 1265 1139 4894 1083 2520 3125 3478 11185 0 0 105 150 125 235 417 1409 8741 2095 2347 2659 1730 4 15 33 1264 4075 5603 75 85 1195 4102 3712
18 143 35 118 1190 509 217 8 15 554 1034 148 429 240 420 10309 3869 967 1487 3294 740 136 44 0 4945 1443 943 4643 1938 9006 793 831 877 16 71 78 74 116 18 869 1470 378 56 3175 90 2445 2424 864 2446 0 0 121 80 72 243 32 1451 3436 201 1936 1061 145 8 16 38 1116 2159 823 80 10 868 736 951
25 224 103 197 1359 1846 340 67 35 722 1840 738 810 692 803 9469 9900 7519 1429 4015 2669 1839 65 0 5034 4324 5574 4664 6169 12352 6320 1063 1254 270 176 80 114 399 125 1019 2916 1459 754 4439 795 2379 3163 3779 8598 0 0 234 93 319 461 180 1584 6442 1688 3038 3841 1346 16 47 45 1708 4048 3252 222 84 2157 2199 2082
21 168 56 154 1378 830 228 33 14 535 1432 294 535 377 626 10828 5818 2600 1871 3545 1003 635 29 0 3922 2833 2115 5691 2521 11786 1629 751 1074 115 102 80 30 105 36 534 1934 673 283 3593 163 3018 3680 1449 4101 0 0 107 112 96 222 81 1078 5490 604 2001 1960 292 2 17 33 1237 3272 1448 67 16 1111 1358 1625
2 17 0 1 174 0 5 0 0 59 1 0 8 0 0 1775 0 0 190 74 0 0 0 0 396 0 0 700 0 3 0 4 0 0 0 6 0 0 0 26 3 0 0 0 0 411 83 0 0 0 0 0 0 0 1 0 110 0 0 5 0 0 0 0 0 27 0 0 0 0 0 0 0
13 129 20 58 1157 310 190 3 16 583 502 69 352 73 141 10419 2411 691 1466 3001 351 39 51 0 4626 550 478 4640 1387 4912 341 848 416 2 34 125 95 105 20 749 1056 110 21 1344 14 2915 2159 480 650 0 0 104 62 53 176 5 1694 1041 116 1757 469 58 28 6 14 1174 771 124 77 1 664 163 211
10 66 23 22 706 312 99 9 1 339 182 64 49 29 18 5724 3201 401 1350 1982 470 199 34 0 3537 351 502 3275 1677 2059 418 514 155 14 17 57 1 17 3 605 227 67 35 774 35 2049 311 163 326 0 0 5 22 2 11 0 1157 130 36 387 100 28 0 0 1 104 65 46 2 1 20 8 7
27 179 100 251 1490 1507 255 50 14 584 1947 714 586 922 1239 7756 12160 3973 1962 4031 2233 1040 34 0 4960 2662 4355 4970 5323 16588 5383 883 1593 174 99 91 60 159 46 809 1951 1247 563 5041 937 2793 3693 3404 10877 0 0 86 134 126 347 289 1207 9293 1459 1934 2571 1230 0 19 52 1400 4781 5077 88 71 1233 3900 3850
3 7 0 3 47 0 1 0 0 4 2 0 6 0 1 477 0 0 46 20 0 0 0 0 24 0 0 165 0 36 0 0 0 0 0 1 0 0 0 1 2 0 0 0 0 14 28 0 0 0 0 0 0 0 0 0 0 1 0 2 0 0 0 0 0 3 0 0 0 0 2 0 0
9 69 13 23 560 205 115 4 8 326 201 24 65 31 25 5141 1531 262 736 1544 315 84 37 0 2397 311 154 2196 1105 1755 197 525 203 4 18 80 23 87 8 606 243 38 12 693 4 1431 306 99 343 0 0 65 29 18 36 4 1024 232 9 377 144 14 2 6 6 182 98 41 12 0 28 26 12
12 83 34 32 949 490 140 23 10 359 227 109 88 53 35 7844 5563 867 1757 3140 793 452 30 3 4164 307 742 4411 2260 2783 872 611 196 52 49 112 71 112 28 643 369 81 89 684 54 2323 593 346 501 0 0 106 27 44 35 2 996 206 85 507 217 71 7 6 0 189 96 86 16 2 61 30 21
22 254 97 134 1745 2072 485 87 67 1094 1556 619 786 441 393 8652 12953 9505 2046 7273 3625 2503 103 3 7058 4599 5860 5752 8439 10742 6109 2158 1300 400 256 141 222 796 237 1753 3460 1121 731 4551 614 3867 3641 4085 6009 0 0 605 95 471 502 110 2807 4056 1184 3917 3232 955 84 108 31 2647 2566 1581 385 53 1653 1017 667
17 148 49 87 1377 699 226 21 14 609 755 243 443 186 230 10520 5714 1254 1965 3843 961 386 47 1 5149 1191 1703 5565 2798 7507 1167 945 505 55 37 154 71 103 27 859 1539 372 148 2045 196 3267 3101 1412 1729 0 0 153 53 60 254 32 1474 1795 384 2134 1009 209 9 12 6 1298 1239 642 93 8 929 313 392
5 27 0 10 283 0 13 0 0 61 68 0 20 0 10 2628 0 0 435 256 0 0 0 0 557 85 0 1346 0 656 0 15 13 0 0 13 0 0 0 35 31 0 0 126 0 351 182 0 0 0 0 0 15 0 4 0 83 69 0 82 0 0 0 0 0 18 33 0 0 0 9 0 5
7 32 5 16 302 42 15 0 0 67 76 6 37 13 16 3857 350 44 469 229 22 0 0 0 605 69 18 1178 104 771 19 19 19 0 4 10 0 0 0 43 41 14 0 93 1 300 285 22 68 0 0 0 6 0 4 0 76 75 1 101 42 2 0 0 0 52 37 13 0 0 28 11 7
27 179 100 251 1490 1507 255 50 14 584 1947 714 586 922 1239 7756 12160 3973 1962 4031 2233 1040 34 0 4960 2662 4355 4970 5323 16588 5383 883 1593 174 99 91 60 159 46 809 1951 1247 563 5041 937 2793 3693 3404 10877 0 0 86 134 126 347 289 1207 9293 1459 1934 2571 1230 0 19 52 1400 4781 5077 88 71 1233 3900 3850
21 152 59 151 1430 803 194 38 25 540 1121 311 533 385 596 12534 6255 1739 1925 3087 993 689 30 3 4054 1107 1709 5610 2826 10724 1838 701 746 121 112 81 125 213 80 636 1380 555 310 2975 176 3160 4459 1572 3528 0 0 187 86 145 274 120 1170 3734 611 1870 1517 349 21 27 54 1450 2857 1501 142 24 1290 1232 1538
7 39 8 13 447 80 12 0 8 106 68 16 35 8 11 4193 807 137 567 221 5 0 0 0 821 47 56 2184 225 757 90 10 11 0 27 22 87 19 0 36 29 6 0 107 6 806 343 36 38 0 0 61 9 12 4 0 178 61 8 125 42 0 2 10 0 57 29 16 8 0 14 0 5
20 135 60 130 1213 742 176 36 21 559 957 303 412 366 435 10679 6191 899 1630 2719 898 556 27 2 5035 663 1760 4623 3012 9198 1459 682 705 116 77 68 97 133 46 818 1210 475 262 3171 212 2648 2562 1376 3207 0 0 195 59 126 199 110 1530 3004 462 1873 1389 403 12 26 40 1173 1853 1355 114 32 848 993 898
11 52 19 36 630 167 52 0 1 143 223 63 64 45 57 6251 1947 155 1200 1149 164 0 2 0 1659 194 364 3286 456 2857 208 141 140 0 14 79 12 5 0 153 173 53 0 500 30 1053 579 159 322 0 0 8 13 7 19 0 232 373 69 252 76 48 0 0 1 107 192 81 1 0 49 51 51
10 87 14 31 881 207 158 4 12 438 288 30 132 40 46 7258 2045 184 1346 2957 372 70 54 0 4202 292 213 3731 1100 3182 138 827 288 4 4 70 45 108 13 803 478 45 17 1098 2 2403 907 179 419 0 0 101 15 27 88 3 1383 390 20 659 197 20 4 13 5 488 284 60 25 0 111 47 37
31 260 178 287 1391 3308 334 179 20 846 2598 1681 927 1263 1372 5166 16196 15047 1275 3321 4316 4565 33 12 3832 4423 13114 2807 11161 14436 16291 988 1816 1113 197 139 79 195 143 1022 2825 2004 2156 6443 3162 2056 3324 9118 18031 0 0 140 212 199 434 582 1553 11339 4640 3334 4354 2744 5 19 64 2146 6415 8474 136 49 2235 4415 4118
32 183 196 300 1432 2453 139 269 35 513 1962 1814 594 1445 1432 6747 17979 6956 1903 1799 1827 5107 9 53 3712 2436 10475 5165 6974 16210 11610 245 940 1729 105 76 110 214 257 391 1056 1888 3414 4678 2741 2748 3860 5536 14148 0 0 135 82 374 136 717 1003 8897 4986 1754 3573 3856 3 69 77 1178 4283 8686 204 120 1317 5388 4270
13 103 30 48 1100 443 156 7 1 505 421 108 185 93 78 8465 4330 658 1918 3288 689 160 13 0 4862 451 783 4913 2166 4731 684 701 333 9 28 72 13 3 0 825 627 192 50 1515 57 3106 1513 513 897 0 0 11 40 5 110 2 1527 605 105 940 474 114 0 0 1 714 438 191 5 10 200 112 65
30 174 161 274 1353 2115 216 197 31 588 1807 1349 531 1219 1295 7748 15030 4745 1657 3036 2720 3871 17 30 4722 1702 8089 4654 7468 15143 9496 689 1326 1185 111 78 127 269 198 784 1497 1330 2275 4756 1649 2495 3054 4307 12112 0 0 192 81 356 226 554 1343 8369 3503 2126 2919 2787 18 51 52 1237 3809 6824 160 120 1154 4637 3841
7 41 6 15 500 58 25 0 7 108 98 9 38 12 14 4918 617 101 890 580 25 0 0 0 1186 152 55 2777 127 1234 33 55 41 0 9 25 71 29 0 95 53 8 0 230 3 918 401 19 77 0 0 50 5 15 1 0 195 97 2 127 39 0 7 3 1 50 46 18 13 0 19 6 6
25 241 98 202 1770 1853 378 53 50 840 1977 730 927 635 882 8962 12430 7771 2053 5665 2692 1285 75 0 5738 5223 5292 5178 6843 15105 6882 1393 1454 196 199 162 226 452 172 1007 3572 1408 721 4844 791 3245 5001 4231 7795 0 0 351 133 459 451 53 1650 7426 1843 3476 3933 1154 49 58 37 2274 5125 3225 366 15 2414 2136 2516
23 264 125 128 1847 2545 539 189 59 1176 1517 837 814 384 361 9524 15976 10903 2117 8002 4545 5184 116 45 7502 4397 8488 5935 10840 10759 7065 2509 1261 1086 392 117 175 678 356 2055 4150 949 1346 4811 916 4059 3797 5509 5196 0 0 552 163 392 612 82 3028 3712 1708 4293 3141 850 55 61 38 2633 2621 1388 331 11 1700 784 639
31 207 190 275 1351 2746 214 244 39 672 2056 1751 665 1276 1224 6849 16922 8082 1515 2735 2842 5052 30 43 3862 3300 11815 4235 9358 13773 13433 586 1167 1585 146 112 102 282 279 759 1613 1869 2964 5109 2816 3072 3246 6269 13465 0 0 221 99 419 258 526 1598 8940 4696 2428 3869 3488 13 73 47 1509 4172 7602 240 89 1474 4325 3331
23 140 90 163 1306 1046 162 71 17 540 1128 561 436 555 584 10821 9244 1276 1794 2740 1209 1072 13 7 4845 934 3221 5299 3792 10822 2803 537 769 294 136 57 100 96 67 593 1202 758 632 3514 491 2978 3053 2101 4645 0 0 148 69 138 144 172 1318 3788 1067 1802 1876 941 19 15 33 1293 2325 2321 89 67 887 1580 1283
5 11 2 8 110 10 4 0 0 17 24 1 5 4 5 1287 92 0 157 84 4 0 0 0 188 3 2 556 17 258 0 4 5 0 0 1 0 0 0 8 7 1 0 33 0 64 41 4 19 0 0 0 1 0 0 0 12 14 0 6 1 0 0 0 0 6 10 2 0 0 0 2 1
6 70 4 11 660 74 105 0 8 351 84 4 88 8 8 6052 564 176 946 1756 78 0 4 0 3164 105 2 2568 386 865 35 393 42 0 10 56 50 48 0 579 233 4 0 204 1 1726 640 36 68 0 0 96 2 4 62 0 1073 45 0 371 80 0 6 6 0 343 42 8 16 0 52 4 2
28 233 133 245 1518 2313 268 88 26 749 2318 1099 804 996 1093 6228 14122 9629 1569 3322 2718 2156 27 2 3770 5722 8577 4429 7865 15545 9704 754 1520 376 142 129 56 171 140 782 2221 2106 1187 5795 1565 3357 3858 5229 12299 0 0 119 127 263 303 253 1617 10093 2702 2834 4541 2245 20 36 30 1785 5065 5493 171 95 1897 3549 3008
9 81 7 29 828 86 99 0 7 303 222 13 163 23 48 7818 776 167 1174 1513 51 0 16 0 2522 205 68 4010 270 2354 35 311 99 0 17 83 62 54 0 352 374 54 0 556 0 1853 1273 83 152 0 0 44 39 16 107 0 725 245 11 668 130 8 3 4 0 440 295 29 25 0 193 32 46
6 27 6 9 293 83 38 1 1 131 38 7 6 7 5 2580 950 49 536 861 138 20 4 0 1403 48 26 1311 476 376 88 185 17 0 2 28 6 11 1 213 24 6 3 138 0 829 48 6 66 0 0 9 0 2 0 0 428 11 2 18 8 2 0 0 0 7 8 5 1 0 0 2 1
19 185 78 93 1576 1481 324 64 33 922 939 439 422 256 210 9727 11700 4327 2375 5920 2362 1633 56 2 7385 1923 3733 5913 7316 7863 3913 1461 833 251 181 154 196 330 143 1711 1847 431 437 3105 491 4043 2467 2573 3468 0 0 382 76 173 230 77 2972 1943 652 2583 1279 435 30 35 43 1575 1238 858 132 10 595 401 262
27 238 157 194 1658 2628 361 238 39 899 1832 1256 825 699 732 8528 16909 8957 1834 4912 3535 5591 51 59 5216 4132 10027 4806 9949 13135 9346 1369 1323 1537 224 170 174 347 261 1188 3263 1214 2214 5311 1532 4064 4264 6421 8292 0 0 299 124 365 459 188 2160 6352 3257 3193 3778 1726 39 36 28 2272 4075 3291 249 21 1939 1940 1785
4 22 0 6 184 0 16 0 0 42 34 0 16 0 4 2089 0 0 266 284 0 0 3 0 358 34 0 712 0 349 0 31 7 0 0 11 0 0 0 13 37 0 0 45 0 163 77 0 0 0 0 0 1 0 2 0 49 20 0 47 0 0 0 0 0 17 14 0 0 0 6 0 1
20 144 56 134 1182 732 165 20 25 532 1086 304 434 340 476 10921 5146 1521 1463 2223 777 353 23 0 4689 1345 1933 4762 2413 9458 1656 503 704 54 113 69 95 174 49 675 1190 668 185 3267 211 2354 2473 1230 3095 0 0 228 79 162 145 47 1397 3674 568 2106 1410 451 20 22 41 1027 2091 1240 154 10 917 1016 1063
23 276 91 162 1915 2125 548 85 42 1139 2057 586 903 484 616 7275 12086 11955 2041 8211 3586 2730 81 12 5656 6304 6391 5510 8825 14378 6250 2331 1933 379 313 171 196 488 173 1543 4597 1094 769 6209 462 4036 4696 4022 7941 0 0 402 185 292 726 125 2824 7031 1346 4484 3651 756 17 55 58 2552 4278 2026 249 11 2153 1464 1505
17 134 61 75 1236 996 208 51 14 666 648 285 236 192 152 8511 8061 2047 2002 3849 1579 1211 28 0 5514 997 2120 5065 5325 6402 2381 1048 498 192 78 112 81 137 48 1271 924 311 288 2016 228 3191 1498 1264 2197 0 0 160 99 74 95 42 2299 1305 335 1641 741 258 9 14 19 748 659 597 41 6 260 270 164
20 229 71 119 1737 1425 450 56 28 999 1302 444 784 222 418 11462 9308 6028 2350 6985 2462 1493 105 4 7710 3456 4120 5342 5991 10525 3614 1941 1042 250 258 165 107 341 77 1824 3523 625 432 4040 318 3631 4068 2989 3032 0 0 262 107 149 591 4 2516 3631 1194 3828 2003 293 26 41 22 2404 2788 744 174 0 1981 628 978
26 202 123 202 1417 1957 270 139 31 728 1725 901 653 733 827 8809 11980 6196 1749 3791 2469 3238 31 14 5076 2904 6410 4862 7599 13063 7003 980 1227 794 175 89 93 316 146 1069 2140 1115 1317 4427 929 2962 3252 3967 8296 0 0 238 116 272 299 236 1885 6824 2126 2872 3282 1357 6 60 42 1526 3589 3693 164 23 1482 2321 2140
23 145 72 181 1531 850 134 29 14 511 1298 449 507 527 766 12163 7969 1421 2245 2598 760 448 0 0 3958 1297 2796 6197 3048 13429 2349 383 680 80 62 86 120 84 34 487 1162 1001 347 3334 328 3331 4678 1552 4274 0 0 120 126 123 131 73 1140 5092 1052 2192 1891 789 10 8 6 1264 2988 2080 115 68 1326 1982 2056
25 203 113 187 1366 1757 293 109 61 631 1515 807 739 658 726 11062 10239 5803 1560 3528 2216 2329 48 9 4309 2869 5406 5265 5593 11355 5965 942 1018 528 162 73 218 551 248 765 2327 1058 1108 3453 779 2737 3745 3645 6723 0 0 333 49 489 460 198 1354 4971 1881 2509 3419 1401 44 103 93 1584 3282 2921 367 44 1938 1977 1804
