27 256 183 168 1322 3613 389 305 55 912 1569 1525 682 610 485 4174 17384 16776 917 3824 5326 8654 41 93 3796 3208 12838 2690 13269 8272 15914 1436 1052 2073 246 114 177 584 443 1142 2452 1059 2610 3915 2643 2203 2407 7994 8138 0 0 372 108 510 350 192 1952 3854 3408 2468 2829 1863 26 77 61 1818 2481 2712 207 29 1085 1094 833
19 150 66 105 1157 1002 227 45 20 405 956 362 351 263 299 6208 7135 3329 1386 3893 1489 995 61 2 2798 2124 2794 3664 2732 7478 2442 752 663 152 123 99 100 180 65 457 1410 520 357 1985 306 1769 2074 1495 2934 0 0 141 89 140 172 51 595 2655 627 1300 1172 369 8 17 18 558 1413 931 83 0 568 549 532
20 119 80 110 838 933 159 77 19 346 748 441 271 327 295 6171 6094 1716 988 2243 1173 1214 2 14 2351 846 2578 2339 2715 5307 2220 518 546 302 85 43 51 134 93 399 918 292 531 1648 403 1337 1530 1582 2977 0 0 107 66 128 125 118 574 1984 680 950 893 498 14 16 27 563 1141 1183 62 7 374 642 467
22 170 75 156 930 1279 171 42 17 569 1343 447 457 480 571 4966 7299 4890 958 2294 1371 979 6 0 3124 2688 3287 2378 4449 7358 4063 458 856 133 95 48 30 110 60 582 990 887 394 3547 456 1470 1332 2050 6050 0 0 134 161 103 132 138 1125 4333 771 1503 1836 598 6 20 52 1152 2520 2106 85 32 848 1388 1299
23 142 103 150 1040 1420 181 90 25 430 1026 680 314 533 468 5668 9873 3586 1331 2820 1709 1880 25 6 2972 1219 4296 3204 4585 7927 5078 541 695 381 121 88 98 213 131 471 1121 589 863 2367 749 1629 1632 2072 5372 0 0 151 49 208 122 151 803 3212 1229 1129 1622 1130 19 23 31 595 1192 2169 109 32 489 1309 836
23 153 121 132 1173 1571 189 149 30 376 1005 839 365 416 367 6298 11162 4699 1363 3039 1832 2856 32 27 2479 1564 5723 3943 3739 8152 4993 559 622 769 122 96 162 271 161 367 1185 656 1245 2023 1069 1760 2178 2747 4166 0 0 177 69 198 124 89 532 2669 1636 1253 1390 964 6 58 28 534 1461 1640 127 8 585 784 624
23 231 115 138 1351 2486 390 111 35 888 1446 825 540 432 403 4718 13199 12574 1112 4172 4128 3477 51 12 4120 3272 7670 3164 10214 8851 9465 1563 1225 564 146 149 113 428 169 1360 2129 795 869 3926 1257 2456 2251 4717 6780 0 0 276 97 315 335 175 2100 3862 1667 2182 1785 829 21 42 56 1448 2195 1947 111 21 793 805 709
17 107 52 84 772 629 128 36 12 340 615 227 222 218 199 5598 4086 1184 971 1623 721 594 15 2 2414 760 1486 2274 2076 4595 1148 422 395 100 67 57 16 94 42 363 724 268 228 1407 158 1311 1131 803 1965 0 0 74 69 64 57 68 693 1445 250 1031 746 238 4 9 11 422 758 664 45 3 308 402 267
13 98 26 52 792 360 110 9 2 322 434 84 189 91 102 5484 2490 893 1107 1720 336 182 14 0 2642 730 641 2413 1229 3601 506 294 234 13 51 97 9 17 4 359 599 197 55 972 30 1330 1149 332 789 0 0 16 43 8 67 9 615 773 80 893 474 73 0 0 0 377 461 198 10 0 264 143 114
11 78 26 29 616 351 94 5 9 264 211 93 100 33 34 5204 2651 821 863 1488 367 78 15 0 2195 276 561 1804 1183 1747 626 302 121 6 64 36 28 54 11 368 322 84 28 557 65 1045 536 321 282 0 0 75 23 39 38 0 536 175 92 385 205 47 5 3 3 215 144 46 22 0 61 25 21
9 52 11 25 455 100 46 0 11 158 140 24 77 29 31 3613 782 72 515 614 72 0 10 0 1281 48 99 1682 305 1356 85 121 69 0 12 30 75 50 0 182 139 29 0 289 9 690 472 66 153 0 0 68 5 29 19 0 299 149 12 306 117 13 8 9 4 140 109 46 26 0 62 28 18
23 227 122 131 1360 2505 355 145 48 826 1271 858 561 411 357 5596 13401 11885 1356 4140 3949 4456 45 2 4187 3399 7126 3446 10001 8270 9446 1297 778 834 227 118 236 431 238 1218 2024 843 1147 3006 1136 2491 2331 4517 5328 0 0 409 102 426 314 77 1915 3101 1660 2048 2411 978 34 72 23 1320 1733 1718 177 17 898 691 595
29 153 177 229 808 2054 144 245 64 350 1228 1546 437 952 911 4216 11715 5410 954 1735 2018 4449 7 18 2256 1439 7998 2246 5268 7027 9811 323 664 1734 168 39 85 206 349 291 864 807 2407 2346 2442 1245 1022 3828 8011 0 0 275 80 569 140 423 621 4270 3982 897 2006 2445 32 203 94 475 2115 5310 310 37 1009 2709 2244
15 76 40 65 664 355 62 12 1 246 407 167 150 150 126 4757 2947 214 799 909 290 162 0 0 1708 431 860 2254 1174 3493 559 152 164 18 26 50 7 9 2 243 343 302 102 1008 99 1257 1012 449 959 0 0 7 44 6 31 6 486 727 187 671 446 223 0 0 0 292 481 361 5 18 188 220 131
19 132 54 117 1028 897 191 28 12 463 961 255 247 324 362 5665 6493 2580 1398 3233 1416 691 32 0 3303 1391 1974 3275 3463 7670 2366 757 754 69 131 86 35 84 38 580 1006 398 224 2588 188 1781 1318 913 4077 0 0 101 80 84 89 86 1012 3012 310 1112 1098 343 12 7 22 523 1120 1126 46 11 323 860 659
10 42 12 33 368 101 25 0 1 93 175 25 50 46 49 3449 813 145 577 393 55 0 0 0 859 133 113 1346 220 1648 94 35 62 0 6 37 0 4 0 70 84 64 0 324 6 456 336 57 287 0 0 8 7 4 10 0 120 249 14 145 102 23 0 0 0 70 134 63 4 6 33 63 35
19 104 87 84 1014 864 100 70 4 378 600 574 200 121 204 6486 8287 1031 1632 1901 798 1310 4 0 3110 1282 3576 3662 3322 5939 2087 276 308 337 29 82 11 17 22 336 541 218 440 1914 819 2089 1502 1293 1254 0 0 35 70 37 68 6 905 1482 1212 767 397 204 1 1 1 382 767 310 6 1 310 223 324
18 132 46 107 891 552 136 23 47 455 802 220 398 227 346 5843 3421 1161 987 2140 439 364 9 0 2274 841 1299 2631 1632 5560 937 522 470 75 99 59 145 220 60 336 931 246 169 2049 112 1483 1869 908 1790 0 0 314 52 246 126 26 1004 2283 389 1522 959 197 77 73 70 1032 1670 803 230 6 766 567 716
17 147 54 82 1142 838 198 36 10 548 772 276 361 150 218 6088 6017 2595 1257 3166 1069 866 38 0 3106 1609 2207 3800 3049 5720 1633 708 514 128 64 128 75 141 24 648 1146 374 245 2088 182 2237 2043 1340 1798 0 0 85 130 54 149 3 1310 1819 516 1826 785 176 5 8 6 855 1169 490 50 6 671 245 389
21 112 55 155 766 514 112 23 16 293 938 293 378 390 624 5568 3211 631 911 1648 408 278 28 0 1823 760 1438 2463 1340 7001 955 317 510 63 68 50 30 88 29 247 928 469 226 1980 120 863 1739 911 2553 0 0 89 96 108 153 62 484 3603 636 1153 1321 498 7 15 47 642 2082 1312 90 33 891 1428 1607
20 122 54 136 762 497 119 6 55 309 719 301 496 352 481 6655 2792 645 693 1465 342 63 16 0 2112 535 952 2089 1088 5038 1023 275 373 7 56 55 234 189 18 293 1019 344 75 1181 251 890 2207 1117 1842 0 0 339 18 277 169 13 404 2133 538 1279 1433 479 40 149 53 952 1689 1377 344 42 1284 995 1068
21 163 73 137 1103 1186 213 28 21 434 1316 448 358 407 447 5029 7618 4460 1267 3259 1594 687 27 0 2489 3244 3925 3688 3314 9341 3673 618 976 83 97 56 56 176 41 427 1292 893 287 2801 437 1655 1575 1560 4849 0 0 133 121 204 111 51 681 4395 843 1270 1634 744 16 14 28 565 1880 1559 98 25 506 1090 866
6 19 0 15 158 0 13 0 0 72 87 0 4 0 20 1525 0 0 124 241 0 0 0 0 609 31 0 600 0 738 0 35 57 0 0 1 0 0 0 73 8 0 0 320 0 251 9 0 0 0 0 0 3 0 0 0 182 158 0 28 0 0 0 0 0 6 16 0 0 0 0 0 15
17 131 32 104 889 386 139 2 43 454 828 139 398 196 343 5773 2498 721 999 2221 325 35 9 0 2300 1143 822 2605 1145 5627 561 534 481 1 96 56 122 188 3 336 980 268 18 2072 95 1485 1862 566 1533 0 0 293 56 220 125 8 1003 2424 198 1534 885 135 77 67 70 1033 1718 664 218 6 766 540 715
24 167 110 166 1097 1677 193 102 20 394 1336 748 394 618 556 4987 10489 6172 1241 2733 2006 2330 15 1 2313 2455 5128 3887 4073 9524 5949 470 841 490 121 41 61 171 101 354 1133 1005 953 2577 880 1480 1751 2876 7153 0 0 104 108 169 144 205 467 4501 1352 1032 1932 1201 5 25 35 633 1964 2844 85 44 567 1572 1084
16 103 50 70 683 596 126 26 15 362 495 226 212 170 138 5263 3601 764 743 1601 664 433 9 0 2321 701 1293 1907 2203 3412 1200 427 273 66 65 35 54 105 48 446 690 262 186 1215 156 1246 940 814 1316 0 0 120 43 88 79 20 762 894 275 908 657 274 14 8 7 478 625 437 51 17 254 237 152
8 36 12 16 331 142 18 0 3 159 84 36 10 0 20 2963 1355 246 350 296 36 0 0 0 1228 0 180 1263 627 715 285 42 60 0 11 7 12 20 0 114 10 0 0 333 15 781 46 43 0 0 0 41 0 16 0 0 440 138 40 68 0 0 1 1 0 21 16 0 0 0 0 0 15
8 58 5 23 498 49 49 0 1 177 173 6 91 18 32 3900 356 91 663 791 20 0 0 0 1509 232 30 1708 108 1496 19 118 77 0 14 29 2 6 0 176 176 62 0 397 0 814 607 21 83 0 0 8 18 2 32 0 315 175 2 344 99 4 0 0 0 191 175 16 4 0 81 25 23
9 75 17 19 642 278 93 3 7 325 152 44 78 22 15 4418 2227 676 840 1419 310 64 4 0 2679 254 285 2290 1184 1384 347 334 116 3 13 100 33 64 15 411 204 28 11 425 22 1535 476 225 247 0 0 62 20 17 25 1 838 122 26 379 95 22 7 1 3 268 57 26 12 0 48 11 4
17 137 42 94 941 589 159 17 11 498 837 209 372 161 293 5905 3503 1614 1111 2346 550 303 15 0 2572 1272 1691 2897 2042 5715 1045 563 545 47 87 87 42 84 27 542 1107 262 123 2208 101 1570 1749 969 1625 0 0 95 136 56 129 21 1175 2307 445 1715 775 178 10 2 18 944 1617 491 60 4 699 357 613
20 189 78 112 1158 1553 332 42 26 711 992 550 497 178 370 6414 8741 6801 1130 3932 2815 1090 44 0 3862 1777 4385 3050 6129 6385 5933 1451 770 183 119 150 118 359 47 1060 1814 338 332 2694 694 2183 2032 2962 2333 0 0 276 94 270 275 16 1512 2688 1444 1874 902 239 18 49 17 1250 1940 734 36 2 1007 346 855
8 61 7 21 470 100 80 0 4 221 171 11 74 20 25 3500 680 176 513 1089 115 0 4 0 1446 198 64 1415 381 1322 61 347 103 0 20 46 22 30 0 288 248 25 0 476 3 977 392 56 196 0 0 28 25 8 32 0 461 173 3 342 98 4 2 2 4 158 128 26 8 0 48 20 14
26 152 142 183 934 1759 114 144 11 330 1265 1121 377 734 601 5207 10273 5251 1118 1641 1290 2703 5 2 2267 2150 7104 3184 3964 8617 7160 193 555 778 63 40 15 63 74 265 806 1247 1583 2218 1548 1104 1479 3177 6710 0 0 55 107 110 68 165 403 4158 2422 1077 2064 2141 2 12 7 466 1774 3321 49 76 641 1788 1126
19 122 66 105 851 836 161 53 15 351 776 333 277 297 286 6160 5339 1819 989 2293 1063 904 2 5 2356 1072 2062 2354 2422 5375 1813 523 549 186 92 43 50 107 62 401 929 327 354 1664 272 1340 1543 1331 2898 0 0 102 76 96 125 102 580 2078 457 980 936 362 12 10 22 563 1173 1065 55 6 383 607 460
22 152 93 138 853 1321 178 75 26 360 1021 581 399 473 411 7068 6541 4182 885 2292 1443 1533 33 5 2125 1804 3547 2374 3279 5798 4201 399 561 295 109 62 127 221 99 389 1219 664 704 1651 583 865 1844 2247 4589 0 0 167 54 197 147 111 463 2894 979 1139 1927 962 7 35 21 655 1501 1848 133 35 668 1095 698
21 168 82 128 1304 1417 195 64 9 525 1257 482 334 402 382 5456 9824 5740 1553 3078 1613 1781 10 10 3084 2852 4379 4569 4765 10325 4248 577 830 250 85 85 48 88 53 528 1161 877 482 3006 455 2325 1986 1806 5217 0 0 73 102 65 104 130 1009 3863 845 1416 1486 675 6 2 18 614 1610 1507 31 50 460 900 681
6 30 5 10 286 64 20 0 0 90 52 6 17 8 6 2250 580 147 382 400 56 0 0 0 844 36 26 1103 242 540 51 61 22 0 11 15 0 0 0 98 20 2 0 122 0 446 111 17 70 0 0 0 6 0 1 0 215 30 2 54 24 4 0 0 0 16 12 4 0 0 5 4 1
14 99 31 60 910 375 97 0 15 261 412 146 235 80 138 6441 2922 987 1118 1718 279 0 4 0 2114 557 720 3301 869 3911 763 222 148 0 71 51 103 93 0 253 565 197 0 783 105 1337 1809 573 598 0 0 119 53 88 88 0 381 773 254 806 422 109 6 19 1 402 587 206 53 0 371 125 202
19 118 34 137 830 400 101 14 14 387 1032 132 332 272 551 4960 2618 708 1089 1671 303 208 0 0 2245 1297 960 2596 1307 7617 494 328 595 31 51 40 15 66 23 341 662 410 99 2704 43 1263 1399 509 2544 0 0 103 138 53 96 63 768 4128 187 1396 775 134 20 11 48 708 2020 851 92 6 715 1035 1427
15 89 45 60 757 578 115 25 7 319 414 185 120 140 105 6257 4680 1025 1113 2056 768 510 11 3 2927 536 1223 2642 2188 3619 1199 395 329 59 29 54 34 59 33 472 400 146 131 1061 144 1252 705 546 1364 0 0 80 35 21 27 39 717 754 188 613 330 176 4 3 12 258 310 348 19 8 111 176 93
14 120 20 71 899 227 112 0 32 411 449 81 410 78 205 6576 1435 336 907 1439 127 0 6 0 2530 461 270 2805 555 2988 262 317 164 0 180 46 105 100 0 367 783 82 0 850 28 1623 2326 452 411 0 0 254 95 139 141 0 879 1036 150 1598 476 53 33 58 7 1010 921 223 122 0 923 153 394
26 136 116 209 792 1472 175 124 42 360 1126 818 359 776 882 4707 8971 3255 979 2353 2251 2431 31 15 2306 1187 3764 2150 4734 6865 6546 645 641 629 105 61 78 268 218 493 949 615 1222 2104 813 1188 1212 2140 6518 0 0 231 52 369 133 312 659 4477 1824 839 2007 1286 27 69 103 519 1988 3816 180 43 684 2657 2333
13 95 14 64 888 222 95 3 2 308 556 37 179 71 175 6290 1725 719 1383 1744 182 74 13 0 2530 1101 328 3243 828 5154 260 272 265 2 10 96 11 22 2 292 555 137 20 1547 0 1569 1451 146 895 0 0 17 37 5 58 6 673 1503 46 742 250 21 0 0 1 281 678 146 14 0 289 169 305
9 36 17 19 306 151 23 5 5 86 77 41 25 22 16 2724 1310 194 391 343 87 67 4 0 717 25 147 1124 376 680 207 40 25 6 19 23 32 23 7 79 43 8 18 132 18 358 121 79 143 0 0 35 1 16 3 0 120 55 21 77 31 14 0 4 2 34 36 35 2 0 7 8 6
21 145 67 143 845 866 193 44 36 388 1020 377 471 387 522 5666 4613 2193 919 2736 1009 728 39 1 1680 1393 2098 2640 2297 6541 2236 686 673 156 77 66 133 261 89 292 1439 424 403 2023 207 1080 1934 1556 3184 0 0 191 71 250 239 73 607 3280 797 1125 1704 533 32 48 62 1030 2306 1383 187 37 987 1182 1213
10 106 7 38 755 109 79 0 17 504 311 11 250 34 75 5406 490 258 896 885 33 0 0 0 2942 360 29 1953 410 1934 70 241 71 0 102 21 55 48 0 459 463 22 0 849 1 1988 1207 74 251 0 0 209 111 25 48 0 1402 408 5 1212 279 6 22 14 15 906 507 46 68 2 330 63 87
7 43 2 19 366 21 43 0 3 103 127 1 52 8 26 3159 196 27 533 741 13 0 9 0 940 175 2 1268 61 1184 1 96 59 0 1 34 9 19 0 115 119 5 0 251 0 472 320 8 60 0 0 11 7 1 24 0 131 156 0 131 24 0 1 1 3 81 110 4 9 0 33 12 19
8 28 11 17 233 85 14 0 2 53 69 25 19 16 15 2130 700 128 277 159 36 0 0 0 337 9 90 855 156 599 96 23 24 0 10 11 17 7 0 39 25 5 0 113 12 235 106 53 106 0 0 15 3 8 3 0 54 57 12 45 8 6 0 1 2 21 37 29 0 0 5 5 6
21 141 88 122 788 1182 145 83 26 387 892 514 347 395 338 6479 5791 3263 918 1809 1138 1565 16 8 2668 1470 3048 2050 3297 5245 3346 357 470 341 126 32 80 175 123 402 939 534 669 1677 463 933 1406 1958 3723 0 0 214 48 183 89 111 637 2350 828 1190 1520 733 12 29 26 669 1327 1430 104 31 517 829 542
21 113 49 161 745 528 85 22 10 333 1076 232 318 401 675 5081 3179 902 1035 1139 359 316 0 2 2101 1182 1339 2345 1598 7764 1009 202 517 53 41 36 7 50 23 285 634 554 199 2551 98 1003 1216 755 3323 0 0 55 122 55 70 83 572 4535 396 1130 1109 345 6 5 52 657 2168 1402 50 26 635 1586 1795
20 130 65 125 962 972 161 38 20 421 932 342 263 372 388 5962 6596 2651 1313 2373 1162 824 6 0 2968 1169 2303 2962 3386 7178 2785 495 631 112 98 77 73 164 66 453 902 398 314 2319 297 1512 1452 1185 4172 0 0 163 42 148 100 108 859 2898 482 1011 1153 477 11 14 36 549 1168 1374 82 15 350 962 704
23 228 124 129 1393 2542 352 165 47 889 1302 843 539 423 340 5183 14132 12271 1223 3981 3715 4898 44 24 4365 2915 7485 3480 10257 8334 8842 1297 1045 973 135 160 158 495 267 1353 1907 740 1096 3639 1134 2533 2367 4724 6240 0 0 410 84 340 291 162 2113 3118 1525 2282 1855 885 21 84 44 1464 1809 1841 168 21 837 671 523
14 66 45 46 582 432 92 28 8 163 228 184 91 88 64 5160 3827 507 934 1679 600 383 13 0 1458 281 879 2315 1153 2105 892 316 170 82 17 45 7 55 24 208 309 60 135 434 143 983 628 447 575 0 0 17 28 48 31 9 254 277 188 257 190 135 4 4 4 125 181 184 12 2 82 80 43
19 125 46 125 773 446 134 2 56 341 710 246 491 284 437 6530 2497 586 713 1686 333 19 33 0 2265 550 825 2128 1042 4827 818 352 402 1 75 59 216 203 12 343 1096 250 24 1276 200 939 2152 980 1563 0 0 342 20 306 189 6 498 2026 445 1322 1230 329 59 134 56 1019 1741 1093 310 28 1214 773 977
27 154 136 215 840 1845 183 160 39 402 1233 1039 424 842 884 4430 11090 4927 987 2448 2464 3195 38 20 2608 1632 5497 2101 5582 6719 8506 538 711 862 130 82 90 223 215 505 1114 668 1622 2461 1327 1351 1166 3137 7874 0 0 202 52 354 123 414 708 4445 2403 953 2294 1544 17 59 97 610 2193 4363 191 57 845 2651 2287
11 67 17 38 583 167 74 1 7 190 235 46 127 58 60 4320 1345 185 697 1105 158 15 11 0 1558 194 211 2102 462 2173 153 191 131 0 21 51 52 33 0 214 284 81 7 490 16 995 845 165 340 0 0 38 14 24 67 1 319 307 34 410 262 45 3 6 4 247 247 98 23 3 139 78 48
25 171 111 189 930 1713 209 107 33 454 1289 782 518 668 743 4514 10010 5674 999 2648 2355 2435 38 3 2684 2350 4624 2247 5233 7038 6843 597 757 523 204 86 86 216 162 549 1354 757 998 2599 963 1460 1469 2992 7107 0 0 206 125 267 167 298 773 4323 1637 1298 2537 996 11 39 56 769 2420 3407 196 27 1178 1945 1853
8 31 9 19 186 64 5 0 1 50 81 18 35 18 20 1974 296 99 171 51 10 0 0 0 301 73 32 482 93 548 62 4 2 0 4 3 7 5 0 6 18 35 0 93 9 169 160 48 84 0 0 3 11 4 0 0 47 72 6 91 44 0 0 0 0 35 54 36 2 0 20 9 10
20 127 67 123 928 921 163 35 19 351 866 369 294 363 373 6436 5893 2282 1133 2362 1149 673 2 0 2368 1152 2149 3069 2633 6676 2675 469 595 98 89 83 71 157 67 385 982 442 325 1767 315 1157 1776 1289 3557 0 0 137 29 135 107 74 584 2525 579 996 1329 563 12 14 30 556 1212 1304 82 23 428 899 665
20 188 87 103 1384 1729 277 82 6 699 1039 507 396 306 245 6281 11307 7883 1573 3939 2563 2559 35 0 4256 2425 4523 4489 6880 8076 5236 1012 772 389 125 172 39 59 21 1002 1465 677 543 2646 530 2717 2301 2603 4193 0 0 45 84 38 202 73 1625 2345 804 1770 1530 573 0 4 9 970 1178 1077 32 34 583 502 320
14 95 19 72 856 278 113 3 3 268 565 60 193 99 202 6419 1852 844 1170 1874 321 67 12 0 1993 751 438 3243 810 5029 408 353 369 2 33 84 12 19 3 245 632 132 24 1245 9 1278 1624 231 1082 0 0 36 52 12 64 5 473 1512 83 769 386 54 1 1 3 311 784 215 16 2 294 252 355
15 103 25 80 848 379 138 5 4 313 633 88 211 134 228 6446 2335 1055 1092 2105 503 113 12 0 2255 820 657 3028 1287 5324 668 476 453 4 33 83 15 40 4 380 796 160 42 1438 21 1152 1539 318 1472 0 0 39 46 20 70 10 624 1736 125 908 572 100 0 1 6 355 852 305 20 5 320 353 400
6 19 0 15 158 0 13 0 0 72 87 0 4 0 20 1525 0 0 124 241 0 0 0 0 609 31 0 600 0 738 0 35 57 0 0 1 0 0 0 73 8 0 0 320 0 251 9 0 0 0 0 0 3 0 0 0 182 158 0 28 0 0 0 0 0 6 16 0 0 0 0 0 15
22 165 93 138 1197 1472 204 80 25 444 1261 593 341 434 433 5172 9580 5531 1405 3009 1856 1957 36 0 2498 2628 4832 4213 3958 9854 4666 569 832 363 114 70 96 226 108 430 1144 895 698 2819 629 1911 1837 2109 5384 0 0 170 100 197 113 96 678 4037 1107 1239 1347 737 12 31 34 557 1764 1834 99 26 457 1007 818
29 127 164 242 744 1748 134 208 29 289 1102 1378 324 1048 1020 4423 10680 3591 931 1846 2094 3802 31 33 2124 966 6031 2132 4799 6739 8714 429 577 1337 103 55 117 223 254 364 708 703 2156 1860 1919 1090 995 2803 7824 0 0 195 51 301 75 446 573 4282 3462 686 1894 2477 9 35 51 267 1816 5826 107 120 662 3334 2641
19 118 34 137 830 400 101 14 14 387 1032 132 332 272 551 4960 2618 708 1089 1671 303 208 0 0 2245 1297 960 2596 1307 7617 494 328 595 31 51 40 15 66 23 341 662 410 99 2704 43 1263 1399 509 2544 0 0 103 138 53 96 63 768 4128 187 1396 775 134 20 11 48 708 2020 851 92 6 715 1035 1427
8 78 6 22 619 100 128 0 0 281 218 9 114 18 29 4606 684 338 848 1906 131 0 34 0 2223 476 74 1830 337 1768 51 448 155 0 12 86 0 0 0 420 474 57 0 597 0 1150 689 55 187 0 0 0 11 0 68 0 550 222 5 457 127 6 0 0 0 288 181 18 0 0 107 21 20
11 44 23 32 342 186 32 7 3 85 128 67 60 52 39 3379 1380 230 509 493 136 77 9 0 770 68 205 1233 373 1139 265 65 38 9 14 34 5 13 8 69 99 37 31 178 39 393 358 175 294 0 0 12 9 7 17 7 94 124 41 117 118 37 1 0 2 84 101 103 10 1 42 40 22
6 19 0 15 158 0 13 0 0 72 87 0 4 0 20 1525 0 0 124 241 0 0 0 0 609 31 0 600 0 738 0 35 57 0 0 1 0 0 0 73 8 0 0 320 0 251 9 0 0 0 0 0 3 0 0 0 182 158 0 28 0 0 0 0 0 6 16 0 0 0 0 0 15
16 108 53 67 918 734 153 41 19 362 512 228 168 163 128 6696 6013 1820 1301 2948 983 791 21 7 3373 706 1545 3398 2436 4613 1466 522 470 118 31 73 73 143 88 482 563 144 212 1338 187 1587 1034 878 1835 0 0 149 21 59 68 57 738 1016 243 677 391 181 15 15 29 400 480 465 60 3 156 216 131
14 119 37 54 917 616 175 22 17 389 533 138 182 102 102 6688 4372 2235 1291 3160 826 500 33 4 3444 1263 1159 3327 1966 4389 1018 590 482 45 26 73 65 158 59 519 669 153 115 1351 74 1582 1035 654 1323 0 0 138 27 51 70 21 753 1028 162 716 397 96 16 8 27 427 525 224 51 1 166 150 109
10 48 20 25 444 193 24 0 0 167 93 70 73 20 30 4313 1728 70 483 471 95 0 0 0 1571 56 137 1637 679 1010 382 32 26 0 4 8 0 0 0 114 63 40 0 190 60 732 522 225 53 0 0 0 5 0 16 0 318 143 60 196 140 0 0 0 0 219 24 70 0 0 65 0 20
6 26 3 12 154 27 15 0 0 46 63 3 20 6 11 1445 159 50 160 172 13 0 0 0 256 67 12 404 50 415 9 24 24 0 4 9 0 0 0 36 32 1 0 100 0 155 70 12 40 0 0 0 5 0 3 0 47 56 1 38 14 0 0 0 0 21 36 6 0 0 6 3 5
19 140 57 114 1079 1007 183 35 10 528 981 276 256 312 346 5908 7295 3217 1478 3041 1425 944 30 1 3765 1685 2203 3318 4259 7602 2821 746 669 102 128 68 47 92 48 649 948 488 275 2824 186 2070 1353 998 4104 0 0 105 102 70 80 77 1234 2959 376 1160 1120 353 11 2 16 567 1127 1084 32 8 347 790 624
27 94 121 230 695 894 41 65 18 148 1004 973 255 884 1003 5056 6276 1402 1138 468 410 800 0 0 1291 1018 3815 2570 1578 8164 3721 44 195 275 59 12 25 48 56 62 323 1007 828 1378 1314 797 1394 1406 4806 0 0 36 77 229 45 182 183 4530 2465 484 1534 1971 4 32 30 182 1791 4553 71 115 490 3167 2680
20 116 41 149 782 466 93 18 12 364 1062 175 326 334 613 5006 2884 822 1057 1405 326 266 0 1 2202 1231 1141 2447 1490 7706 726 256 570 40 46 38 11 58 23 323 657 471 147 2650 62 1101 1261 624 2962 0 0 81 129 53 78 75 677 4376 270 1293 954 223 11 7 53 690 2103 1097 73 14 678 1305 1611
22 170 75 156 930 1279 171 42 17 569 1343 447 457 480 571 4966 7299 4890 958 2294 1371 979 6 0 3124 2688 3287 2378 4449 7358 4063 458 856 133 95 48 30 110 60 582 990 887 394 3547 456 1470 1332 2050 6050 0 0 134 161 103 132 138 1125 4333 771 1503 1836 598 6 20 52 1152 2520 2106 85 32 848 1388 1299
20 173 69 121 1277 1286 217 56 17 552 1255 359 356 356 369 5407 8292 5658 1500 3282 1519 1604 24 9 3355 3230 3308 4277 4582 10048 3497 590 894 204 99 89 83 179 73 643 1311 740 385 2959 237 2090 1883 1490 4769 0 0 123 92 108 110 123 1066 3968 592 1486 1635 493 4 17 29 665 1648 1215 62 32 498 877 678
23 135 117 136 827 1300 118 123 23 309 834 812 395 464 372 6752 7182 2990 1011 1491 1070 1808 13 8 2401 1287 4028 2400 2830 5616 4188 265 283 645 136 42 69 125 132 235 912 663 1046 1456 983 864 1858 2793 3473 0 0 134 32 192 103 92 403 1959 1574 1072 1765 1232 7 19 16 646 1390 1740 105 47 706 913 575
7 52 8 13 477 131 65 0 3 201 109 14 33 12 9 3518 1147 324 661 1238 157 0 15 0 1858 163 97 1827 521 1038 113 261 88 0 10 51 10 27 0 211 114 10 0 312 5 994 206 64 162 0 0 22 9 10 2 0 488 71 4 185 32 4 1 1 3 82 38 16 0 0 10 4 2
10 71 15 30 536 194 97 2 15 262 217 35 99 44 39 3934 1345 259 535 1303 204 35 10 0 1719 171 195 1601 757 1730 204 405 137 1 17 58 66 106 8 338 320 48 10 584 12 1098 499 127 381 0 0 101 16 41 53 2 562 250 16 452 187 28 12 13 6 220 162 71 39 0 75 47 23
23 120 78 175 749 741 111 34 23 257 981 483 436 570 684 5663 4421 1226 976 1684 570 424 2 0 1455 1094 1993 2472 1584 7037 1932 328 500 106 53 39 38 96 42 128 1008 658 400 1552 416 765 1869 1549 3566 0 0 88 50 186 134 68 291 3523 913 912 1922 888 12 33 47 747 2239 2469 142 86 1043 1869 1640
11 44 17 38 431 135 30 2 2 87 183 42 59 63 58 3998 1240 165 691 526 88 20 4 0 734 146 154 1648 264 1804 161 46 62 1 4 51 14 10 3 55 100 75 14 308 10 566 550 92 344 0 0 9 5 10 20 0 96 266 25 111 155 45 0 0 0 89 151 101 5 7 41 85 42
17 121 61 75 1082 848 177 43 19 372 594 296 228 194 147 7239 7290 2153 1529 3633 1170 826 15 2 3162 1073 2005 4114 2571 5497 1911 663 463 128 22 87 110 159 77 395 794 292 293 1388 255 1930 1648 1151 1980 0 0 133 24 76 123 45 663 1176 377 784 729 323 16 17 21 522 571 505 77 17 266 282 153
11 109 11 44 844 155 87 0 26 471 337 26 273 47 92 5739 891 328 1000 1156 92 0 1 0 2578 374 82 2337 462 2203 154 270 75 0 155 23 92 74 0 356 493 47 0 892 3 2252 1594 148 300 0 0 275 113 59 68 0 1208 491 25 1163 350 23 40 32 17 919 566 75 94 0 391 90 114
25 168 137 163 1248 1955 180 146 39 497 1241 1074 379 565 515 5403 13865 5902 1468 2969 2068 3338 32 24 3177 2267 7683 3956 6145 9469 7973 535 653 833 201 57 211 234 239 384 1121 923 1323 2917 1591 2183 1978 3088 5827 0 0 352 98 425 122 127 998 3814 2460 1290 1754 1537 39 40 27 573 1663 2498 126 24 640 1280 953
6 35 1 14 336 9 17 0 0 91 84 0 41 4 16 2583 72 10 457 256 1 0 0 0 729 57 0 1268 17 769 0 30 20 0 8 17 0 0 0 60 60 4 0 149 0 483 312 0 14 0 0 0 18 0 2 0 140 73 0 163 22 0 0 0 0 63 73 0 0 0 23 6 9
6 19 0 15 158 0 13 0 0 72 87 0 4 0 20 1525 0 0 124 241 0 0 0 0 609 31 0 600 0 738 0 35 57 0 0 1 0 0 0 73 8 0 0 320 0 251 9 0 0 0 0 0 3 0 0 0 182 158 0 28 0 0 0 0 0 6 16 0 0 0 0 0 15
8 91 6 22 777 112 106 0 1 400 125 15 199 6 35 5102 741 445 946 1753 96 0 3 0 3007 200 67 2762 447 1156 85 338 30 0 5 92 7 7 0 472 363 2 0 233 0 1885 1482 159 72 0 0 10 3 5 123 0 982 143 20 538 40 0 0 0 1 786 137 15 0 0 286 0 35
24 167 110 166 1097 1677 193 102 20 394 1336 748 394 618 556 4987 10489 6172 1241 2733 2006 2330 15 1 2313 2455 5128 3887 4073 9524 5949 470 841 490 121 41 61 171 101 354 1133 1005 953 2577 880 1480 1751 2876 7153 0 0 104 108 169 144 205 467 4501 1352 1032 1932 1201 5 25 35 633 1964 2844 85 44 567 1572 1084
15 108 28 77 1008 451 73 9 2 393 691 103 183 131 212 6415 3795 1422 1650 1520 301 223 1 0 3118 1600 873 3658 1839 6265 903 201 279 18 35 69 13 10 1 299 384 334 62 2119 22 2083 1486 326 1612 0 0 19 84 10 24 10 927 1898 149 797 462 105 0 0 2 364 779 331 13 1 262 302 365
15 126 25 80 1027 351 152 8 8 441 639 107 379 87 253 5558 2409 887 1346 2603 349 146 27 0 2574 1107 871 3439 1176 5453 543 519 335 13 31 159 42 54 13 461 1016 148 56 1636 18 1976 2326 546 752 0 0 63 64 34 187 14 920 1899 265 1527 410 51 4 2 1 882 1072 177 52 0 931 245 526
25 97 99 201 710 691 74 38 11 154 853 720 381 723 819 6059 4806 758 848 1088 397 375 9 0 1342 671 2297 2368 1136 6998 2141 135 329 119 25 50 43 55 17 90 787 821 545 1064 777 590 2141 1645 3293 0 0 37 36 100 104 53 124 3209 1635 709 1847 1545 0 19 10 375 2001 3409 88 135 1025 2377 2055
23 222 124 129 1290 2357 367 57 24 770 1181 1100 649 233 381 6573 13149 10607 1219 4124 3686 1508 51 2 4172 2473 9015 3245 8046 7116 10266 1343 841 269 224 179 82 274 86 1089 2473 646 573 3135 2251 2304 2341 6002 3113 0 0 241 111 268 400 21 1500 2770 2982 2358 1377 724 13 21 17 1567 2081 918 91 12 1322 346 757
8 37 7 21 275 55 26 0 6 63 96 11 48 20 25 2594 375 90 311 317 29 0 0 0 491 63 38 928 82 821 33 52 25 0 6 12 34 26 0 27 92 16 0 128 3 266 247 28 116 0 0 20 5 8 5 0 65 112 3 125 46 4 2 5 0 41 56 26 18 0 39 20 14
18 132 67 86 801 886 147 49 36 367 610 350 338 225 192 6281 4644 2373 848 1730 873 805 17 0 2508 1006 1754 2329 2265 3989 2069 388 246 199 172 9 133 253 99 351 863 355 272 1196 352 1150 1433 1631 1953 0 0 256 49 212 132 65 590 1151 486 1154 1049 329 19 57 14 665 876 784 137 11 507 319 243
24 114 89 187 731 781 97 44 21 216 959 592 420 642 746 5744 4754 1250 970 1426 542 505 3 0 1366 988 2248 2480 1491 7129 2266 231 454 161 48 39 32 82 48 118 911 718 527 1359 564 696 1901 1722 3739 0 0 71 48 174 121 75 200 3547 1206 801 1939 1119 4 39 41 619 2193 2944 121 96 1035 2110 1824
22 191 89 142 1159 1634 242 59 30 659 1277 589 520 425 467 5548 10076 6824 1099 3389 2258 1441 27 6 3451 2775 4265 3136 5686 7361 5882 774 838 215 113 66 88 260 145 714 1240 885 566 3313 660 1941 2031 2988 5281 0 0 240 156 183 243 101 1357 3791 1238 1886 2039 793 15 40 46 1342 2164 1689 146 23 959 1075 949
19 179 92 79 1374 1574 282 117 49 624 792 515 379 183 154 6807 11057 6172 1374 4455 2156 2652 89 18 3581 2124 4407 4917 5258 6308 3889 1069 564 585 88 162 282 502 248 691 1442 419 610 2179 565 2861 2327 2579 2245 0 0 312 62 280 206 20 1425 1425 779 1537 1090 356 34 71 11 939 866 541 152 0 511 232 170
23 116 67 186 735 719 92 30 22 255 1101 379 344 559 803 5123 4299 1422 1073 1219 592 464 1 0 1772 1396 1619 2460 1733 7771 2142 203 449 85 65 23 24 97 55 209 684 700 313 1881 316 825 1399 1080 4210 0 0 105 95 167 101 117 312 4779 637 829 1621 591 11 30 72 520 2201 2427 108 36 692 2168 2165
